августа 0,072571 0,000066
авторства -0,009950 -0,000003
авуары 3,912023 0,001192
аза 3,912023 0,001192
азрилияна 3,912023 0,001192
актива 3,218876 0,000981
активам 3,218876 0,002942
активности 1,560648 0,000951
активные 2,813411 0,001714
активными 3,218876 0,000981
активы 2,813411 0,010287
акты 2,659260 0,001621
акции 2,525729 0,000770
акций 2,120264 0,000646
акционерного 2,407946 0,000734
акционеров 3,912023 0,002384
александр 0,693147 0,000211
алжиром 3,912023 0,001192
амстердама 3,218876 0,001962
амстердамский 3,912023 0,001192
амстердамском 3,912023 0,001192
аналитикам 3,912023 0,001192
англ 0,174353 0,000212
англии 2,407946 0,004402
английский 1,897120 0,001156
английских 2,813411 0,000857
английское 3,218876 0,000981
англичанин 3,912023 0,001192
англия 2,995732 0,000913
андеррайтер 3,912023 0,001192
арв 3,506558 0,001068
аргентарии 3,912023 0,001192
аргентариями 3,912023 0,001192
аренду 2,525729 0,001539
архивировано 0,020203 0,000098
асам 3,912023 0,001192
ассоциации 1,771957 0,001080
базовой 2,813411 0,002572
бакалавриата 3,506558 0,001068
баланс 1,832581 0,001117
баланса 2,659260 0,000810
балансам 3,912023 0,001192
балансе 3,218876 0,000981
банк 1,078810 0,010847
банка 0,941609 0,015206
банкам 3,218876 0,001962
банками 2,525729 0,000770
банках 2,995732 0,005477
банке 3,506558 0,004274
банки 1,560648 0,018070
банкинг 3,912023 0,001192
банкир 3,912023 0,003576
банкирами 3,912023 0,002384
банкиров 3,912023 0,007152
банкирские 3,912023 0,001192
банкирскими 3,912023 0,001192
банкирского 3,912023 0,001192
банкиры 3,912023 0,005960
банкитипы 3,912023 0,001192
банкнот 3,912023 0,001192
банков 1,272966 0,010084
банков-корреспондентов 3,912023 0,001192
банков-эмитентов 3,912023 0,001192
банковая 3,912023 0,001192
банкового 3,912023 0,001192
банковская 2,813411 0,008572
банковские 2,995732 0,010953
банковский 2,659260 0,006482
банковским 3,218876 0,002942
банковских 2,207275 0,011433
банковского 3,506558 0,004274
банковское 3,912023 0,014304
банковской 2,525729 0,010004
банковском 3,218876 0,000981
банковскому 3,912023 0,001192
банком 2,302585 0,003508
банкротства 2,525729 0,000770
банку 3,912023 0,003576
барьеров 2,995732 0,001826
баш 3,506558 0,001068
безналичной 2,813411 0,001714
безналичные 3,506558 0,002137
безналичных 3,506558 0,003205
безопасное 2,995732 0,000913
беларуская 0,000000 0,000000
беляев 2,407946 0,000734
библиографических 0,094311 0,000029
бизнеса 0,967584 0,000590
билет 3,218876 0,000981
биржевые 3,912023 0,001192
благодаря 0,527633 0,000161
благородных 2,659260 0,000810
богатства 2,525729 0,000770
большая 0,072571 0,000111
большие 0,891598 0,000272
большими 2,207275 0,000673
большинстве 1,386294 0,000422
большой 0,328504 0,000100
большом 1,714798 0,000522
бонусов 3,912023 0,001192
братко 3,912023 0,001192
брать 2,995732 0,000913
брокгауза 0,328504 0,000701
брокер 3,912023 0,001192
бумагами 3,218876 0,001962
бумагах 3,912023 0,001192
бумаги 2,525729 0,002309
бурлачков 3,912023 0,001192
буряад 0,000000 0,000000
бухгалтерским 3,912023 0,001192
бухгалтерском 3,912023 0,001192
български 0,000000 0,000000
быстрым 2,659260 0,000810
вавилонии 3,912023 0,001192
вавилонским 3,912023 0,001192
важно 2,120264 0,000646
валентин 2,659260 0,000810
валюта 2,659260 0,000810
валютный 3,506558 0,001068
валютой 3,506558 0,002137
валюты 3,218876 0,003923
вашла 0,000000 0,000000
вверенные 3,912023 0,002384
вверенных 3,912023 0,001192
ведение 2,813411 0,001714
ведет 1,203973 0,000367
века 0,248461 0,000227
веках 1,021651 0,000623
веке 0,597837 0,000364
векселей 3,912023 0,002384
векселя 3,912023 0,001192
вели 2,659260 0,000810
великобритании 1,897120 0,000578
великобритания 2,120264 0,002584
велся 3,912023 0,001192
венецианской 3,506558 0,001068
венеции 2,995732 0,000913
вернуться 2,525729 0,000770
версия -0,009950 -0,000009
вершина 2,525729 0,000770
весовых 3,506558 0,001068
взаимно 2,813411 0,000857
взаимодействию 3,506558 0,001068
взаимодействия 1,660731 0,000506
взаймы 3,912023 0,003576
взимали 3,506558 0,001068
взимании 3,912023 0,001192
взятие 3,218876 0,000981
взяться 3,912023 0,001192
вид 0,494296 0,000151
виду 1,966113 0,000599
виды 0,798508 0,000973
викиданных -0,009950 -0,000003
викимедиа -0,009950 -0,000003
википедии -0,009950 -0,000006
википедия -0,009950 -0,000018
викисклад 1,897120 0,000578
викискладвикиновостиэлемент 1,897120 0,000578
викискладе 0,174353 0,000053
викисловаремедиафайлы 2,120264 0,000646
викисловарьстатьи 1,347074 0,000410
вильям 2,995732 0,000913
вильямс 1,966113 0,000599
виновные 3,912023 0,001192
вклад 1,108663 0,000338
вкладам 3,912023 0,001192
вкладах 3,912023 0,001192
вкладов 3,506558 0,003205
вкладчиками 3,912023 0,002384
вкладчиков 3,912023 0,003576
вклады 3,506558 0,010684
владений 2,659260 0,000810
властями 2,120264 0,000646
влекущее 3,912023 0,001192
вложения 3,506558 0,001068
вне 1,560648 0,001902
внеоборотные 3,912023 0,001192
внесении 1,966113 0,001198
внесенные 3,506558 0,001068
внешние 0,051293 0,000016
вновь 0,755023 0,000230
внутреннего 2,120264 0,000646
внутреннее 0,733969 0,000224
вовсе 2,525729 0,000770
возвратности 3,912023 0,001192
возможности 0,891598 0,000272
возможность 0,616186 0,000375
возможностями 2,040221 0,000622
возможны 2,207275 0,000673
возможные 2,407946 0,000734
вознаграждение 3,218876 0,000981
возникло 2,040221 0,001243
возникнут 3,912023 0,001192
войной 2,207275 0,000673
волшебные 0,040822 0,000012
вообще 1,560648 0,000476
воспрещалось 3,912023 0,001192
востребования 3,506558 0,001068
впоследствии 0,653926 0,000199
вправе 3,506558 0,001068
времена 1,108663 0,000338
временем 0,616186 0,000188
время 0,030459 0,000028
всей 0,693147 0,000211
всемирный 1,966113 0,000599
всему 1,272966 0,000776
вскоре 1,309333 0,000798
всякого 2,995732 0,000913
второе 1,272966 0,000388
входят 0,713350 0,000217
выгодным 2,813411 0,000857
выдавая 3,912023 0,002384
выданные 3,912023 0,001192
выдача 3,912023 0,003576
выдаче 3,218876 0,000981
выдачу 3,506558 0,004274
выдают 3,506558 0,001068
выделяют 1,609438 0,000490
вызываемая 3,912023 0,001192
вынужденными 3,912023 0,001192
выплате 3,506558 0,001068
выплату 3,912023 0,001192
выполнения 1,560648 0,000951
выполняют 2,120264 0,000646
выпускаемых 2,813411 0,000857
выпускной 3,506558 0,001068
выработки 2,813411 0,000857
выражались 3,912023 0,001192
выражение 2,407946 0,000734
высшим 1,609438 0,000490
гамбурга 3,506558 0,001068
гамбургский 3,912023 0,001192
гарантий 3,506558 0,003205
гарантия 3,912023 0,001192
гелиос 3,506558 0,001068
генрихе 3,912023 0,001192
генрихом 3,912023 0,001192
генуе 3,912023 0,001192
генуи 3,912023 0,001192
генуэзской 3,218876 0,000981
георгия 1,897120 0,000578
германии 1,427116 0,000435
гермонтисе 3,912023 0,001192
гильдии 2,207275 0,000673
глобализация 3,912023 0,002384
глобализирована 3,912023 0,002384
глобальной 2,525729 0,000770
глубоко 2,302585 0,000702
глубокой 2,302585 0,000702
говорить 2,207275 0,000673
год 0,235722 0,000575
года -0,009950 -0,000055
годов 0,356675 0,000109
году 0,072571 0,000221
головной 2,525729 0,001539
головному 3,912023 0,001192
город 0,544727 0,000166
города 0,430783 0,000131
городам 0,798508 0,000243
городах 1,272966 0,000388
городов 0,579818 0,000177
городскими 2,207275 0,000673
государства 0,843970 0,000257
государствах 3,218876 0,000981
государстве 2,525729 0,000770
государственное 0,776529 0,000237
государственной 0,616186 0,000188
государственные 1,514128 0,000923
государственных 0,994252 0,000606
государству 2,207275 0,000673
готов 2,525729 0,000770
готовы 2,525729 0,000770
граждан 1,309333 0,000798
греции 1,560648 0,000476
греческие 2,995732 0,000913
греческого 2,995732 0,000913
грозили 3,912023 0,001192
группируют 3,912023 0,001192
губина 3,506558 0,001068
гуду 3,912023 0,001192
давали 2,207275 0,002018
давать 2,525729 0,000770
давшие 2,995732 0,000913
данные 0,510826 0,000467
дата 0,030459 0,000158
датская 0,342490 0,000104
дающим 3,912023 0,001192
дверь 3,218876 0,000981
движимости 3,912023 0,001192
дебиторская 3,912023 0,001192
действовать -0,009950 -0,000003
действующая 2,407946 0,000734
действующее 3,506558 0,001068
действующих 1,514128 0,000461
декабря 0,105361 0,000064
декрет 2,995732 0,000913
дел 1,469676 0,000448
дела 1,469676 0,002239
делегированные 3,912023 0,001192
дело 1,078810 0,002630
делом 2,995732 0,000913
делятся 2,525729 0,001539
денег 1,560648 0,005706
денежная 3,506558 0,001068
денежно-кредитную 3,912023 0,001192
денежного 2,995732 0,001826
денежное 3,218876 0,001962
денежной 2,659260 0,002431
денежную 3,506558 0,001068
денежные 2,525729 0,005387
денежный 3,218876 0,000981
денежными 3,218876 0,001962
денежных 2,525729 0,004617
деньгами 3,218876 0,001962
деньгах 3,912023 0,001192
деньги 1,771957 0,005939
депозитам 3,912023 0,002384
депозитные 3,912023 0,002384
депозитов 3,912023 0,001192
депозиты 3,912023 0,002384
деривативы 3,912023 0,001192
десятой 2,995732 0,000913
дефолту 3,912023 0,001192
дешевых 3,218876 0,000981
деятельности 0,446287 0,001768
деятельность 0,653926 0,000996
деятельностью 1,714798 0,001045
джеймс 2,659260 0,000810
дивидендов 3,912023 0,001192
диесполисе 3,912023 0,001192
директоров 2,995732 0,001826
дистанционное 3,218876 0,000981
днейстатьи 2,995732 0,000913
дня 0,478036 0,000146
добавочный 3,912023 0,001192
доверительное 3,912023 0,001192
договорные 3,912023 0,001192
договору 2,207275 0,000673
договоры 2,659260 0,000810
документов 0,653926 0,000598
документы 1,386294 0,000422
долга 2,659260 0,000810
долги 3,218876 0,001962
долгов 2,995732 0,000913
долевого 3,912023 0,001192
должен 1,078810 0,000329
должников 3,912023 0,001192
должником 3,912023 0,002384
должны 1,021651 0,000311
доли 1,832581 0,000558
долл 3,218876 0,002942
долларах 3,506558 0,003205
доля 0,733969 0,000224
дома 0,798508 0,000243
домов 1,078810 0,000329
домохозяйств 3,218876 0,000981
доп 0,597837 0,000911
дополнительная 3,218876 0,000981
дополнительные -0,009950 -0,000003
дополнительный 2,995732 0,000913
допустимых 2,659260 0,000810
допущены 3,218876 0,000981
достаточно 0,820981 0,000250
доступен -0,009950 -0,000003
доступна 2,302585 0,000702
доход 2,659260 0,001621
дохода 2,813411 0,001714
доходность 3,912023 0,001192
доходные 2,813411 0,000857
доходов 2,040221 0,000622
доходы 1,966113 0,006590
дочерние 2,659260 0,000810
дочерний 3,912023 0,002384
дочерних 3,506558 0,001068
дошли 2,659260 0,000810
драгоценностей 3,912023 0,001192
драгоценные 3,506558 0,001068
драгоценными 3,912023 0,003576
драгоценных 3,912023 0,001192
древнегреческие 3,506558 0,001068
древней 1,560648 0,000476
древнем 2,659260 0,000810
древности 1,469676 0,000448
древность 3,506558 0,002137
другие 0,030459 0,000065
других -0,009950 -0,000018
другому 2,302585 0,000702
другую 2,407946 0,000734
евразийский 2,813411 0,000857
евреи 1,203973 0,000367
европе 0,916291 0,000279
европейских 1,771957 0,000540
единицу 2,207275 0,000673
единицы 1,386294 0,000422
екатеринбург 0,843970 0,000257
ермаков 2,995732 0,000913
ефрона 0,328504 0,000701
жалованья 3,506558 0,001068
желавшего 3,912023 0,001192
женой 3,506558 0,001068
жесткие 2,525729 0,000770
жестким 3,912023 0,001192
жиробанками 3,912023 0,001192
жиробанки 3,912023 0,003576
жиросчетах 3,912023 0,001192
заборовская 3,912023 0,001192
заглавная -0,009950 -0,000003
задолженности 3,912023 0,001192
задолженность 3,506558 0,001068
заемных 3,912023 0,001192
заемщик 3,912023 0,001192
заемщика 3,912023 0,001192
заемщику 3,912023 0,001192
займа 3,912023 0,001192
займах 3,912023 0,001192
займов 3,912023 0,001192
заключается 1,897120 0,000578
заключения 2,525729 0,000770
закон 0,616186 0,000563
закона 1,966113 0,000599
законного 3,912023 0,001192
законодательно 3,218876 0,000981
законодательные 2,525729 0,001539
законом 2,407946 0,002935
закрывает 3,218876 0,000981
залог 3,218876 0,001962
залшупин 3,912023 0,001192
занимались 2,407946 0,000734
занимательно 3,912023 0,001192
заниматься 2,302585 0,001403
западной 0,994252 0,000303
записей 2,525729 0,001539
записьвойти -0,009950 -0,000003
заплатить 3,506558 0,001068
запрет 2,207275 0,000673
запрещено 2,040221 0,000622
запрос 1,514128 0,000923
зарегистрированный -0,009950 -0,000003
затем 0,527633 0,000482
затруднительном 3,912023 0,001192
заявление -0,009950 -0,000003
збекча 0,000000 0,000000
звонкой 3,912023 0,001192
зеленым 2,813411 0,000857
земель 1,272966 0,000388
земельные 2,995732 0,001826
земли 0,634878 0,000387
знак -0,009950 -0,000003
значения 0,105361 0,000128
значит 1,560648 0,000476
значительно 0,510826 0,000156
значительное 1,309333 0,000399
значительную 1,309333 0,000399
значительные 1,514128 0,000923
золота 2,302585 0,000702
золотом 1,966113 0,000599
золотых 2,407946 0,000734
иерусалимский 3,506558 0,002137
из-за 0,415515 0,000127
известен 1,203973 0,000367
извлечение 2,995732 0,000913
извлечения 2,813411 0,001714
изгнанные 3,912023 0,001192
изгнаны 3,506558 0,002137
изгоняли 3,912023 0,001192
изд 0,314711 0,000192
издавна 2,207275 0,000673
издал 2,813411 0,000857
издательство 0,510826 0,000311
издержек 2,995732 0,000913
изменений 1,272966 0,000776
изменения 0,562119 0,000685
изменениям 2,407946 0,000734
изменило 3,218876 0,000981
изменчивость 3,506558 0,001068
изначально 1,309333 0,000399
имевший 2,525729 0,000770
имевших 3,218876 0,000981
имеет 0,235722 0,000215
имени 0,462035 0,000282
именно 0,544727 0,000166
иметь 1,272966 0,000388
имеют 0,371064 0,000113
имеющее 2,813411 0,000857
имеющими 2,813411 0,000857
имея 2,207275 0,000673
ими 1,272966 0,000388
имущество 2,407946 0,000734
имуществом 2,407946 0,000734
инвестирование 3,912023 0,001192
инвестирования 3,218876 0,000981
инвестиционная 3,218876 0,000981
инвестиционные 2,995732 0,002738
инвестиционный 2,659260 0,001621
инвестициях 3,218876 0,000981
индустрия 2,525729 0,001539
инкассация 3,912023 0,002384
иностранной 3,218876 0,002942
иностранных 1,203973 0,000734
институт 0,478036 0,000146
инструмент 2,407946 0,000734
инструментов 1,771957 0,000540
инструменты -0,009950 -0,000009
интересов 2,407946 0,001467
интересует 3,218876 0,000981
интересы 2,207275 0,000673
информации 0,446287 0,000136
информационные 1,203973 0,000367
информационных 1,139434 0,000694
информация 0,446287 0,000136
инфра-м 0,000000 0,000000
иным 2,525729 0,000770
иными 2,525729 0,000770
иных 1,469676 0,000448
исключением 1,347074 0,000821
исключительно 1,272966 0,000388
исключительное 3,912023 0,001192
исламский 2,525729 0,000770
исполнение 1,966113 0,000599
исполнения 1,469676 0,000448
исполнительным 2,302585 0,000702
использовали 2,525729 0,000770
использовался 1,771957 0,000540
использование 0,891598 0,000815
использования -0,009950 -0,000003
использовать 1,171183 0,000357
использует 1,514128 0,000461
используют 1,309333 0,000399
использующие 0,040822 0,000012
испорченности 3,912023 0,001192
истории 0,248461 0,000076
исторически 1,078810 0,000329
исторический 0,653926 0,000199
история 0,051293 0,000031
источник -0,009950 -0,000006
источниквикипедия 2,525729 0,000770
источников 0,371064 0,000339
источником 1,660731 0,001012
исходя 2,207275 0,000673
итал 2,813411 0,002572
италии 1,966113 0,000599
италия 1,609438 0,000490
итальянские 2,995732 0,000913
итальянских 3,506558 0,001068
итальянского 2,813411 0,000857
итальянцы 1,771957 0,001080
итальянцы-банкиры 3,912023 0,001192
июня 0,116534 0,000036
каждая 1,560648 0,000476
каждого 1,427116 0,000435
казначейство 3,218876 0,000981
какие-нибудь 3,912023 0,001192
каком 2,659260 0,000810
калька 3,912023 0,001192
камера 3,506558 0,001068
камни 2,813411 0,000857
камнями 2,995732 0,000913
канон 3,218876 0,000981
капаева 3,912023 0,001192
капитал 1,966113 0,003594
капитала 2,120264 0,001938
капитализации 3,912023 0,003576
капитализация 3,218876 0,000981
капитализованные 3,912023 0,001192
капиталы 3,912023 0,003576
карами 3,912023 0,001192
карманный 3,218876 0,000981
картина 2,302585 0,000702
карты 0,941609 0,000287
касса 3,912023 0,001192
кассе 3,506558 0,001068
кассового 3,912023 0,001192
кассовое 3,912023 0,002384
кассовые 3,506558 0,001068
каталогах 0,094311 0,000029
катасонов 3,912023 0,001192
категории -0,009950 -0,000006
качестве 0,478036 0,000146
квентин 3,912023 0,001192
киев 1,560648 0,000476
китай 0,867501 0,002115
клиентам 3,218876 0,000981
клиентами 3,218876 0,004904
клиентов 2,207275 0,004035
клиентом 2,995732 0,000913
книгах 2,659260 0,000810
книги 0,916291 0,000279
кнорус 3,506558 0,001068
код -0,009950 -0,000070
кодекс -0,009950 -0,000003
кодистория 0,116534 0,000036
количества 0,941609 0,000287
количествах 2,995732 0,000913
коллегиальным 3,912023 0,001192
комиссионное 3,912023 0,001192
комиссия 1,609438 0,000490
коммерсантъ 1,139434 0,000347
коммерческая 2,995732 0,001826
коммерчески 3,218876 0,000981
коммерческие 2,407946 0,000734
коммерческих 1,714798 0,001045
коммерческого 2,525729 0,000770
компанией 1,514128 0,000923
компании 0,579818 0,000530
компаний 0,967584 0,000295
компания 0,653926 0,001195
компаниям 3,912023 0,002384
конкретного 2,302585 0,000702
конкурентами 3,912023 0,001192
конкуренции 2,659260 0,000810
конкурировали 3,912023 0,001192
консолидированные 3,912023 0,001192
консолидированным 3,912023 0,002384
консультант 3,506558 0,001068
консультационных 3,912023 0,001192
контроль 1,427116 0,000435
конфиденциальности -0,009950 -0,000003
кооператив 3,912023 0,001192
координации 2,407946 0,000734
коробов 3,912023 0,001192
короли 3,912023 0,001192
короткий -0,009950 -0,000003
корпоративные 3,506558 0,001068
корпорации 2,120264 0,000646
корпораций 2,995732 0,000913
корреспондентов 3,912023 0,002384
корреспондентские 3,912023 0,003576
корреспондентский 3,506558 0,001068
корреспондентских 3,912023 0,001192
корреспондентского 3,912023 0,001192
которого 0,301105 0,000367
которой 0,174353 0,000106
котором 0,301105 0,000092
которому 0,843970 0,000257
которые 0,162519 0,000495
который 0,105361 0,000064
которых 0,094311 0,000115
красивым 3,506558 0,001068
краткосрочные 3,506558 0,001068
крах 3,506558 0,001068
кредит 3,506558 0,004274
кредита 2,995732 0,002738
кредитам 3,912023 0,002384
кредитная 3,912023 0,002384
кредитно-финансовая 3,506558 0,001068
кредитной 3,912023 0,009536
кредитные 2,659260 0,002431
кредитный 2,813411 0,001714
кредитным 3,912023 0,001192
кредитных 2,813411 0,001714
кредитов 3,912023 0,004768
кредитование 3,218876 0,001962
кредитования 3,506558 0,001068
кредиторами 3,912023 0,002384
кредиторы 3,506558 0,001068
кредиты 3,218876 0,007846
кризис 1,897120 0,000578
критикуется 3,506558 0,001068
кроме 0,235722 0,000215
крупнейшие 0,776529 0,000946
крупнейших 0,634878 0,000774
крупной 1,897120 0,000578
крупным 1,021651 0,000311
крупных 0,494296 0,000602
куки -0,009950 -0,000003
купеческие 2,813411 0,000857
купля-продажа 3,912023 0,002384
купцам 3,218876 0,000981
курсовой 3,912023 0,001192
кыргызча 0,000000 0,000000
кэптивный 3,912023 0,001192
лавка 3,912023 0,001192
лавки 2,525729 0,000770
латеранский 3,912023 0,001192
латеранском 3,912023 0,001192
лаутс 3,912023 0,001192
лахно 3,912023 0,001192
лет 0,223144 0,000136
ливерпуле 3,912023 0,001192
лигу 3,912023 0,001192
лизинг 3,912023 0,002384
лизинговые 3,912023 0,001192
ликвидности 3,912023 0,001192
литература 0,061875 0,000038
литовская 1,309333 0,000399
лиц 1,427116 0,006522
лица 1,272966 0,000388
лицам 2,995732 0,006389
лицами 2,525729 0,001539
лицензией 2,659260 0,003241
лицензии -0,009950 -0,000009
лицензий 2,813411 0,000857
лицензию 2,659260 0,000810
лицензия 2,040221 0,000622
лицо 1,771957 0,000540
лицом 1,897120 0,001156
лишены 3,218876 0,000981
лишь 0,478036 0,000437
логинов 3,218876 0,000981
лувр 3,912023 0,001192
льшие 0,000000 0,000000
людовиком 3,912023 0,001192
магистр 3,506558 0,001068
македонски 0,000000 0,000000
маковского 0,000000 0,000000
максимума 2,207275 0,000673
малого 1,427116 0,000435
малый 0,371064 0,000113
марамыгин 3,912023 0,001192
марамыгина 3,912023 0,001192
марта 0,139262 0,000127
масса 1,609438 0,000490
массейс 3,912023 0,001192
мастеров 1,897120 0,000578
материал -0,009950 -0,000003
материнской 3,506558 0,001068
мая 0,139262 0,000212
межбанковские 3,912023 0,002384
международные 0,941609 0,000287
международных 0,967584 0,000295
межрегиональных 3,218876 0,000981
мелкими 3,506558 0,001068
мелких 1,897120 0,000578
мемфисе 3,912023 0,001192
менее 0,314711 0,000192
менсариями 3,912023 0,001192
меняется 1,714798 0,001045
менял 3,506558 0,002137
меняла 3,506558 0,002137
менялами 3,912023 0,001192
менялы 3,506558 0,002137
места 0,579818 0,000353
местные 1,049822 0,000320
местных 1,108663 0,001013
металлами 3,506558 0,002137
металлов 1,771957 0,001080
металлы 2,407946 0,000734
микрофинансовая 3,912023 0,001192
микрофинансовой 3,912023 0,005960
микрофинансовые 3,912023 0,001192
микрофинансовым 3,912023 0,001192
милана 3,912023 0,001192
мира 0,415515 0,000760
мире 0,494296 0,000301
мировые 2,407946 0,000734
миру 1,560648 0,000951
мишкин 3,912023 0,001192
млн 0,462035 0,000141
млрд 0,820981 0,000750
множество 0,597837 0,000182
мобильная -0,009950 -0,000003
могут -0,009950 -0,000033
мокеева 3,912023 0,001192
монгол 0,000000 0,000000
монет 2,040221 0,001243
монетных 3,912023 0,001192
монетой 3,506558 0,001068
монеты 2,207275 0,002690
монополией 3,912023 0,001192
монополии 3,218876 0,000981
москва 0,400478 0,000122
мультипликатор 3,912023 0,003576
мультипликацией 3,912023 0,001192
муниципальные 1,309333 0,000399
мусором 3,912023 0,001192
мфо 3,912023 0,002384
мысли 2,407946 0,000734
навигации -0,009950 -0,000003
навигация -0,009950 -0,000006
назвали 1,609438 0,000490
название 0,198451 0,000060
названием 0,820981 0,000250
названии 1,771957 0,000540
названное 3,506558 0,001068
назначением 3,912023 0,001192
назначению 2,995732 0,001826
называвшийся 2,995732 0,000913
называвшихся 3,912023 0,001192
называвшуюся 3,912023 0,001192
называемые 1,660731 0,000506
называется 0,916291 0,000279
назывались 1,897120 0,000578
называться 1,660731 0,000506
называют 0,916291 0,000279
называются 1,832581 0,000558
наиболее 0,139262 0,000042
наилучшим 3,218876 0,000981
наличие 1,108663 0,000338
наличии 2,040221 0,000622
наличной 3,912023 0,002384
наличности 3,506558 0,001068
наличность 2,995732 0,000913
наличные 3,506558 0,003205
налоги 2,995732 0,000913
налогов 2,813411 0,000857
налогоплательщиков 3,218876 0,000981
нами -0,009950 -0,000003
направления 0,755023 0,000230
например 0,328504 0,001201
наравне 2,813411 0,000857
нарушается 3,218876 0,000981
наряду 1,078810 0,000329
населения 0,494296 0,000301
настоянию 3,912023 0,001192
настоящее 0,328504 0,000100
научных 0,776529 0,000237
находилась 1,514128 0,000461
находились 1,714798 0,000522
находит 2,207275 0,000673
находится 0,328504 0,000100
находиться 2,525729 0,000770
находясь 2,302585 0,000702
находящихся 2,207275 0,000673
нахождения 2,525729 0,002309
национализации 3,912023 0,001192
национальных 1,832581 0,000558
начали 0,891598 0,000272
начать 2,120264 0,000646
небанковская 3,506558 0,001068
небанковские 3,912023 0,001192
небанковской 3,912023 0,002384
невозможным 2,995732 0,000913
недостающее 3,912023 0,001192
неизвестно 2,659260 0,000810
неизменную 3,912023 0,001192
некоммерческой -0,009950 -0,000003
некоторые 0,301105 0,000275
некоторых 0,494296 0,000301
нем 0,356675 0,000109
нематериальный 3,912023 0,001192
немногие 3,506558 0,001068
необходимость 1,714798 0,001045
неоднократно 1,139434 0,000347
непосредственно 0,478036 0,000146
неприкосновенность 3,912023 0,001192
непроцентные 3,912023 0,004768
нескольких 0,755023 0,000230
несмотря 0,755023 0,000230
неудобства 2,995732 0,000913
нехватке 3,912023 0,001192
ниже 0,693147 0,000422
новое 0,755023 0,000460
новой 0,653926 0,000199
новоселова 3,218876 0,000981
новые 0,342490 0,000209
новых 0,430783 0,000263
номинальной 3,912023 0,001192
норвежская 0,248461 0,000076
норм 2,207275 0,000673
норма 0,798508 0,000243
норматива 3,912023 0,001192
нормативам 3,218876 0,000981
нормы 1,514128 0,000461
ноября 0,127833 0,000039
нпф 3,912023 0,001192
нська 0,000000 0,000000
нуждавшегося 3,912023 0,001192
нуждающимся 3,912023 0,001192
нужды 2,040221 0,000622
нужно 1,049822 0,000640
ныне 0,653926 0,000199
нюрнберга 3,506558 0,001068
обеспечение 1,237874 0,000377
обеспечением 2,659260 0,000810
обеспечения 0,867501 0,000264
обесценивались 3,912023 0,001192
облигации 3,506558 0,001068
обмен 1,832581 0,000558
обмена 1,560648 0,000476
оборот 1,309333 0,000798
оборотные 3,912023 0,001192
обособленное 3,506558 0,002137
обособленные 3,218876 0,002942
образованные 2,995732 0,000913
образовывался 3,912023 0,001192
образом 0,371064 0,000113
образуют 1,771957 0,000540
обратить 2,995732 0,000913
обращение 1,832581 0,001117
обращения 0,030459 0,000167
обслуживание 1,832581 0,002792
общая 0,673345 0,000410
общества 0,776529 0,000237
общественного 0,916291 0,000279
общественные 1,609438 0,000490
общественных 1,021651 0,000311
общие 0,673345 0,000205
общий 0,916291 0,000279
объединены 1,832581 0,000558
объем 0,616186 0,000375
объявил 1,714798 0,000522
объявлено 1,832581 0,000558
обычно 0,693147 0,000634
обязаны 2,659260 0,000810
обязательной 3,506558 0,001068
обязательном 3,506558 0,001068
обязательные 3,218876 0,000981
обязательных 2,659260 0,000810
обязательств 2,995732 0,003651
обязательства 2,995732 0,002738
обязательство 3,506558 0,001068
обязательством 3,506558 0,001068
оговоренными 3,506558 0,001068
ограничений 1,832581 0,000558
ограничения 1,897120 0,000578
ограниченным 2,659260 0,000810
ограниченными 2,040221 0,000622
ограничивать 3,912023 0,002384
одна 0,527633 0,000322
однако 0,174353 0,000212
одним 0,494296 0,000301
одними 2,207275 0,000673
одних 2,207275 0,000673
одно 0,693147 0,000422
одновременно 0,776529 0,000237
одновременной 3,506558 0,001068
одного 0,544727 0,000166
одной 0,371064 0,000226
оказалось 2,120264 0,000646
оказание 3,506558 0,001068
оказанные 3,506558 0,001068
оказываются 2,302585 0,000702
около 0,000000 0,000000
октября 0,083382 0,000178
ольхова 3,912023 0,001192
онлайн 0,198451 0,000060
оно 0,000000 0,000000
операциею 3,912023 0,001192
операции 1,139434 0,006249
операций 1,771957 0,006479
операционная 2,659260 0,000810
операциям 2,995732 0,001826
операциями 3,912023 0,001192
операциях 2,407946 0,001467
описание -0,009950 -0,000003
оплачиваем 3,912023 0,001192
определен 2,407946 0,001467
определенного 2,525729 0,000770
определенной 1,832581 0,000558
определенный 2,120264 0,000646
определенных 2,040221 0,000622
определяет 1,714798 0,000522
орвието 3,912023 0,001192
организацией 1,966113 0,000599
организации -0,009950 -0,000042
организация 0,891598 0,001358
организованной 2,995732 0,000913
организовывать 3,912023 0,001192
органом 1,514128 0,000923
ориентирован 3,912023 0,001192
ортса 0,000000 0,000000
освобождали 3,912023 0,001192
основан 0,579818 0,000353
основании 1,427116 0,000435
основанных 3,218876 0,000981
основе 0,494296 0,000151
основная 0,116534 0,000142
основной 0,653926 0,000199
основные 0,223144 0,000068
основным 0,616186 0,000375
основных 0,634878 0,000193
особенности 0,994252 0,000303
особые 2,120264 0,000646
остатки 1,469676 0,000448
остатков 3,218876 0,000981
островская 3,218876 0,000981
осуществление 2,302585 0,002806
осуществляется 0,776529 0,000237
осуществляли 2,659260 0,000810
осуществлять 2,120264 0,003876
осуществляют 1,469676 0,000448
осуществляются 1,714798 0,000522
осуществляющие 3,506558 0,003205
отв 0,755023 0,000230
ответственности -0,009950 -0,000003
ответственность 2,995732 0,000913
отдававшая 3,912023 0,001192
отдавали 3,506558 0,001068
отделение 1,139434 0,000347
отдельное 1,966113 0,000599
отдельную 1,832581 0,000558
отдельные 1,078810 0,000986
отдельных -0,009950 -0,000006
отказ -0,009950 -0,000003
открывает 2,120264 0,000646
открытие 0,941609 0,000861
открытия 0,916291 0,000279
открыты 1,049822 0,000320
открытые 2,120264 0,000646
откуп 3,912023 0,001192
отличающие 3,912023 0,001192
относится 0,733969 0,000224
относятся 0,713350 0,000217
относящиеся 2,659260 0,000810
отныне 3,218876 0,000981
отражается 2,813411 0,000857
отражение 2,040221 0,000622
отражением 3,912023 0,001192
отрасли 1,078810 0,000657
отредактирована -0,009950 -0,000003
отчасти 2,302585 0,000702
офис 1,966113 0,002396
оценки 1,609438 0,000490
очень 0,494296 0,000151
ошибкекак -0,009950 -0,000003
паев 3,912023 0,001192
папа 3,506558 0,001068
папских 3,912023 0,001192
папы 3,912023 0,002384
парализовать 3,912023 0,001192
параметров 2,302585 0,000702
пассивные 3,912023 0,001192
пассивными 3,912023 0,001192
патерсон 3,912023 0,001192
пенсионное 3,912023 0,001192
пенсионный 3,506558 0,001068
пера 3,218876 0,001962
первое 0,544727 0,000166
первой 0,462035 0,000141
первоначально 1,203973 0,000367
перевести 2,302585 0,000702
переводе 2,040221 0,000622
переводить 3,506558 0,001068
переводов 3,218876 0,001962
переводы 3,218876 0,002942
перевозки 1,203973 0,000367
передает 2,659260 0,000810
передала 3,218876 0,000981
перейти -0,009950 -0,000006
перенаправляется 1,771957 0,001080
перехода 1,514128 0,000461
переходе 2,659260 0,000810
перечислении 3,912023 0,001192
перечисленные 3,218876 0,000981
перечисленных 2,659260 0,000810
перечню 3,912023 0,001192
перечня 2,120264 0,000646
персональные -0,009950 -0,000003
перудже 3,912023 0,001192
печати -0,009950 -0,000003
печать -0,009950 -0,000003
планы 1,347074 0,000410
платежа 3,218876 0,000981
платежах 3,912023 0,001192
платежей 2,525729 0,001539
платежи 3,506558 0,002137
платежной 3,218876 0,000981
платежных 3,218876 0,001962
платились 3,912023 0,001192
платности 3,912023 0,001192
площадях 2,407946 0,000734
плюс 1,386294 0,000422
по-прежнему 1,966113 0,000599
побудило 3,218876 0,000981
побуждаемые 3,912023 0,001192
поведения -0,009950 -0,000003
повсеместному 3,506558 0,001068
повторялся 3,912023 0,001192
повышенную 2,995732 0,000913
погашения 3,506558 0,001068
погребения 2,995732 0,000913
подавляющем 3,506558 0,001068
подвижность 3,912023 0,001192
подобного 2,407946 0,000734
подотчетны 3,912023 0,001192
подписан 1,897120 0,000578
подпись 2,813411 0,000857
подразделение 2,407946 0,002201
подразделений 2,407946 0,000734
подразделения 2,302585 0,002105
подробнее -0,009950 -0,000003
подсчета 2,995732 0,000913
пожертвований 2,995732 0,000913
позволил 2,525729 0,000770
позволило 1,514128 0,000461
позволяла 3,218876 0,000981
поземельные 3,912023 0,001192
позиция 3,506558 0,003205
познания 2,659260 0,000810
поиск -0,009950 -0,000003
поиску -0,009950 -0,000003
показал 1,832581 0,000558
покровителя 2,995732 0,000913
покрытия 2,995732 0,001826
покрытого 3,912023 0,001192
покупали 3,218876 0,000981
политика -0,009950 -0,000003
политику 2,302585 0,000702
политическая 0,843970 0,000257
политическими 3,912023 0,001192
полного 1,660731 0,000506
полномочия 1,660731 0,000506
полностью 0,400478 0,000122
полную 2,207275 0,000673
полным 2,040221 0,000622
положение 0,510826 0,000311
положении 2,040221 0,000622
положительная 2,525729 0,000770
получаемый 3,912023 0,001192
получение 1,966113 0,000599
получения 1,469676 0,000896
полученные 2,302585 0,002105
получить 1,427116 0,000435
помещался 3,912023 0,001192
помещений 2,120264 0,000646
помещения 2,407946 0,000734
поручалось 3,912023 0,001192
поручению 2,207275 0,002018
поручительств 3,912023 0,001192
порядке 1,309333 0,000399
порядок 1,966113 0,001198
поскольку 0,941609 0,000574
последний -0,009950 -0,000003
посредством 1,771957 0,001080
постепенно 0,867501 0,000264
постоянной 1,897120 0,000578
потери 1,966113 0,000599
потребности 2,302585 0,000702
почтовых 2,525729 0,000770
появились 0,579818 0,000353
права 0,755023 0,000690
правило 0,891598 0,000815
правителей 2,659260 0,001621
правительства 0,693147 0,000211
правительство 0,843970 0,000257
правительству 2,995732 0,000913
править -0,009950 -0,000146
правкиновые -0,009950 -0,000003
правкипостоянная -0,009950 -0,000003
правление 2,040221 0,000622
право 1,469676 0,003135
правовое 2,995732 0,002738
практика 2,207275 0,000673
практике 1,660731 0,000506
практически 0,755023 0,000230
пределов 3,218876 0,000981
предложение 2,525729 0,000770
предложил 1,832581 0,000558
предметом 1,560648 0,000476
предоставление 2,407946 0,000734
предоставления 2,120264 0,000646
предоставлявшие 3,912023 0,001192
предоставляет 1,347074 0,000410
предоставлять 2,813411 0,000857
предоставляться 3,912023 0,001192
предпринимательское 3,912023 0,001192
предпринимательской 3,218876 0,000981
предприятия 0,713350 0,000217
представились -0,009950 -0,000003
представители 1,272966 0,000388
представительств 2,040221 0,000622
представительство 1,514128 0,000923
представителям 3,912023 0,001192
представления 1,469676 0,000448
представлявшую 3,912023 0,001192
представляет 0,446287 0,000136
представляющими 3,912023 0,001192
предусматривать 2,995732 0,000913
предусматривающий 2,659260 0,000810
предусматривающих 3,506558 0,001068
предусмотрена 2,659260 0,001621
президент 1,386294 0,000422
преимущественно 0,776529 0,000237
преобладание 2,525729 0,000770
преследование 3,506558 0,001068
преследуют 3,912023 0,001192
преступности 2,120264 0,000646
прибылей 3,912023 0,001192
прибыли 2,207275 0,002690
прибыль 2,525729 0,000770
прибыльных 3,912023 0,002384
привела 1,771957 0,000540
привилегированными 3,912023 0,001192
привлекать 2,995732 0,001826
привлечение 2,995732 0,004564
привлечении 3,912023 0,001192
привлеченные 3,912023 0,001192
привлеченных 3,506558 0,002137
приводить 2,813411 0,000857
приводят 2,525729 0,000770
прилавок 3,912023 0,001192
примечания -0,009950 -0,000006
принадлежащего 3,912023 0,001192
принадлежит 1,203973 0,000734
принимал 2,207275 0,000673
принимали 1,966113 0,001198
принимать 1,660731 0,000506
приняло 2,813411 0,000857
приобретение 2,995732 0,000913
приобретения 2,995732 0,000913
приобретенные 3,506558 0,001068
приравненные 3,218876 0,000981
присвоения 2,525729 0,000770
присвоить 2,995732 0,000913
причастия 3,912023 0,001192
причин 1,897120 0,000578
причинами 2,302585 0,000702
пришел 1,714798 0,000522
пришло 2,207275 0,000673
продолжают 2,040221 0,000622
продукта 2,207275 0,000673
продуктов 1,237874 0,000377
проект 0,400478 0,000244
проектах -0,009950 -0,000003
производили 3,218876 0,000981
производить 2,659260 0,000810
производстве 2,302585 0,000702
производственной 2,302585 0,000702
производственную 3,218876 0,000981
производство 0,941609 0,000574
произошло 0,733969 0,000224
происходило 1,832581 0,000558
прокофьева 3,506558 0,001068
промен 3,912023 0,001192
промысел 2,659260 0,000810
промышленной 1,309333 0,000399
просмотры -0,009950 -0,000003
просуществовал 2,813411 0,000857
просуществовало 3,912023 0,001192
противном 2,813411 0,000857
противоречивые 3,506558 0,001068
профессиональных 1,771957 0,000540
процентам 3,912023 0,001192
процентами 3,912023 0,002384
процентные 3,506558 0,001068
процентных 3,506558 0,002137
процентов 2,120264 0,001938
проценты 2,995732 0,006389
процесс 1,108663 0,000338
прочие 1,203973 0,000367
прошлых 2,995732 0,000913
птолемеев 3,912023 0,001192
публичные 2,659260 0,000810
пункт 1,203973 0,000367
пускали 3,912023 0,001192
путем 0,941609 0,000574
пути 0,693147 0,000211
рабов 3,506558 0,001068
работающие 2,525729 0,000770
работу 0,693147 0,000422
работы 0,314711 0,000192
равнявшуюся 3,912023 0,001192
развит 1,897120 0,000578
развитие 0,314711 0,000096
развития 0,287682 0,000263
разделение 1,660731 0,000506
разделить 2,525729 0,000770
различают 2,302585 0,000702
различные 0,693147 0,000634
различными 1,609438 0,000490
различных 0,385662 0,000118
размен 3,912023 0,003576
размена 3,912023 0,001192
разменная 3,506558 0,001068
размещение 2,120264 0,002584
размещенные 3,506558 0,001068
разница 2,207275 0,000673
разницей 3,912023 0,001192
разницы 3,506558 0,001068
разнообразия 3,506558 0,001068
разнообразной 3,506558 0,001068
разные 1,139434 0,000347
разных 0,510826 0,000311
разработчики -0,009950 -0,000003
разрешения 2,659260 0,001621
разрешили 2,813411 0,000857
разрешить 2,813411 0,001714
ранее 0,430783 0,000131
раскладывали 3,912023 0,001192
расписок 3,912023 0,001192
располагались 1,966113 0,000599
расположенное 2,407946 0,000734
расположить 3,912023 0,001192
распространению 2,302585 0,000702
рассматривает 2,525729 0,000770
рассматривать 1,966113 0,000599
расстройство 3,912023 0,001192
расходуемые 3,506558 0,001068
расходы 1,771957 0,004859
расчета 2,407946 0,000734
расчетами 3,912023 0,001192
расчетах 3,506558 0,001068
расчетно-кассовое 3,912023 0,001192
расчетные 3,506558 0,002137
расчетных 3,912023 0,002384
расчетов 2,525729 0,003078
расчеты 2,813411 0,003429
расширение 0,527633 0,000161
расширением 2,813411 0,000857
расширить 3,218876 0,000981
реализуют 2,995732 0,000913
ревизионная 3,912023 0,001192
региональные 1,171183 0,000357
регулирование 2,659260 0,004862
ред 0,235722 0,000431
резервированием 3,912023 0,002384
резервирования 3,506558 0,003205
резервной 3,218876 0,000981
резервных 3,506558 0,001068
резервов 3,506558 0,002137
резервы 2,995732 0,000913
рекомендаций 3,506558 0,001068
республика 0,843970 0,000257
республики 0,916291 0,000838
ресурсах 2,995732 0,000913
ресурсов 0,798508 0,000243
ресурсы 0,020203 0,000043
рефинансирования 3,912023 0,001192
решении 2,407946 0,000734
ригла-нила 3,912023 0,001192
риме 2,995732 0,000913
римские 3,506558 0,001068
риска 2,813411 0,000857
рисками 3,912023 0,001192
рисков 3,218876 0,000981
рисковые 3,912023 0,001192
рискуя 3,912023 0,001192
ритейловый 3,912023 0,001192
розничный 3,506558 0,001068
роль 0,579818 0,000177
россии 0,186330 0,000454
российская 0,186330 0,000170
российской 0,385662 0,000235
рост 0,967584 0,000884
ростовщики 3,912023 0,001192
росчерком 3,912023 0,002384
руб 1,171183 0,000357
руководящим 3,912023 0,001192
румянцева 3,506558 0,001068
рус 0,162519 0,000842
русский -0,009950 -0,000003
рынка 1,237874 0,000754
рынками 3,912023 0,001192
рынки 2,995732 0,001826
рынков 2,120264 0,001292
рынок 1,021651 0,001868
рыночная 2,407946 0,000734
рыночной 2,525729 0,002309
рыночных 3,218876 0,000981
ряд 0,385662 0,000118
рядом 0,733969 0,000224
самостоятельно 2,120264 0,001292
самостоятельного 2,659260 0,000810
самостоятельный 2,302585 0,000702
самую 2,659260 0,000810
самых 0,544727 0,000498
саха 2,813411 0,000857
сберегательные 3,506558 0,001068
сбор 2,407946 0,000734
сборы 3,506558 0,001068
сведениях 3,912023 0,001192
свободной -0,009950 -0,000003
свободные 2,813411 0,000857
свое 0,616186 0,000188
своего 0,776529 0,000473
своей 0,776529 0,000237
своем 1,560648 0,000476
свои 0,755023 0,000460
своими 1,427116 0,000435
своих 0,776529 0,000946
свой 0,653926 0,000598
свяжитесь -0,009950 -0,000003
связанные 1,021651 0,000311
связей 1,560648 0,000476
связи 0,235722 0,000144
святого 1,078810 0,000329
святослав 3,506558 0,001068
святым 2,659260 0,000810
сдача 2,995732 0,000913
сегодня 0,616186 0,000188
сейфов 3,912023 0,002384
секторе 1,771957 0,001080
сенат 3,506558 0,001068
сентября 0,072571 0,000066
сеньораж 3,912023 0,001192
серебра 2,407946 0,001467
серьезными 3,506558 0,001068
сиене 3,912023 0,001192
сиенский 3,912023 0,001192
систем 0,798508 0,000243
система 0,235722 0,000144
систематическое 3,912023 0,001192
системе 0,733969 0,000447
системеобсуждениевкладсоздать -0,009950 -0,000003
систему 0,673345 0,000205
системы 0,342490 0,000209
скамья 3,506558 0,001068
скачать -0,009950 -0,000003
скрываемого 3,912023 0,001192
следовала 3,506558 0,001068
следовательно 2,207275 0,000673
следующие 0,544727 0,000332
следующих 1,386294 0,000422
слова 0,562119 0,000171
словари 0,116534 0,000036
словарь 0,274437 0,000585
слово 0,673345 0,000410
сложном 2,813411 0,000857
служащие 2,813411 0,000857
служащих 2,525729 0,000770
случае 0,843970 0,000514
случаях -0,009950 -0,000003
сми 0,867501 0,000264
смотри 3,506558 0,001068
смысл 2,407946 0,000734
снова 1,386294 0,000422
снят 1,897120 0,000578
собой 0,328504 0,000200
собор 0,755023 0,000230
соборе 2,207275 0,000673
собрание 0,941609 0,000287
собственный 2,120264 0,000646
событияпожертвовать -0,009950 -0,000003
совет 0,916291 0,000558
советская 0,371064 0,000113
совокупность 1,660731 0,000506
современное 1,108663 0,000676
современной 0,579818 0,000177
современном 1,272966 0,000776
содержание 0,010050 0,000003
соединены 2,995732 0,000913
создавать 1,832581 0,001675
создается 1,832581 0,000558
создали 2,207275 0,000673
создались 3,912023 0,001192
создан 0,693147 0,000211
создание 0,733969 0,000224
создании 1,203973 0,000367
создания 0,653926 0,000199
созданное 2,407946 0,000734
созданные 2,407946 0,001467
созданными 3,218876 0,000981
создать 1,171183 0,000357
сокращение 1,714798 0,000522
сокровищ 3,912023 0,001192
сокровищниц 3,912023 0,001192
солдатам 2,995732 0,000913
сообщить -0,009950 -0,000003
соответственные 3,912023 0,001192
соответствующим 1,897120 0,000578
соответствующих 1,609438 0,000490
состав 0,400478 0,000122
составили 1,660731 0,000506
составляет 0,314711 0,000096
составлялся 3,506558 0,001068
состоянию 0,544727 0,000332
сотрудникам 2,995732 0,000913
сохранением -0,009950 -0,000003
сохранении 2,407946 0,000734
социальными 3,506558 0,001068
союзы 2,995732 0,001826
спасать 3,506558 0,001068
спб 0,385662 0,000705
специализировались 3,912023 0,001192
специализированные 2,120264 0,000646
специализирующиеся 3,218876 0,002942
специального 2,120264 0,000646
специальные 1,660731 0,001012
специальных 1,514128 0,000461
специфичные 3,912023 0,001192
списывания 3,912023 0,001192
спорные 2,995732 0,000913
способ 1,966113 0,001198
способен 2,407946 0,000734
способом 1,771957 0,000540
способствует 1,609438 0,000490
спрос 2,813411 0,000857
среди 0,198451 0,000121
средние 0,941609 0,000861
средств 0,597837 0,002186
средства 0,415515 0,000760
средствами 1,771957 0,001080
срок 1,237874 0,000377
срокам 2,995732 0,000913
срочности 3,912023 0,001192
српски 0,000000 0,000000
српскохрватски 0,000000 0,000000
ссуд 3,912023 0,001192
ссудам 3,912023 0,001192
ссудами 3,912023 0,001192
ссуды 3,506558 0,001068
ссуживали 3,912023 0,001192
ссылками 0,186330 0,000114
ссылкасведения -0,009950 -0,000003
ссылки -0,009950 -0,000012
стабильности 2,659260 0,000810
ставке 3,912023 0,001192
ставок 3,912023 0,001192
стали 0,430783 0,000394
стало 0,494296 0,000301
станет 1,309333 0,000399
становится 0,527633 0,000322
старая 0,430783 0,000131
старейший 1,609438 0,000981
старейших 1,309333 0,000399
старое 1,771957 0,000540
статистика -0,009950 -0,000003
статус 0,510826 0,000311
статуса 1,309333 0,002394
статьи 0,072571 0,000088
статьислучайная -0,009950 -0,000003
статьисообществофорумсправкасвежие -0,009950 -0,000003
статью 0,616186 0,000375
статья 0,105361 0,000128
статьяобсуждение -0,009950 -0,000003
статьятекущие -0,009950 -0,000003
стекались 3,912023 0,001192
степени 0,843970 0,000257
стоимость 1,237874 0,000377
стоимостью 2,207275 0,000673
стол 3,218876 0,002942
стола 2,813411 0,000857
стороны 0,430783 0,000131
стран 0,597837 0,000364
страна 0,462035 0,000422
странах 1,560648 0,000476
страница -0,009950 -0,000003
страницасодержаниеизбранные -0,009950 -0,000003
страницецитировать -0,009950 -0,000003
страницуполучить -0,009950 -0,000003
страницы -0,009950 -0,000006
страницыслужебные -0,009950 -0,000003
страну 2,207275 0,000673
страхование 2,995732 0,001826
страховая 3,218876 0,000981
страховой 3,506558 0,001068
страховую 3,218876 0,000981
страхом 3,912023 0,001192
стремясь 3,506558 0,001068
строгими 3,912023 0,001192
структурное 2,995732 0,002738
структуры 1,171183 0,000357
субъектам 2,813411 0,000857
сукном 3,506558 0,001068
сумма 1,897120 0,001156
суммами 3,912023 0,001192
суммарный 2,302585 0,001403
суммы 2,525729 0,003078
сути 2,120264 0,000646
существенно 1,108663 0,000338
существенные 2,120264 0,000646
существовала 1,386294 0,000422
существовали 1,309333 0,000399
существовало 1,427116 0,000435
существуют 0,162519 0,000050
сфере 0,967584 0,000884
сферу 2,995732 0,000913
сферы 1,309333 0,000798
счет 0,673345 0,002257
счета 2,813411 0,005143
счетам 3,912023 0,001192
счетах 3,506558 0,006411
счетную 3,912023 0,001192
счетов 3,218876 0,004904
считает 1,714798 0,000522
считается 0,693147 0,000211
сша 0,562119 0,003768
сюда 1,108663 0,000676
сюдасвязанные -0,009950 -0,000003
тайна 2,659260 0,003241
тайну 3,218876 0,000981
также 0,000000 0,000000
такие 0,261365 0,000080
таким 0,527633 0,000161
такого 1,237874 0,000377
такое 1,108663 0,001013
таком 1,660731 0,000506
таллине 3,912023 0,001192
тарасенко 3,218876 0,000981
тарашкев 0,000000 0,000000
татарча 0,000000 0,000000
текст -0,009950 -0,000003
текущую 3,218876 0,000981
телекоммуникационных 2,995732 0,000913
тему 1,771957 0,000540
теневой 2,995732 0,000913
теоретического 3,506558 0,001068
теория 1,386294 0,001267
термина 0,400478 0,000122
технологии 0,798508 0,000243
технологий 0,653926 0,000199
тип 0,356675 0,000109
тобин 3,912023 0,001192
товариществ 3,506558 0,001068
товарищества 3,218876 0,002942
товарищество 2,302585 0,000702
товарный -0,009950 -0,000003
толковый 2,525729 0,000770
торговли 0,867501 0,000264
торговлю 2,525729 0,000770
торговой 2,207275 0,000673
торговую 3,218876 0,000981
торговым 2,207275 0,000673
транзитные 2,813411 0,000857
трансграничного 3,506558 0,001068
трансграничной 3,912023 0,001192
трансформироваться 3,912023 0,003576
трапезитами 3,912023 0,001192
трапезиты 3,912023 0,001192
траст 3,506558 0,001068
требований 2,659260 0,000810
требования 1,832581 0,001675
требуется 1,714798 0,000522
третий 1,203973 0,000367
третьем 2,302585 0,000702
третьих 3,506558 0,002137
тунисом 3,912023 0,001192
тщательно 3,912023 0,001192
тыла 1,897120 0,000578
увеличении 2,525729 0,000770
увеличению 2,040221 0,000622
увеличил 2,995732 0,000913
угроз 3,506558 0,001068
угрозы 2,525729 0,000770
удобнее 3,506558 0,001068
удобным 3,218876 0,000981
удовлетворение 3,506558 0,001068
удовлетворения 2,995732 0,000913
узла 1,966113 0,000599
указали 2,040221 0,000622
указан 0,139262 0,000127
указанием -0,009950 -0,000003
указанным 2,995732 0,001826
укра 0,000000 0,000000
украины 0,616186 0,000188
уменьшение 2,120264 0,000646
универсальная 0,891598 0,000272
универсальной 2,207275 0,000673
универсальные 2,407946 0,000734
университета 0,446287 0,000136
управление 0,527633 0,000804
управления 0,415515 0,000253
управляемые 3,506558 0,001068
управлять 2,040221 0,000622
уральского 2,525729 0,000770
условий -0,009950 -0,000003
условия -0,009950 -0,000006
условиях 1,049822 0,000640
услуг 0,967584 0,001179
услуги 0,994252 0,000606
уставе 2,525729 0,000770
уставного 3,912023 0,001192
уставные 3,506558 0,001068
уставный 3,218876 0,000981
устанавливаемых 3,912023 0,001192
установил 2,659260 0,000810
установления 1,832581 0,000558
установлены 1,560648 0,000476
устраняющим 3,912023 0,001192
устроенные 3,912023 0,001192
утверждениями 0,713350 0,000217
участие -0,009950 -0,000003
участия 1,966113 0,001198
участников 1,272966 0,000776
учебник 1,771957 0,000540
учет 2,813411 0,000857
учетную -0,009950 -0,000003
учетных 3,218876 0,000981
учреждение 1,237874 0,000377
учреждении 2,407946 0,000734
учрежденийскрытые 3,912023 0,001192
учреждения 0,843970 0,000257
фабрик 2,407946 0,000734
факта 2,302585 0,000702
фактически 0,916291 0,000558
фактической 3,506558 0,001068
февраля 0,051293 0,000188
федеральной 0,891598 0,000272
федеральный 0,653926 0,000398
федеральным 1,771957 0,002160
федерации 0,544727 0,000332
фивах 3,912023 0,001192
физическим 3,506558 0,002137
физическими 3,218876 0,000981
физических 2,207275 0,006725
филиал 0,798508 0,000487
филиала 1,560648 0,000476
филиалов 1,347074 0,000410
филиалы 1,347074 0,000410
филиппом 3,506558 0,001068
финансами 3,912023 0,001192
финансов 1,897120 0,000578
финансовая 2,407946 0,002201
финансовое 3,912023 0,001192
финансовом 2,995732 0,000913
финансовые 1,897120 0,002890
финансовый 1,609438 0,001962
финансовыми 2,995732 0,000913
финансовых 1,560648 0,001427
финансы 0,798508 0,000730
финансыфинансовое 3,912023 0,001192
флорин 3,912023 0,001192
флоринах 3,912023 0,001192
фонд -0,009950 -0,000012
фонды 2,813411 0,000857
формах 2,407946 0,000734
форме 0,941609 0,001721
формирует 2,207275 0,000673
франции 1,609438 0,000490
франция 1,560648 0,000476
фредерик 3,506558 0,001068
фрэнсис 3,506558 0,001068
фуггеров 3,506558 0,001068
функцией 2,659260 0,000810
функции 1,049822 0,000640
функций 1,660731 0,000506
функционалом 3,506558 0,001068
характер 0,994252 0,000606
характера 1,771957 0,000540
хозяйствования 3,506558 0,001068
храм 0,843970 0,000514
храмовых 3,912023 0,002384
храмы 1,049822 0,000640
хранение 2,207275 0,002690
хранением 3,506558 0,001068
хранения 1,427116 0,000870
хранилище 2,813411 0,000857
хранить 2,813411 0,000857
хранят 3,506558 0,001068
христианского 3,506558 0,001068
царские 2,813411 0,000857
цели 1,660731 0,001012
цель 1,832581 0,000558
целью 0,733969 0,000447
целях 1,171183 0,000357
ценностей 2,813411 0,000857
ценностями 3,912023 0,001192
ценные 2,995732 0,003651
ценными 2,995732 0,001826
ценой 2,659260 0,000810
центр 0,400478 0,000122
централизованной 2,813411 0,000857
централизованными 3,912023 0,001192
центрального 0,967584 0,000590
центральном 1,714798 0,000522
центральные 2,120264 0,001938
центральный 0,673345 0,000410
центры 0,713350 0,000217
чайльд 3,912023 0,001192
частично 0,653926 0,000199
частичным 3,912023 0,001192
частного 2,207275 0,000673
частные 1,514128 0,000923
частным 2,525729 0,002309
частными 2,120264 0,000646
частных 1,108663 0,001013
часто 0,415515 0,000127
часть 0,105361 0,000096
чаще 1,171183 0,000357
честь 0,562119 0,000171
четверти 2,302585 0,000702
числе 0,248461 0,000227
чистого 2,659260 0,000810
читатьправитьправить 0,494296 0,000151
членов 1,272966 0,000388
чрезвычайная 3,506558 0,001068
шаблоном 1,897120 0,001156
шатковская 3,912023 0,001192
шатковской 3,912023 0,001192
шведский 3,218876 0,000981
швейцария 2,302585 0,000702
швейцарский 2,120264 0,000646
штатами 3,506558 0,001068
эволюция 2,207275 0,000673
экономике 1,714798 0,000522
экономики 0,713350 0,000869
экономисты 3,218876 0,000981
экономическая 1,660731 0,001012
экономический 1,139434 0,000347
экономическими 3,218876 0,000981
экономического 1,386294 0,000422
экономия 2,995732 0,000913
экспорт -0,009950 -0,000003
эмиссионный 3,912023 0,001192
эмиссию 3,506558 0,001068
энциклопедии -0,009950 -0,000006
энциклопедический 0,733969 0,001118
энциклопедия 0,210721 0,000385
эстония 2,407946 0,000734
эта 0,000000 0,000000
этим 0,693147 0,000211
этих 0,400478 0,000244
это 0,000000 0,000000
этому 0,755023 0,000230
эффективному 3,912023 0,001192
юрайт 3,506558 0,001068
юридическим 3,506558 0,004274
юридическими 3,912023 0,001192
юридических 2,207275 0,007398
юридического 2,525729 0,000770
юридическое 2,995732 0,000913
является 0,094311 0,000316
являются 0,248461 0,000076
язык 0,116534 0,000036
языках -0,009950 -0,000003
января 0,116534 0,000036
янова 3,912023 0,001192
япония 1,897120 0,001156
японский 2,525729 0,000770
яснопольский 3,912023 0,001192
