абазин 2,207275 0,000231
абзелиловский 3,912023 0,000409
аблай 3,912023 0,000409
аблая 3,912023 0,000409
абсолютный 0,616186 0,000193
абхаз 1,771957 0,000185
абхазии 2,407946 0,000252
абхазия 2,040221 0,000426
абхазский 2,302585 0,000241
аварец 1,771957 0,000185
авария 1,771957 0,000926
авг 0,820981 0,000172
август 0,072571 0,000288
авиалиния 2,302585 0,000241
авиационный 1,386294 0,000145
авиация 1,237874 0,000388
автобус 0,820981 0,000343
автобусный 1,021651 0,000107
автовокзал 1,078810 0,000225
автодорога 0,891598 0,000186
автомобильный 0,713350 0,000522
автономный 0,867501 0,000272
автор 0,462035 0,000048
авторитетный 0,891598 0,000186
авторство -0,009950 -0,000001
автотранспорт 1,609438 0,000168
агентство 0,798508 0,000083
агидель 3,912023 0,002862
агломерация 0,798508 0,000584
аграрный 1,203973 0,000126
агул 1,832581 0,000192
адвентист 1,560648 0,000163
адм 2,525729 0,000264
административно-территориальная 2,302585 0,000241
административно-территориального 1,660731 0,000174
административно-территориальное 0,820981 0,000772
административно-территориальном 1,309333 0,000137
административно-территориальных 2,207275 0,000231
административно-торговый 3,506558 0,000366
административный 0,597837 0,000875
администрация 0,755023 0,001105
адыгеец 1,897120 0,000198
аз 2,302585 0,000241
азербайджанец 1,139434 0,000119
азиева 3,912023 0,000409
азиигеография 3,912023 0,000409
ак-идель 3,912023 0,000409
академический 0,916291 0,000383
академия 0,544727 0,000398
акбузат 3,912023 0,000818
аквапарк 2,407946 0,000755
акварин 3,912023 0,000409
аккредитация 2,995732 0,000313
акмулле 3,912023 0,000818
акмуллы 3,912023 0,000818
аксакова 3,506558 0,000733
аксарово 3,506558 0,000366
актаныш 3,912023 0,000409
актобе 2,995732 0,000313
алдан 1,309333 0,000137
александр 0,462035 0,000145
александро-невская 3,506558 0,000366
александровичем 3,506558 0,000366
александровичу 3,506558 0,000733
александровская 2,302585 0,000481
алексеева 2,407946 0,000252
алексеем 3,218876 0,000336
алим 3,912023 0,000409
аллея 1,347074 0,000704
алмалык 3,912023 0,000818
алтаец 1,966113 0,000205
алтай 2,407946 0,000252
алф 3,912023 0,000409
алфавитунаселенные 0,867501 0,000091
альтернативный 1,203973 0,000126
альфред 2,813411 0,000294
альшеевский 3,912023 0,000409
аманат 3,912023 0,000409
американец 1,771957 0,000185
англ 0,174353 0,000036
андиец 2,995732 0,000313
андрей 0,967584 0,000303
андрея 1,832581 0,000192
анкара 3,506558 0,000366
аннексия 0,941609 0,000098
анри 2,659260 0,000278
ансамбль 0,994252 0,000104
анталью 3,506558 0,000366
апр 0,798508 0,000167
апрель 0,150823 0,000363
ар-рахим 3,912023 0,000818
араб 1,609438 0,000168
арабский 1,560648 0,000489
арбитражный 1,966113 0,000411
аргумент 1,108663 0,000116
арен 1,237874 0,000259
аркаулордж 3,912023 0,000409
армянин 1,021651 0,000107
арт-галерея 3,506558 0,000733
арт-квадрат 3,912023 0,000409
арт-объект 2,659260 0,000278
артемьев 2,813411 0,000294
арх 0,544727 0,000057
архангельский 1,832581 0,000192
археология 1,171183 0,000245
архив 0,446287 0,000047
архивировать 0,020203 0,000268
архивный 0,248461 0,000389
архитектор 0,916291 0,000383
архитектура 0,462035 0,000386
асия 3,912023 0,000409
аскинский 3,912023 0,000409
ассириец 1,832581 0,000192
асср 1,966113 0,001233
астан 2,813411 0,000588
астраханский 1,832581 0,000192
астрахань 0,967584 0,000101
атаевкакир 3,912023 0,000409
атд 3,912023 0,000409
атлас 1,108663 0,000116
атмосфера 0,994252 0,000416
аургазинский 3,912023 0,000409
афганец 1,966113 0,000205
ахатович 3,912023 0,000409
ахмадеев 3,912023 0,000818
ахмета-заки 3,912023 0,000409
ахметова 3,912023 0,000818
аэродром 1,237874 0,000647
аэропорт 0,776529 0,000730
бабичу 3,912023 0,001226
бабушкин 2,813411 0,000294
базар 2,207275 0,000231
базовый 1,171183 0,000122
баймак 3,912023 0,000409
баймакский 3,912023 0,000409
бак 2,120264 0,000222
бакалинский 3,912023 0,000409
балашиха 3,218876 0,000336
балет 1,469676 0,000461
балкарец 2,040221 0,000213
балтачевский 3,912023 0,000409
балтийский 1,514128 0,000158
бангкок 3,506558 0,000366
банк 0,693147 0,000145
баптизм 3,912023 0,000409
баптист 2,207275 0,000231
барнаул 1,203973 0,000126
барселону 3,506558 0,000366
баскетбол 1,660731 0,000347
бассейн 0,653926 0,000342
баш 3,506558 0,003298
башавтотранс 3,912023 0,000409
башвестъ 3,912023 0,000409
башгипронефтехим 3,912023 0,000409
башинформ 3,912023 0,000409
башкир 1,347074 0,001549
башкирец 3,912023 0,000818
башкирии 3,506558 0,002565
башкирия 3,912023 0,000409
башкиров 3,506558 0,000366
башкирский 2,302585 0,017566
башкорт 3,912023 0,000818
башкортостан 2,207275 0,014532
башкортостана 3,218876 0,005046
башкортостананаселенные 3,912023 0,000409
башкортостанаскрытые 3,912023 0,000409
башкортостангорода 3,912023 0,000409
башкортостане 3,506558 0,000366
башкортостанской 3,912023 0,000409
башкурдистан 3,506558 0,000733
башня 1,139434 0,000119
баязита 3,912023 0,000409
бгпу 3,912023 0,000818
бдт 3,912023 0,000409
безусловно 3,912023 0,000409
бекетовской 3,912023 0,000409
беларусь 1,237874 0,000388
белебеевский 3,912023 0,000409
белебей 3,506558 0,000366
беленский 3,912023 0,000818
белокатайский 3,912023 0,000409
белорецк 3,506558 0,000733
белорецкий 3,912023 0,000409
белореченский 3,218876 0,000336
белорус 1,171183 0,000122
белый 0,867501 0,002357
бельские 3,912023 0,001226
бельских 3,912023 0,000409
бельско-сутолоцкую 3,912023 0,000409
белякова 3,912023 0,000818
бензин 2,995732 0,000626
берег 0,478036 0,000250
берегахъ 3,912023 0,000409
беркут 3,506558 0,000366
берсувань 3,912023 0,000409
беспоповец 3,912023 0,000409
биатлон 2,407946 0,001007
библиографический 0,083382 0,000009
библиотека 0,328504 0,000721
биев 3,912023 0,000409
бижбулякский 3,912023 0,000409
бикбая 3,912023 0,001226
биоплант 3,912023 0,000409
биопрепарат 3,912023 0,000409
биотрансплантатов 3,912023 0,000409
бирск 3,912023 0,000818
бирский 3,912023 0,000409
бистро 3,912023 0,000409
бифк 3,912023 0,000409
бишкек 3,218876 0,000336
благоварский 3,912023 0,000409
благоверный 2,525729 0,000264
благовещенск 2,995732 0,000626
благовещенский 1,832581 0,000766
благодать 2,659260 0,000278
благой 2,813411 0,000294
благополучие 2,302585 0,000241
благотворительница 3,912023 0,000409
блаженный 2,407946 0,000252
близкий 0,820981 0,000086
близко 1,714798 0,000179
блюхера 2,659260 0,000278
богородица 1,272966 0,000399
богородская 3,218876 0,000336
богородско-уфимский 3,912023 0,000818
богородской 3,912023 0,000409
божий 1,272966 0,000931
болгарин 1,427116 0,000149
болезнь 1,832581 0,000192
бологое 1,347074 0,000141
болтушкин 3,912023 0,000409
большее 1,309333 0,000137
большинство 0,342490 0,000072
большой 0,040822 0,000081
боровичи 1,347074 0,000141
борьба 0,820981 0,000257
ботанический 1,427116 0,000149
бревно 3,506558 0,000366
британец 2,040221 0,000213
брокгауза 0,328504 0,000172
бронзовый 1,386294 0,000435
бронницы 2,813411 0,000294
брэ 2,040221 0,000213
буздякский 3,912023 0,000409
буканова 3,912023 0,000409
булакулине 3,912023 0,000409
булат 2,995732 0,000313
булгаково 3,506558 0,000733
булгар 2,659260 0,000278
бульвар 1,237874 0,000388
бураевский 3,912023 0,000409
буревестник 2,207275 0,000231
буржуа 3,912023 0,000409
бурзянский 3,912023 0,000409
бурят 1,609438 0,000168
быть -0,009950 -0,000010
бюджет 1,171183 0,000122
бюро 1,427116 0,000149
бюст 2,302585 0,002406
важный 0,494296 0,000052
ваз 3,506558 0,000366
вайсман 3,912023 0,000409
вал 1,514128 0,000158
валер 3,912023 0,001226
валиди 3,912023 0,002044
вариант 0,634878 0,000066
василий 1,078810 0,000225
васильевич 1,609438 0,000168
ватан 3,912023 0,000818
ватандаш 3,912023 0,001226
вахитов 3,218876 0,000336
введение 1,078810 0,000113
ввести 0,634878 0,000066
ввиду 2,120264 0,000222
вдв 3,506558 0,000366
вдвое 2,120264 0,000222
ведомость 0,994252 0,000623
век 0,248461 0,000441
векегорода 1,966113 0,000205
великий 0,356675 0,000149
великомученик 2,525729 0,000264
величина 1,108663 0,000116
венгерский 2,525729 0,000264
венгр 1,966113 0,000205
венецианский 2,659260 0,000278
вера 1,049822 0,000658
вернуться 1,171183 0,000122
вероздание 3,912023 0,000409
вероятно 1,560648 0,000326
версия -0,009950 -0,000008
верста 2,302585 0,000722
верхнеторговой 3,912023 0,000818
верхний 0,494296 0,000103
верховный 1,108663 0,000232
вершина 1,514128 0,000158
вести 0,356675 0,000149
вестись 0,673345 0,000070
вестник 1,049822 0,000329
весть 2,813411 0,000294
весьма 1,514128 0,000158
ветер 0,713350 0,000075
ветошниково 3,912023 0,000409
ветошниковол 3,912023 0,000409
вечерний 1,347074 0,000282
вечный 1,309333 0,000137
вещание 1,108663 0,000116
вещество 0,994252 0,000312
взфэи 3,506558 0,000733
вид 0,061875 0,000052
видно 2,407946 0,000503
викигид 1,660731 0,000174
викигидвикипедия 1,427116 0,000149
викигиде 0,776529 0,000243
викигидепортал 1,469676 0,000154
викиданных -0,009950 -0,000001
викиданныхвикипедия 0,891598 0,000186
викимедиа -0,009950 -0,000001
википедии -0,009950 -0,000002
википедия -0,009950 -0,000010
викискладвикиновостивикигидэлемент 1,609438 0,000168
викискладвикипедия 1,469676 0,000154
викискладе 0,174353 0,000018
викискладепутеводитель 0,713350 0,000075
викисловарецитаты 1,108663 0,000116
викисловарьвикипедия 1,309333 0,000137
викитекемедиафайлы 1,272966 0,000133
викитеку 1,347074 0,000141
викицитатник 1,272966 0,000133
викицитатникетексты 1,427116 0,000149
вильям 2,995732 0,000313
виталий 1,966113 0,000205
вклад 0,994252 0,000208
включать 0,235722 0,000025
включительно 2,995732 0,000313
включить 0,634878 0,000066
вконтакте 1,966113 0,000205
владение 0,916291 0,000096
владимир 0,653926 0,000205
владимирский 1,897120 0,000198
владыка 3,218876 0,000336
власть 0,544727 0,000455
вместе 0,510826 0,000053
вместимость 1,897120 0,001190
вместительность 3,506558 0,000366
вместо 0,798508 0,000083
внести 1,021651 0,000107
внешний 0,051293 0,000005
вновь 0,755023 0,000158
вносить 2,040221 0,000426
внутренний 0,314711 0,000164
внутригородской 0,867501 0,000272
вода 0,527633 0,000331
водник 2,813411 0,000294
водный 0,562119 0,000352
водозабор 2,120264 0,000222
водопроницаемый 3,912023 0,000409
водораздел 2,040221 0,000213
водохранилище 1,139434 0,000238
воевода 1,714798 0,001254
воеводческая 3,912023 0,000409
военно-мемориальный 3,912023 0,000409
военный 0,494296 0,000052
возвести 1,139434 0,000357
возводить 2,302585 0,000241
возвратить 1,469676 0,000154
возвысить 2,207275 0,000461
возвышаться 2,207275 0,000231
возвышенность 1,386294 0,000145
возвышенныхъ 3,912023 0,000409
возглавлять 1,203973 0,000126
воздух 0,616186 0,000129
воздушный 0,798508 0,000334
воззрение 3,218876 0,000336
вознесенская 2,813411 0,000294
возникнуть 0,653926 0,000068
возобновить 1,832581 0,000192
возраст 1,078810 0,000338
война 0,430783 0,000405
войско 0,798508 0,000083
вокзал 0,755023 0,000158
вокзальный 2,659260 0,000556
волга 1,347074 0,000141
волго-камья 3,912023 0,000409
волгоград 1,139434 0,000357
волейбол 1,469676 0,000307
волейбольный 1,514128 0,000475
волна 0,916291 0,000096
вологда 1,203973 0,000126
вологодский 2,207275 0,000231
воложка 3,506558 0,000366
волшебный 0,030459 0,000003
вольный 1,832581 0,000192
вопрос 0,371064 0,000155
воркута 1,237874 0,000129
воронеж 1,203973 0,000126
воронежского 2,813411 0,000294
ворот 1,078810 0,000113
воскресение 2,525729 0,000264
воскресенский 2,207275 0,000231
восстание 1,237874 0,000647
восстановить 0,967584 0,000101
восстать 2,525729 0,000264
восток 0,494296 0,000052
восточнее 2,407946 0,000252
восточный 0,430783 0,000180
востребованность 3,506558 0,000733
востребовать 2,407946 0,000252
восхождение 2,995732 0,000313
вотикеевоордж 3,912023 0,000409
воткинск 1,309333 0,000137
впадать 1,309333 0,000137
впадение 1,139434 0,000119
вплотную 2,040221 0,000213
вражским 3,912023 0,000409
вразским 3,912023 0,000409
врасским 3,912023 0,000409
время 0,020203 0,000025
все 0,040822 0,000004
всебашкирские 3,506558 0,000733
всероссийский 0,634878 0,000398
всесоюзный 0,776529 0,000568
вследствие 1,203973 0,000126
встречаться 0,713350 0,000075
втора 0,274437 0,000029
второе 0,653926 0,000273
вуз 0,820981 0,000429
вход 0,755023 0,000473
входить 0,287682 0,000090
вцспс 2,995732 0,000313
въезд 1,897120 0,000198
выбор 0,634878 0,000066
выборгская 3,506558 0,000366
выбраться 3,912023 0,000409
выброс 1,347074 0,000422
вывести 2,120264 0,000222
выделить 0,544727 0,000057
выделяться 0,941609 0,000098
выдержать 1,832581 0,000192
выезд 2,813411 0,000294
вып 0,798508 0,000167
выполнять 0,867501 0,000091
выполняться 1,272966 0,000133
выпускать 1,237874 0,000129
высадиться 2,659260 0,000278
высокий 0,139262 0,000175
высота 0,415515 0,000174
высотность 3,912023 0,000409
выставочный 1,171183 0,000490
выстрел 2,659260 0,000278
выступление 1,272966 0,000133
выходит 1,427116 0,000746
выходить 1,309333 0,000137
выше 0,616186 0,000193
вьетнамец 2,040221 0,000213
вязник 3,218876 0,000336
габдессаляма 3,912023 0,000409
габрахимова 3,912023 0,000409
гавань 1,966113 0,000205
гагарина 1,427116 0,000149
гагауз 1,966113 0,000205
газета 0,579818 0,000909
галерея 1,049822 0,000658
галия 3,912023 0,000409
галл 3,506558 0,000366
гандбол 2,207275 0,000461
ганеев 3,912023 0,000409
гареева 3,912023 0,000409
гарипов 3,912023 0,000818
гарнизон 1,966113 0,000205
гарнизонный 2,995732 0,000313
гастелло 3,506558 0,001466
гафури 3,912023 0,001226
гафурийский 3,912023 0,000409
гашек 3,912023 0,000409
гектар 1,609438 0,000168
ген 3,218876 0,000336
генерал 1,514128 0,000633
генерал-губернаторство 2,659260 0,000278
генерал-майор 2,525729 0,000264
генеральный 0,755023 0,000316
генплан 1,560648 0,000163
геогр 2,525729 0,000264
географический 0,356675 0,000298
география 0,415515 0,000261
геология 1,609438 0,000168
геополитический 2,302585 0,000241
георгий 1,139434 0,000119
герарда 3,912023 0,000818
герб 0,798508 0,000501
гербицид 3,912023 0,000409
германий 0,843970 0,000176
герой 1,139434 0,000595
гест 2,995732 0,000939
гидравлик 3,912023 0,000409
гидрография 1,427116 0,000298
гидрометеорология 2,525729 0,000264
гилем 3,912023 0,000409
гильдия 2,120264 0,000222
гим 3,912023 0,000409
гимн 0,776529 0,000162
гимназия 1,108663 0,000116
гимнастика 1,966113 0,000205
глава 0,494296 0,000517
главное 1,469676 0,000154
главный 0,210721 0,000044
главпочтамт 2,525729 0,000264
глазной 2,813411 0,000294
глубина 1,139434 0,000238
глумилино 3,912023 0,000409
гоа 3,506558 0,000366
год -0,009950 -0,000370
годавикипедия 0,616186 0,000129
годугорода 1,714798 0,000179
гомель 1,966113 0,000205
гомеля 2,995732 0,000313
гонка 2,302585 0,000241
гонщик 3,912023 0,000409
гора 0,616186 0,000129
горловка 1,309333 0,000137
горн 2,813411 0,000294
горнодобывающий 2,995732 0,000313
горнозаводчик 3,506558 0,000366
горнолыжный 1,897120 0,000198
город 0,371064 0,005894
город-миллионер 2,659260 0,000278
город-побратим 0,843970 0,000529
города-крепости 2,659260 0,000278
города-миллионеры 1,714798 0,000179
города-партнеры 1,771957 0,000370
городище 1,469676 0,001229
городов-миллионеров 2,813411 0,000294
городов-миллионников 2,813411 0,000294
городовой 2,207275 0,000231
городом-миллионером 2,407946 0,000252
городпро 0,867501 0,000091
городской 0,544727 0,004326
городъ 3,506558 0,000366
гороховец 2,525729 0,000264
горсовет 1,897120 0,000198
горький 0,941609 0,000098
госкомстат 0,891598 0,000186
госсобрания 3,912023 0,000409
гостиный 1,966113 0,000411
государственный 0,261365 0,001011
государство 0,579818 0,000242
градоначальник 1,427116 0,000298
гражданин 0,733969 0,000077
гражданский 0,733969 0,000384
гранат 1,386294 0,000290
граница 0,356675 0,000186
грек 1,560648 0,000163
греко-римской 2,813411 0,000294
груз 1,309333 0,000137
грузии 1,771957 0,000185
грузин 1,560648 0,000163
грузия 1,966113 0,000205
грузовая 1,139434 0,000238
грунтовой 1,832581 0,000192
гск 3,912023 0,000409
губа 2,207275 0,001153
губайдуллину 3,912023 0,000409
губерн 3,912023 0,000409
губернатор 0,967584 0,000506
губерния 0,891598 0,001211
губернский 1,309333 0,001505
губин 3,912023 0,000409
гульшат 3,912023 0,000409
гуманитарный 0,994252 0,000312
гуп 2,813411 0,000294
гутьяра 3,912023 0,000409
гуфран 3,912023 0,000409
гюлистан 3,912023 0,000409
даболим 3,912023 0,000409
давать 0,820981 0,000086
давлеканово 3,912023 0,000409
давлекановский 3,912023 0,000409
давно 2,302585 0,000481
даламан 3,912023 0,000409
далее 0,693147 0,000145
дальний 0,446287 0,000047
дамира 3,912023 0,000409
дания 2,407946 0,000252
даргинец 1,832581 0,000192
дата 0,030459 0,000398
датский 0,328504 0,000034
дать 0,072571 0,000061
два 0,150823 0,000063
двадцать 1,771957 0,000185
дважды 1,272966 0,000133
двести 2,525729 0,000264
движение 0,544727 0,000171
двор 1,078810 0,000225
дворец 0,843970 0,000529
дворник 3,218876 0,000336
дворянин 2,207275 0,000231
дворянский 2,040221 0,000213
двукратный 2,207275 0,000461
ддт 3,218876 0,000336
девятый 2,659260 0,000278
действовать -0,009950 -0,000015
дек 0,820981 0,000172
декабрь 0,094311 0,000168
деление 0,579818 0,000848
делить 1,897120 0,000198
дельмедико 3,912023 0,000409
дема 3,912023 0,002862
демегорода-миллионеры 3,912023 0,000409
демидову 3,506558 0,000366
демоскоп 0,820981 0,000257
демская 3,912023 0,000409
демский 3,912023 0,001226
демском 3,912023 0,000818
демы 3,912023 0,000409
дендропарк 2,659260 0,000278
день 0,210721 0,000110
деньга 1,386294 0,000145
депутат 0,776529 0,000162
дерево 0,867501 0,000091
деревянный 0,941609 0,000098
десант 2,995732 0,000313
десантник 3,506558 0,000733
десятилетие 1,203973 0,000126
десять 1,078810 0,000225
детская 0,653926 0,000410
детско-юношеский 3,506558 0,000366
деятель 1,108663 0,000232
деятельность 0,342490 0,000036
джазовый 2,120264 0,000222
дзержинск 1,347074 0,000282
дзержинскому 2,659260 0,000278
дивизион 1,609438 0,000168
дивизия 1,771957 0,000185
дизельный 2,659260 0,000278
динамо 1,171183 0,000367
диоксин 3,218876 0,000673
дипломатический 2,302585 0,000481
директория 3,912023 0,000409
дитя 0,867501 0,000272
длина 0,579818 0,000061
длинный 1,237874 0,000129
длительный 1,309333 0,000137
дмитриев 2,525729 0,000264
дмитриева 2,995732 0,000313
дневник 2,659260 0,000278
днейвикипедия 0,967584 0,000101
добавить 0,562119 0,000117
доблестигород 3,506558 0,000366
доблестиуфагорода 3,912023 0,000409
доблесть 1,309333 0,000684
догадываться 3,912023 0,000409
документ 0,415515 0,000087
долган 2,813411 0,000294
долгота 0,820981 0,000086
должностной 1,514128 0,000158
должный 0,356675 0,000075
доля 0,544727 0,000228
дом 0,446287 0,001073
домашний 1,237874 0,000129
донбасса 3,218876 0,001009
донецк 2,659260 0,000556
донецкий 2,302585 0,000481
доп 0,597837 0,000125
дополнительный -0,009950 -0,000001
дорога 0,527633 0,000496
достопримечательность 0,867501 0,000181
доступный -0,009950 -0,000001
драма 1,469676 0,000614
древлеправославный 2,525729 0,000264
древний 0,653926 0,000137
дробно -0,009950 -0,000001
другое 0,462035 0,000145
другой -0,009950 -0,000014
дружба 1,171183 0,000734
дубай 3,218876 0,000336
дубовый 2,407946 0,000503
дуванский 3,912023 0,000409
дума 0,916291 0,000096
думный 3,912023 0,000409
духовная 1,108663 0,000116
духовный 1,609438 0,001009
душанбе 2,659260 0,000278
дюртюли 3,912023 0,000818
дюртюлинский 3,912023 0,000409
евангельский 1,427116 0,001939
евлашево 2,813411 0,000294
евразия 1,347074 0,000141
еврей 1,203973 0,000126
еврейский 0,755023 0,000158
европа 0,301105 0,000252
европейский 0,494296 0,000052
евфимовского-мировицкого 3,912023 0,000409
единица 0,478036 0,000300
единоначалие 2,995732 0,000313
единственный 0,891598 0,000093
ежегодник 0,820981 0,000772
ежегодно 0,916291 0,000096
ежегодный 1,171183 0,000122
ежемесячный 2,659260 0,000556
еженедельный 2,120264 0,000443
езид 1,771957 0,000185
екатеринбург 0,843970 0,000529
екатеринбурге 2,659260 0,000278
екатериной 1,897120 0,000198
елистратова 3,912023 0,000409
елкибаевок 3,912023 0,000409
еникеева 3,912023 0,000409
епархия 0,967584 0,000202
ермекеевский 3,912023 0,000409
ерофей 3,218876 0,000336
естественный 0,776529 0,000162
ефрона 0,328504 0,000172
жанр 2,207275 0,000231
ждановский 3,218876 0,000336
железнодорожный 0,579818 0,000606
железный 0,616186 0,000258
женский 0,867501 0,000272
женщина 1,171183 0,000612
жертва 1,347074 0,000141
живать 3,912023 0,000409
живописный 2,040221 0,000213
животное 0,798508 0,000083
живучий 3,912023 0,000409
жигулевск 1,832581 0,000192
жизнь 0,342490 0,000072
жила 1,386294 0,000290
жилиноокт 3,912023 0,000409
жилища 2,659260 0,000278
жилищно-коммунальному 2,659260 0,000278
жилищный 1,560648 0,000163
жилое 1,714798 0,000179
жиромская 1,021651 0,000107
житель 0,562119 0,000235
жить 0,820981 0,000172
жукова 2,302585 0,000963
журнал 0,301105 0,000378
журналист 1,660731 0,000174
жхл 3,218876 0,000336
забельский 3,912023 0,000818
завод 0,693147 0,000290
завоевать 1,660731 0,000521
загира 3,912023 0,000409
загиру 3,912023 0,000409
заглавный -0,009950 -0,000001
загородный 1,966113 0,000205
загрязнение 0,891598 0,000280
загрязнить 1,514128 0,000475
загрязнять 1,514128 0,000475
заинтересоваться 2,995732 0,000313
заки 3,506558 0,000733
закладываться 3,218876 0,000336
заключаться 1,609438 0,000168
закон 0,462035 0,000145
закрыть 0,798508 0,000167
зал 0,843970 0,000441
заморозить 2,302585 0,000241
занимать 0,430783 0,000270
заниматься 0,634878 0,000066
занять 0,693147 0,000145
заочный 3,218876 0,000336
запад 0,634878 0,000133
западно-европейский 3,912023 0,000409
западный 0,462035 0,000048
записьвойти -0,009950 -0,000001
запрос 1,021651 0,000107
зарегистрировать -0,009950 -0,000003
зарипова 3,912023 0,000409
зарисовка 3,506558 0,000366
заселить 1,897120 0,000198
заслужить 1,714798 0,000179
застроить 1,832581 0,000192
застройка 0,916291 0,000287
зато 1,560648 0,000163
затон 1,427116 0,000895
затон-восточный 3,912023 0,000409
затон-северо-западный 3,912023 0,000409
захаров 2,659260 0,000278
захоронить 2,525729 0,000264
защита 0,616186 0,000064
заявление -0,009950 -0,000001
звание 0,891598 0,000093
звать 2,659260 0,000278
звезда 0,916291 0,000096
здание 0,673345 0,000915
здешний 3,506558 0,000366
здоровье 1,203973 0,000126
здравоохранение 0,843970 0,000265
зеленовка 2,813411 0,000294
зеленодольск 1,237874 0,000129
зеленые 1,203973 0,000126
зеленый 0,755023 0,000079
земельный 1,514128 0,000158
землемер 3,218876 0,000673
земляк 3,218876 0,000336
земство 2,813411 0,000294
земфира 3,912023 0,000409
зианчуринский 3,912023 0,000409
зилаирский 3,912023 0,000409
зима 0,478036 0,000150
зимний 0,798508 0,000083
зининоокт 3,912023 0,000409
зирган 3,506558 0,000366
златоуст 1,347074 0,000422
змей 2,407946 0,000252
знак -0,009950 -0,000001
знаменитый 0,967584 0,000101
знаменоваться 3,506558 0,000366
значение 0,061875 0,000039
значит 1,560648 0,000163
значительный 0,328504 0,000103
значитъ 3,912023 0,000409
зов 3,912023 0,000409
золотой 0,597837 0,000437
зона 0,400478 0,000167
зорге 3,912023 0,000409
зритель 1,108663 0,000811
зрительный 2,659260 0,000278
зубова 2,407946 0,000252
ибн 2,659260 0,000278
ибо 2,659260 0,000278
ибрагимова 3,912023 0,000409
иван 0,843970 0,000088
ивана 1,078810 0,000113
иванович 1,560648 0,000163
иваново 1,139434 0,000119
ивановскийордж 3,912023 0,000409
иваном 2,040221 0,000213
иверская 3,912023 0,000409
иглинский 3,912023 0,000818
игнатенко 3,506558 0,000366
игра 0,843970 0,000265
игровой 1,832581 0,000192
идель-тауэр 3,912023 0,000409
идентификатор 0,693147 0,000072
идти 0,820981 0,000086
ижад 3,912023 0,000409
ижевск 1,139434 0,000238
ижорец 3,506558 0,000366
изба 2,659260 0,000556
избавленье 3,912023 0,000409
избирать 1,609438 0,000168
избираться 1,427116 0,000149
известное 0,994252 0,000104
известный 0,287682 0,000030
изд 0,314711 0,000066
издаваться 1,660731 0,000521
издавна 2,207275 0,000231
издание 0,415515 0,000043
издательский 1,272966 0,000133
издательство 0,494296 0,000310
измениться 1,021651 0,000107
изобразительный 1,347074 0,000141
изучение 0,713350 0,000075
иисус 2,207275 0,000231
икона 1,309333 0,000684
илии 2,813411 0,000294
илишевский 3,912023 0,000409
ильгамов 3,912023 0,002044
ильинская 2,659260 0,000278
илья 2,040221 0,000213
имангулово 3,506558 0,000366
именовать 1,560648 0,000326
именоваться 1,469676 0,000307
иметь 0,094311 0,000039
император 1,139434 0,000119
императрица 1,514128 0,000158
имущественный 3,506558 0,000366
имэн 3,912023 0,000409
имэн-кала 3,912023 0,000409
имя 0,274437 0,000774
иначе 0,733969 0,000153
ингуш 1,897120 0,000198
индекс 0,634878 0,000066
индиец 2,120264 0,000222
инженер 1,139434 0,000119
инновационный 1,771957 0,000185
инорс 3,912023 0,002044
инорсе 3,912023 0,000409
институт 0,371064 0,001047
инструмент -0,009950 -0,000003
интегральный 2,525729 0,000264
интервью 1,660731 0,000174
интернет 0,755023 0,000079
интернет-газете 3,912023 0,000409
информация 0,162519 0,000136
инфраструктура 0,891598 0,000093
иоанно-предтеченская 3,506558 0,000366
ир 3,506558 0,000366
ираклион 3,218876 0,000336
иранский 2,407946 0,000252
ирек 3,506558 0,000366
иркутск 1,171183 0,000122
искать 1,966113 0,000205
искинокир 3,912023 0,000409
искинский 3,912023 0,000409
искинскийкир 3,912023 0,000409
искусственный 0,916291 0,000096
искусство 0,478036 0,000400
ислам 1,386294 0,000869
исламский 1,771957 0,000926
исмагилова 3,912023 0,000409
исмагилову 3,912023 0,000409
испанец 2,120264 0,000222
исполнительный 1,171183 0,000122
использование -0,009950 -0,000001
использовать 0,020203 0,000008
использоваться 0,223144 0,000047
исследование 0,462035 0,000193
исследовательский 1,237874 0,000259
исстари 3,506558 0,000366
исток 0,755023 0,000079
историк 1,469676 0,000307
историко-краеведческий 2,407946 0,000252
исторический 0,314711 0,000395
история 0,051293 0,000118
источник -0,009950 -0,000023
источниквикипедия 2,525729 0,000264
исход 2,813411 0,000294
исчисление 0,776529 0,000081
итальянец 1,714798 0,000179
итог 0,494296 0,000362
итого 1,609438 0,000168
ихлас 3,912023 0,000409
ишимбай 1,309333 0,000410
ишимбайский 3,912023 0,000409
ишлы 3,506558 0,000366
июль 0,116534 0,000390
июнь 0,116534 0,000304
йорт 3,912023 0,000409
йыйыны 3,912023 0,000409
кабардинец 1,832581 0,000192
кавалерийский 2,995732 0,000313
кадр 1,514128 0,000158
каждый 0,261365 0,000027
казан 3,506558 0,000366
казани 1,771957 0,000185
казанский 1,049822 0,000439
казань 0,891598 0,000466
казанью 2,407946 0,000252
казах 1,427116 0,000149
казахстан 1,469676 0,000307
кал 3,218876 0,000336
калейдоскоп 2,995732 0,000313
калимуллин 3,506558 0,000366
калининский 2,207275 0,000923
калининского 3,506558 0,000733
калининскому 3,912023 0,000818
калмык 1,560648 0,000489
калтасинский 3,912023 0,000409
кам 2,207275 0,000231
камалова 3,912023 0,000409
каменный 0,733969 0,000077
каменск-уральский 1,347074 0,000141
камень 0,994252 0,000104
камышлинского 3,912023 0,000409
канадей 2,813411 0,000294
канал 0,673345 0,000070
канатный 2,207275 0,000231
кантон 3,912023 0,000409
канцелярия 1,832581 0,000383
кара-идель 3,912023 0,000409
караидель 3,912023 0,000409
караидельский 3,912023 0,000409
караим 2,995732 0,000313
каракалпак 2,120264 0,000222
карачаевец 1,966113 0,000205
каргала 3,506558 0,000366
карел 1,897120 0,000198
карима 3,912023 0,001226
каримов 3,912023 0,000409
кармаскалинский 3,912023 0,000818
карповок 3,912023 0,000409
карт 0,301105 0,000441
картограф 2,813411 0,000588
картографирование 3,506558 0,000366
картографический 2,525729 0,000264
касаткина 3,912023 0,000409
каспийск 1,272966 0,000133
каталанский 0,527633 0,000055
катализ 3,506558 0,000366
каталог 0,094311 0,000010
каталонский 3,218876 0,000336
катастрофа 1,514128 0,000316
категория -0,009950 -0,000004
кафе-бистро 3,912023 0,000409
кафедральный 0,967584 0,000101
качество 0,287682 0,000060
кбшжд 3,506558 0,000366
квадратный 1,660731 0,000347
кемерово 1,237874 0,000129
кемеровский 2,040221 0,000213
кигинский 3,912023 0,000409
киекбаев 3,912023 0,000409
километр 0,693147 0,000145
кинематограф 2,120264 0,000222
киномакс 2,120264 0,000222
кинопростор 3,912023 0,000409
кинотеатр 0,891598 0,001304
кир 3,912023 0,000409
киргиз 1,386294 0,000145
кирилла 1,966113 0,000205
киров 1,309333 0,000137
кирова 1,386294 0,000145
кировец 2,995732 0,000313
кировский 1,237874 0,000517
кировского 2,207275 0,000461
кировскому 3,506558 0,000366
кирха 1,832581 0,000575
киска 3,912023 0,000409
китаец 1,609438 0,000168
китай 0,776529 0,000406
китайский 0,653926 0,000068
китакюсю 3,912023 0,000409
кладбище 1,237874 0,000129
кладбищенский 2,659260 0,000278
кладоискатель 3,912023 0,000409
классический 0,755023 0,000079
клееный 3,912023 0,000409
клещ 3,218876 0,001346
климат 0,446287 0,000420
климатический 1,049822 0,000110
клуб 0,798508 0,000250
клубный 2,659260 0,000278
ключарева 3,912023 0,000409
кмволгоград 2,659260 0,000278
кмказань 2,040221 0,000213
кмкиров 2,995732 0,000313
кммосква 1,832581 0,000192
кмомск 2,813411 0,000294
кмсамара 2,407946 0,000252
кмсанкт-петербург 2,120264 0,000222
кмсочи 2,120264 0,000222
кмсыктывкар 3,912023 0,000409
кмтюмень 3,218876 0,000336
книга 0,415515 0,000087
книжка 2,813411 0,000588
книжный 0,798508 0,000167
князев 2,995732 0,000313
князевок 3,912023 0,000409
князь 0,867501 0,000091
ковальчук 3,218876 0,000336
код -0,009950 -0,000070
кодекс -0,009950 -0,000001
кодистория 0,116534 0,000012
кой 2,995732 0,000313
кокшетау 2,995732 0,000313
колесо 2,407946 0,000252
количество 0,210721 0,000110
колледж 1,108663 0,000232
коллектив 1,237874 0,000129
коломна 1,272966 0,000266
колорит 3,912023 0,000409
ком 1,832581 0,000383
команда 0,798508 0,000334
комарова 2,302585 0,000241
комбинат 1,021651 0,000107
коми 1,514128 0,000475
коми-пермяк 1,966113 0,000205
коминтерн 2,995732 0,000313
комиссия 0,967584 0,000101
комитет 0,653926 0,000068
коммерческий 1,021651 0,000107
коммунист 2,659260 0,000278
коммунистический 2,040221 0,000213
компания 0,371064 0,000116
комплекс 0,579818 0,001091
композиция 1,386294 0,000145
комсомольск-на-амуре 1,203973 0,000126
комсомольский 0,891598 0,000280
комфортность 2,995732 0,000313
комфортный 2,407946 0,000252
конгресс 2,302585 0,000241
конец 0,198451 0,000021
конкурс 1,171183 0,000367
конкурс-фестиваль 2,995732 0,000313
конно-спортивный 3,506558 0,000366
конституционный 2,813411 0,000588
конституция 1,966113 0,000205
консульский 2,120264 0,000443
консульство 1,771957 0,000185
континент 1,714798 0,000179
континентальный 0,527633 0,000055
контракт 1,609438 0,000168
контролировать 1,469676 0,000307
конференция 0,941609 0,000295
конфессия 1,049822 0,000219
конфиденциальность -0,009950 -0,000001
конфликт 1,347074 0,000141
кооперативный 2,407946 0,001007
кооперация 2,040221 0,000213
копие 0,223144 0,000373
кордье 3,912023 0,000409
кореец 1,514128 0,000158
королевокир 3,912023 0,000409
короткий -0,009950 -0,000002
корпорация 1,347074 0,000141
костанай 3,912023 0,000409
костерина 3,912023 0,000409
кострома 1,171183 0,000122
который 0,000000 0,000000
кочевать 3,506558 0,000366
коэффициент 2,040221 0,000213
краевед 1,714798 0,000179
краеведческий 1,108663 0,000116
край 0,544727 0,000171
красная 0,713350 0,000149
краснодар 1,386294 0,000290
краснокамский 3,506558 0,000366
красноярск 0,967584 0,000202
красный 0,597837 0,000062
красота 2,407946 0,000252
краткий 0,653926 0,000273
кремль 1,660731 0,001215
крепость 0,994252 0,000312
крестовоздвиженский 2,302585 0,000481
кристалл 2,040221 0,000213
критерий 1,386294 0,000145
крк 2,995732 0,000313
кром 0,235722 0,000148
крупный 0,210721 0,000330
крым 1,660731 0,000347
крыма 0,843970 0,000265
крымские 1,771957 0,000185
крымского 1,832581 0,000192
крымчак 2,659260 0,000278
крыть 1,609438 0,000168
кряшены 2,813411 0,000294
ксв 2,302585 0,000241
кстово 2,040221 0,000213
кубинец 2,207275 0,000231
кубок 1,237874 0,000647
кугарчинский 3,506558 0,000366
кугеси 3,218876 0,000336
кузеев 3,912023 0,001226
кузнецк 2,302585 0,000241
кузнецовский 3,506558 0,000366
куйбышевской 2,813411 0,000294
куки -0,009950 -0,000001
кукла 0,891598 0,000093
культура 0,356675 0,000596
культурный 0,597837 0,000187
кумертау 3,506558 0,000733
кумык 1,832581 0,000192
куница 3,218876 0,000336
купавна 3,218876 0,000336
купец 1,078810 0,000225
курган 1,203973 0,000377
курд 2,040221 0,000213
курсировать 1,514128 0,000158
курултай 3,506558 0,000733
кусимова 3,912023 0,000409
кухня 3,218876 0,000336
кучумовичи 3,912023 0,000409
кушнаренково 3,912023 0,000409
кушнаренковский 3,912023 0,000818
куюргазинский 3,912023 0,000409
кхл 2,525729 0,000528
кызыл 2,995732 0,000626
кыргызстан 2,120264 0,000222
лавочник 3,912023 0,000409
лакец 1,832581 0,000192
лакинск 3,218876 0,000336
ландшафт 1,427116 0,000447
ларнака 3,506558 0,000366
ларусса 1,078810 0,000113
латыш 1,660731 0,000174
левобережный 1,714798 0,000179
легкий 0,967584 0,000202
лед 1,171183 0,000612
ледовый 1,078810 0,000113
лежать 0,994252 0,000104
лезгин 1,771957 0,000185
лейпциг 3,506558 0,000366
лексикографический 3,912023 0,000409
ленин 0,755023 0,000947
ленинагорода 2,120264 0,000222
ленинск-кузнецкий 1,347074 0,000141
ленинский 0,941609 0,000590
лесничестваокт 3,912023 0,000409
лесопарк 1,897120 0,000397
лесопарковый 2,659260 0,000278
лесопильный 2,813411 0,000294
лет 0,597837 0,000062
летальный 3,912023 0,000409
летие 1,309333 0,000137
летию 1,078810 0,000225
летия 1,108663 0,000232
летний 0,579818 0,000303
лето 0,891598 0,000093
летчик 2,207275 0,000231
лечебно-оздоровительный 3,912023 0,000409
лига 0,941609 0,000886
лидер 1,237874 0,000388
лимонарий 3,912023 0,000409
лист 1,203973 0,000126
литература 0,051293 0,000021
литературно-художественный 2,302585 0,000241
литературный 0,867501 0,000091
литовец 1,897120 0,000198
лицензия -0,009950 -0,000001
лицо 0,673345 0,000211
личное 1,714798 0,000179
личный 3,218876 0,000336
локальный 0,673345 0,000141
локомотив 1,714798 0,000179
локоткикир 3,912023 0,000409
лом 2,525729 0,000264
ломоносова 2,040221 0,000213
лопатино 3,506558 0,000366
луганск 1,203973 0,000126
луганская 2,813411 0,000588
лукоморье 3,218876 0,000336
луховицы 2,659260 0,000278
лучший 0,776529 0,000081
лысково 2,040221 0,000213
лысьва 1,347074 0,000141
люди 0,755023 0,000079
лютеранский 1,714798 0,000179
ляля-тюльпан 3,912023 0,000818
мавлиев 3,912023 0,000409
магадан 1,237874 0,000129
магистраль 0,867501 0,000453
магнитогорск 1,272966 0,000399
мадина 3,912023 0,001226
мажита 3,912023 0,000818
мажитов 3,912023 0,000409
мазут 2,525729 0,000264
май 0,127833 0,000307
макаров 1,660731 0,000174
максим 1,237874 0,000129
максимально 2,525729 0,000264
максимальный 0,867501 0,000091
максимовка 3,912023 0,000818
максимовской 3,912023 0,000409
максимум 0,579818 0,000242
мала 1,237874 0,000129
малый 0,139262 0,000058
манифестъ 3,912023 0,000409
мариец 1,609438 0,000168
мария 1,832581 0,000192
марка 0,733969 0,000230
март 0,116534 0,000402
маршал 1,966113 0,000411
маршрутный 1,049822 0,000219
марьям 3,912023 0,001226
маскат 3,912023 0,000409
массовый 0,494296 0,000155
мастерство 2,407946 0,000252
матвеев 2,040221 0,000213
матвеева 3,218876 0,000336
математик 1,347074 0,000141
материал -0,009950 -0,000004
матрона 3,912023 0,000818
матросову 3,506558 0,000733
матч 1,108663 0,000232
мать 1,203973 0,000881
машина 0,713350 0,000075
машиностроение 1,049822 0,000110
машиностроитель 2,995732 0,000313
машиностроительный 1,347074 0,000141
маяковского 2,040221 0,000213
маяковскому 3,218876 0,000336
мвд 1,309333 0,000274
мгц 1,897120 0,000397
мегаполис 2,040221 0,000213
медаль 1,609438 0,000505
медиакорсеть 3,912023 0,000409
медиафайлы 0,301105 0,000031
медицинский 0,653926 0,000205
медресе 3,506558 0,000733
межа 2,995732 0,000313
межгорье 3,912023 0,000409
междугородная 1,832581 0,000192
международный 0,385662 0,000645
междуречье 2,207275 0,000231
мезальянс 3,912023 0,000409
мелеуз 3,506558 0,001099
мелеузовский 3,912023 0,000409
мелькомбинатакир 3,912023 0,000409
мемориальный 1,139434 0,000238
менделеева 2,659260 0,000278
меняться 1,272966 0,000133
меркатора 3,506558 0,000733
меркурий 2,813411 0,000294
мерсин 3,912023 0,000409
местность 1,049822 0,000219
местный 0,478036 0,000250
место 0,139262 0,000277
местоположение 1,660731 0,000347
месяцевикипедия 0,776529 0,000081
металлургический 1,469676 0,000154
метр 0,653926 0,000342
метро 1,272966 0,000266
метрополитен 1,609438 0,000505
мефодия 1,966113 0,000205
механик 1,832581 0,000192
мец 3,912023 0,000409
мечетлинский 3,912023 0,000409
мечеть 0,994252 0,003741
миасс 1,309333 0,000274
мид 2,207275 0,000231
микрорайон 0,916291 0,000192
миллион 0,776529 0,000162
миллионник 2,813411 0,000294
миллионный 1,771957 0,000185
минимальный 1,347074 0,000141
минимум 0,653926 0,000273
министерство 0,653926 0,000137
минск 1,714798 0,000358
минус 2,995732 0,000626
мир 0,094311 0,000138
мирас 3,912023 0,000409
мировая 0,527633 0,000165
митрополия 1,660731 0,000174
митрофан 2,813411 0,000294
михаил 0,916291 0,000287
михаилу 2,525729 0,000528
мишкинский 3,912023 0,000409
миякинский 3,912023 0,000409
мкад 2,407946 0,000252
млрд 0,820981 0,000086
мнение 0,634878 0,000133
много 0,150823 0,000032
многонациональность 3,912023 0,000409
мобильный -0,009950 -0,000001
модуль 0,562119 0,000117
мокроусовокир 3,912023 0,000409
мокшанин 2,659260 0,000278
молдаванин 1,714798 0,000179
молекула 3,218876 0,000336
молитва 2,995732 0,003444
молитвенный 2,302585 0,000722
молодежный 1,078810 0,000676
молодежь 1,386294 0,000290
молодо 2,120264 0,000222
монастырь 0,867501 0,000544
монгол 1,660731 0,000174
монета 0,994252 0,000104
монитор 1,897120 0,000198
мониторинг 1,108663 0,000116
монумент 1,272966 0,000532
мончегорск 1,347074 0,000141
моргенштерн 3,506558 0,000366
мордва 1,309333 0,000137
мордовия 2,302585 0,000241
москва 0,400478 0,000293
москвамосквамосковская 2,813411 0,000294
москвауфа 3,912023 0,000409
москвой 1,237874 0,000388
москвы 0,653926 0,000137
московский 0,527633 0,000276
мост 0,713350 0,000149
мостовая 2,207275 0,000231
мотогонка 3,506558 0,001466
мотоспорт 3,912023 0,000409
мочь -0,009950 -0,000007
мск 0,843970 0,000088
мужской 1,108663 0,000348
мужчина 1,347074 0,000563
музей 0,653926 0,000752
музыка 0,941609 0,000295
музыкантов-исполнителей 3,912023 0,000409
мукмина 3,912023 0,000409
муллакаев 3,912023 0,000409
мультиплекс 1,514128 0,000158
мунира 3,506558 0,000733
муниципальный 0,713350 0,001715
мустафина 3,912023 0,000409
мустая 3,912023 0,001226
мусульман 1,171183 0,000857
мусульманский 1,514128 0,000158
муфтий 3,506558 0,000733
мфа 2,995732 0,000313
мхл 2,813411 0,000294
мягкий 1,714798 0,000179
мягко 2,995732 0,000313
мяч 1,609438 0,000336
набережная 0,891598 0,000280
наверх 3,506558 0,000366
навигация -0,009950 -0,000003
нагаевоокт 3,912023 0,000409
нагаевский 3,912023 0,000409
нагаевскийокт 3,912023 0,000409
нагаевского 3,912023 0,000409
нагайбак 2,813411 0,000294
нагой 3,912023 0,002453
награда 0,798508 0,000167
наградить 0,941609 0,000295
надзор 2,040221 0,000213
назад 1,108663 0,000116
название 0,105361 0,000220
назвать 0,371064 0,000194
наземный 1,609438 0,000168
назначаться 2,040221 0,000213
называть 0,174353 0,000018
называться 0,328504 0,000137
наиболее 0,139262 0,000015
наименование 0,994252 0,000104
накарте 3,912023 0,000409
намерение 2,207275 0,000231
наместник 2,407946 0,000252
наместничество 1,514128 0,000475
нанаец 2,302585 0,000241
нанести 1,832581 0,000192
наньчан 3,912023 0,000409
нападение 1,832581 0,000192
написать 0,867501 0,000091
направить 0,867501 0,000091
направление 0,385662 0,000081
напротив 1,237874 0,000259
напрямую 1,660731 0,000174
народ 0,579818 0,000303
народный 0,616186 0,000515
народовнаселенные 3,912023 0,000409
население 0,462035 0,003283
населить 0,597837 0,001250
наследие 0,713350 0,000149
настольный 1,771957 0,001296
настоящее 0,287682 0,000060
наступать 0,843970 0,000088
настя 3,506558 0,000366
наталья 1,660731 0,000174
наука 0,235722 0,000296
научно-издательский 3,912023 0,000409
научно-исследовательский 0,798508 0,000083
научно-практической 2,207275 0,000231
научно-технический 1,386294 0,000145
научный 0,248461 0,000312
находить 1,560648 0,000163
находиться 0,174353 0,000255
находка 0,994252 0,000208
национализм 3,506558 0,000366
национальность 0,867501 0,000363
национальный 0,342490 0,000394
нация 2,813411 0,000588
начало 0,116534 0,000061
началось 0,616186 0,000064
начальник 1,660731 0,000174
начать 0,510826 0,000053
начинаться 0,527633 0,000110
начиная 0,733969 0,000077
наш 0,527633 0,000165
небольшой 0,494296 0,000052
небоскреб 2,659260 0,000278
невский 1,272966 0,000133
негосударственный 1,386294 0,000145
недействующие 2,813411 0,000588
недоступный 0,446287 0,000093
недошедший 3,912023 0,000409
неизвестный 1,609438 0,000168
некоммерческий -0,009950 -0,000001
некомпактные 3,912023 0,000409
некоторые 0,127833 0,000013
немец 1,108663 0,000232
немного 1,309333 0,000137
ненец 2,120264 0,000222
неопределенный 2,813411 0,000294
неофициальный 1,139434 0,000119
непосредственно 0,478036 0,000200
нерабочий 0,994252 0,000104
несколько 0,116534 0,000049
несмотря 0,755023 0,000079
нестерова 3,506558 0,000733
нестерову 3,912023 0,000409
неформальный 2,659260 0,000278
нефтекамск 3,506558 0,000366
нефтеперерабатывающий 2,302585 0,000241
нефтепродукт 1,660731 0,000174
нефтехимический 1,966113 0,000205
нефтехимия 2,813411 0,000588
нефть 1,347074 0,000141
нефтяник 2,302585 0,000963
нефтяной 1,514128 0,000475
нивх 2,525729 0,000264
нигматуллина 3,912023 0,000409
нижегородка 3,506558 0,001099
нижегородский 1,832581 0,000383
нижнекамск 2,995732 0,000313
нижнеторговую 3,912023 0,000409
нижний 0,494296 0,000258
нии 1,237874 0,000129
никакой 1,609438 0,000673
николаевичу 2,995732 0,000313
николы 3,218876 0,000336
никольская 2,525729 0,000264
никольский 2,207275 0,000231
никольскийордж 3,912023 0,000409
никольской 3,218876 0,000336
никто 2,120264 0,000443
новгород 0,867501 0,000272
новиковка 3,912023 0,000409
новоапостольская 3,912023 0,000409
новогодний 2,407946 0,000252
новое 0,287682 0,000150
новокузнецк 1,272966 0,000133
новомосковск 1,203973 0,000126
новомурапталово 3,506558 0,000366
новосибирск 0,916291 0,000192
новоспасское 2,659260 0,000278
новость 0,544727 0,000171
новочеркасский 3,912023 0,000409
новочеркасскийордж 3,912023 0,000409
новый 0,083382 0,000105
ногаец 1,771957 0,000185
ногайка 3,912023 0,000409
ногайский 2,525729 0,000792
ногинск 3,218876 0,000336
норвежский 0,248461 0,000026
норильск 1,203973 0,000126
норма 0,597837 0,000062
ночь 1,309333 0,000137
нояб 0,820981 0,000172
ноябрь 0,127833 0,000401
нужда 1,237874 0,000129
нужно 1,049822 0,000110
нулевой 1,609438 0,000168
нур 3,912023 0,002453
нуримановский 3,912023 0,000409
ныне 0,653926 0,000205
нынешний 1,021651 0,000320
оао 0,916291 0,000192
обеспеченность 1,771957 0,000185
обеспечивать 0,415515 0,000043
обл 1,714798 0,000179
обладатель 1,514128 0,000475
облако 2,207275 0,000461
область 0,150823 0,000205
областьсеверноетатарстанбавлыбашкортостан 2,813411 0,000294
облик 1,203973 0,000126
обнести 2,407946 0,000252
обозначить 1,771957 0,000370
обрабатывать 1,049822 0,000110
образование 0,356675 0,000969
образовательный 0,891598 0,000280
образовать 0,385662 0,000121
обращение 0,030459 0,000398
обрести 2,407946 0,000252
обухово 3,218876 0,000336
общее 0,301105 0,000031
общественно-политический 2,995732 0,000313
общественный 0,494296 0,000155
общественныйтранспорт 3,912023 0,000409
общество 0,415515 0,000087
общий 0,186330 0,000136
община 1,078810 0,000451
общинный 2,659260 0,000278
объединение 0,776529 0,000162
объект 0,235722 0,000123
объем 0,400478 0,000167
объяснение 1,897120 0,000198
объяснять 1,832581 0,000192
обыденный 3,218876 0,000673
ова 3,506558 0,000366
овраг 1,660731 0,000694
огонь 1,139434 0,000119
ограничиваться 2,813411 0,000294
огромный 0,776529 0,000081
один 0,051293 0,000027
однопрограммное 3,912023 0,000409
одноэтажный 2,813411 0,000294
озеро 0,673345 0,000281
означать 0,798508 0,000083
окато 0,820981 0,000172
окраина 1,049822 0,000110
окраинный 2,525729 0,000264
окрестность 0,941609 0,000197
округ 0,562119 0,002174
окружать 0,755023 0,000079
окружной 1,609438 0,000168
окт 0,798508 0,000250
октмо 0,843970 0,000088
октябрь 0,072571 0,000508
октябрьский 0,776529 0,001217
олимпийский 1,108663 0,000232
оман 3,218876 0,000336
омск 1,021651 0,000214
онлайн 0,198451 0,000021
оное 2,995732 0,000313
оон 1,560648 0,000326
опасность 1,832581 0,000575
опер 1,469676 0,000461
операция 0,776529 0,000081
описание -0,009950 -0,000004
определить 0,527633 0,000110
опубликовать 0,891598 0,000186
опыт 1,427116 0,000149
орган 0,616186 0,000773
организация -0,009950 -0,000004
организовать 0,634878 0,000066
органический 1,832581 0,000192
органный 1,966113 0,000205
орда 1,714798 0,001075
орден 0,891598 0,000280
ордж 3,912023 0,000409
орджоникидзе 2,040221 0,000426
орджоникидзевский 2,813411 0,000882
орджоникидзевского 3,218876 0,000336
орджоникидзевскому 3,912023 0,000409
оренб 3,912023 0,000818
оренбург 1,966113 0,001233
оренбургом 3,506558 0,000366
оренбургский 1,714798 0,002867
оренбургуфа 3,506558 0,000366
оригинал 0,139262 0,000175
ориенталист 3,912023 0,000818
оркестр 1,386294 0,000145
орск 1,272966 0,000133
осада 1,897120 0,000397
осадок 0,544727 0,000114
осетин 1,771957 0,000185
осетинский 2,995732 0,000313
осипов 0,527633 0,000165
основа 0,210721 0,000044
основание 0,494296 0,000155
основатель 0,967584 0,000303
основать 0,274437 0,000402
основаться 3,912023 0,000409
основное 0,235722 0,000025
основной 0,040822 0,000111
останавливаться 2,407946 0,000252
остаться 0,867501 0,000091
острог 1,897120 0,000198
осуществление 1,427116 0,000149
осуществлять 0,597837 0,000062
осуществляться 0,616186 0,000064
ответ 0,941609 0,000197
ответственность -0,009950 -0,000001
отгрузить 1,386294 0,000145
отдел 1,171183 0,000122
отделение 0,713350 0,000149
отдельный -0,009950 -0,000004
отдых 0,941609 0,000197
отечественный 0,634878 0,000265
отказ -0,009950 -0,000001
открытие 0,616186 0,000129
открыто 1,078810 0,000113
открыть 0,150823 0,000158
открыться 0,820981 0,000257
отличаться 0,342490 0,000036
отличие 0,798508 0,000083
отметить 0,616186 0,000064
относительно 0,415515 0,000043
отношение 0,430783 0,000225
отправляться 1,427116 0,000149
отравление 2,995732 0,000313
отрада 2,995732 0,000313
отражение 1,714798 0,000179
отразить 1,832581 0,000192
отрасль 0,653926 0,000068
отредактировать -0,009950 -0,000003
отряд 1,272966 0,000266
отчий 2,813411 0,000294
офис 1,560648 0,000163
офисный 2,302585 0,000241
официально 0,693147 0,000072
официальный 0,356675 0,000261
ох 1,347074 0,000141
охватывать 1,237874 0,000129
охрана 0,843970 0,000088
оцениваться 1,560648 0,000163
оценка 0,400478 0,000042
очень 0,494296 0,000052
очередь 0,510826 0,000107
очерк 0,733969 0,000230
очерчивание 3,912023 0,000409
ошибкекак -0,009950 -0,000001
павел 1,078810 0,000113
павлодар 2,995732 0,000313
пакет 1,427116 0,000149
пакистанец 2,120264 0,000222
памятник 0,597837 0,003249
памятный 0,798508 0,000167
память 0,820981 0,000086
панорама 1,203973 0,000126
пантера 3,912023 0,000409
парк 0,653926 0,001572
парковый 1,609438 0,000168
парламент 2,120264 0,000222
паровоз 2,525729 0,000264
паромный 2,302585 0,000481
пароходство 1,832581 0,000383
партнер 1,514128 0,000158
пархоменко 3,506558 0,000366
паскерти 3,912023 0,000409
пассажир 1,272966 0,000133
пассажироперевозчик 3,912023 0,000409
пассажиропоток 1,609438 0,000336
пассажирский 0,941609 0,000197
пастбище 2,995732 0,000313
паче 3,912023 0,000409
пашкерти 3,912023 0,001226
педагогический 0,867501 0,000181
пенза 1,108663 0,000232
пензенская 2,207275 0,000231
первенство 1,469676 0,000154
первое 0,150823 0,000158
первозванного 2,659260 0,000278
первомайский 1,347074 0,000422
первушино 3,912023 0,000409
первый 0,162519 0,000323
перевозка 0,891598 0,000093
переволок 2,302585 0,000241
передать 0,798508 0,000083
передача 1,078810 0,000113
перейти -0,009950 -0,000002
перекрытие 3,218876 0,000336
перенаправляться 1,560648 0,000163
перенести 0,994252 0,000208
переписной 1,714798 0,000179
перепись 0,755023 0,001262
переправа 1,514128 0,000316
пересекаться 2,813411 0,000294
пересечение 1,171183 0,000245
перестроить 1,897120 0,000397
переулок 1,514128 0,000158
переход 0,653926 0,000068
период 0,274437 0,000057
перми 2,407946 0,000252
пермь 0,994252 0,000416
пермью 2,813411 0,000294
перс 1,897120 0,000198
персидский 1,897120 0,000198
персональный -0,009950 -0,000001
перспектива 1,049822 0,000110
петр 1,108663 0,000232
петропавловская 2,813411 0,000294
петушок 3,218876 0,000336
печататься 2,407946 0,000503
печать -0,009950 -0,000003
печерский 2,302585 0,000241
писатель 0,916291 0,000096
писать 0,820981 0,000515
письменный 1,660731 0,000174
питьевой 1,897120 0,000397
пицца 2,813411 0,000294
пиццигани 3,912023 0,000409
пищевой 0,916291 0,000096
плавательный 1,966113 0,000205
план 0,527633 0,000496
планета 1,309333 0,000274
планироваться 0,891598 0,000093
планировка 1,427116 0,000447
племя 1,514128 0,000316
пленить 3,912023 0,000409
плеханова 2,302585 0,000722
плита 1,832581 0,000192
плотность 0,634878 0,000199
площадка 0,867501 0,000091
площадь 0,385662 0,000806
пмо 3,218876 0,000336
победа 0,755023 0,000789
победоносец 2,407946 0,000252
побить 2,525729 0,000264
побочный 2,813411 0,000294
побратим 1,514128 0,000316
поведение -0,009950 -0,000001
поволжья 1,714798 0,000179
повторно 2,813411 0,000294
погибший 1,203973 0,000252
погода 0,693147 0,000145
погребение 2,659260 0,000278
подавление 2,525729 0,000264
подвергнуться 1,714798 0,000179
подготовка 0,916291 0,000192
поддерживаться 1,660731 0,000174
подле 3,912023 0,000409
подлесный 3,218876 0,000336
подниматься 1,427116 0,000149
подольск 1,272966 0,000133
подписать 0,941609 0,000098
подросток 2,407946 0,000252
подтверждаться 2,040221 0,000213
подчинить 1,347074 0,000422
подчиняться 1,660731 0,000347
поезд 1,021651 0,000107
пожар 1,171183 0,000122
пожарно-спасательному 3,912023 0,000409
позволять 0,462035 0,000097
поиск -0,009950 -0,000004
показатель 0,494296 0,000103
поколение 1,203973 0,000252
покров 0,843970 0,000088
покровская 2,302585 0,000241
покровский 1,771957 0,000185
пол 0,446287 0,000233
полдень 0,916291 0,000096
полимер 3,506558 0,000366
политик -0,009950 -0,000002
политический 0,597837 0,000187
полководец 2,995732 0,000313
полномочие 1,203973 0,000503
половина 0,430783 0,000045
половодье 2,207275 0,000231
положение 0,415515 0,000130
полоса 0,916291 0,000096
полуостров 1,171183 0,000734
получать 0,916291 0,000096
получить 0,150823 0,000047
поляк 0,820981 0,000172
поляна 1,427116 0,000447
полянакир 3,912023 0,000409
помещать 2,407946 0,000252
помещение 1,560648 0,000163
помор 2,659260 0,000278
поморский 2,525729 0,000528
помощь 0,342490 0,000072
поныне 2,813411 0,000294
поп-артистов 3,912023 0,000409
поперек 3,912023 0,000409
поправка 2,407946 0,000252
попытаться 2,407946 0,000252
пора 0,776529 0,000081
поражение 1,897120 0,000198
порт 0,733969 0,000077
портал 0,342490 0,000072
порталстатьи 2,040221 0,000213
порядковый 1,609438 0,000168
посад 1,469676 0,000154
посвятить 0,634878 0,000133
поселение 0,634878 0,000663
поселок 0,634878 0,000199
посетить 1,203973 0,000126
последнее 0,843970 0,000088
последний -0,009950 -0,000004
последуя 3,912023 0,000409
посольство 1,897120 0,000198
посреди 2,659260 0,001945
постамент 2,407946 0,000252
постановление 0,891598 0,000093
постепенно 0,867501 0,000091
постоянный 0,579818 0,000364
построение 1,560648 0,000326
построить 0,301105 0,000252
постройка 0,867501 0,000091
поступление 1,609438 0,000168
потребитель 1,771957 0,000185
потреблять 2,407946 0,000252
почва 1,272966 0,000266
почетный 0,820981 0,000086
почта 1,309333 0,000137
почтить 3,506558 0,000366
почтовый 0,653926 0,000342
поэт 1,049822 0,000219
появиться 0,248461 0,000052
появление 0,653926 0,000205
пояс 0,597837 0,000125
правда 0,820981 0,000172
правдоподобно 3,506558 0,000366
правительство 0,510826 0,000267
править -0,009950 -0,000133
правка 0,274437 0,000029
правкиновые -0,009950 -0,000001
правкипостоянная -0,009950 -0,000001
право 0,314711 0,000033
правобережный 1,832581 0,000192
православие 1,386294 0,000290
православный 0,755023 0,000473
правый 0,798508 0,000083
правыхъ 3,912023 0,000409
праздник 1,203973 0,000377
пребывание 1,832581 0,000192
превратиться 1,386294 0,000145
предание 1,771957 0,000185
предел 0,400478 0,000084
предлагаться 1,966113 0,000205
предполагать 1,171183 0,000122
предполагаться 1,078810 0,000113
предположительно 1,966113 0,000411
предприятие 0,527633 0,000276
председ 1,203973 0,000126
председатель 0,916291 0,000096
представительный 1,237874 0,000129
представительство 0,994252 0,000312
представить 0,328504 0,000034
представиться -0,009950 -0,000001
представление 0,776529 0,000081
представлять 0,328504 0,000069
предусмотреть 1,427116 0,000298
предшествовать 1,771957 0,000185
прежде 1,049822 0,000439
прежнее 1,560648 0,000163
прежний 1,021651 0,000107
преим 3,912023 0,000409
преимущественно 0,776529 0,000081
прекрасное 2,525729 0,000264
преобладать 0,713350 0,000075
преосвященный 3,912023 0,000409
пресвятой 1,272966 0,000133
пресс 1,272966 0,000266
прибельской 3,912023 0,000409
прибытие 1,897120 0,000198
привести 0,356675 0,000037
привлекательность 1,832581 0,000192
приводиться 2,407946 0,000252
привокзальный 1,832581 0,000192
приволжский 1,609438 0,000168
придать 2,407946 0,000252
приезжать 2,040221 0,000426
призер 1,514128 0,000633
признание 0,867501 0,000091
признать 0,494296 0,000207
приказ 1,203973 0,000252
приказная 2,813411 0,000588
приказчик 3,218876 0,000336
приложение 0,733969 0,000077
применять 0,510826 0,000107
примет 2,207275 0,000231
примеч 3,912023 0,000409
примечание -0,009950 -0,000002
примыкать 1,386294 0,000145
принадлежать 0,755023 0,000079
принадлежность 1,272966 0,000532
принимать 0,634878 0,000066
принцип 0,867501 0,000091
принять 0,248461 0,000052
приписать 2,659260 0,000278
природоохранный 2,302585 0,000241
природопользование 2,525729 0,000264
прирост 1,309333 0,000137
прислать 2,813411 0,000294
присоединение 1,469676 0,000154
приспособить 2,407946 0,000252
пристань 1,427116 0,000149
притка 1,427116 0,000149
приток 1,078810 0,000113
приход 1,108663 0,000348
приходиться 0,693147 0,000145
проба 2,120264 0,000222
проблема 0,274437 0,000029
пробный 2,302585 0,000241
проведение 0,673345 0,000141
проверить 0,478036 0,000050
проверять 0,820981 0,000172
провести 0,579818 0,000061
провинция 1,309333 0,000410
проводить 0,843970 0,000088
проводиться 0,653926 0,000137
программа 0,415515 0,000043
прогулка 1,609438 0,000168
продолжительность 1,021651 0,000107
продолжить 1,771957 0,000185
продукт 0,634878 0,000066
продукция 0,941609 0,000197
проект -0,009950 -0,000008
проектный 1,514128 0,000158
проектыстатьи 3,506558 0,000366
проживание 1,832581 0,000383
проживать 0,776529 0,000081
произвести 1,203973 0,000126
производить 0,916291 0,000096
производиться 1,108663 0,000116
производственный 1,078810 0,000225
производство 0,527633 0,000165
произойти 0,430783 0,000180
проинспектировать 3,912023 0,000409
происходить 0,328504 0,000069
происхождение 0,776529 0,000487
пройти 0,544727 0,000114
прокопьевск 1,272966 0,000133
прокуратура 2,040221 0,000213
проложить 1,347074 0,000141
промежуточный 1,771957 0,000185
промышленность 0,494296 0,000258
промышлять 0,462035 0,000097
проникновение 1,832581 0,000192
пропилен 3,912023 0,000409
пророк 2,407946 0,000503
прорыв 2,525729 0,000264
просачиваться 3,506558 0,000366
просмотр -0,009950 -0,000001
проспект 0,891598 0,000186
простираться 1,714798 0,000179
простор 2,040221 0,001066
просторный 2,525729 0,000264
протестантизм 2,040221 0,000426
протестантский 2,120264 0,000443
против 0,798508 0,000083
протокол 1,139434 0,000119
протяженность 0,776529 0,000243
профессиональный 0,733969 0,000077
профессор 0,967584 0,000101
профсоюзный 2,813411 0,000294
проходить 0,462035 0,000193
прочее 0,544727 0,000057
прочие 0,798508 0,000167
прошлое 0,673345 0,000070
псянчин 3,912023 0,000818
пугачева 2,302585 0,000481
пугачевский 2,995732 0,000313
пункт 0,494296 0,001498
путеводитель 0,713350 0,000149
путешественник 1,714798 0,000179
путь 0,261365 0,000082
путятино 2,813411 0,000294
пушкин 0,916291 0,000192
пушкинский 1,897120 0,000397
пышма 1,309333 0,000137
пятый 0,994252 0,000104
пять 0,693147 0,000217
пятьдесят 2,207275 0,000231
работать 0,314711 0,000099
работник 1,108663 0,000116
рабочий 0,597837 0,000062
равнина 0,867501 0,000091
равноапостольный 2,207275 0,000231
радио 0,891598 0,000093
радиовещание 1,714798 0,000358
радиовещательный 1,897120 0,000397
радиопередача 3,218876 0,000336
радиопрограмма 3,506558 0,000366
радиостанция 1,021651 0,000320
радость 2,302585 0,000481
разбойник 3,506558 0,000366
развитие 0,127833 0,000134
развлечение 2,120264 0,000222
раздел 0,342490 0,000143
разделить 0,527633 0,000110
разделяться 2,040221 0,000213
размер 0,755023 0,000079
размещение 0,673345 0,000070
разногласие 1,714798 0,000358
разработать 0,616186 0,000064
разработчик -0,009950 -0,000001
разрушить 1,139434 0,000238
раиля 3,912023 0,000409
район 0,430783 0,002251
районный 1,171183 0,000367
райцентр 0,941609 0,000098
рамадан 3,912023 0,000409
рамка 0,478036 0,000050
рана 0,776529 0,000487
рано 0,261365 0,000082
располагаться 0,544727 0,000285
расположение 0,776529 0,000162
расположить 0,385662 0,000524
распоряжение 1,139434 0,000238
распределить 0,693147 0,000072
расселение 1,832581 0,000383
расселить 2,813411 0,000294
рассказ 1,514128 0,000158
расстояние 0,713350 0,000224
расчет 0,820981 0,000172
расчистить 3,506558 0,000366
расширение 0,415515 0,000130
расширить 0,967584 0,000202
ратмир 3,912023 0,000409
рбк 1,386294 0,000145
реакция 2,525729 0,000264
ребенок 2,120264 0,000222
революциигорода 2,813411 0,000294
революция 0,562119 0,000294
регион 0,385662 0,000161
региональный 0,634878 0,000133
регулярный 0,798508 0,000417
ред 0,235722 0,000296
редакция 0,916291 0,000096
реестр 1,272966 0,000133
резерв 1,514128 0,000158
резиденция 1,832581 0,000192
резон 3,912023 0,000409
результат 0,174353 0,000091
рейс 1,171183 0,000245
рейтинг 0,967584 0,000404
река 0,446287 0,002239
рекламно-информационная 3,912023 0,000409
рекомендация 0,776529 0,000162
реконструкция 0,820981 0,000086
рекорд 1,427116 0,000149
религиозный 0,891598 0,000186
религия 0,755023 0,000395
рельеф 0,798508 0,000083
репрессировать 2,995732 0,000313
репрессия 1,897120 0,000397
республика 0,527633 0,003419
республиканский 1,714798 0,001254
ресурс 0,020203 0,000002
реутов 2,995732 0,000313
речной 0,693147 0,000507
решение 0,328504 0,000034
ржд 1,832581 0,000192
римско-католический 1,832581 0,000192
рихарда 3,912023 0,000409
рн-уфанипинефть 3,912023 0,000409
ровно 2,995732 0,000313
ровный 1,771957 0,000185
родина 1,108663 0,000579
родиться 1,237874 0,000129
рождество 1,660731 0,000521
роза 0,916291 0,000096
розовый 3,506558 0,000366
рок-музыкантов 3,912023 0,000409
росреестра 3,218876 0,000336
россиигорода 1,309333 0,000137
россиинаселенные 2,302585 0,000241
россиистолицы 2,813411 0,000294
российский 0,105361 0,000617
российско-украинской 1,108663 0,000116
россия 0,174353 0,001166
росспэн 0,994252 0,000104
росстат 0,776529 0,000081
рост 0,597837 0,000062
ростов-на-дону 1,237874 0,000129
ростовская 2,659260 0,000278
рсфср 0,733969 0,000307
ртрс 1,514128 0,000158
рубеж 1,021651 0,000107
рубль 0,755023 0,000158
рубцовск 1,347074 0,000141
рудаков 3,218876 0,000336
руководство 0,544727 0,000057
рукописный 2,659260 0,000278
румын 1,897120 0,000198
рус 0,162519 0,000866
русский -0,009950 -0,000024
рустем 3,506558 0,000366
рыбалко 3,218876 0,000336
рыбинск 1,203973 0,000126
рыбинске 3,506558 0,000366
рычков 3,506558 0,002199
рэп 3,218876 0,000336
рэу 2,813411 0,000294
ряд 0,223144 0,000070
рязанский 1,966113 0,000205
рязань 1,049822 0,000329
сабитова 3,912023 0,000409
сагатин 3,912023 0,000409
сад 0,843970 0,000706
сайт 0,210721 0,000154
салават 2,813411 0,002058
салавата 3,912023 0,000818
салаватский 3,912023 0,000409
салавату 3,912023 0,001226
салехард 1,347074 0,000141
сам 0,162519 0,000119
самара 0,891598 0,000373
самарой 2,813411 0,000294
самарская 2,207275 0,000231
самарской 2,813411 0,000294
саммит 2,040221 0,000213
самоуправление 0,891598 0,000652
самохваловкак 3,912023 0,000409
самый 0,174353 0,000164
санкт-петербург 0,616186 0,000129
санкт-петербургский 1,469676 0,000154
сара 3,912023 0,000409
саратов 0,967584 0,000202
сафроновская 3,506558 0,000366
сафроновский 3,912023 0,000409
саха 2,813411 0,000294
сборник 0,597837 0,000250
сборный 2,813411 0,000294
сведение 0,579818 0,000061
свет 0,941609 0,000098
светланы 3,506558 0,000366
светотень 3,912023 0,000409
свидетельство 1,714798 0,000358
свободный -0,009950 -0,000001
свое 0,287682 0,000060
свой 0,150823 0,000032
связать 0,174353 0,000018
связаться -0,009950 -0,000001
связывать 0,916291 0,000096
связь 0,174353 0,000055
святитель 1,897120 0,000397
свято-никольский 2,995732 0,000313
свято-пантелеимоновский 3,912023 0,000409
свято-сергиевский 3,912023 0,000409
святой 0,755023 0,000395
севастополь 1,771957 0,000370
северный 0,385662 0,000081
северный-посадский 3,912023 0,000409
северодвинск 1,171183 0,000122
седьмой 1,139434 0,000119
сезон 0,916291 0,000192
сей 0,693147 0,000145
секретарь 1,660731 0,000174
село 0,891598 0,000186
сельский 0,634878 0,000730
сельскохозяйственный 0,941609 0,000098
сельсовет 2,659260 0,001667
семинарий 1,386294 0,000145
семья 0,843970 0,000088
сенат 2,207275 0,000231
сент 0,843970 0,000176
сентябрь 0,072571 0,000205
серафим 2,302585 0,000241
серб 1,897120 0,000198
сергеев 2,302585 0,000481
сергей 0,967584 0,000101
сергею 2,995732 0,000313
серго 3,218876 0,000336
сердце 1,714798 0,000179
серебро 2,040221 0,000426
серебряный 0,891598 0,000373
середина 0,356675 0,000037
серия 0,713350 0,000075
сеть 0,356675 0,000075
сибай 3,506558 0,000366
сибер 3,912023 0,000409
сибирский 1,049822 0,000329
сибирью 2,207275 0,000231
сильный 0,544727 0,000057
симбир 3,506558 0,000366
симбирский 2,659260 0,000278
символ 0,733969 0,000230
симеоно-верхотурский 3,912023 0,000409
симферополь 1,897120 0,000198
синагога 1,347074 0,000422
синема 1,771957 0,000741
синенко 3,912023 0,000409
сипайлово 3,912023 0,002044
системеобсуждениевкладсоздать -0,009950 -0,000001
сказать 1,714798 0,000538
сказывать 3,912023 0,000409
скачать -0,009950 -0,000001
сквер 0,941609 0,001181
скобка 1,897120 0,000198
сколько 0,653926 0,000068
скорбеть 2,302585 0,000722
скоростной 1,309333 0,000547
скот 2,659260 0,000278
скульптор 1,237874 0,000129
скульптура 0,916291 0,000287
скульптурный 1,966113 0,000205
слабак 3,912023 0,000409
слава 0,941609 0,000197
след 1,427116 0,000149
следовать 0,235722 0,000049
слепой 1,771957 0,000370
слобода 1,347074 0,000141
словарь 0,094311 0,000059
слово 0,210721 0,000154
сложиться 0,994252 0,000104
сложный 0,446287 0,000047
слой 1,272966 0,000266
служба 0,527633 0,000441
служить 0,820981 0,000172
случай -0,009950 -0,000002
смерть 1,609438 0,000168
сметаниным 3,912023 0,000409
смещение 0,733969 0,000077
сми 0,867501 0,000181
смирнова 2,525729 0,000264
смоленска 2,995732 0,000313
смоленский 1,966113 0,000411
снести 1,347074 0,000141
сноска 0,733969 0,000230
собор 0,733969 0,000307
соборный 1,049822 0,000768
собрание 0,634878 0,000199
собственный 0,446287 0,000093
событие 0,733969 0,000153
событияпожертвовать -0,009950 -0,000001
совет 0,462035 0,000531
советский 0,261365 0,000355
совещание 2,302585 0,000241
совпадать 1,832581 0,000192
современныедемский 3,912023 0,000409
современный 0,150823 0,000205
согласие 1,897120 0,000397
согласно 0,301105 0,000283
содержание 0,010050 0,000001
содержать 0,634878 0,000066
соединить 0,994252 0,000104
соединять 1,108663 0,000116
создать 0,210721 0,000088
созыв 1,514128 0,000158
сократ 2,995732 0,000313
сокращение 0,867501 0,000091
солдат 1,469676 0,000154
солист 2,995732 0,000313
солнечный 0,597837 0,000062
соль 1,660731 0,000174
сом 2,995732 0,000939
соображение 2,302585 0,000241
сообщение 0,478036 0,000050
сообщить -0,009950 -0,000001
сооружение 0,733969 0,000307
соответственно 1,021651 0,000107
соответствие 0,371064 0,000078
соответствовать 0,371064 0,000039
соотнесение 3,912023 0,000409
соотносить 3,218876 0,000336
соревнование 1,108663 0,000463
сосед 2,995732 0,000313
сост 0,597837 0,000062
состав 0,248461 0,000260
составить 0,400478 0,000335
составлять 0,198451 0,000207
состояние 0,248461 0,000052
состоять 0,385662 0,000081
сотни 1,427116 0,000149
сотрудничество 1,078810 0,000113
софьюшкина 3,912023 0,000409
сохранение -0,009950 -0,000001
сохраниться 0,820981 0,000086
сохранность 2,659260 0,000278
сохраняться 1,108663 0,000116
соцгород 2,813411 0,000294
социалистический 1,272966 0,000266
социально-экономического 1,237874 0,000776
социальный 0,527633 0,000221
социолог 2,813411 0,000294
сочетание 1,771957 0,000185
сочинение 1,771957 0,000185
сочинский 3,218876 0,000336
сочить 1,514128 0,000316
сошник 3,912023 0,000409
союз 0,579818 0,000667
союзный 1,966113 0,000205
спасова 3,912023 0,000409
спасск 2,813411 0,000294
спасский 2,207275 0,000231
спб 0,385662 0,000081
специальный 0,415515 0,000087
список 0,210721 0,000022
спорный 1,514128 0,001741
спорт 0,713350 0,000596
спортивно-демонстрационный 3,912023 0,000409
спортивно-оздоровительный 2,659260 0,001390
спортивный 0,891598 0,001398
справка 1,203973 0,000126
справочник 0,798508 0,000083
справочный 1,514128 0,000158
сразу 0,994252 0,000104
среда 0,385662 0,000081
среди 0,198451 0,000228
средневековый 1,386294 0,000724
средневековье 1,660731 0,000521
среднегодовой 0,776529 0,000081
среднее 0,342490 0,000107
средний 0,371064 0,000465
средство 0,287682 0,000180
срок 0,798508 0,000417
сср 0,820981 0,000172
ссср 0,314711 0,000428
ссылаться 2,407946 0,000252
ссылка -0,009950 -0,000026
ссылкамистраницы 2,525729 0,000264
ссылкасведения -0,009950 -0,000001
ссылкойвикипедия 1,660731 0,000174
стабильный 0,820981 0,000086
ставка 2,120264 0,000443
стадион 0,891598 0,000466
сталинский 1,514128 0,000158
сталь 0,415515 0,000087
стамбул 2,659260 0,000278
становиться 0,415515 0,000087
становище 3,912023 0,001635
станция 0,579818 0,000545
старинный 1,309333 0,000274
старо-ивановская 3,912023 0,000409
старое 0,941609 0,000197
старообрядческий 1,427116 0,000447
старший 1,386294 0,000145
старый 0,314711 0,000428
стасюконис 3,912023 0,000409
стат 2,302585 0,000241
статистик -0,009950 -0,000009
статистический 0,713350 0,000820
статус 0,430783 0,000315
стать 0,083382 0,000139
статьевикипедия 1,660731 0,000174
статьестатьи 0,843970 0,000176
статьислучайная -0,009950 -0,000001
статьисообществофорумсправкасвежие -0,009950 -0,000001
статья 0,020203 0,000080
статьяобсуждение -0,009950 -0,000001
статьятекущие -0,009950 -0,000001
стационарный 1,108663 0,000232
стела 1,386294 0,000435
стен 0,967584 0,000101
степанщино 2,813411 0,000294
степень 0,673345 0,000070
стерлибашевский 3,912023 0,000409
стерлитамак 2,995732 0,001252
стерлитамакский 3,912023 0,000818
сто 1,514128 0,000475
стоить 0,891598 0,000093
столица 0,755023 0,001105
столичный 1,660731 0,000347
сторона 0,235722 0,000049
стр 1,309333 0,000137
страна 0,235722 0,000099
страница -0,009950 -0,000006
страницасодержаниеизбранные -0,009950 -0,000001
страницецитировать -0,009950 -0,000001
страницуполучить -0,009950 -0,000001
страницыслужебные -0,009950 -0,000001
стратегия 1,514128 0,000791
стрелец 2,302585 0,000722
строение 0,891598 0,000186
строитель 1,272966 0,000133
строительство 0,462035 0,000386
строиться 0,693147 0,000217
строка 1,078810 0,000113
структура 0,400478 0,000042
ступино 1,347074 0,000141
субъект 0,597837 0,000375
суворов 2,302585 0,000241
суд 0,693147 0,000652
судоходный 1,714798 0,000179
судоходство 1,660731 0,000174
судьба 1,427116 0,000149
султанов 3,506558 0,000733
суммарный 1,386294 0,000145
сунгатов 3,912023 0,000409
суннит 3,506558 0,000366
суннитский 2,525729 0,000264
суперлига 1,560648 0,000815
супряга 3,912023 0,000409
сутолока 3,912023 0,001226
сутолоцким 3,912023 0,000409
сутолоцко-уфимскую 3,912023 0,000409
суточный 0,755023 0,000316
суходол 2,525729 0,000264
сухой 1,049822 0,000110
сухум 2,659260 0,000278
сущее 3,218876 0,000336
существование 0,693147 0,000072
существовать 0,020203 0,000027
сфера 0,562119 0,000117
считаться 0,385662 0,000040
сызрань 1,237874 0,000259
сюда 1,108663 0,000116
сюдасвязанные -0,009950 -0,000001
табасаран 1,832581 0,000192
табл 0,867501 0,000181
таблица 0,544727 0,000285
тагил 1,272966 0,000133
таджик 1,272966 0,000133
таджикистан 2,302585 0,000241
такой 0,162519 0,000017
такси 1,021651 0,000320
такъ 3,912023 0,000409
талыш 1,897120 0,000198
тан 3,506558 0,000733
танец 1,832581 0,000192
тасс 1,171183 0,000122
тат 2,120264 0,000222
татарика 2,659260 0,000278
татарин 0,733969 0,000460
татарка 3,506558 0,000366
татарский 1,203973 0,000503
татарстан 2,120264 0,000222
татышлинский 3,912023 0,000409
тауш 3,912023 0,000409
ташкент 3,218876 0,000673
твк 2,040221 0,000426
творческий 1,309333 0,000137
тгк 2,302585 0,000241
театр 0,713350 0,001491
театральный 1,049822 0,000219
текст -0,009950 -0,000001
телевидение 0,820981 0,000343
телевизионный 1,078810 0,000225
телеграфный 2,525729 0,000264
телерадиовещание 2,995732 0,000626
телефонный 0,776529 0,000081
телецентр 1,897120 0,000397
тело 1,237874 0,000129
тема 0,693147 0,000145
тематический 0,510826 0,000107
темахистория 2,813411 0,000294
темная 2,407946 0,000503
температура 0,510826 0,000320
теннис 2,040221 0,001492
теплое 1,309333 0,000137
термин 0,198451 0,000021
территориальный 0,713350 0,000522
территория 0,356675 0,001044
тестировать 2,659260 0,000278
техникум 1,272966 0,000133
технический 0,462035 0,000145
технология 0,400478 0,000167
течение 0,314711 0,000099
течь 0,274437 0,000086
тил 3,912023 0,000409
тимашево 3,912023 0,000818
тип 0,072571 0,000038
типография 1,171183 0,000122
типолитография 3,912023 0,000409
тирлянский 3,912023 0,000409
ткц 3,912023 0,000409
товарный -0,009950 -0,000001
токсин 3,912023 0,000409
толбазы 3,506558 0,000366
толерантный 3,912023 0,000818
толк 2,525729 0,000264
толпар 3,912023 0,000409
толстяк 3,912023 0,000409
тольятти 1,514128 0,000158
том 1,560648 0,000163
томск 1,108663 0,000116
тоннель 2,302585 0,000241
топливо 2,040221 0,000213
топографический 1,897120 0,000595
топография 2,525729 0,000528
топонимический 0,776529 0,000081
топонимия 2,120264 0,000222
топочный 3,912023 0,000409
торговля 0,579818 0,000121
торгово-промышленный 2,407946 0,000252
торговый 0,597837 0,000125
точка 0,478036 0,000050
традиция 0,891598 0,000186
трамвай 0,891598 0,000652
трамплин 2,407946 0,000252
транслироваться 2,813411 0,000294
транспорт 0,616186 0,000580
транспортный 0,616186 0,000258
транссибирский 1,714798 0,000179
трасс 0,941609 0,000098
трековый 3,912023 0,000409
трепавлов 3,912023 0,000409
третий 0,616186 0,000129
треть 1,237874 0,000129
трехкратный 2,813411 0,000294
трибун 2,040221 0,000213
трк 1,771957 0,000556
трлн 2,207275 0,000231
трое 2,659260 0,000278
троица 1,832581 0,000383
троицкая 2,120264 0,000665
троицком 3,506558 0,000366
троицкую 3,506558 0,000366
троицын 3,912023 0,000409
троллейбус 0,867501 0,000272
трубопроводный 2,525729 0,000528
труд 0,597837 0,000125
трудно 2,207275 0,000231
трудовой 0,967584 0,000708
трудоспособный 1,714798 0,000538
труженик 2,302585 0,000481
трц 1,660731 0,000174
тувинец 1,966113 0,000205
туймазинский 3,912023 0,000409
туймазы 3,912023 0,000409
тукаева 3,912023 0,000818
тура-хана 3,912023 0,000409
туратав 3,912023 0,000409
турбаслинский 3,912023 0,000409
турбаслинскийордж 3,912023 0,000409
турбаслинской 3,912023 0,000409
турбаслыордж 3,912023 0,000409
туризм 1,078810 0,000113
турка 1,469676 0,000154
турки-месхетинцы 2,525729 0,000264
туркмен 1,966113 0,000205
турция 2,207275 0,000461
тхдд 3,912023 0,001635
тхф 3,912023 0,000409
тыва 2,995732 0,000313
тыл 1,771957 0,000556
тыртышному 3,912023 0,000409
тысяча 0,371064 0,000194
тысячник 3,912023 0,000409
тюмень 1,171183 0,000122
тюркский 1,386294 0,000145
тяжело 3,218876 0,000336
уба 3,912023 0,000409
ува 3,506558 0,000366
увалисто-волнистой 3,912023 0,000409
увеличить 1,309333 0,000137
увидеть 1,560648 0,000326
угату 3,912023 0,000409
угловая 2,659260 0,000278
угол 1,108663 0,000116
удалить 0,579818 0,000121
удар 2,525729 0,000264
удачно 3,218876 0,000336
удмурт 1,660731 0,000174
удобный 1,427116 0,000149
удобство 2,659260 0,000278
удэгеец 2,995732 0,000313
уезд 1,272966 0,000665
узбек 1,347074 0,000141
узел 0,527633 0,000055
узик 3,912023 0,000409
узнавать 2,813411 0,000588
уйгур 2,040221 0,000213
уйти 1,237874 0,000129
указ 0,733969 0,000077
указание -0,009950 -0,000002
указать 0,083382 0,000044
указывать 1,272966 0,000266
украина 0,527633 0,000496
украинец 0,867501 0,000181
украсть 3,218876 0,000336
улан-удэ 1,237874 0,000129
уланд 2,995732 0,000626
улица 0,776529 0,001948
ульфата 3,912023 0,000409
ульяновск 1,078810 0,000113
ульяновский 1,966113 0,000205
умеренно-континентальный 2,659260 0,000278
умет 2,659260 0,000278
умпо 3,912023 0,000409
универмаг 2,525729 0,000264
универсальный 0,544727 0,000057
университет 0,328504 0,000790
унц 3,506558 0,000366
упе 3,912023 0,000409
упей 3,912023 0,000409
управление 0,248461 0,000338
управлять 0,967584 0,000101
ураксин 3,912023 0,000409
урал 1,560648 0,001305
урала 1,609438 0,001009
уралом 1,609438 0,000168
уралсиб 3,218876 0,000336
уральский 1,560648 0,000652
урбанистика 3,506558 0,000366
урбонима 3,912023 0,000409
уровень 0,150823 0,000016
урочище 2,525729 0,000264
уршаккир 3,912023 0,000409
ус 2,995732 0,000313
условие -0,009950 -0,000003
успенский 1,237874 0,000776
успенско-владимирская 3,912023 0,000409
устав 0,843970 0,000176
установить 0,328504 0,000034
устройство 0,527633 0,000331
устье 0,634878 0,000265
утвердить 0,755023 0,000158
утверждаться 2,302585 0,000241
утверждение 0,400478 0,000167
утренний 2,407946 0,000252
уфа 0,967584 0,015471
уфа-алиса 3,912023 0,000409
уфа-арена 3,912023 0,000818
уфа-арену 3,912023 0,000409
уфа-идель 3,912023 0,000409
уфа-оренбург 3,912023 0,000409
уфа-река 3,912023 0,000409
уфахимпром 3,912023 0,000818
уфе 3,218876 0,015137
уфегорода 3,912023 0,000409
уфим 3,912023 0,006132
уфимец 3,506558 0,000733
уфимочка-угнту 3,912023 0,000409
уфимский 2,995732 0,029428
уфиц 3,912023 0,000409
уфой 3,218876 0,001346
уфою 3,912023 0,000818
уфу 2,995732 0,002818
уфы 3,506558 0,032980
уходить 1,386294 0,000145
ухтомского 3,912023 0,000409
учалинский 3,912023 0,000409
учалы 3,912023 0,000409
участие -0,009950 -0,000001
участник 0,510826 0,000747
участок 0,616186 0,000064
учебно-консультационный 3,912023 0,002044
учет 0,597837 0,000125
учетный -0,009950 -0,000001
учитель 1,427116 0,000149
учительский 2,659260 0,000278
учредить 1,108663 0,000116
учреждение 0,653926 0,000547
фадлан 3,506558 0,000366
файл 1,347074 0,000141
факт 0,634878 0,000066
фактически 0,916291 0,000192
фанера 3,912023 0,000409
фатиха 3,912023 0,000409
фатхислам 3,912023 0,000409
фауна 1,108663 0,000232
фахретдина 3,912023 0,000409
февр 0,820981 0,000172
февраль 0,051293 0,000032
федеральный 0,462035 0,000917
федеративный 1,897120 0,000397
федерация 0,510826 0,001281
федоров 2,302585 0,000241
федоровкак 3,912023 0,000409
федоровский 3,506558 0,000733
федоровскийк 3,912023 0,000409
фек 3,912023 0,000409
фельетон 3,506558 0,000366
фенол 2,302585 0,000481
фенольный 3,912023 0,000818
фестиваль 1,021651 0,000641
фехтование 2,659260 0,000278
физик 1,309333 0,000137
физико-географический 0,693147 0,000145
физический 0,798508 0,000501
филармония 1,049822 0,000219
филиал 0,755023 0,001341
фим 3,912023 0,000409
финансовый 0,733969 0,000153
финансы 0,733969 0,000077
финн 1,966113 0,000205
финны-ингерманландцы 3,218876 0,000336
фирменный 2,040221 0,000213
флаг 0,597837 0,000375
флор 1,021651 0,000214
фнт 3,912023 0,001226
фойо 3,912023 0,000409
фонд -0,009950 -0,000003
фонтан 1,309333 0,000958
форма 0,287682 0,000060
формат 0,843970 0,000088
формироваться 1,078810 0,000113
фотография 1,108663 0,000232
француз 1,660731 0,000174
французский 1,309333 0,000137
фроловской 3,912023 0,000409
фронт 1,078810 0,000113
фсб 2,407946 0,000252
фундаментальный 1,560648 0,000163
фурор 3,912023 0,000409
футбол 1,139434 0,000238
футбольный 0,941609 0,000098
хабибов 3,912023 0,000409
хайбуллинский 3,912023 0,000409
хакас 2,040221 0,000213
хакимия 3,912023 0,000409
хамза-хаджи 3,912023 0,000818
хамидуллин 3,912023 0,000409
хан 1,897120 0,001190
ханский 2,995732 0,000313
ханство 1,771957 0,000370
хант 2,207275 0,000231
ханты-мансийск 1,347074 0,000141
характеристика 0,415515 0,000087
хватать 0,820981 0,000172
хватцев 2,995732 0,000626
химик 2,207275 0,000231
химический 0,867501 0,000181
химия 1,514128 0,000158
химпром 3,506558 0,000366
хип-хоп-исполнителей 3,912023 0,000409
хлоракне 3,912023 0,000409
хлорфеноксиуксусных 3,912023 0,000409
ход 0,510826 0,000160
ходатайство 2,407946 0,000252
хозяйство 0,579818 0,000303
хозясеитова 3,912023 0,000409
хоккей 1,171183 0,000734
хоккейный 1,108663 0,000348
холм 1,386294 0,000435
холодное 1,560648 0,000163
хоркиной 3,912023 0,000409
храм 0,733969 0,002454
хребет 1,560648 0,000163
христиан-баптистов 1,771957 0,000556
христианин 1,514128 0,001582
христианство 1,660731 0,000347
христов 1,832581 0,000192
христос 1,897120 0,000198
хронология 1,771957 0,000370
худайбердина 3,912023 0,000818
худжанд 3,506558 0,000366
художественный 0,653926 0,000205
художник 0,967584 0,000202
хусаина 3,912023 0,000818
хэфэй 3,218876 0,000336
царевич 2,995732 0,000313
царевококшайского 3,912023 0,000409
цахур 2,040221 0,000213
цвет 0,941609 0,000295
цдум 3,912023 0,000409
центр 0,287682 0,001293
центральный 0,400478 0,000502
церковно-научный 3,912023 0,000409
церковь 0,673345 0,001548
цех 2,120264 0,000665
цивильск 2,995732 0,000313
цирк 1,078810 0,000113
цифровой 0,562119 0,000117
цицикар 3,506558 0,000366
цтио 3,912023 0,000409
цтир 3,912023 0,000409
цыган 1,714798 0,000179
цэс 3,912023 0,000409
цюрупе 3,912023 0,000409
цюрупы 3,912023 0,001226
чаадаевка 2,813411 0,000294
часовня 1,469676 0,000307
часовой 0,713350 0,000149
частично 0,653926 0,000068
частный 0,634878 0,000199
частокол 3,506558 0,000366
часть 0,061875 0,000097
чебаркуль 2,659260 0,000278
чебоксары 1,171183 0,000245
чекмагушевский 3,912023 0,000409
чело 0,713350 0,000373
человек 0,186330 0,000156
челябинск 0,994252 0,000623
челябинска 2,302585 0,000241
челябинская 2,302585 0,000241
челябинского 2,995732 0,000313
челябинском 2,995732 0,000313
чемодановка 2,813411 0,000294
чемпион 1,203973 0,000252
чемпионат 0,994252 0,001559
черкассыордж 3,912023 0,000409
черкес 1,771957 0,000185
черниковка 3,912023 0,003271
черниковке 3,912023 0,000409
черниковск 3,912023 0,000409
чернушка 3,218876 0,000336
чернышевского 2,659260 0,000278
черт 0,916291 0,000096
чертов 3,218876 0,000336
чесноковка 3,912023 0,000409
честь 0,562119 0,000176
четыре 0,597837 0,000125
четырехкратный 2,995732 0,000313
чех 1,609438 0,000168
чеченец 1,714798 0,000179
чешский 1,966113 0,000205
чиновник 1,771957 0,000185
численность 0,616186 0,002383
число 0,186330 0,000097
чита 1,203973 0,000126
читатьправитьправить 0,494296 0,000052
чишминский 3,912023 0,000818
член 0,755023 0,000158
чуваш 1,237874 0,000129
чувашия 2,659260 0,000278
чукча 2,207275 0,000231
чулково 2,659260 0,000278
чунцин 3,506558 0,000366
шаблон 0,462035 0,000097
шайба 1,966113 0,000411
шаймуратова 3,912023 0,000818
шаймуратову 3,912023 0,000818
шайхзаде 3,912023 0,000818
шакша 3,912023 0,001226
шакша-северная 3,912023 0,000409
шакша-южная 3,912023 0,000409
шаляпину 3,506558 0,000366
шаранский 3,912023 0,000409
шацк 2,813411 0,000294
швсм 3,912023 0,000409
шевчук 3,912023 0,000409
шесть 1,021651 0,000214
ширина 0,916291 0,000192
школа 0,478036 0,000250
школьный 1,966113 0,000205
шламонакопителей 3,506558 0,000366
шламонакопителях 3,912023 0,000409
шорт-трек 3,506558 0,000366
шос 2,813411 0,000294
шотландский 3,506558 0,000366
штурм 2,207275 0,000231
шугуровка 3,912023 0,000409
шукран 3,912023 0,000409
шэньян 3,218876 0,000336
эвакуация 1,832581 0,000192
эвакуировать 1,272966 0,000266
эвен 2,302585 0,000241
экз 0,415515 0,000174
экологический 0,693147 0,000072
экология 0,562119 0,000411
экономика 0,400478 0,000377
экономико-юридическая 3,912023 0,000409
экономический 0,478036 0,000250
эксплуатация 0,776529 0,000162
экспорт -0,009950 -0,000001
экстернатный 3,912023 0,000409
электричка 1,832581 0,000383
элемент 0,544727 0,000057
элитный 2,407946 0,000252
энергетик 1,108663 0,000348
энтузиаст 2,659260 0,000278
энциклопедический 0,733969 0,000230
энциклопедия -0,009950 -0,000023
эстонец 1,771957 0,000185
этаж 1,832581 0,000192
этажный 2,207275 0,000692
этап 0,634878 0,000133
этнический 1,897120 0,000198
этнография 1,966113 0,000205
этноним 2,995732 0,000313
этнопарк 3,912023 0,000818
эфирный 1,427116 0,000298
юбилейный 0,798508 0,000334
юго-запад 1,309333 0,000137
южно-башкортостанская 3,912023 0,000409
южный 0,385662 0,000363
юкагир 2,995732 0,000313
юлаев 3,506558 0,000733
юлаева 3,912023 0,000818
юлаевец 3,912023 0,000409
юлаеву 3,912023 0,001226
юниор 3,218876 0,000336
юниорский 3,506558 0,000366
юность 1,660731 0,000174
юридический 0,994252 0,000104
юрий 1,203973 0,000377
юрюзань 2,813411 0,000588
юсупов 3,912023 0,000409
являться 0,040822 0,000073
ядро 1,171183 0,000122
язык -0,009950 -0,000015
языковеда-тюрколога 3,912023 0,000409
якут 1,660731 0,000174
якутова 3,912023 0,001635
якутск 1,203973 0,000252
ялалов 3,912023 0,000409
ялилова 3,912023 0,000409
ямбирно 2,813411 0,000294
янаул 3,912023 0,000409
янаульский 3,912023 0,000818
янв 0,820981 0,000172
январь 0,105361 0,000506
яншин 3,912023 0,000409
японец 2,040221 0,000213
япония 1,897120 0,000198
ярослав 3,218876 0,000336
ярославль 1,078810 0,000113
