абонент 2,120264 0,000201
абсолютизм 3,506558 0,000333
абсолютный 0,616186 0,000117
авангард 1,660731 0,000158
аварийный 2,120264 0,000201
авария 1,771957 0,000168
авг 0,820981 0,000078
август 0,072571 0,000269
авдеевка 3,912023 0,000372
авиаприбор 3,912023 0,000372
авиационный 1,386294 0,000395
автобус 0,820981 0,000156
автобусный 1,021651 0,000291
автовокзал 1,078810 0,000103
автодор 3,506558 0,000666
автодорога 0,891598 0,000254
автодорожный 2,120264 0,000201
автоклавный 3,912023 0,000372
автомобильный 0,713350 0,000339
автономный 0,867501 0,000165
автор 0,462035 0,000176
авторитетный 0,891598 0,000085
авторские 1,966113 0,000187
авторство -0,009950 -0,000001
агентство 0,798508 0,000986
агломерация 0,798508 0,000304
аграрный 1,203973 0,000343
агрегат 3,506558 0,000333
агрегатный 2,813411 0,000267
агророс 3,912023 0,000372
адм 2,525729 0,000240
административно-территориального 1,660731 0,000158
административно-территориальное 0,820981 0,000234
административно-территориальном 1,309333 0,000249
административно-территориальному 2,659260 0,000253
административный 0,597837 0,000795
администрация 0,755023 0,001507
адрес 1,078810 0,000103
аз 2,302585 0,000219
азербайджанец 1,139434 0,000108
азия 0,755023 0,000072
акад 2,040221 0,000194
академик 1,203973 0,000114
академический 0,916291 0,000784
академия 0,544727 0,000155
аквапарк 2,407946 0,000229
аккомпанемент 3,218876 0,000306
акт 1,237874 0,000118
актер 1,386294 0,000132
активность 1,309333 0,000124
актуализировать 3,506558 0,000333
акционер 3,506558 0,000333
акционировать 3,506558 0,000333
алг 3,912023 0,000372
алдан 1,309333 0,000124
александр 0,462035 0,000307
александро-невский 2,207275 0,000210
александрович 1,609438 0,001071
александровка 2,813411 0,000267
александрово-гайский 3,912023 0,000372
александровская 2,302585 0,000219
александровского 2,813411 0,000267
алексеева 2,407946 0,000229
алексеевский 2,659260 0,000253
алексей 1,049822 0,000100
алексея 1,514128 0,000288
алла 2,995732 0,000285
аллея 1,347074 0,000128
алмаз 2,407946 0,000458
алмаз-фазотрон 3,912023 0,000372
алтынный 3,912023 0,000372
алфавитувикипедия 0,776529 0,000074
алфавитунаселенные 0,867501 0,000082
алый 2,659260 0,000253
альфа-банк 2,659260 0,000253
аналогичный 1,139434 0,000108
аналоговый 1,609438 0,000153
анатольевич 2,407946 0,000915
андреевича 2,995732 0,000285
андрей 0,967584 0,000460
анисовка 3,912023 0,000372
аннексия 0,941609 0,000089
ансамбль 0,994252 0,001134
апельсин 2,995732 0,000569
апостол 1,966113 0,000187
апостольский 1,771957 0,000168
аппаратура 2,120264 0,000403
апр 0,798508 0,000076
апрель 0,150823 0,000588
арбат 2,995732 0,000285
арен 1,237874 0,000823
аркадак 3,912023 0,000372
аркадакский 3,912023 0,000372
аркадия 1,832581 0,000174
аркадьевичу 3,912023 0,000372
арматурный 3,506558 0,000333
армейский 2,813411 0,000267
армия 0,916291 0,000087
армянин 1,021651 0,000097
армянский 1,347074 0,000384
артель 2,995732 0,000569
артем 2,302585 0,000219
артиллерийский 1,609438 0,000153
артисевич 3,912023 0,000372
артист 1,832581 0,000348
артхаусных 3,912023 0,000372
арх 0,544727 0,000104
архив 0,446287 0,000042
архивировать 0,020203 0,000311
архивный 0,248461 0,000543
архитектор 0,916291 0,000435
архитектура 0,462035 0,000088
архитектурно-строительный 2,407946 0,000229
аст 0,820981 0,000078
астория 3,218876 0,000306
астраханский 1,832581 0,000697
астрахань 0,967584 0,000552
ат 2,302585 0,000219
атав 3,912023 0,000372
атамановка 3,912023 0,000372
атау 3,912023 0,000744
аткарск 3,506558 0,000333
аткарский 3,912023 0,000372
аткарской 3,912023 0,000372
атлетика 2,525729 0,000240
ахалгорским 3,912023 0,000372
ашан 2,120264 0,000201
аэропорт 0,776529 0,000738
бабановка 3,912023 0,000372
багаевка 3,912023 0,000744
багаевское 3,912023 0,000372
баз 0,371064 0,000106
базальт 3,218876 0,000306
базарно-карабулакский 3,912023 0,000372
базовый 1,171183 0,000334
байдарка 3,506558 0,000333
балаган 3,506558 0,000666
балаганчик 3,912023 0,000372
балаково 2,120264 0,000604
балаковский 3,912023 0,000372
балахна 2,120264 0,000201
балашов 3,506558 0,000333
балашовский 3,912023 0,000372
балет 1,469676 0,000559
балка 2,040221 0,000194
балтайский 3,912023 0,000372
балтийский 1,514128 0,000144
бальнеологический 3,506558 0,000333
банк 0,693147 0,000527
банковский 1,427116 0,000271
барнаул 1,203973 0,000114
барокко 1,560648 0,000148
баррикада 2,040221 0,000194
бартоломеевский 3,912023 0,000372
баскетбол 1,660731 0,000158
баскетбольный 1,714798 0,000326
бассейн 0,653926 0,000186
батуев 3,912023 0,000372
бахтин 3,218876 0,000306
баш 3,506558 0,000333
бежать 2,407946 0,000229
безнаказанность 3,912023 0,000372
безопасность 0,916291 0,000087
безчинский 2,995732 0,000569
безымянный 2,040221 0,000194
беленький 3,506558 0,000333
белоглинская 3,912023 0,000372
белоглинский 3,218876 0,000306
белорус 1,171183 0,000111
беляев 2,407946 0,000229
беляева 2,659260 0,000253
берег 0,478036 0,000227
берегоукрепительный 3,218876 0,000306
березина 2,659260 0,000505
березинореченское 3,912023 0,000372
бесплатный 1,386294 0,000132
бессменно 3,912023 0,000372
бестужевой 3,912023 0,000372
библиографический 0,083382 0,000008
библиотека 0,328504 0,000250
библиотечный 1,609438 0,000153
бизнес 0,820981 0,000624
бизнес-вектор 3,912023 0,000744
бизнес-отель 2,995732 0,000285
билайн 1,272966 0,000121
билан 3,506558 0,000333
бинбанк 3,218876 0,000306
биография 2,120264 0,000201
биотехнология 3,218876 0,000306
биохимия 2,813411 0,000267
биржа 2,120264 0,000806
биржевой 2,813411 0,000267
благосостояние 2,813411 0,000267
благоустроить 1,560648 0,000148
близ 1,237874 0,000118
близлежащий 2,040221 0,000194
богатей 3,506558 0,000333
богатство 1,771957 0,000168
богатый 1,049822 0,000200
богемия 3,912023 0,002602
боголюбова 3,506558 0,000333
богоматерь 3,218876 0,000612
богородица 1,272966 0,000121
боевой 1,237874 0,000706
боеприпас 2,813411 0,000267
боец 2,813411 0,000267
бой 1,237874 0,000235
боковка 3,912023 0,000372
бокс 2,040221 0,000194
болгарин 1,427116 0,000136
болгария 1,272966 0,000121
бологое 1,347074 0,000128
больница 1,078810 0,000410
большевик 1,347074 0,000128
большинство 0,342490 0,000033
большое 0,385662 0,000220
большой 0,040822 0,000050
бор 1,203973 0,000114
борель 3,912023 0,000372
борец 1,897120 0,000721
борисова-мусатова 3,506558 0,000333
боровичи 1,347074 0,000128
бот 2,995732 0,000285
боярин 2,813411 0,000267
бранденбургский 3,506558 0,000333
брандмейстер 3,912023 0,000744
брат 1,272966 0,001331
братислава 3,218876 0,000306
бренд-лидер 3,912023 0,000372
брокгауза 0,328504 0,000094
буерак 3,506558 0,001333
буквально 2,995732 0,000285
булавина 3,506558 0,000666
булычев 3,218876 0,001224
бум 1,897120 0,000180
бунин 2,659260 0,000505
бунт 2,207275 0,000210
бурка 3,912023 0,000372
буркин 3,912023 0,000372
бурный 1,660731 0,000316
бывать 1,660731 0,000158
быковка 3,912023 0,000372
быстрый 0,916291 0,000087
быть -0,009950 -0,000009
бюджет 1,171183 0,000111
вавилов 3,506558 0,000333
вавилова 2,995732 0,001708
вавилову 3,912023 0,001115
вагонный 2,813411 0,000267
важное 1,108663 0,000211
важный 0,494296 0,000094
вакуровский 3,912023 0,000372
валдай 3,218876 0,000306
валерий 1,714798 0,000163
валерьевич 2,659260 0,000253
валидаторами 3,218876 0,000306
ванцетти 3,506558 0,000666
варьироваться 2,525729 0,000240
василий 1,078810 0,000205
васильевича 2,813411 0,000267
васильевичу 3,912023 0,000372
васильево 2,120264 0,000201
васильсурск 2,120264 0,000201
вблизи 1,139434 0,000108
ввести 0,634878 0,000121
вдвое 2,120264 0,000201
вдоль 0,755023 0,000072
ведомственный 2,207275 0,000210
везти 2,525729 0,000240
век 0,248461 0,000543
векерайонные 3,218876 0,000306
великий 0,356675 0,000203
версия -0,009950 -0,000010
версия-саратов 3,912023 0,000372
верхневолжье 3,218876 0,000306
верхний 0,494296 0,000141
весна 0,713350 0,000136
вести 0,356675 0,000237
вестись 0,673345 0,000128
весь 0,301105 0,000200
весьма 1,514128 0,000144
ветер 0,713350 0,000068
вечер 1,966113 0,000187
вечерний 1,347074 0,000128
вещание 1,108663 0,000316
вещать 1,609438 0,000306
взвоз 3,506558 0,000333
взгляд 1,309333 0,000124
взгляд-инфо 3,912023 0,005948
взрослый 1,609438 0,000153
взять 0,755023 0,000143
виват-волжанка 3,912023 0,000372
вид 0,061875 0,000018
видео 1,049822 0,000100
видеть 1,272966 0,000121
викигиде 0,776529 0,000148
викигидепортал 1,469676 0,000140
викигидстатьи 2,120264 0,000201
викиданных -0,009950 -0,000001
викимапия 3,912023 0,000372
викимедиа -0,009950 -0,000001
википедии -0,009950 -0,000002
википедия -0,009950 -0,000009
викискладвикиновостивикигидэлемент 1,609438 0,000153
викискладе 0,174353 0,000017
викискладепутеводитель 0,713350 0,000068
викискладстатьи 0,891598 0,000085
викисловаремедиафайлы 2,120264 0,000201
викисловарьстатьи 1,347074 0,000128
виктория 2,659260 0,000253
виктория-саратов 3,912023 0,000372
вклад 0,994252 0,000094
вкладка 2,995732 0,000285
включать 0,235722 0,000067
включить 0,634878 0,000121
владимир 0,653926 0,000497
владимирович 1,771957 0,000337
власовский 3,506558 0,000666
власть 0,544727 0,000259
вложить 2,120264 0,000201
влюбить 2,525729 0,000480
вместе 0,510826 0,000146
вмещать 2,120264 0,000201
внесение 1,560648 0,000593
внести 1,021651 0,000097
внешний 0,051293 0,000010
вновь 0,755023 0,000287
внутренний 0,314711 0,000060
внутригородской 0,867501 0,000165
вода 0,527633 0,000150
водник 2,813411 0,000267
водный 0,562119 0,000214
водосток 2,813411 0,001069
водохранилище 1,139434 0,000433
водяной 2,302585 0,000219
воевода 1,714798 0,000163
военное 0,916291 0,000087
военный 0,494296 0,000235
возвести 1,139434 0,000108
возводиться 2,120264 0,000604
возвышенность 1,386294 0,000132
воздушный 0,798508 0,000152
воззвание 3,506558 0,000333
возле 1,386294 0,000263
возможность 0,314711 0,000030
возобновить 1,832581 0,000174
возобновиться 2,207275 0,000210
возобновлять 2,659260 0,000253
возрастной 2,207275 0,000210
возрождаться 3,218876 0,000306
возрождение 1,660731 0,000316
возчик 3,912023 0,000372
воинам-саратовцам 3,912023 0,000372
воины-саратовцы 3,912023 0,000372
война 0,430783 0,000287
войс 3,912023 0,000372
войско 0,798508 0,000304
войти 0,634878 0,000121
вокальный 3,912023 0,000372
вокзал 0,755023 0,000359
вокруг 0,693147 0,000066
волга 1,347074 0,004864
волга-бэнд 3,912023 0,000744
волгегорода 2,525729 0,000240
волговерховье 2,120264 0,000403
волгоград 1,139434 0,000650
волгограда 2,995732 0,000285
волгоградский 2,813411 0,000535
волгореченск 2,120264 0,000201
волейбольный 1,514128 0,000288
волжанка 3,506558 0,000333
волжск 2,120264 0,000201
волжский 1,897120 0,001983
волна 0,916291 0,000087
вологда 1,203973 0,000114
володин 3,506558 0,000333
волшебный 0,030459 0,000003
вольновка 3,912023 0,000372
вольновского 3,912023 0,000372
вольный 1,832581 0,000174
вольск 2,120264 0,000403
вольская 3,912023 0,000372
вольский 3,912023 0,000372
вольской 3,912023 0,000372
вопрос 0,371064 0,000035
воркута 1,237874 0,000118
воровской 2,659260 0,000253
ворон 2,407946 0,000229
воронеж 1,203973 0,000114
воскресенский 2,207275 0,000210
воскресенским 3,506558 0,000333
воскресенское 3,218876 0,000306
воскресенской 3,218876 0,000306
воскресенье 1,771957 0,000168
воскресный 2,813411 0,000267
воспитание 2,120264 0,000201
воспоминание 2,040221 0,000388
восстание 1,237874 0,000235
восстановить 0,967584 0,000184
восстановление 1,078810 0,000103
восточно-европейский 3,506558 0,000333
восхищение 3,912023 0,000372
воткинск 1,309333 0,000124
впервые 0,385662 0,000110
вписать 2,659260 0,000253
вплоть 1,108663 0,000105
временной 0,967584 0,000092
время 0,020203 0,000048
все 0,040822 0,000016
всемирный 0,891598 0,000169
всероссийский 0,634878 0,000664
всесоюзный 0,776529 0,000443
вследствие 1,203973 0,000114
вспыхнуть 2,525729 0,000240
вступ 3,506558 0,000333
втб 1,714798 0,000163
втора 0,274437 0,000078
вторичное 2,995732 0,000285
второе 0,653926 0,000186
вуз 0,820981 0,000156
вузовский 2,525729 0,000240
вход 0,755023 0,000287
входить 0,287682 0,000410
вхождение 2,302585 0,000219
въезд 1,897120 0,000180
выбрать 1,139434 0,000108
вывод 1,386294 0,000132
выгорать 3,506558 0,000333
выдаваться 1,139434 0,000108
выдать 1,897120 0,000180
выделение 1,832581 0,000174
выделить 0,544727 0,000311
выживание 2,995732 0,000285
вызвать 1,049822 0,000100
вызывать 1,078810 0,000103
вып 0,798508 0,000152
выпадать 1,139434 0,000108
выполнить 0,843970 0,000080
выполнять 0,867501 0,000165
выпускать 1,237874 0,000235
выпустить 0,891598 0,000169
вырабатывать 2,407946 0,000229
выравнивать 3,506558 0,000333
выразиться 3,506558 0,000333
вырасти 1,108663 0,000211
высокий 0,139262 0,000093
высококачественный 3,218876 0,000306
высота 0,415515 0,000079
выставка 1,139434 0,000217
выставляться 3,218876 0,000306
выставочный 1,171183 0,000111
выступать 0,916291 0,000261
выступление 1,272966 0,000121
выходит 1,427116 0,000407
выходить 1,309333 0,000373
вышеперечисленный 2,525729 0,000240
вышеприведенный 3,912023 0,000372
вязовка 3,506558 0,000666
вязовые 2,120264 0,000201
вячеслав 1,897120 0,000541
гагарин 2,659260 0,000505
гагарина 1,427116 0,000814
гагаринский 2,813411 0,000802
гагаринским 3,912023 0,000372
гагаринского 3,912023 0,000372
гагарину 2,995732 0,000854
гадюкино 3,912023 0,000372
газ 0,941609 0,000089
газета 0,579818 0,000661
газнефтьбанк 3,912023 0,000372
газобетон 3,912023 0,000372
газовый 1,469676 0,000140
газпромбанк 2,407946 0,000229
галерея 1,049822 0,000299
гандбольный 2,120264 0,000201
гармоника 3,912023 0,002974
гармонный 3,506558 0,000333
гармонь 3,506558 0,002666
гармошка 3,218876 0,001835
гастроль 2,813411 0,000267
гвардия 1,897120 0,000180
генеральный 0,755023 0,000430
генетик 2,407946 0,000229
геннадьевичем 3,912023 0,000372
геноцид 3,506558 0,000333
генплан 1,560648 0,000148
генрици 3,912023 0,000372
географический 0,356675 0,000102
география 0,415515 0,000118
геологический 1,139434 0,000108
геология 1,609438 0,000153
геометрический 2,407946 0,000229
георгий 1,139434 0,000108
геофизик 2,659260 0,000253
герб 0,798508 0,000152
герой 1,139434 0,000217
гидроним 1,660731 0,000158
гидротехнический 2,995732 0,000285
гимн 0,776529 0,000074
гимназия 1,108663 0,000421
гипермаркет 1,660731 0,000316
гипотеза 1,560648 0,000297
гкал 2,995732 0,001423
глава 0,494296 0,000517
главный 0,210721 0,000100
глас 3,912023 0,000372
гласность 3,506558 0,000333
глебучев 3,912023 0,000372
глонасс 3,218876 0,000612
глубина 1,139434 0,000108
говорить 1,049822 0,000100
год -0,009950 -0,000372
годавикипедия 0,616186 0,000176
годугорода 1,714798 0,000163
голова 1,427116 0,000271
голос 1,609438 0,000306
гора 0,616186 0,000644
гордумы 2,813411 0,000267
горийский 3,912023 0,000372
горловка 1,309333 0,000124
город 0,371064 0,006241
город-миллионер 2,659260 0,000253
город-побратим 0,843970 0,000241
город-спутник 1,771957 0,000168
города-партнеры 1,771957 0,000337
городец 2,120264 0,000201
городище 1,469676 0,000140
городовой 2,207275 0,000420
городом-миллионером 2,407946 0,000229
городпро 0,867501 0,000082
городсаратов 3,912023 0,000372
городской 0,544727 0,003417
горожанин 1,139434 0,000108
горчичный 3,506558 0,000333
горький 0,941609 0,000089
горючка 3,912023 0,000372
горячко 1,609438 0,000153
госкомстат 0,891598 0,000169
госкопрорации 3,912023 0,000372
госкорпорации 3,506558 0,001666
гостевой 2,659260 0,000253
гостиница 0,843970 0,000561
гостиный 1,966113 0,000187
гостить 3,912023 0,000372
гостья 3,506558 0,000333
государственный 0,261365 0,000844
государство 0,579818 0,000165
готовицкий 3,912023 0,000372
готовый 1,386294 0,000132
гош 3,506558 0,000333
гоэлро 3,912023 0,000372
гпз 2,995732 0,000285
грабеж 2,525729 0,000480
градостроительный 1,660731 0,000316
градостроительство 1,660731 0,000158
гражданин 0,733969 0,000139
гражданский 0,733969 0,000209
грамота 1,427116 0,000136
гран-при 2,207275 0,000210
граница 0,356675 0,000136
грань 1,966113 0,000187
грас-саратов 3,912023 0,000372
гребля 3,506558 0,000666
греции 1,560648 0,000148
грива 2,659260 0,000253
григорием 2,207275 0,000210
гришину 3,912023 0,000372
гроздь 3,912023 0,000372
грозный 1,272966 0,000121
груз 1,309333 0,000124
грузии 1,771957 0,000168
грузия 1,966113 0,000187
грузовая 1,139434 0,000541
грузовой 2,813411 0,000802
группа 0,314711 0,000150
грэс 2,525729 0,000240
гтрк 1,049822 0,000698
губернатор 0,967584 0,000368
губерния 0,891598 0,000847
губерниягорода 3,912023 0,000372
губернский 1,309333 0,000498
гувернер 3,912023 0,000372
гудок 3,218876 0,000306
гужевой 3,218876 0,000306
гуз 3,218876 0,000306
гуманитарный 0,994252 0,000094
гуселки 3,912023 0,000372
гуселкой 3,912023 0,000372
давать 0,820981 0,000078
даль 1,609438 0,000306
дальний 0,446287 0,000085
данилов 3,218876 0,000306
даниловский 2,813411 0,000267
дата 0,030459 0,000460
датский 0,328504 0,000031
дать 0,072571 0,000083
дачный 2,040221 0,001163
два 0,150823 0,000100
дважды 1,272966 0,000121
движение 0,544727 0,000207
двор 1,078810 0,000205
дворец 0,843970 0,000321
дворянский 2,040221 0,000194
девять 1,609438 0,000153
дегтярный 3,912023 0,000744
действовать -0,009950 -0,000011
дек 0,820981 0,000078
декабрь 0,094311 0,000538
делать 0,867501 0,000165
делаться 2,120264 0,000201
деление 0,579818 0,000441
дело 0,562119 0,000053
дельта 1,832581 0,000174
дельфийский 2,525729 0,000480
дельфин 2,813411 0,000267
демонстрация 2,302585 0,000438
демоскоп 0,820981 0,000312
день 0,210721 0,000240
департамент 1,386294 0,000263
депо 1,771957 0,000168
депутат 0,776529 0,000369
дергачевский 3,912023 0,000372
деревня 1,021651 0,000388
дерево 0,867501 0,000082
деревообрабатывающий 2,302585 0,000219
десятилетие 1,203973 0,000229
десятина 3,506558 0,000333
десятка 1,139434 0,000108
десяток 1,660731 0,000316
десять 1,078810 0,000103
детская 0,653926 0,000249
детский 0,967584 0,000552
дешевый 2,302585 0,000219
деятельность 0,342490 0,000130
джавским 3,912023 0,000372
дзержинск 1,347074 0,000128
дизайн 1,832581 0,000174
дима 3,506558 0,000333
динамик 1,272966 0,000121
динамо 1,171183 0,000445
динамо-русь 3,912023 0,000372
динес 3,506558 0,000666
дипломант 3,506558 0,001000
дисциплина 1,897120 0,000180
дитя 0,867501 0,000247
длина 0,579818 0,000110
длительный 1,309333 0,000124
длиться 1,771957 0,000337
дмитрий 0,967584 0,000092
добавить 0,562119 0,000053
доблестисаратовгорода 3,912023 0,000372
доблесть 1,309333 0,000747
добрич 3,506558 0,000333
добродей 3,506558 0,000333
добродомов 3,912023 0,000372
добыть 3,506558 0,000333
дойти 1,560648 0,000148
документ 0,415515 0,000039
документальный 1,427116 0,000271
долгий 1,021651 0,000291
долгожданный 3,218876 0,000306
долгота 0,820981 0,000078
должность 1,049822 0,000299
должный 0,356675 0,000068
доля 0,544727 0,000207
дом 0,446287 0,000721
дом-музей 1,660731 0,000631
домашние 2,207275 0,000210
домашний 1,237874 0,000823
дон 1,660731 0,000158
дополнительный -0,009950 -0,000001
допускаться 2,995732 0,000285
дореволюционный 1,347074 0,000128
дорога 0,527633 0,000652
дорожный 1,021651 0,000097
доставляться 3,912023 0,000372
достичь 0,733969 0,000139
достоверность 2,207275 0,001049
достопримечательность 0,867501 0,000165
достроить 2,659260 0,000253
доступность 1,427116 0,000136
доступный -0,009950 -0,000004
драма 1,469676 0,000419
драматический 1,108663 0,000105
древлеправославный 2,525729 0,000240
древний 0,653926 0,000062
дробно -0,009950 -0,000001
другой -0,009950 -0,000022
дск 3,218876 0,000306
дубка 2,813411 0,000267
дубковского 3,912023 0,000372
дубна 2,120264 0,000201
дубовка 2,040221 0,000194
дубовый 2,407946 0,000229
дудаковский 3,912023 0,000372
дума 0,916291 0,001132
дух 1,897120 0,000180
духов 2,525729 0,000480
духовная 1,108663 0,000211
духовницкий 3,912023 0,000372
духовницкое 2,120264 0,000201
духовный 1,609438 0,000153
душанбе 2,659260 0,000253
еврей 1,203973 0,000114
еврейский 0,755023 0,000359
европа 0,301105 0,000114
европейский 0,494296 0,000094
единица 0,478036 0,000273
единоборство 2,120264 0,000201
единственный 0,891598 0,000169
единый 0,544727 0,000155
ежегодник 0,820981 0,001092
ежегодно 0,916291 0,000435
ежедневный 2,207275 0,000210
ежемесячно 2,813411 0,000267
еженедельник 2,207275 0,000629
еженедельно 2,995732 0,000285
еженедельный 2,120264 0,000201
екатеринбург 0,843970 0,000160
екатериновский 3,912023 0,000372
екатерины 1,514128 0,000288
елшанкой 3,912023 0,000372
елшанское 3,912023 0,000372
емельян 3,218876 0,000306
епархия 0,967584 0,000368
еремеевка 3,912023 0,000372
ершов 2,813411 0,000267
ершовский 3,506558 0,000333
есеевка 3,912023 0,000372
естественный 0,776529 0,000074
ефрона 0,328504 0,000094
жаркий 1,514128 0,000144
жасминный 3,912023 0,000372
жбк 3,506558 0,000333
железнодорожный 0,579818 0,000992
железный 0,616186 0,000527
желтобрюхий 3,912023 0,000372
желтый 1,609438 0,000306
жемчужина 2,207275 0,000210
женский 0,867501 0,000247
жертва 1,347074 0,000256
живописцы-символисты 3,912023 0,000372
живопись 1,609438 0,000153
жигулевск 1,832581 0,000174
жизнь 0,342490 0,000130
жилье 1,203973 0,000686
жиромская 1,021651 0,000097
житель 0,562119 0,000214
жить 0,820981 0,000078
жкх 2,120264 0,000806
журавлиный 3,912023 0,000372
журавль 2,525729 0,000240
журн 3,506558 0,000666
журнал 0,301105 0,000057
журналист 1,660731 0,000316
журналистика 2,995732 0,000569
заведение 0,867501 0,000412
завод 0,693147 0,001449
заводский 1,966113 0,001121
заволжск 2,120264 0,000201
заволжье 2,040221 0,000388
заглавный -0,009950 -0,000001
загрести 3,506558 0,000333
заказ 1,660731 0,000158
заказное 3,218876 0,000306
закат 2,407946 0,000229
закладка 1,966113 0,000187
закладываться 3,218876 0,000306
заключать 2,813411 0,000267
закон 0,462035 0,000220
законность 2,813411 0,000267
законодательный 1,347074 0,000128
закрыть 0,798508 0,000455
закрыться 1,966113 0,000187
зал 0,843970 0,000241
залетаевский 3,912023 0,000372
заложить 0,843970 0,000080
зальный 3,506558 0,001666
заменить 0,494296 0,000094
замещение 3,506558 0,000333
замок 2,207275 0,000210
заморский 3,218876 0,000306
занимательный 2,407946 0,000686
занимать 0,430783 0,000327
заниматься 0,634878 0,000060
занять 0,693147 0,000132
запад 0,634878 0,000121
западный 0,462035 0,000263
записьвойти -0,009950 -0,000001
запланировать 1,832581 0,000174
запустить 0,755023 0,000143
зарегистрировать -0,009950 -0,000002
зарубежный 0,994252 0,000189
заря 1,347074 0,000384
заседание 1,309333 0,000373
засекиным 3,506558 0,000333
заселение 2,407946 0,000229
заселить 1,897120 0,000361
заслужить 1,714798 0,000326
застройка 0,916291 0,000348
засушливый 1,714798 0,000163
затон 1,427116 0,000136
затонская 3,912023 0,000744
затор 2,302585 0,000219
захоронение 1,832581 0,000174
защита 0,616186 0,000176
заявить 1,386294 0,000132
заявление -0,009950 -0,000001
звание 0,891598 0,000169
звезда 0,916291 0,000087
звездный 1,897120 0,000361
звенигово 2,120264 0,000201
звук 2,040221 0,000194
звучание 3,218876 0,000306
здание 0,673345 0,001344
здравоохранение 0,843970 0,000642
зейферта 3,912023 0,000372
зеленодольск 1,237874 0,000235
зеленый 0,755023 0,000072
земледельческий 3,506558 0,000333
земля 0,400478 0,000266
зенит-саратов 3,912023 0,000372
зерно 2,407946 0,000458
зима 0,478036 0,000454
златоуст 1,347074 0,000128
злобовка 3,912023 0,000372
злободневный 3,912023 0,000372
змеиный 2,659260 0,000253
знак -0,009950 -0,000001
знаменитый 0,967584 0,000184
значение 0,061875 0,000047
значительный 0,328504 0,000031
золотой 0,597837 0,000227
золотоордынский 2,302585 0,000219
зона 0,400478 0,000152
зональный 2,302585 0,000438
зоринский 3,912023 0,000744
зритель 1,108663 0,000527
зсо 3,912023 0,000744
зубец 1,771957 0,000168
иван 0,843970 0,000080
ивана 1,078810 0,000103
ивановича 2,040221 0,000194
ивановичу 3,506558 0,000333
иваново 1,139434 0,000108
ивановский 2,120264 0,000201
ивантеевский 3,912023 0,000372
иваньковского 2,120264 0,000201
игорь 1,714798 0,000163
игра 0,843970 0,000321
играть 0,867501 0,000082
идентификатор 0,693147 0,000066
идиш 3,506558 0,000333
идти 0,820981 0,000156
ижевск 1,139434 0,000108
из-за 0,415515 0,000039
избираться 1,427116 0,000136
известие 0,994252 0,000189
известное 0,994252 0,000094
известный 0,287682 0,000191
изготовление 2,407946 0,000229
изд-во 1,049822 0,000200
издаваться 1,660731 0,000158
издание 0,415515 0,000079
издательский 1,272966 0,000242
издательство 0,494296 0,000235
изделие 1,108663 0,000211
изложить 2,407946 0,000229
изменение 0,301105 0,000143
измениться 1,021651 0,000097
изменяться 1,203973 0,000114
измерительный 2,525729 0,000240
износ 2,525729 0,000480
изобразительный 1,347074 0,000128
иллюзионист 3,912023 0,000372
иллюзионный 3,912023 0,000372
иллюминатор 3,912023 0,000372
иль 3,218876 0,000306
именно 0,544727 0,000052
именоваться 1,469676 0,000140
иметь 0,094311 0,000036
иметься 0,385662 0,000366
империя 0,653926 0,000062
имя 0,274437 0,001304
иначе 0,733969 0,000070
инвентарный 3,218876 0,000306
индекс 0,634878 0,000060
индустриализация 1,832581 0,000174
индустриальный 1,309333 0,000124
инженер 1,139434 0,000217
инженерия 2,813411 0,000267
инженерный 1,272966 0,000121
инициатива 1,171183 0,000111
инновационный 1,771957 0,000168
иностранец 1,771957 0,000337
иностранный 0,916291 0,000087
инспекторский 3,912023 0,000372
инспекционный 3,506558 0,000333
институт 0,371064 0,000599
институциональными 3,912023 0,000372
инструмент -0,009950 -0,000009
интерактивный 1,560648 0,000148
интервал 2,407946 0,000229
интернет-провайдеров 2,659260 0,000253
интернет-телевидения 3,912023 0,000372
инфо 2,659260 0,000253
информатик 1,469676 0,000279
информационный 0,462035 0,000790
информация 0,162519 0,000046
инфраструктура 0,891598 0,000085
ипотека 3,218876 0,000306
ирбис 3,506558 0,000333
иркутск 1,171183 0,000111
исаев 2,995732 0,000285
искусственный 0,916291 0,000348
искусство 0,478036 0,000227
исполнитель 1,714798 0,000163
исполнительно-распорядительный 2,302585 0,000219
исполниться 2,525729 0,000240
исполнять 1,108663 0,000105
использование -0,009950 -0,000001
использовать 0,020203 0,000006
использоваться 0,223144 0,000021
исток 0,755023 0,000143
исторически 1,078810 0,000103
исторический 0,314711 0,000239
история 0,051293 0,000107
источник -0,009950 -0,000007
исчезновение 2,120264 0,000403
исчисление 0,776529 0,000074
итог 0,494296 0,000235
итого 1,609438 0,000153
ишимбай 1,309333 0,000124
июль 0,116534 0,000432
июнь 0,116534 0,000310
кабельный 1,514128 0,000144
кабинет-музей 3,912023 0,000744
каждый 0,261365 0,000025
казак 1,309333 0,000124
казани 1,771957 0,000168
казанский 1,049822 0,000299
казань 0,891598 0,000339
казарма 1,966113 0,000187
казах 1,427116 0,000136
казахстан 1,469676 0,000140
казахстанский 3,506558 0,000333
казачество 2,407946 0,000229
казачий 1,469676 0,000140
каланча 3,218876 0,000306
калашников 2,525729 0,000240
калининск 3,912023 0,000372
калининский 2,207275 0,000210
калмык 1,560648 0,000148
калязин 2,040221 0,000194
каменный 0,733969 0,000070
каменск-уральский 1,347074 0,000128
камень 0,994252 0,000189
камский 1,714798 0,000163
камышина 2,120264 0,000201
канал 0,673345 0,000320
канализация 1,966113 0,000187
канатный 2,207275 0,000210
каноэ 3,912023 0,000372
канцелярия 1,832581 0,000348
капитальный 1,660731 0,000316
карат 2,813411 0,000267
карелиным 3,912023 0,000372
карельский 2,813411 0,000267
каррборо 3,912023 0,000372
карт 0,301105 0,000057
картина 1,347074 0,000128
карусель 1,771957 0,000337
каскад 1,966113 0,000187
каспий 2,302585 0,000438
каспийск 1,272966 0,000121
каспийский 1,514128 0,000144
каталог 0,094311 0,000009
катание 1,966113 0,000187
категория -0,009950 -0,000002
каток 2,302585 0,001094
кафедральный 0,967584 0,000184
качественный 1,832581 0,000174
качество 0,287682 0,000055
кают-компания 3,912023 0,000372
квадратный 1,660731 0,000158
квартал 0,994252 0,000283
кей 2,302585 0,000219
кемерово 1,237874 0,000118
керамик 2,659260 0,000253
кибальникова 3,912023 0,000744
кимр 2,120264 0,000201
кинешма 2,120264 0,000201
кино 0,994252 0,000378
киноклубные 3,912023 0,000372
кинооборудование 3,506558 0,000333
кинопрокат 3,506558 0,000666
кинотеатр 0,891598 0,001271
кинофестиваль 1,832581 0,000174
кириллу 3,506558 0,001000
кирин 3,912023 0,000372
киров 1,309333 0,000124
кирова 1,386294 0,000790
кировский 1,237874 0,000588
кирпичный 1,609438 0,000153
киселева 2,813411 0,000802
киселеву 3,912023 0,000744
китай 0,776529 0,000221
киц 3,912023 0,000372
кладбище 1,237874 0,000941
кладбищенский 2,659260 0,000253
клещевка 3,912023 0,000372
климат 0,446287 0,000297
климента 2,813411 0,000267
клиника 2,040221 0,000194
клоун 2,813411 0,000267
клуб 0,798508 0,001138
клык 2,813411 0,000267
ключ 1,309333 0,000124
кмказань 2,040221 0,000194
кмкраснодар 3,218876 0,000306
кммосква 1,832581 0,000174
кмнижний 2,525729 0,000240
кмсочи 2,120264 0,000201
кмтольятти 3,912023 0,000372
книга 0,415515 0,000355
книжный 0,798508 0,000228
княже-владимирский 3,912023 0,000372
князевка 3,912023 0,000372
князевского 3,912023 0,000372
князь 0,867501 0,000082
ковалева 2,302585 0,000219
код -0,009950 -0,000047
кодекс -0,009950 -0,000003
кодистория 0,116534 0,000011
кожевенный 1,966113 0,000187
козино 2,120264 0,000201
козлаковка 3,912023 0,000372
козловка 2,120264 0,000403
козьмодемьянск 2,120264 0,000201
кокурино 3,912023 0,001115
количество 0,210721 0,000080
колледж 1,108663 0,002107
коллектив 1,237874 0,000471
коллекция 1,309333 0,000995
колокольный 2,995732 0,000569
колокольчик 3,912023 0,000372
коломна 1,272966 0,000121
колонист 2,995732 0,000285
колония 1,771957 0,000168
колотов 3,912023 0,000372
команда 0,798508 0,000076
командный 1,347074 0,000256
комарова 2,302585 0,000219
комаровых 3,912023 0,000372
комбикормовый 3,506558 0,000333
комедия 1,966113 0,000187
коми 1,514128 0,000144
комиссар 2,207275 0,000210
комиссариат 2,995732 0,000285
комитет 0,653926 0,000311
комма 2,995732 0,000285
коммерсантъ 1,139434 0,000217
коммунальный 1,609438 0,000765
компания 0,371064 0,000247
комплекс 0,579818 0,000441
композитор 1,514128 0,000432
комсомолец 1,560648 0,000297
комсомольск-на-амуре 1,203973 0,000114
комсомольский 0,891598 0,000254
конаково 2,120264 0,000201
кондитерская 1,660731 0,000158
кондиционер 3,912023 0,000372
кондратий 3,218876 0,000306
конец 0,198451 0,000207
конкурс 1,171183 0,000890
конно-железная 3,506558 0,000333
консерватория 2,207275 0,002517
константиновка 3,506558 0,000333
константиновский 1,966113 0,000187
контакт 2,120264 0,000201
контактный 2,407946 0,000229
континентальный 0,527633 0,000100
контора 2,120264 0,000201
контракт 1,609438 0,000153
контроль 0,994252 0,000094
контрольно-счетная 2,207275 0,000420
контрольно-счетный 2,813411 0,000267
конфессия 1,049822 0,000100
конфиденциальность -0,009950 -0,000001
концерт 1,832581 0,000174
концертный 1,108663 0,000316
кооперативный 2,407946 0,000229
копие 0,223144 0,000509
короткий -0,009950 -0,000001
короткометражный 2,995732 0,000285
корпорация 1,347074 0,000128
корпус 1,171183 0,000334
корректив 3,912023 0,000372
корчева 2,040221 0,000194
космический 1,309333 0,000124
космонавт 1,514128 0,000576
кострома 1,171183 0,000223
кот 1,966113 0,000187
котельникова 3,506558 0,000333
котловина 1,897120 0,000361
котлякова 2,659260 0,000253
который 0,000000 0,000000
кравец 1,386294 0,000132
краеведение 2,040221 0,000194
краеведческий 1,108663 0,000211
край 0,544727 0,000311
красивость 3,912023 0,000372
красивый 1,660731 0,000158
красноармейск 3,506558 0,000333
красноармейский 1,714798 0,000163
краснодона 3,912023 0,000372
красное-на-волге 2,120264 0,000201
краснокутский 3,912023 0,000372
краснооктябрьского 3,506558 0,000333
краснопартизанский 3,912023 0,000372
краснослободск 2,120264 0,000201
красноярск 0,967584 0,000092
красный 0,597837 0,000341
краткий 0,653926 0,000124
кредит 2,525729 0,000240
крепость 0,994252 0,000283
кристалл 2,040221 0,000776
кристалл-балалайка 3,912023 0,000372
кром 0,235722 0,000112
кросфит 3,912023 0,000372
круглый 1,897120 0,000180
круизный 2,040221 0,000194
крупномасштабный 2,407946 0,000229
крупный 0,210721 0,000461
крупчатый 3,912023 0,000372
крутец 3,912023 0,000372
крыло 1,966113 0,000374
крыловъ 3,912023 0,000372
крыма 0,843970 0,000080
крыть 1,609438 0,000612
кстово 2,040221 0,000194
кто 1,203973 0,000114
кубанский 2,302585 0,000219
кузнецка 2,995732 0,000285
кузнецов 1,771957 0,000337
кузнечный 2,407946 0,000229
кузьмин 2,525729 0,000240
куйбышевский 1,771957 0,000168
куки -0,009950 -0,000001
кукла 0,891598 0,000085
кулинарный 3,506558 0,000333
культура 0,356675 0,000576
культурный 0,597837 0,000341
кумаков 3,912023 0,001115
кумысный 3,912023 0,000744
купец 1,078810 0,000205
купеческий 1,832581 0,000348
курган 1,203973 0,000114
курдюм 3,912023 0,000744
курсировать 1,514128 0,000144
кустарей-гармошечников 3,912023 0,000372
кут 3,218876 0,000306
кушнерев 2,995732 0,000569
лавриненко 3,506558 0,000333
лазерный 2,813411 0,000267
лазурный 2,040221 0,000194
лампа 3,218876 0,000306
лаптев 3,506558 0,000333
лауреат 1,609438 0,001071
лев 0,967584 0,000092
левицкий 3,506558 0,000333
левобережный 1,714798 0,000163
легенда 1,469676 0,000140
легендарный 1,897120 0,000180
легкий 0,967584 0,000092
ледовый 1,078810 0,000103
лекционный 3,506558 0,000666
ленин 0,755023 0,000215
ленинск-кузнецкий 1,347074 0,000128
ленинский 0,941609 0,000805
лента 1,203973 0,000229
леопольдов 3,912023 0,000372
лес 0,733969 0,000139
лесостепь 1,897120 0,000180
летию 1,078810 0,000410
летия 1,108663 0,000105
летний 0,579818 0,000055
лето 0,891598 0,000169
летопись 1,237874 0,000235
лечебница 2,813411 0,000267
лечебный 1,771957 0,000168
лиаза 2,659260 0,000253
лидия 2,995732 0,000285
ликвидировать 1,309333 0,000124
ликеро-водочный 3,218876 0,000306
лиманской 3,912023 0,000744
лимкор 3,912023 0,000372
линия 0,462035 0,000132
липка 3,506558 0,000666
липовка 3,506558 0,000333
липовский 3,912023 0,000372
лира 3,506558 0,000333
литература 0,051293 0,000010
литературный 0,867501 0,000412
литий-элемент 3,912023 0,000372
лицей 1,347074 0,001280
лицей-интернат 3,218876 0,000306
лицензия -0,009950 -0,000003
лицо 0,673345 0,000192
лишь 0,478036 0,000091
лодзь 3,218876 0,000306
локомотив 1,714798 0,000489
локомотивный 2,525729 0,000240
ломоносова 2,040221 0,000194
лопатиной 3,912023 0,000372
луганск 1,203973 0,000114
луговой 2,302585 0,000219
лукойл 2,525729 0,000240
лучший 0,776529 0,000369
лыжероллерная 3,506558 0,000666
лыжный 1,897120 0,000361
лыжня 3,506558 0,000333
лысково 2,040221 0,000194
лысогорский 3,912023 0,000372
лысый 3,218876 0,000612
лысьва 1,347074 0,000128
любитель 2,407946 0,000229
люди 0,755023 0,000072
люкс 2,995732 0,000285
люкшина 3,912023 0,001115
магадан 1,237874 0,000118
магазин 1,272966 0,000242
магистраль 0,867501 0,000247
магистральный 1,771957 0,000168
магия 3,218876 0,000918
магнит 1,609438 0,000153
магнитогорск 1,272966 0,000121
мадонна 3,912023 0,000372
май 0,127833 0,000595
майна 2,040221 0,000194
майорова 3,506558 0,000333
макарьево 2,120264 0,000201
максим 1,237874 0,000706
максимум 0,579818 0,000110
малинина 2,995732 0,000285
мало 0,579818 0,000055
малой 0,776529 0,000221
малоэтажный 2,302585 0,000219
малый 0,139262 0,000040
мама 3,218876 0,000612
манифест 2,525729 0,000240
марии 2,040221 0,000388
мариинский 1,469676 0,000140
марина 2,207275 0,000210
мария 1,832581 0,000174
марка 0,733969 0,000070
маркиз 2,995732 0,000569
маркс 1,309333 0,000249
марксовский 3,912023 0,000372
март 0,116534 0,000244
маршрут 0,673345 0,000704
маршрутный 1,049822 0,000200
масло 2,407946 0,000229
маслобойный 3,912023 0,000372
маслозавод 3,912023 0,000372
массовый 0,494296 0,000141
мастер 1,171183 0,000111
мастерская 1,832581 0,000522
масштаб 1,108663 0,000211
математик 1,347074 0,000256
материал -0,009950 -0,000002
матроскин 3,912023 0,000372
матч 1,108663 0,000105
маханный 3,912023 0,000372
махино 3,912023 0,000372
машина 0,713350 0,000068
машиностроение 1,049822 0,000499
машиностроительный 1,347074 0,000128
маяк 1,078810 0,000205
мвд 1,309333 0,000124
мвт 2,525729 0,001200
мебель 2,302585 0,000219
мебельный 2,525729 0,000480
мегафон 1,237874 0,000235
мед 2,659260 0,000253
медвежий 2,813411 0,000267
медиафайлы 0,301105 0,000029
медико-биологический 3,912023 0,000372
медицинский 0,653926 0,000373
медцентры 3,912023 0,000372
межвузовский 2,659260 0,000253
междугородний 2,407946 0,000229
международный 0,385662 0,000513
межмуниципальный 2,525729 0,000240
мезенцева 3,912023 0,000744
мелодрама 3,506558 0,000666
мельница 2,120264 0,001410
мемориальный 1,139434 0,000217
менякин 3,912023 0,000372
менякина 3,912023 0,000372
мера 0,820981 0,000078
мергичевка 3,912023 0,000372
мероприятие 0,916291 0,000261
местный 0,478036 0,000363
место 0,139262 0,000304
месторождение 1,427116 0,000136
месяц 0,415515 0,000118
месяцевикипедия 0,776529 0,000074
металл 1,272966 0,000121
металлообрабатывающий 2,659260 0,000253
металлообработка 1,897120 0,000180
метеор 2,407946 0,000229
метр 0,653926 0,000124
метро 1,272966 0,000363
метрополитен 1,609438 0,000306
мефодию 3,506558 0,001000
механизировать 3,218876 0,000306
механик 1,832581 0,000174
механический 1,660731 0,000158
мечеть 0,994252 0,000094
мечта 2,120264 0,000201
мещанин 2,995732 0,000285
миасс 1,309333 0,000124
миграционный 1,560648 0,000148
микроб 3,506558 0,000333
микроорганизм 2,407946 0,000229
микрорайон 0,916291 0,000087
милиция 2,120264 0,000201
миллион 0,776529 0,000074
мина 2,302585 0,000219
мини-отель 3,912023 0,000372
мини-футбольный 2,207275 0,000420
минимальный 1,347074 0,000128
минимум 0,653926 0,000124
министерство 0,653926 0,000186
министр 1,171183 0,000111
минтрансе 3,506558 0,000333
мир 0,094311 0,000045
мираж 3,218876 0,000306
мириада 3,912023 0,000372
михаил 0,916291 0,000174
михайлович 1,386294 0,000132
михайловича 2,525729 0,000480
михайловка 3,506558 0,000333
михайловский 2,407946 0,000229
михайловского 3,912023 0,000372
михельсона 3,912023 0,000372
млн 0,462035 0,000088
млрд 0,820981 0,000234
мма 3,912023 0,000372
мнение 0,634878 0,000121
многие 0,356675 0,000169
много 0,150823 0,000057
многоконфессиональный 2,813411 0,000267
многонациональный 2,659260 0,000253
многофункциональный 2,207275 0,000210
многочисленный 0,693147 0,000132
многоэтажный 1,832581 0,000174
множество 0,462035 0,000088
мобильный -0,009950 -0,000001
модуль 0,562119 0,000053
мое 2,407946 0,000229
молл 2,525729 0,000720
молога 2,120264 0,000201
молодежный 1,078810 0,000205
молодежь 1,386294 0,000790
молодость 2,813411 0,000267
молот 2,525729 0,000240
молчаливый 3,912023 0,000372
молчанов 3,218876 0,000306
момент 0,527633 0,000050
монастырь 0,867501 0,000082
монета 0,994252 0,000094
мониторинг 1,108663 0,000105
мончегорск 1,347074 0,000128
мордва 1,309333 0,000124
море 0,562119 0,000107
мороз 1,386294 0,000132
москва 0,400478 0,000381
москвасаратов 3,912023 0,000372
москве 1,171183 0,000111
москвой 1,237874 0,000118
москву 1,139434 0,000217
москвы 0,653926 0,000062
московский 0,527633 0,000301
мост 0,713350 0,000271
мочь -0,009950 -0,000004
мощность 1,386294 0,001186
мрамор 2,995732 0,000285
мск 0,843970 0,000080
мтс 1,237874 0,000118
мужской 1,108663 0,000105
муза 2,120264 0,000403
музей 0,653926 0,003169
музей-усадьба 2,525729 0,000240
музейный 1,514128 0,000719
музыка 0,941609 0,000716
музыкальный 0,867501 0,000247
музыкант 2,207275 0,000210
мука 2,407946 0,000686
мукомольный 2,813411 0,000535
мультимедийный 2,120264 0,000201
мультиплекс 1,514128 0,000144
мулявина 3,912023 0,000372
муниципалитет 1,966113 0,000187
муниципальный 0,713350 0,003051
муп 1,897120 0,000180
мупп 3,912023 0,000372
мусульман 1,171183 0,000111
мутный 2,995732 0,000285
мфк 2,995732 0,000285
мчс 2,120264 0,000201
мышкин 2,120264 0,000201
мэрия 1,560648 0,000148
мясницкий 3,912023 0,000744
мясо 2,302585 0,000219
мяч 1,609438 0,000153
набережная 0,891598 0,000593
наблюдение 1,108663 0,000105
навигация -0,009950 -0,000004
наводиться 3,912023 0,000372
наволок 2,120264 0,000201
навсегда 2,813411 0,000267
нагорный 2,302585 0,000219
награда 0,798508 0,000076
надпись 1,660731 0,000158
назад 1,108663 0,000105
назаровка 3,912023 0,000372
название 0,105361 0,000090
назвать 0,371064 0,000071
назначаться 2,040221 0,000194
называть 0,174353 0,000017
называться 0,328504 0,000062
наиболее 0,139262 0,000040
наименование 0,994252 0,000189
наличие 0,867501 0,000082
наместничество 1,514128 0,000144
наметить 2,407946 0,000229
нападать 2,407946 0,000229
направление 0,385662 0,000037
напротив 1,237874 0,001176
наратбанк 3,912023 0,000372
нариманов 2,120264 0,000201
народ 0,579818 0,000276
народный 0,616186 0,000820
наряд 1,049822 0,000200
насаждение 1,469676 0,000140
население 0,462035 0,002547
населить 0,597837 0,001193
наследие 0,713350 0,000271
настоящее 0,287682 0,000137
наступать 0,843970 0,000080
насчитывать 1,203973 0,000114
наталии 3,912023 0,000372
наука 0,235722 0,000179
науч 1,714798 0,000163
научно-исследовательский 0,798508 0,000228
научно-производственные 3,912023 0,000372
научный 0,248461 0,000142
находить 1,560648 0,000148
находиться 0,174353 0,000265
находка 0,994252 0,000094
национальность 0,867501 0,000330
национальный 0,342490 0,000195
начало 0,116534 0,000177
начальство 2,525729 0,000240
начать 0,510826 0,000097
начаться 0,562119 0,000107
начинаться 0,527633 0,000050
начиная 0,733969 0,000209
наш 0,527633 0,000201
нвк-банк 3,912023 0,000372
нвкбанк 3,912023 0,000372
небанковский 3,506558 0,000333
небо 1,272966 0,000121
небольшое 1,427116 0,000136
небольшой 0,494296 0,000047
невилль-де-пуату 3,912023 0,000372
невский 1,272966 0,000242
невысокий 1,966113 0,000187
негосударственный 1,386294 0,000132
неделя 1,309333 0,000124
недостаток 0,579818 0,000055
недоступный 0,446287 0,000382
недофинансирование 3,506558 0,000333
независимый 1,049822 0,000100
неизвестно 2,659260 0,000253
некоммерческий -0,009950 -0,000001
некорректный 1,514128 0,000144
некоторые 0,127833 0,000049
некрасовский 2,040221 0,000194
немец 1,108663 0,000105
немецкий 0,798508 0,000304
немцевсаратовская 3,912023 0,000372
необходимо 1,237874 0,000118
необходимое 1,771957 0,000168
необходимый 1,078810 0,000103
неофициально 2,302585 0,000219
нерабочий 0,994252 0,000094
неразгаданный 3,912023 0,000372
нередкий 2,659260 0,000253
нередко 1,108663 0,000105
несколько 0,116534 0,000100
несопоставимый 3,912023 0,000372
нефтегазовый 2,120264 0,000201
нефтехимический 1,966113 0,000187
нефтяной 1,514128 0,000719
ниже 0,693147 0,000066
нижне-волжский 3,506558 0,000333
нижневолжского 3,506558 0,000333
нижнее 0,916291 0,000087
нижний 0,494296 0,000329
низкий 0,843970 0,000160
низменный 1,897120 0,000180
низовье 1,966113 0,000187
нии 1,237874 0,000471
никитина 2,302585 0,000219
никитиным 3,506558 0,000666
никитиными 3,912023 0,000372
никитиных 3,506558 0,001666
николаевич 1,309333 0,000124
николаевск 1,966113 0,000187
николаем 2,302585 0,000219
николай 0,867501 0,000247
николая 0,916291 0,000174
никольской 3,218876 0,000306
нить 2,813411 0,000267
нобелевский 2,207275 0,000210
новгород 0,867501 0,000412
новгорода 2,040221 0,000194
новинка 2,813411 0,000267
ново-нахичеванской 3,912023 0,000372
новоалександровка 3,912023 0,000372
новобурасский 3,912023 0,000372
новогусельский 3,912023 0,000372
новодевичье 2,120264 0,000201
новое 0,287682 0,000355
новокузнецк 1,272966 0,000121
новокуйбышевск 2,120264 0,000201
новомосковск 1,203973 0,000114
новороссии 3,506558 0,000333
новосибирск 0,916291 0,000087
новость 0,544727 0,000362
новоузенск 3,506558 0,000333
новоузенский 3,912023 0,000372
новоульяновск 2,120264 0,000201
новочебоксарск 2,120264 0,000201
новый 0,083382 0,000135
номинация 2,040221 0,000194
норвежский 0,248461 0,000024
норильск 1,203973 0,000114
норма 0,597837 0,000057
нояб 0,820981 0,000078
ноябрь 0,127833 0,000279
нпз 2,659260 0,000253
нпо 2,207275 0,000210
нпп 3,218876 0,000612
нпц 2,813411 0,000267
нпцап 3,912023 0,000372
нтв 1,427116 0,000136
нумерация 2,040221 0,000194
нумизматический 2,995732 0,000285
нынешний 1,021651 0,000097
нэск 3,912023 0,000744
оазис 3,506558 0,000333
оао 0,916291 0,000087
оба 0,597837 0,000057
обеспечивать 0,415515 0,000079
обзор 1,078810 0,000205
обладатель 1,514128 0,000144
областиобластные 2,407946 0,000229
областной 0,994252 0,003307
область 0,150823 0,000573
областьгорода 1,309333 0,000124
облик 1,203973 0,000114
обновить 1,203973 0,000114
обновление 1,203973 0,000114
обновлениявикипедия 1,771957 0,000168
обогатиться 3,218876 0,000306
оборонно-промышленный 3,506558 0,000333
оборонный 1,771957 0,000337
оборонять 2,525729 0,000240
оборудование 0,653926 0,000062
оборудовать 1,897120 0,000901
образ 0,287682 0,000055
образование 0,356675 0,001593
образовательный 0,891598 0,000424
образовать 0,385662 0,000073
обращение 0,030459 0,000457
обрести 2,407946 0,000229
обсудить 2,302585 0,000438
обход 1,469676 0,000978
общедоступный 1,347074 0,000128
общее 0,301105 0,000057
общеобразовательный 1,021651 0,000097
общественный 0,494296 0,000376
общество 0,415515 0,000079
общий 0,186330 0,000053
объединение 0,776529 0,000148
объединить 0,867501 0,000247
объединять 1,108663 0,000105
объезд 3,912023 0,000744
объездной 1,897120 0,000180
объект 0,235722 0,000112
объемный 2,995732 0,000285
объявить 0,798508 0,000152
обыкновенный 1,966113 0,000187
обязанность 1,347074 0,000128
обязать 1,609438 0,000153
овраг 1,660731 0,000316
огнестрельный 2,995732 0,000285
огонь 1,139434 0,000108
ограничение 1,237874 0,000118
ограничить 0,653926 0,000062
одежда 2,120264 0,000201
один 0,051293 0,000063
однако 0,174353 0,000083
одновременно 0,776529 0,000074
одноименный 0,967584 0,000092
одноклассник 2,407946 0,000686
озинский 3,912023 0,000372
оказывать 0,867501 0,000082
окато 0,820981 0,000078
окончание 1,309333 0,000124
окрасить 3,506558 0,000333
окрестность 0,941609 0,000089
округ 0,562119 0,001015
окружить 1,771957 0,000337
окт 0,798508 0,000076
октмо 0,843970 0,000080
октябрь 0,072571 0,000324
октябрьск 2,120264 0,000201
октябрьский 0,776529 0,000517
олег 1,427116 0,000271
олега 1,966113 0,000187
олегу 3,912023 0,001487
олимпийский 1,108663 0,000105
олимпия 2,813411 0,000267
ольга 1,347074 0,000256
омск 1,021651 0,000097
онлайн 0,198451 0,000019
онским 3,912023 0,000372
ооо 0,843970 0,000401
опасный 1,272966 0,000121
опекунство 3,912023 0,000372
опер 1,469676 0,000559
оператор 0,941609 0,000179
операция 0,776529 0,000074
оперетта 2,995732 0,000285
оперный 1,897120 0,000180
описание -0,009950 -0,000002
определять 0,867501 0,000082
орган 0,616186 0,000586
организация -0,009950 -0,000006
организовать 0,634878 0,000060
орден 0,891598 0,000085
орджоникидзе 2,040221 0,000388
оригинал 0,139262 0,000450
оригинальный 1,771957 0,000168
оркестр 1,386294 0,000527
оркестровый 3,912023 0,000372
орск 1,272966 0,000121
ортпц 2,407946 0,000229
оружие 1,203973 0,000343
осада 1,897120 0,000180
осадка 1,237874 0,000235
осадок 0,544727 0,000104
освещать 2,525729 0,000240
оседлый 2,995732 0,000285
осетия 2,659260 0,000505
осипов 0,527633 0,000050
оснащение 2,813411 0,000267
основа 0,210721 0,000060
основание 0,494296 0,000047
основать 0,274437 0,000209
основное 0,235722 0,000067
основной 0,040822 0,000035
основываться 1,560648 0,000148
особенно 0,562119 0,000053
особняк 1,771957 0,000168
особо 1,237874 0,000118
особый 0,776529 0,000074
оставаться 0,544727 0,000104
оставить 1,427116 0,000136
остальной 0,616186 0,000059
остановка 1,514128 0,000144
остановочный 2,207275 0,000420
остаться 0,867501 0,000247
остров 0,820981 0,000468
осуществление 1,427116 0,000136
осуществлять 0,597837 0,000114
осуществляться 0,616186 0,000176
осьмой 3,912023 0,000372
отв 0,755023 0,000072
ответ 0,941609 0,000089
ответвление 2,407946 0,000229
ответственность -0,009950 -0,000001
отвод 3,218876 0,000612
отводиться 2,813411 0,000267
отделение 0,713350 0,000068
отдельный -0,009950 -0,000002
отдых 0,941609 0,000268
отечественный 0,634878 0,000362
отзыв 2,525729 0,000480
отзываться 3,218876 0,000306
отказ -0,009950 -0,000001
открываться 1,347074 0,000128
открытие 0,616186 0,000468
открыто 1,078810 0,000205
открыть 0,150823 0,000559
открыться 0,820981 0,001326
отличаться 0,342490 0,000033
отменить 1,427116 0,000136
отметить 0,616186 0,000117
отнести 1,560648 0,000148
относительно 0,415515 0,000039
относиться 0,328504 0,000062
отношение 0,430783 0,000041
отозвать 2,995732 0,000285
отойти 2,207275 0,000210
отпечаток 3,506558 0,000333
отправить 1,560648 0,000148
отправляться 1,427116 0,000271
отр 1,832581 0,000174
отраслевой 1,609438 0,000306
отрасль 0,653926 0,000186
отредактировать -0,009950 -0,000002
отруби 3,912023 0,000372
отряд 1,272966 0,000121
отсутствовать 0,776529 0,000074
офицеров-артиллеристов 3,912023 0,000372
официально 0,693147 0,000066
официальный 0,356675 0,000576
ох 1,347074 0,000128
охватить 1,832581 0,000174
охрана 0,843970 0,000080
оценить 1,832581 0,000174
оценка 0,400478 0,000038
очень 0,494296 0,000047
очередь 0,510826 0,000049
очерк 0,733969 0,000139
очистить 2,120264 0,000201
ошибкекак -0,009950 -0,000001
ощутимый 2,302585 0,000219
павел 1,078810 0,000205
павильон 2,040221 0,000194
павлин 1,714798 0,000163
павловича 2,813411 0,000267
павловичу 3,506558 0,000333
пакет 1,427116 0,000136
палата 1,347074 0,000256
пальмин 3,912023 0,001487
памяти 1,078810 0,000103
памятник 0,597837 0,003238
памятный 0,798508 0,000152
память 0,820981 0,000078
пан 2,659260 0,000253
паницкий 3,912023 0,000372
панкратион 3,912023 0,000372
панорама 1,203973 0,000229
пао 1,427116 0,001627
параметр 1,139434 0,000108
парафраз 3,912023 0,000744
парк 0,653926 0,000994
парк-отель 3,506558 0,000666
парка-музея 3,912023 0,000372
парламентаризм 3,912023 0,001115
паровой 2,407946 0,000686
пароход 2,207275 0,000420
пароходство 1,832581 0,000348
пассажир 1,272966 0,000121
пассажирский 0,941609 0,000179
пачков 3,912023 0,000372
пашкина 3,912023 0,000372
пгт 2,302585 0,000219
пдс 3,912023 0,000372
певец 1,832581 0,000174
певческая 3,506558 0,000333
педагогический 0,867501 0,000247
пенза 1,108663 0,000316
первое 0,150823 0,000215
первомайский 1,347074 0,000128
первоначальный 1,203973 0,000114
первый 0,162519 0,000247
перевалочный 2,995732 0,000569
перевозить 1,832581 0,000174
перевозка 0,891598 0,000678
передавать 1,560648 0,000148
передать 0,798508 0,000076
передача 1,078810 0,000205
передача-игра 3,912023 0,000372
переживать 2,207275 0,000420
пережить 2,407946 0,000458
переименовать 0,941609 0,000358
перейти -0,009950 -0,000003
перекресток 1,237874 0,000118
переложение 3,912023 0,000372
перелюбский 3,912023 0,000372
перемена 2,659260 0,000253
перенести 0,994252 0,000094
перенос 1,560648 0,000148
переносной 3,218876 0,000306
перепись 0,755023 0,000933
переподчинить 3,912023 0,000744
перепрофилировать 3,218876 0,000306
перерабатывать 2,525729 0,000240
переработать 2,813411 0,000267
перерыв 2,407946 0,000229
переселяться 2,995732 0,000285
пересечение 1,171183 0,000668
переставать 2,995732 0,000285
переход 0,653926 0,000062
перинатальный 2,040221 0,000388
период 0,274437 0,000078
пермь 0,994252 0,000094
персона 2,995732 0,000285
персональный -0,009950 -0,000001
песнь 1,469676 0,000279
песня 1,427116 0,000136
песок 1,714798 0,000163
песчаный 1,771957 0,000337
петербург 1,897120 0,000361
петербургом 2,659260 0,000253
петр 1,108663 0,000316
петра 1,078810 0,000308
петрить 1,714798 0,000326
петровичу 3,218876 0,000306
петровск 3,506558 0,000333
петровский 1,514128 0,000144
печаль 3,506558 0,000666
печатный 1,021651 0,000097
печать -0,009950 -0,000002
пик 1,609438 0,000153
пионер 1,427116 0,000542
писатель 0,916291 0,000348
письменность 2,407946 0,000458
питерский 3,506558 0,000333
пичугин 3,912023 0,000372
пичугино 3,912023 0,000372
пичугинское 3,912023 0,000372
пищевой 0,916291 0,000087
план 0,527633 0,000552
планировать 1,272966 0,000121
планироваться 0,891598 0,000339
пленный 2,525729 0,000240
плес 1,832581 0,000174
плотина 1,514128 0,000144
плотность 0,634878 0,000060
площадка 0,867501 0,000330
площадь 0,385662 0,000660
плюс 1,272966 0,000121
пляжный 2,207275 0,000210
по-прежнему 1,966113 0,000187
победа 0,755023 0,000646
победа-плаза 3,912023 0,000372
победитель 1,514128 0,000288
побратимский 1,771957 0,000337
поведение -0,009950 -0,000001
поволжский 2,302585 0,000656
поволжье 1,832581 0,000348
поволжья 1,714798 0,001630
погибший 1,203973 0,000114
поглощать 2,813411 0,000267
подборка 2,995732 0,000285
подвергаться 1,609438 0,000153
подвергнуть 2,813411 0,000267
подвод 3,912023 0,000372
подводной 1,514128 0,000288
подворье 2,659260 0,000253
подготавливать 3,912023 0,000372
подготовительный 3,506558 0,000333
подготовка 0,916291 0,000087
подданство 2,813411 0,000267
подключить 1,966113 0,000187
подняться 1,660731 0,000158
подольск 1,272966 0,000121
подписать 0,941609 0,000089
подразделение 1,514128 0,000144
подсолнечный 3,218876 0,000306
подстанция 2,302585 0,000219
подтверждение 1,771957 0,000168
подчинение 1,237874 0,000118
подчиняться 1,660731 0,000316
подшипниковый 3,506558 0,001000
подъезд 1,897120 0,000180
подъездной 2,813411 0,000267
поездопотока 3,912023 0,000372
пожаловать 2,207275 0,000210
пожар 1,171183 0,000111
пожарная 2,207275 0,000420
пожертвовать 2,995732 0,000285
позвонить 3,506558 0,000666
поздний 1,171183 0,000111
поздно 0,713350 0,000068
позже 0,733969 0,000070
познавательный 2,813411 0,000267
поиск -0,009950 -0,000003
пока 0,843970 0,000080
показ 2,207275 0,000629
показатель 0,494296 0,000188
показывать 1,237874 0,000235
поколение 1,203973 0,000114
покров 0,843970 0,000080
покровская 2,302585 0,000656
покровские 3,912023 0,000372
покрытие 1,560648 0,000148
покрыть 1,309333 0,000124
пол 0,446287 0,000297
полдень 0,916291 0,000087
полевой 1,966113 0,000187
полет 1,609438 0,000153
поликлиника 1,309333 0,000373
политик -0,009950 -0,000002
политический 0,597837 0,000057
полицейский 2,995732 0,000285
полковник 1,771957 0,000168
полмиллиарда 3,912023 0,000372
полномочие 1,203973 0,000114
полностью 0,400478 0,000038
половина 0,430783 0,000123
полоз 3,912023 0,000744
полотно 2,040221 0,000194
полпути 3,912023 0,000372
полужирный 1,966113 0,000187
получить 0,150823 0,000158
польский 1,347074 0,000256
польша 1,966113 0,000187
поляк 0,820981 0,000078
поляна 1,427116 0,000271
помещение 1,560648 0,000297
помимо 0,562119 0,000214
помочь 1,171183 0,000111
поп 1,966113 0,000187
попадать 1,771957 0,000168
попасть 1,049822 0,000100
попов 2,207275 0,000210
поповка 3,506558 0,000333
поправка 2,407946 0,000458
популярный 0,891598 0,000085
пора 0,776529 0,000221
порт 0,733969 0,000209
портал 0,342490 0,000033
порталвикипедия 2,120264 0,000201
порядка 1,139434 0,000108
порядок 0,994252 0,000189
пос 2,040221 0,000582
посад 1,469676 0,000140
посвятить 0,634878 0,000302
поселение 0,634878 0,000664
поселок 0,634878 0,000483
поселок-зато 3,912023 0,000372
посетить 1,203973 0,000114
посещение 1,714798 0,000163
последнее 0,843970 0,000241
последний -0,009950 -0,000004
последствие 1,427116 0,000136
поспелов 1,021651 0,000097
посредник 2,302585 0,000219
поставить 1,021651 0,000194
постановление 0,891598 0,000085
постоянная 0,843970 0,000080
постоянно 1,108663 0,000105
постоянный 0,579818 0,000331
построить 0,301105 0,000258
постройка 0,867501 0,000165
постсоветский 1,609438 0,000153
потенциал 0,967584 0,000092
потерять 1,386294 0,000132
потратить 2,040221 0,000194
потребность 1,514128 0,000288
похоронить 2,040221 0,000194
почва 1,272966 0,000121
почетный 0,820981 0,000078
почта 1,309333 0,000124
почтовый 0,653926 0,000124
поэт 1,049822 0,000100
поэтому 0,616186 0,000059
появиться 0,248461 0,000118
появление 0,653926 0,000062
появляться 0,733969 0,000070
пояс 0,597837 0,000170
пояснение 2,995732 0,000285
правда 0,820981 0,000156
правильный 1,966113 0,000187
правительственный 1,832581 0,000174
правительство 0,510826 0,000340
править -0,009950 -0,000095
правка 0,274437 0,000026
правкиновые -0,009950 -0,000001
правкипостоянная -0,009950 -0,000001
право 0,314711 0,000060
правобережье 1,966113 0,000187
правовой 1,021651 0,000097
православный 0,755023 0,000215
правый 0,798508 0,000152
праздник 1,203973 0,000114
празднование 1,309333 0,000124
практический 1,560648 0,000148
превратиться 1,386294 0,000263
превышать 0,673345 0,000064
предводительство 1,897120 0,000180
предлагаться 1,966113 0,000187
предложение 1,609438 0,000153
предложить 0,820981 0,000078
предмет 0,713350 0,000068
предположение 1,897120 0,000361
предприятие 0,527633 0,000752
председ 1,203973 0,000114
представительный 1,237874 0,000118
представительство 0,994252 0,000094
представить 0,328504 0,000094
представиться -0,009950 -0,000001
представление 0,776529 0,000148
представлять 0,328504 0,000062
предусмотреть 1,427116 0,000271
президент 0,597837 0,000170
преимущественно 0,776529 0,000074
прекратить 0,916291 0,000261
прекращение 1,771957 0,000168
премия 1,272966 0,000363
премьер 1,966113 0,000187
преобладать 0,713350 0,000068
преобразование 1,347074 0,000384
преобразовать 0,967584 0,000184
пресвятой 1,272966 0,000121
преследование 2,813411 0,000267
прибор 1,660731 0,000316
приборостроение 2,040221 0,000194
приборостроительный 1,966113 0,000187
привести 0,356675 0,000034
привлекательность 1,832581 0,000348
привлекать 1,609438 0,000153
привокзальный 1,832581 0,000174
приволжский 1,609438 0,001071
пригласить 2,407946 0,000229
приглашаться 3,506558 0,000333
пригородный 0,967584 0,000276
приемно-усилительных 3,912023 0,000372
признание 0,867501 0,000082
признать 0,494296 0,000188
призыв 2,995732 0,000285
прийтись 1,469676 0,000140
приказ 1,203973 0,000114
прикладной 1,078810 0,000103
приложение 0,733969 0,000070
применять 0,510826 0,000097
примерно 0,634878 0,000060
примечание -0,009950 -0,000002
примыкание 3,218876 0,000612
примыкать 1,386294 0,000132
принадлежать 0,755023 0,000072
принадлежность 1,272966 0,000121
принимать 0,634878 0,000060
принятие 1,560648 0,000148
принять 0,248461 0,000071
приостановить 1,609438 0,000306
природно-экологический 3,912023 0,000372
присвоение 1,139434 0,000108
присвоить 0,798508 0,000152
присоединение 1,469676 0,000140
присоединить 1,660731 0,000158
пристанный 3,912023 0,000744
присутственный 2,302585 0,000438
приток 1,078810 0,000205
причал 1,897120 0,000361
проблема 0,274437 0,000209
проведение 0,673345 0,000064
проверить 0,478036 0,000091
проверка 0,843970 0,000160
проверкивикипедия 3,506558 0,000333
проверять 0,820981 0,000078
провинциальный 2,302585 0,000219
проводить 0,843970 0,000080
проводиться 0,653926 0,000497
программа 0,415515 0,000197
продаваться 2,525729 0,000240
продолжаться 1,049822 0,000200
продолжение 1,347074 0,000256
продукт 0,634878 0,000121
продукция 0,941609 0,000358
проезд 1,171183 0,000111
проезжать 2,659260 0,000253
проект -0,009950 -0,000013
проектно-изыскательских 3,912023 0,000372
проехать 3,218876 0,000306
проживание 1,832581 0,000174
произведение 1,021651 0,000194
производитель 1,309333 0,000124
производить 0,916291 0,000174
производственный 1,078810 0,000410
производство 0,527633 0,000552
произойти 0,430783 0,000082
пройти 0,544727 0,000207
прокат 2,120264 0,000201
прокопьевск 1,272966 0,000121
промерзание 2,995732 0,000285
промсельхоз 3,218876 0,000306
промысл 1,966113 0,000374
промышленность 0,494296 0,000564
промышлять 0,462035 0,000527
просветить 3,506558 0,000333
просмотр -0,009950 -0,000001
проспект 0,891598 0,000339
пространство 0,634878 0,000060
протекать 1,108663 0,000105
против 0,798508 0,000076
противоположное 2,302585 0,000219
противостояние 2,407946 0,000229
противочумный 3,218876 0,000612
протон 3,218876 0,000306
протянуться 1,897120 0,000180
проф 1,771957 0,000168
профессионально-педагогический 2,995732 0,000285
профессиональный 0,733969 0,000279
профилировать 3,506558 0,000333
профиль 1,427116 0,000136
проходить 0,462035 0,000220
процент 1,427116 0,000271
процесс 0,415515 0,000039
прочее 0,544727 0,000104
прочие 0,798508 0,000076
прошлое 0,673345 0,000064
прыжок 2,302585 0,000219
прямая 0,867501 0,000082
пугачев 2,813411 0,000535
пугачева 2,302585 0,000219
пугачевагорода 3,218876 0,000306
пугачевец 3,218876 0,000306
пугачевский 2,995732 0,000285
пуд 3,218876 0,000306
пудовкино 3,912023 0,000372
пункт 0,494296 0,001221
пуск 2,659260 0,000253
путать 1,714798 0,000163
путеводитель 0,713350 0,000203
путешествие 1,469676 0,000140
путь 0,261365 0,000099
пучеж 2,120264 0,000201
пушкин 0,916291 0,000174
пфк 3,912023 0,000372
пытаться 1,237874 0,000235
пышма 1,309333 0,000124
пята 3,218876 0,000306
пятерочка 1,832581 0,000174
пятилетка 1,897120 0,000180
пятница 1,427116 0,000136
пятый 0,994252 0,000094
пять 0,693147 0,000132
работа 0,127833 0,000134
работать 0,314711 0,000209
работник 1,108663 0,000527
рабочий 0,597837 0,000114
равномерно 3,218876 0,000306
радаев 3,912023 0,000372
радио 0,891598 0,000254
радиовещательный 1,897120 0,000361
радиоканал 1,897120 0,000180
радиоклуб 3,912023 0,000372
радиоприборный 3,912023 0,000372
радиоприемник 2,995732 0,000285
радиостанция 1,021651 0,000194
радиотехник 2,995732 0,000285
радиотехнический 2,659260 0,000505
радиоэлектроника 2,659260 0,000253
радиоэлектронный 2,207275 0,000210
радищева 2,995732 0,001708
радищевский 3,506558 0,000333
раз -0,009950 -0,000001
разбой 2,659260 0,000253
разбойщиной 3,912023 0,000372
развертывание 2,302585 0,000219
развитие 0,127833 0,000170
развить 0,616186 0,000117
развязать 3,912023 0,000372
раздел 0,342490 0,000195
разделить 0,527633 0,000100
разин 2,813411 0,000267
разинаскрытые 2,525729 0,000240
различный 0,116534 0,000011
размах 2,659260 0,000253
размер 0,755023 0,000143
размещение 0,673345 0,000064
разнонаправленный 3,506558 0,000333
разнотравный 3,506558 0,000333
разный 0,314711 0,000030
разорение 2,995732 0,000285
разработать 0,616186 0,000059
разработчик -0,009950 -0,000001
разразиться 3,506558 0,000333
разрешение 1,660731 0,000158
разумовского 3,506558 0,000666
разъезд 2,659260 0,000253
район 0,430783 0,002947
райффайзенбанк 2,813411 0,000267
райцентр 0,941609 0,000089
ракета 2,040221 0,000194
рамка 0,478036 0,000136
рана 0,776529 0,000148
раненый 2,659260 0,000253
рано 0,261365 0,000050
ранхигс 2,302585 0,000219
расково 3,912023 0,000372
расковой 3,506558 0,000333
расковского 3,912023 0,000372
расловка 3,912023 0,000744
располагаться 0,544727 0,000104
расположение 0,776529 0,000074
расположить 0,385662 0,000330
расположиться 2,040221 0,000194
распоряжение 1,139434 0,000108
распространение 0,891598 0,000169
распространить 0,616186 0,000059
рассвет 2,407946 0,000229
рассказ 1,514128 0,000288
рассказывать 1,832581 0,000174
рассматриваться 1,203973 0,000114
расстояние 0,713350 0,000203
растение 1,171183 0,000111
расти 0,941609 0,000089
растительный 1,386294 0,000132
растровый 3,912023 0,000372
расчетный 2,302585 0,000219
расчленить 2,659260 0,000253
расширение 0,415515 0,000039
расширить 0,967584 0,000184
расшириться 2,407946 0,000229
реализация 0,798508 0,000228
революционер-демократ 3,912023 0,000372
революция 0,562119 0,000214
регби-клубы 3,912023 0,000372
регион 0,385662 0,000330
региональный 0,634878 0,000543
регулировщица 3,912023 0,000372
регулярный 0,798508 0,000152
ред 0,235722 0,000045
редакция 0,916291 0,000087
редкий 1,237874 0,000118
резко 0,967584 0,000092
резолюция 2,995732 0,000285
результат 0,174353 0,000050
рейнеке 3,506558 0,001000
рейник 3,912023 0,000372
рейс 1,171183 0,000111
рейтинг 0,967584 0,000552
река 0,446287 0,000382
рекомендация 0,776529 0,000074
реконструкция 0,820981 0,000078
религия 0,755023 0,000143
рельеф 0,798508 0,000076
рельсовый 2,525729 0,000240
ремесленное 2,120264 0,000201
ремесло 1,714798 0,000163
ремонт 1,139434 0,000217
ремонтировать 3,506558 0,000333
ремонтироваться 3,506558 0,000333
ремонтный 2,995732 0,000285
рен 1,660731 0,000158
репертуар 2,525729 0,000480
репин 1,966113 0,000187
репортер 2,040221 0,000776
республика 0,527633 0,000050
реставрация 2,120264 0,000201
ресурс 0,020203 0,000002
ретроспективный 3,912023 0,000372
рефлектор 3,912023 0,000372
реформа 1,108663 0,000211
речка 1,427116 0,000136
речной 0,693147 0,000593
речпорт 3,912023 0,000372
ржев 1,771957 0,000168
рив 3,506558 0,000333
ривьера 3,218876 0,000306
римско-католический 1,832581 0,000174
ровенский 3,912023 0,000372
ровный 1,771957 0,000168
родина 1,108663 0,000211
родиться 1,237874 0,000235
родной 1,609438 0,000306
рождество 1,660731 0,000158
рожников 3,912023 0,000372
роза 0,916291 0,000174
розничный 1,171183 0,000223
рокотовский 3,912023 0,000372
роль 0,494296 0,000047
романовский 2,659260 0,000253
росбанк 3,218876 0,000306
роскультура 3,912023 0,000372
роснефть 2,995732 0,000285
россельхозакадемии 3,218876 0,000306
россельхозбанк 2,659260 0,000253
россииместа 3,912023 0,000372
российский 0,105361 0,000501
российско-украинской 1,108663 0,000105
россия 0,174353 0,000795
росспэн 0,994252 0,000094
росстат 0,776529 0,000074
рост 0,597837 0,000114
ростех 3,506558 0,001999
ростов-на-дону 1,237874 0,000118
росэлектроника 3,912023 0,001487
рсфср 0,733969 0,000279
ртищево 3,218876 0,000306
ртищевский 3,912023 0,000372
ртрс 1,514128 0,000719
руб 1,171183 0,000111
рубеж 1,021651 0,000291
рубль 0,755023 0,000359
рубцовск 1,347074 0,000128
рука 1,139434 0,000108
руководитель 1,203973 0,000229
рукопашный 3,218876 0,000306
рукописный 2,659260 0,000253
румыния 2,120264 0,000201
рус 0,162519 0,000664
русланова 3,506558 0,000333
русский -0,009950 -0,000015
рыба 1,514128 0,000719
рыбинск 1,203973 0,000229
рыбинский 1,966113 0,000187
рыбка 3,912023 0,000372
рыбушанское 3,912023 0,000372
рыбушка 3,912023 0,000372
рынок 0,713350 0,000271
ряд 0,223144 0,000191
рязано-уральской 3,912023 0,000372
рязань 1,049822 0,000100
сабуровка 3,912023 0,000744
сабуровке 3,912023 0,001115
савин 3,912023 0,000372
сад 0,843970 0,000160
садовый 1,966113 0,000187
сажать 2,995732 0,000285
сайт 0,210721 0,000501
сакко 3,218876 0,000612
салехард 1,347074 0,000128
салют 2,525729 0,000480
сам 0,162519 0,000031
самара 0,891598 0,000424
самарканд 2,813411 0,000535
самарой 2,813411 0,000267
самары 2,659260 0,000505
самодержец 3,912023 0,000372
самозванец 2,813411 0,000267
самойловский 3,912023 0,000372
самокат 3,218876 0,000612
самолет 1,237874 0,000235
самолетъ 3,912023 0,000372
самоуправление 0,891598 0,000424
самый 0,174353 0,000133
санитарный 2,120264 0,000403
санкт 3,506558 0,000333
санкт-петербург 0,616186 0,000059
сапожный 3,506558 0,000333
сар 3,912023 0,000372
сара 3,912023 0,000744
саранск 2,302585 0,000219
сарат 3,912023 0,000372
саратов 0,967584 0,012137
саратов-порт 3,912023 0,000744
саратова 2,813411 0,021121
саратовбизнесконсалтинг 3,912023 0,000744
саратовгорэлектротранс 3,912023 0,000372
саратовдизельаппарат 3,912023 0,000372
саратове 2,813411 0,020587
саратовец 3,912023 0,001115
саратовка 3,912023 0,000744
саратовом 3,506558 0,000333
саратоворгсинтез 3,912023 0,000372
саратоврезинотехника 3,912023 0,000372
саратовский 1,966113 0,044655
саратовстат 3,912023 0,000372
саратовстекло 3,912023 0,000372
саратовстройстекло 3,912023 0,000372
саратовтелефильм 3,912023 0,000372
саратову 3,912023 0,001487
саратовчане 3,912023 0,000372
саратовчанка 3,912023 0,000372
сарбк 3,912023 0,000372
саргрэс 3,912023 0,000372
сарепта 3,506558 0,000333
саринформ 3,912023 0,001859
сароблньюс 3,912023 0,000372
сарпинка 3,912023 0,000372
сары 3,506558 0,001333
сарык 3,912023 0,000372
сачхерским 3,912023 0,000372
сбербанк 1,714798 0,000163
сборник 0,597837 0,000341
сбродовка 3,912023 0,000372
сбываться 3,506558 0,000333
свв 3,912023 0,000372
сведение 0,579818 0,000165
светлый 1,386294 0,000263
свечник 3,912023 0,000372
свинцовка 3,912023 0,000372
свияжск 2,120264 0,000201
свободный -0,009950 -0,000006
свод 2,120264 0,000201
свое 0,287682 0,000137
своеобразный 1,966113 0,000187
свой 0,150823 0,000072
связать 0,174353 0,000033
связаться -0,009950 -0,000001
связь 0,174353 0,000166
свято-алексиевский 3,912023 0,000372
свято-троицкий 2,407946 0,000229
святой 0,755023 0,000430
сгау 3,506558 0,000333
сгау-саратов 3,912023 0,000372
сгму 3,506558 0,000333
сгореть 1,660731 0,000158
сгту 3,912023 0,001859
сгу 3,506558 0,000666
сдать 1,427116 0,000136
сдаться 3,506558 0,000333
сделать 0,616186 0,000059
сделаться 2,995732 0,000285
сдюсшор 2,659260 0,000253
себя 0,198451 0,000019
север 0,527633 0,000150
северный 0,385662 0,000073
северо-запад 1,469676 0,000140
северодвинск 1,171183 0,000111
сегодня 0,616186 0,000117
сегодняшний 1,560648 0,000593
сезонный 1,714798 0,000163
сей 0,693147 0,000132
секрет 2,040221 0,000194
селижарово 2,120264 0,000201
селиться 2,407946 0,000229
село 0,891598 0,000339
сельский 0,634878 0,000543
сельскохозяйственный 0,941609 0,000179
сельхозтехника 2,659260 0,000253
семейство 1,660731 0,000158
семенов 2,207275 0,000629
семинарий 1,386294 0,000263
семнадцатый 3,912023 0,000372
сен-жан-де-люз 2,813411 0,000267
сенгилей 2,120264 0,000201
сенной 2,525729 0,000240
сент 0,843970 0,000080
сентябрь 0,072571 0,000214
сервис 1,108663 0,000211
сергеевич 2,302585 0,000219
сергей 0,967584 0,000276
сергиевский 2,995732 0,000285
середина 0,356675 0,000136
серия 0,713350 0,000203
серп 3,506558 0,000333
серьезное 2,407946 0,000229
сетевой 1,049822 0,000100
сеть 0,356675 0,000271
сеча 3,506558 0,000333
сила 0,494296 0,000047
сильно 0,755023 0,000072
сильный 0,544727 0,000104
символизм 2,995732 0,000285
симпозиум 2,659260 0,000253
симфонический 1,560648 0,000297
синема 1,771957 0,000505
синема-парк 3,912023 0,000744
синенькая 3,912023 0,000372
синеньское 3,912023 0,000372
синергия 3,912023 0,000372
синтез 2,407946 0,000229
система 0,051293 0,000049
системеобсуждениевкладсоздать -0,009950 -0,000001
сити 2,120264 0,000201
сити-отель 3,912023 0,000372
ситилинк 3,506558 0,000333
ситуация 0,693147 0,000066
скатовка 3,912023 0,000372
скачать -0,009950 -0,000001
сквер 0,941609 0,000179
скифско-иранского 3,912023 0,000372
складской 2,995732 0,000285
сколько 0,653926 0,000062
скоро 1,560648 0,000148
скоростной 1,309333 0,000249
скорость 0,755023 0,000072
скульптор 1,237874 0,001529
скульптура 0,916291 0,000087
слава 0,941609 0,000537
славянский 1,386294 0,000263
слева 1,108663 0,000105
следовать 0,235722 0,000022
слепыш 3,506558 0,000333
слобода 1,347074 0,000256
словакия 2,659260 0,000758
словарь 0,094311 0,000027
слово 0,210721 0,000040
сложный 0,446287 0,000042
слонова 3,912023 0,000744
служба 0,527633 0,000501
случай -0,009950 -0,000001
сместиться 2,995732 0,000285
смешать 1,309333 0,000124
смещение 0,733969 0,000070
сми 0,867501 0,000495
смоленск 2,040221 0,000194
смотр 2,995732 0,000285
смотреть 2,302585 0,000219
сначала 1,386294 0,000132
снег 1,386294 0,000263
снести 1,347074 0,000384
сниим 3,912023 0,000372
снова 1,386294 0,000132
сноска 0,733969 0,000070
собинова 3,506558 0,001999
собиновский 3,912023 0,000372
собор 0,733969 0,000697
соборный 1,049822 0,000299
собрание 0,634878 0,000181
собраться 2,659260 0,000253
собственно 1,386294 0,000132
собственность 1,309333 0,000124
событие 0,733969 0,000279
событияпожертвовать -0,009950 -0,000001
совершить 0,994252 0,000094
совет 0,462035 0,000176
советский 0,261365 0,000174
совкомбанк 3,218876 0,000306
совокупный 1,832581 0,000174
современник 1,609438 0,000153
современный 0,150823 0,000115
совхоз 2,659260 0,000253
согласие 1,897120 0,000180
согласно 0,301105 0,000114
согласовать 2,525729 0,000240
соглашение 0,994252 0,000094
содержание 0,010050 0,000001
соединить 0,994252 0,000189
соединиться 2,813411 0,000267
соединять 1,108663 0,000105
создать 0,210721 0,000040
сокол 1,469676 0,000698
соколовая 3,912023 0,001115
соколовогорское 3,912023 0,000372
соколовой 3,506558 0,002333
соколовского 3,912023 0,000372
соколовый 3,912023 0,000372
сокольское 2,040221 0,000194
сократить 1,560648 0,000148
сокур 3,506558 0,000333
солдат 1,469676 0,000140
солдатский 1,832581 0,000174
солист 2,995732 0,000569
солнечный 0,597837 0,000284
солнце 1,347074 0,000128
соль 1,660731 0,000631
соляной 2,525729 0,000240
сом 2,995732 0,000285
сомнение 2,040221 0,000194
соната 3,506558 0,000666
сообщать 1,966113 0,000187
сообщение 0,478036 0,000136
сообщить -0,009950 -0,000001
сооружение 0,733969 0,000279
соответствие 0,371064 0,000035
соответствовать 0,371064 0,000035
соотечественник 3,912023 0,000372
соперничать 2,995732 0,000285
соревнование 1,108663 0,000105
сорт 2,659260 0,000505
сосновка 2,525729 0,000480
сост 0,597837 0,000170
состав 0,248461 0,000425
составить 0,400478 0,000228
составлять 0,198451 0,000189
состояние 0,248461 0,000094
состояться 0,713350 0,000339
сотовый 1,309333 0,000124
сохранение -0,009950 -0,000002
социалистический 1,272966 0,000121
социально-педагогический 2,995732 0,000285
социально-экономический 2,995732 0,000569
социально-экономическое 2,302585 0,000219
социальный 0,527633 0,000050
сочинение 1,771957 0,000337
сошествие 3,506558 0,000333
союз 0,579818 0,000220
спартак 1,771957 0,000337
спас 1,609438 0,000153
спасо-преображенский 1,966113 0,000187
спасти 3,218876 0,000306
спгэс 3,912023 0,001115
специализироваться 1,966113 0,000374
список 0,210721 0,000060
спокойствие 3,506558 0,000333
спорный 1,514128 0,000432
спорт 0,713350 0,000407
спортивно-культурный 3,912023 0,000372
спортивно-массовые 3,912023 0,000372
спортивно-массовых 3,912023 0,000372
спортивный 0,891598 0,000678
спорткомплекс 2,407946 0,000229
спортмастер 2,302585 0,000219
спортсмен 1,771957 0,000337
справа 1,714798 0,000163
справка 1,203973 0,000114
справочник 0,798508 0,000152
спустя 1,609438 0,000153
спутниковый 2,120264 0,000201
сравнение 0,733969 0,000070
среда 0,385662 0,000037
среди 0,198451 0,000132
среднегодовой 0,776529 0,000148
среднее 0,342490 0,000130
средний 0,371064 0,000247
средство 0,287682 0,000082
срок 0,798508 0,000076
сср 0,820981 0,000234
ссср 0,314711 0,000209
ссылать 3,218876 0,000306
ссылка -0,009950 -0,000021
ссылкамивикипедия 1,609438 0,000153
ссылкасведения -0,009950 -0,000001
стабильный 0,820981 0,000078
стадион 0,891598 0,000847
сталь 0,415515 0,000118
стандарт 0,867501 0,000082
станица 2,207275 0,000420
станичный 3,912023 0,000744
станкостроительный 2,407946 0,000229
становиться 0,415515 0,000039
становление 1,237874 0,000118
станция 0,579818 0,000606
старинный 1,309333 0,000249
старица 1,897120 0,000180
старое 0,941609 0,000089
староелшанское 3,912023 0,000372
старообрядец 1,771957 0,000168
старообрядческий 1,427116 0,000136
старопечатный 3,912023 0,000372
старт 2,407946 0,000229
стартовать 1,714798 0,000163
старый 0,314711 0,000179
статистик -0,009950 -0,000008
статистический 0,713350 0,001152
статус 0,430783 0,000123
стать 0,083382 0,000151
статьислучайная -0,009950 -0,000001
статьисообществофорумсправкасвежие -0,009950 -0,000001
статья 0,020203 0,000038
статьяобсуждение -0,009950 -0,000001
статьятекущие -0,009950 -0,000001
стационарный 1,108663 0,000105
степан 2,407946 0,000229
степана 1,966113 0,000187
степановна 3,506558 0,000333
степь 1,469676 0,000279
стечь 2,813411 0,000267
стимулировать 2,995732 0,000285
сто 1,514128 0,000288
стоимость 1,021651 0,000194
стол 2,659260 0,000253
столица 0,755023 0,000143
столыпина 3,218876 0,001224
столыпину 3,218876 0,001224
сторожевой 2,040221 0,000969
сторожевского 3,912023 0,000744
сторожевское 3,912023 0,000372
сторона 0,235722 0,000067
сточный 1,560648 0,000148
стоянка 1,897120 0,000180
стоять 1,386294 0,000132
страдание 3,912023 0,000744
страна 0,235722 0,000224
страница -0,009950 -0,000008
страницасодержаниеизбранные -0,009950 -0,000001
страницецитировать -0,009950 -0,000001
страницуполучить -0,009950 -0,000001
страницыслужебные -0,009950 -0,000001
стрелка 1,560648 0,000148
строение 0,891598 0,000085
строительный 0,891598 0,000085
строительство 0,462035 0,001054
строить 1,309333 0,000249
строиться 0,693147 0,000066
стройландия 2,995732 0,000569
структура 0,400478 0,000076
структурный 1,427116 0,000136
стс 1,714798 0,000163
студенческий 1,609438 0,000153
студия 1,560648 0,000593
ступино 1,347074 0,000128
стык 1,832581 0,000174
суббота 1,771957 0,000168
субъект 0,597837 0,000284
сувенир 2,813411 0,000267
суд 0,693147 0,000263
суметь 2,207275 0,000210
супер 3,506558 0,000333
суперкинотеатр 3,912023 0,000372
супотницкого 3,912023 0,000372
суранов 3,912023 0,000372
суточный 0,755023 0,000143
сухопутный 2,040221 0,000194
существование 0,693147 0,000132
существовать 0,020203 0,000013
сфера 0,562119 0,000053
схема 0,916291 0,000087
схи 3,506558 0,000333
сцена 1,514128 0,000144
счет 0,562119 0,000053
считаться 0,385662 0,000037
сша 0,562119 0,000053
сызрань 1,237874 0,000353
сэпо-зэм 3,912023 0,000372
сюда 1,108663 0,000316
сюдасвязанные -0,009950 -0,000001
сюи 3,912023 0,000372
табакова 3,912023 0,000372
табакову 3,912023 0,000744
табачный 2,659260 0,000758
табл 0,867501 0,000082
таблица 0,544727 0,000259
табло 3,506558 0,000333
тагил 1,272966 0,000121
таджикистан 2,302585 0,000219
тайюань 3,912023 0,000372
такое 0,328504 0,000031
такой 0,162519 0,000046
такси 1,021651 0,000291
тамбов 2,302585 0,000219
тархан 2,995732 0,000285
татарин 0,733969 0,000139
татарский 1,203973 0,000229
татищево 3,912023 0,000372
татищевский 3,912023 0,000372
татищевского 3,912023 0,000372
тау 3,912023 0,001487
тверской 2,659260 0,000253
тверь 1,514128 0,000144
твк 2,040221 0,000969
творческий 1,309333 0,000373
творчество 1,021651 0,000194
тгк 2,302585 0,000438
театр 0,713350 0,001898
театральный 1,049822 0,000399
текст -0,009950 -0,000001
текстильщик 3,218876 0,000612
телеведущий 3,218876 0,000306
телевидение 0,820981 0,000390
телевизионный 1,078810 0,000308
телеграф 2,120264 0,000201
телеканал 0,916291 0,000435
телекинофестиваль 3,912023 0,000372
телекинофестиваля 3,912023 0,000372
телепередача 2,302585 0,000219
телефон 1,347074 0,000256
телефонный 0,776529 0,000221
телецентр 1,897120 0,000541
тематический 0,510826 0,000097
тембр 3,506558 0,000333
темп 1,347074 0,000768
температура 0,510826 0,000194
теннисный 2,207275 0,000210
тепличный 3,506558 0,000333
тепловой 1,660731 0,000947
теплоход 1,514128 0,000288
теплый 1,171183 0,000111
теремок 3,218876 0,000306
терешки 3,912023 0,000372
термин 0,198451 0,000019
территориальный 0,713350 0,000339
территория 0,356675 0,000508
тетюши 2,120264 0,000201
техник 0,713350 0,000136
техникум 1,272966 0,000484
технический 0,462035 0,000088
технология 0,400478 0,000304
техстекло 3,912023 0,000372
течение 0,314711 0,000060
течь 0,274437 0,000026
тилеорманским 3,912023 0,000372
тип 0,072571 0,000028
типография 1,171183 0,000223
тихомиров 2,813411 0,000267
ткань 2,207275 0,000210
ткацкая 3,218876 0,000306
тнт 1,714798 0,000163
тов 3,506558 0,000666
товарный -0,009950 -0,000001
токмаковский 3,912023 0,000372
толчок 2,040221 0,000388
тольятти 1,514128 0,000144
томск 1,108663 0,000105
тонна 1,108663 0,000211
топоним 1,078810 0,000103
топонимический 0,776529 0,000074
топуридзе 3,218876 0,000306
топчиева 3,912023 0,000372
торговля 0,579818 0,000496
торгово-промышленный 2,407946 0,000229
торговый 0,597837 0,000170
торжественно 1,660731 0,000631
торжественный 1,309333 0,000249
торпедо 2,995732 0,000569
точечный 2,525729 0,000240
точность 2,302585 0,000219
точный 1,347074 0,000384
традиционно 1,347074 0,000128
традиция 0,891598 0,000085
трамвай 0,891598 0,000169
трамвайный 1,139434 0,000325
транзитный 1,237874 0,000235
транслироваться 2,813411 0,000267
трансляция 1,897120 0,000361
транспорт 0,616186 0,001522
транспортный 0,616186 0,000293
трасс 0,941609 0,000179
требование 0,967584 0,000092
требовать 0,562119 0,000214
треть 1,237874 0,000235
трехдневный 3,912023 0,000372
трещиха 3,912023 0,000372
три 0,248461 0,000024
триал-спорт 2,995732 0,000285
трибун 2,040221 0,000194
тридевять 3,912023 0,000372
трикотаж 3,912023 0,000372
трио 3,506558 0,000666
триумф 2,659260 0,000505
трк 1,771957 0,000674
трое 2,659260 0,000505
троицкий 1,560648 0,000593
троллейбус 0,867501 0,000082
троллейбусный 0,967584 0,000460
трофимовский 3,912023 0,001115
трудовой 0,967584 0,000828
трц 1,660731 0,000473
туризм 1,078810 0,000103
турковский 3,912023 0,000372
туровый 3,912023 0,000372
тутаев 2,040221 0,000194
тыл 1,771957 0,000168
тыс 0,430783 0,000123
тысяча 0,371064 0,000176
тэц 1,272966 0,000363
тюз 2,659260 0,000758
тюмень 1,171183 0,000111
тюремный 2,525729 0,000240
тюркский 1,386294 0,000132
тяга 2,813411 0,000267
тяговый 3,218876 0,000306
уборка 2,407946 0,000229
убрать 1,609438 0,000153
уварова 3,506558 0,000333
увек 3,912023 0,000372
увекское 3,912023 0,000372
увеличение 0,733969 0,000070
увеличить 1,309333 0,000249
увеличиться 0,843970 0,000080
углич 2,040221 0,000194
угол 1,108663 0,000105
удалить 0,579818 0,000055
ударный 3,218876 0,000306
узбекистан 2,302585 0,000219
узел 0,527633 0,000100
указ 0,733969 0,000209
указавшихнациональность 3,912023 0,000372
указание -0,009950 -0,000001
указать 0,083382 0,000032
укека 3,912023 0,000372
украина 0,527633 0,000100
украинец 0,867501 0,000082
украинский 1,469676 0,000140
украсить 2,120264 0,000201
украшение 2,659260 0,000253
укрепление 1,272966 0,000121
укрепляться 3,912023 0,000372
улан-удэ 1,237874 0,000118
улица 0,776529 0,001402
ульяновск 1,078810 0,000205
умеренно 1,021651 0,000291
умет 2,659260 0,000505
унести 2,813411 0,000267
универсал 3,506558 0,000666
универсальный 0,544727 0,000052
университет 0,328504 0,000531
университетский 1,771957 0,000168
уникальный 0,776529 0,000074
упоминание 0,967584 0,000092
управление 0,248461 0,000236
урал 1,560648 0,000148
уральск 2,302585 0,000438
урегулировать 3,506558 0,000333
уровень 0,150823 0,000057
усадьба 1,832581 0,000348
усилиться 2,525729 0,000240
условие -0,009950 -0,000005
услуга 0,755023 0,000072
успех 1,021651 0,000194
устав 0,843970 0,000160
установить 0,328504 0,000562
установка 1,272966 0,000121
установление 1,021651 0,000097
устареть 0,941609 0,000089
устройство 0,527633 0,000301
усть-курдюм 3,912023 0,000372
усть-курдюмского 3,912023 0,000372
устье 0,634878 0,000302
утвердить 0,755023 0,000143
утолить 3,506558 0,000666
утро 1,771957 0,000168
уфа 0,967584 0,000092
ухань 3,506558 0,000333
участвовать 1,021651 0,000194
участие -0,009950 -0,000003
учебный 0,673345 0,000256
ученого-генетика 3,912023 0,000372
учет 0,597837 0,000114
учетный -0,009950 -0,000001
училище 0,967584 0,000552
учитель 1,427116 0,000136
учительница 2,813411 0,000535
учитываться 2,659260 0,000253
учиться 1,272966 0,000121
учредить 1,108663 0,000105
учреждать 3,912023 0,000372
учреждение 0,653926 0,000808
фабрика 1,021651 0,000485
фабричный 3,218876 0,000306
фазотрон-ниир 3,912023 0,000372
факт 0,634878 0,000181
фактически 0,916291 0,000087
фактический 1,660731 0,000158
фасад 1,897120 0,000180
фатеева 3,912023 0,000372
фгис 3,912023 0,001115
фгуп 1,771957 0,000337
февр 0,820981 0,000078
февраль 0,051293 0,000132
федеральный 0,462035 0,000966
федерация 0,510826 0,001311
федина 3,506558 0,001000
федора 1,771957 0,000168
федоровский 3,506558 0,000333
федором 3,218876 0,000306
ферма 2,659260 0,000253
фестиваль 1,021651 0,000583
фестиваля-конкурса 3,912023 0,000372
фехтование 2,659260 0,000253
физико-географический 0,693147 0,000132
физико-технический 3,506558 0,000333
физиология 2,659260 0,000253
физический 0,798508 0,000152
физкультурный 2,525729 0,000480
фиксировать 1,427116 0,000136
филармонический 3,218876 0,000306
филармония 1,049822 0,001995
филиал 0,755023 0,000430
филипповне 3,912023 0,000744
филология 2,813411 0,000267
фильм 1,049822 0,000200
финалист 2,525729 0,000240
финансирование 1,714798 0,000163
финансово-технологический 3,912023 0,000372
финансово-экономический 2,659260 0,000253
финансы 0,733969 0,000139
фирма 1,386294 0,000132
флаг 0,597837 0,000114
флот 1,347074 0,000128
фок 3,218876 0,002141
фокус 2,995732 0,000854
фокусник 3,912023 0,000372
фолк-рок 3,912023 0,000372
фольклорный 2,525729 0,000240
фонд -0,009950 -0,000002
фонтан 1,309333 0,000124
форма 0,287682 0,000027
формат 0,843970 0,000241
формирование 0,597837 0,000057
формироваться 1,078810 0,000103
формосово 3,912023 0,000372
фотография 1,108663 0,000105
франций 1,139434 0,000108
француз 1,660731 0,000158
французский 1,309333 0,000124
фронт 1,078810 0,000308
фрунзенский 2,525729 0,000960
функциональный 1,897120 0,000180
функционировать 0,798508 0,000455
функция 0,693147 0,000066
футбол 1,139434 0,000108
футбольный 0,941609 0,000268
ханты-мансийск 1,347074 0,000128
характеристика 0,415515 0,000079
характерно 1,609438 0,000153
характерный 0,693147 0,000066
хачкар 3,912023 0,000372
хвалынск 2,120264 0,000403
хвалынске 3,912023 0,000372
хвалынский 3,218876 0,000306
хватать 0,820981 0,000078
хеппи-молл 3,912023 0,000372
химический 0,867501 0,000165
химия 1,514128 0,000144
хлеб 1,832581 0,000522
хмелевка 3,506558 0,000333
хмелевский 3,912023 0,000372
ход 0,510826 0,000097
хозяйство 0,579818 0,000331
хоккей 1,171183 0,000223
хоккейный 1,108663 0,000105
холдинговый 3,218876 0,001529
холера 2,995732 0,000569
холерный 3,912023 0,000744
холм 1,386294 0,000132
холодильник 2,995732 0,000285
холодная 1,139434 0,000217
холодное 1,560648 0,000148
хор 2,120264 0,000604
хоровой 2,302585 0,000219
хорошее 2,407946 0,000229
храбрость 2,995732 0,000285
храм 0,733969 0,000279
храмовой 2,659260 0,000253
храмовый 3,506558 0,000333
храниться 1,560648 0,000148
христов 1,832581 0,000174
художественный 0,653926 0,000311
художник 0,967584 0,000092
худяков 3,912023 0,000372
царицын 2,813411 0,000267
царицынский 3,218876 0,000306
царский 1,386294 0,000132
царствование 2,407946 0,000458
царь 1,078810 0,000205
целое 0,634878 0,000060
цель 0,371064 0,000035
ценный 1,714798 0,000163
центр 0,287682 0,001176
центральный 0,400478 0,000343
церемония 1,832581 0,000348
церковь 0,673345 0,000768
цех 2,120264 0,000201
цирк 1,078810 0,001025
цирковой 2,302585 0,000219
цифровой 0,562119 0,000107
цниииа 3,912023 0,000372
цхинвал 2,995732 0,000285
цхинвальский 3,912023 0,000372
цыганский 3,506558 0,000333
чапаева 2,813411 0,000535
чардымский 3,912023 0,000372
час 0,867501 0,000082
часовой 0,713350 0,000339
частично 0,653926 0,000062
частность 0,462035 0,000044
частный 0,634878 0,000060
часто 0,415515 0,000079
частота 1,309333 0,000124
часть 0,061875 0,000082
чебоксары 1,171183 0,000334
чело 0,713350 0,000339
человек 0,186330 0,000177
челябинск 0,994252 0,000094
чемпион 1,203973 0,000114
чернихой 3,912023 0,000372
чернозем 2,407946 0,000229
чернышевский 3,218876 0,000306
чернышевского 2,659260 0,002527
чернышевскому 3,912023 0,000744
черт 0,916291 0,000348
черта 0,994252 0,000189
честь 0,562119 0,000214
четвертый 0,994252 0,000094
четыре 0,597837 0,000341
численность 0,616186 0,002225
число 0,186330 0,000159
чистота 2,302585 0,000219
чита 1,203973 0,000114
читатьправитьправить 0,494296 0,000047
чкаловск 2,040221 0,000194
чуваш 1,237874 0,000118
чугунолитейный 2,525729 0,000720
чумак 3,218876 0,000306
шаблон 0,462035 0,000088
шаблонестатьи 3,912023 0,000372
шайка 3,218876 0,000306
шаоян 3,912023 0,000372
швейная 2,120264 0,000201
шевыревка 3,912023 0,000372
шель 3,912023 0,000372
шерсть 2,995732 0,000285
шестизначный 2,525729 0,000240
шехтель 3,506558 0,000333
ширина 0,916291 0,000087
широкий 0,494296 0,000141
широко 0,653926 0,000062
шихан 3,912023 0,000744
школ-интернатов 2,813411 0,000267
школа 0,478036 0,000363
шлягер 3,912023 0,000372
шмидт 2,659260 0,000758
шмидта 2,407946 0,000458
шнитке 3,506558 0,005332
шпага 3,912023 0,000372
шрифт 1,897120 0,000180
штафа 3,912023 0,000372
шумейка 3,912023 0,000372
шумилина 3,912023 0,000372
щербаков 3,218876 0,001224
щербаковы 3,912023 0,000372
щукин 3,506558 0,000333
щукины 3,912023 0,000372
эвакогоспиталь 3,218876 0,000306
эвакуировать 1,272966 0,000121
эйнштейн 2,813411 0,000802
экз 0,415515 0,000118
экономбанк 3,912023 0,000372
экономика 0,400478 0,000228
экономический 0,478036 0,000091
эксплуатация 0,776529 0,000221
экспозиция 1,272966 0,000242
экспонат 1,832581 0,000348
экспорт -0,009950 -0,000001
электрический 1,309333 0,001120
электричка 1,832581 0,000348
электроника 2,120264 0,000201
электронный 0,478036 0,000045
электропоезд 1,609438 0,000306
электроприборостроительный 3,912023 0,000372
электросетевая 3,912023 0,000372
эльдорадо 1,966113 0,000187
эльтона 3,506558 0,000333
энгельс 1,560648 0,001780
энгельсский 3,912023 0,000744
энергетик 1,108663 0,000421
энергетический 1,897120 0,000180
энергия 1,021651 0,000097
энергообъекта 3,912023 0,000372
энергосбытовые 3,912023 0,000744
энергоузла 3,912023 0,000372
энтомологический 3,912023 0,000372
энциклопедия -0,009950 -0,000010
эпидемия 2,207275 0,001049
эпоха 0,713350 0,000136
эстрада 2,659260 0,000505
эстрадный 2,659260 0,000505
этаж 1,832581 0,000174
этимология 0,616186 0,000176
этнографический 2,040221 0,000388
этуаль 2,995732 0,000285
эфир 1,427116 0,000136
эфирный 1,427116 0,000136
юбилейный 0,798508 0,000379
юг 0,693147 0,000198
юго-восток 1,171183 0,000445
юго-осетинской 3,912023 0,000372
южный 0,385662 0,000220
юлмарт 3,506558 0,000333
юность 1,660731 0,000316
юношество 2,302585 0,000219
юный 1,309333 0,000498
юридический 0,994252 0,000283
юрий 1,203973 0,000114
юрино 2,120264 0,000201
юрию 2,813411 0,000535
юрия 1,660731 0,000158
юрловка 3,912023 0,000372
юрьевец 2,120264 0,000201
юрьевка 3,506558 0,000333
юстиция 2,207275 0,000210
яблочкова 3,506558 0,000333
являться 0,040822 0,000047
язык -0,009950 -0,000005
языковой 1,660731 0,000316
якутск 1,203973 0,000114
янв 0,820981 0,000078
январь 0,105361 0,000691
янклович 3,912023 0,000372
янковского 3,506558 0,000666
янковскому 3,912023 0,001115
яркий 1,771957 0,000168
ярославль 1,078810 0,000205
ястреб 2,813411 0,000267
ястребиный 3,506558 0,000333
ячеистый 3,912023 0,000372
