абсолютный 0,616186 0,000276
авангардный 2,995732 0,000336
авг 0,820981 0,000092
август 0,072571 0,000268
авиакомпания 1,771957 0,000198
авиатакси 3,912023 0,000438
авиационный 1,386294 0,000311
авиация 1,237874 0,000416
автобус 0,820981 0,000644
автобусный 1,021651 0,000572
автоваз 3,506558 0,000393
автовокзал 1,078810 0,000242
автодорога 0,891598 0,000200
автозавод 3,218876 0,000361
автомат 2,525729 0,000283
автомобиль 1,108663 0,000373
автомобильный 0,713350 0,000400
автономный 0,867501 0,000194
автор 0,462035 0,000052
авторитетный 0,891598 0,000100
авторство -0,009950 -0,000001
автостанция 1,714798 0,000384
автотрансинфо 2,525729 0,000283
автотранспорт 1,609438 0,000180
агломерация 0,798508 0,000358
агп 3,912023 0,000438
аграрный 1,203973 0,000135
агрызом 3,912023 0,000438
адаптация 2,659260 0,000298
административно-территориальная 2,302585 0,000258
административно-территориального 1,660731 0,000186
административно-территориальное 0,820981 0,000276
административно-территориальном 1,309333 0,000147
административно-территориальному 2,659260 0,000298
административный 0,597837 0,000536
администрация 0,755023 0,001184
адмиралтейство 2,813411 0,000315
аз 2,302585 0,000258
азинский 3,912023 0,000438
айкать 3,912023 0,000438
академический 0,916291 0,000205
академия 0,544727 0,000122
акватория 1,560648 0,000175
аксион 3,912023 0,000438
аксион-холдинг 3,912023 0,000876
актив 2,040221 0,000229
активно 0,733969 0,000082
активный 0,527633 0,000118
алдан 1,309333 0,000147
александр 0,462035 0,000414
александро-невский 2,207275 0,000495
александрович 1,609438 0,001082
александровича 2,525729 0,000566
алексей 1,049822 0,000235
алексею 3,218876 0,000361
алексея 1,514128 0,000170
алексием 3,912023 0,000438
алексия 3,506558 0,000393
аллея 1,347074 0,000905
алмаз 2,407946 0,000270
алмазный 2,813411 0,000315
алнашский 3,912023 0,000438
алтынцев 3,912023 0,000876
алфавитувикипедия 0,776529 0,000087
алфавитунаселенные 0,867501 0,000097
альтернатива 2,302585 0,000258
альфа-банка 2,995732 0,000336
аналоговый 1,609438 0,000180
анапы 3,218876 0,000361
анастасия 2,813411 0,000315
анатолий 1,714798 0,000192
англ 0,174353 0,000059
андреевич 2,040221 0,000229
андрею 2,995732 0,000336
аннексия 0,941609 0,000105
аномальный 2,995732 0,000336
ансамбль 0,994252 0,000111
антибольшевистский 2,659260 0,000298
антресолька 3,912023 0,000438
апостольский 1,771957 0,000397
аппарат 1,469676 0,000165
апр 0,798508 0,000089
апреле-мае 3,506558 0,000393
апрель 0,150823 0,000456
аптечный 2,659260 0,000298
аракчеев 3,912023 0,000438
аракчеева 3,912023 0,000438
аргентина 2,995732 0,000336
аргумент 1,108663 0,000248
аренда 1,832581 0,000616
арестовать 1,897120 0,000213
армейский 2,813411 0,000315
армия 0,916291 0,000308
армянин 1,021651 0,000114
армянский 1,347074 0,000453
арсенал 2,407946 0,000809
арт-группа 3,912023 0,000438
арт-объект 2,659260 0,000298
арт-объекта 3,912023 0,000438
артиллерийский 1,609438 0,000180
артпарад 3,912023 0,000876
арх 0,544727 0,000061
археолог 2,040221 0,000229
археология 1,171183 0,000262
архив 0,446287 0,000050
архивировать 0,020203 0,000283
архивный 0,248461 0,000111
архистратиг 3,218876 0,000721
архитектор 0,916291 0,000103
архитекторский 3,912023 0,000438
архитектура 0,462035 0,000155
аснимъесыз 3,912023 0,000438
ассоциация 1,309333 0,000587
асср 1,966113 0,000661
аст 0,820981 0,000184
астрахань 0,967584 0,000108
астрель 1,049822 0,000118
асфальт 2,525729 0,000283
атаман 1,966113 0,000440
аэродром 1,237874 0,000693
аэроклуб 2,995732 0,000671
аэропорт 0,776529 0,001479
аэросъемка 3,506558 0,000393
бабинский 3,912023 0,000438
багишу 3,912023 0,000438
баз 0,371064 0,000166
базарный 2,813411 0,000630
балакин 3,912023 0,000438
балезино 3,912023 0,000438
балезинский 3,912023 0,000438
балет 1,469676 0,000329
банк 0,693147 0,000311
баранова 2,659260 0,000298
баранчинский 3,912023 0,000438
барнаул 1,203973 0,000135
барс 2,995732 0,000336
баско 3,912023 0,000438
бассейн 0,653926 0,000147
баш 3,506558 0,000393
башкир 1,347074 0,000151
башня 1,139434 0,000128
безветренный 2,813411 0,000315
безналичныйрасчет 3,912023 0,000438
безносова 3,912023 0,001753
безработица 1,966113 0,000440
безработный 2,407946 0,000270
бекмеметьев 3,912023 0,001315
беларусь 1,237874 0,000139
белкамнефть 3,912023 0,000438
белорус 1,171183 0,000131
берег 0,478036 0,000214
березовая 2,040221 0,000229
березовый 2,813411 0,000315
берманом 3,912023 0,000438
берш 3,912023 0,000876
бесплатно 2,207275 0,000247
бетон 2,995732 0,000336
биатлон 2,407946 0,000270
биатлонный 2,995732 0,000671
библиографический 0,083382 0,000009
библиотека 0,328504 0,000368
бизнес-центры 3,912023 0,000438
билайн 1,272966 0,000143
бильдерлинг 3,912023 0,000438
благодарственный 3,912023 0,000438
благодать 2,659260 0,000298
благоустроенность 3,912023 0,000438
благоустроить 1,560648 0,000699
благочиние 2,813411 0,000315
блог 2,302585 0,000774
блюдо 2,813411 0,000630
богородица 1,272966 0,000143
бодалева 3,912023 0,000438
боевой 1,237874 0,000277
божий 1,272966 0,000285
бой 1,237874 0,000139
болгария 1,272966 0,000143
бологое 1,347074 0,000151
большевик 1,347074 0,000302
большевистский 2,525729 0,000283
большинство 0,342490 0,000077
большой 0,040822 0,000055
бор 1,203973 0,000135
борисова 2,995732 0,000336
борисову 3,912023 0,000438
боровичи 1,347074 0,000151
борьба 0,820981 0,000184
бревенчатый 2,813411 0,000315
бренд 1,660731 0,000186
брест 2,525729 0,000283
бреста 3,506558 0,000393
брокгауза 0,328504 0,000074
брусок 3,912023 0,000438
брянск 2,207275 0,000247
брянский 3,506558 0,000393
буддийский 2,120264 0,000475
бульвар 1,237874 0,000416
бурганов 3,912023 0,000438
буревестник 2,207275 0,000247
бурный 1,660731 0,000372
быт 2,040221 0,000229
бытовой 1,560648 0,000175
быть -0,009950 -0,000007
бюджет 1,171183 0,000131
вавожский 3,912023 0,000438
важный 0,494296 0,000055
вал 1,514128 0,000170
варшавский 2,995732 0,000336
варыж 3,912023 0,000438
васильевич 1,609438 0,000180
васина 3,912023 0,000438
вблизи 1,139434 0,000383
ввести 0,634878 0,000284
ввиду 2,120264 0,000238
век 0,248461 0,000139
велик 1,897120 0,000213
великий 0,356675 0,000280
венгрия 2,120264 0,000238
венесуэла 3,506558 0,000393
вера 1,049822 0,000118
вернуться 1,171183 0,000131
веровать 2,120264 0,000238
версия -0,009950 -0,000006
версияправитьправить 1,237874 0,000139
вертолет 2,207275 0,000247
верхнетуринский 3,912023 0,000438
верхний 0,494296 0,000055
верховный 1,108663 0,000497
вес 1,560648 0,000175
весенне-летний 3,912023 0,000438
весна 0,713350 0,000080
вест 3,218876 0,000361
вести 0,356675 0,000040
весь 0,301105 0,000067
ветер 0,713350 0,000320
вечерний 1,347074 0,000151
вечный 1,309333 0,000147
вещание 1,108663 0,000248
взлетно-посадочный 2,302585 0,000258
взрыв 1,771957 0,000198
взятие 2,813411 0,000315
взять 0,755023 0,000254
вид 0,061875 0,000049
видео 1,049822 0,000118
видный 1,660731 0,000186
вики-разметкой 1,309333 0,000147
викигидвикипедия 1,427116 0,000160
викигиде 0,776529 0,000261
викиданных -0,009950 -0,000001
викиданныхвикипедия 0,891598 0,000100
викимедиа -0,009950 -0,000001
википедии -0,009950 -0,000002
википедия -0,009950 -0,000012
викискладвикиновостивикигидэлемент 1,609438 0,000180
викискладе 0,174353 0,000020
викискладепутеводитель 0,713350 0,000080
викискладстатьи 0,891598 0,000100
виктор 1,386294 0,000155
викторина 2,995732 0,000336
вильгельм 3,218876 0,000361
винтовка 3,912023 0,000876
вишневый 3,218876 0,000361
вклад 0,994252 0,000223
включая 0,527633 0,000059
вкп 2,407946 0,000270
владельческий 3,506558 0,000393
владение 0,916291 0,000205
владеть 1,897120 0,000213
владимир 0,653926 0,000073
влажность 1,108663 0,000124
власть 0,544727 0,000427
влияние 0,527633 0,000059
влксм 2,302585 0,000258
вместо 0,798508 0,000179
вмещать 2,120264 0,000238
внеочередной 2,995732 0,000336
внепартийный 3,506558 0,000393
внешний 0,051293 0,000006
вновь 0,755023 0,000169
внутренний 0,314711 0,000035
внутригородской 0,867501 0,000389
водный 0,562119 0,000189
водоем 1,139434 0,000128
водонапорный 2,659260 0,000298
водораздельный 2,659260 0,000298
водохранилище 1,139434 0,000128
водяной 2,302585 0,000258
военное 0,916291 0,000205
военный 0,494296 0,000166
возвести 1,139434 0,000255
возвратить 1,469676 0,000494
возвращение 1,660731 0,000186
возвысить 2,207275 0,000247
возвышение 2,525729 0,000283
возглавлять 1,203973 0,000135
воздвижение 3,218876 0,000361
воздух 0,616186 0,000414
воздушный 0,798508 0,000089
возможность 0,314711 0,000106
возникновение 0,941609 0,000105
возобновиться 2,207275 0,000247
возобновление 2,525729 0,000283
возраст 1,078810 0,000121
возрождение 1,660731 0,000186
война 0,430783 0,000579
войско 0,798508 0,000179
войсковой 2,302585 0,000258
войти 0,634878 0,000356
вокзал 0,755023 0,000423
волгаен 3,912023 0,000438
волго-камском 3,912023 0,000438
волго-уральского 3,912023 0,000876
волкова 2,207275 0,000247
волковым 2,995732 0,000336
вологда 1,203973 0,000135
воложка 3,506558 0,001178
волость 2,659260 0,000298
волшебный 0,030459 0,000003
вооружение 1,832581 0,000205
вопрос 0,371064 0,000083
воркута 1,237874 0,000139
ворошилова 2,659260 0,000298
воскресенского 3,506558 0,000786
воспитание 2,120264 0,000238
воспитанник 2,995732 0,000671
воссоздание 2,525729 0,000283
восстание 1,237874 0,000277
восстановить 0,967584 0,000108
восстановление 1,078810 0,000121
восточно-европейский 3,506558 0,000393
восточно-европейской 1,832581 0,000205
восточный 0,430783 0,000338
воткинск 1,309333 0,000587
воткинский 3,506558 0,001178
вотский 3,912023 0,001315
впадение 1,139434 0,000128
впоследствии 0,653926 0,000073
временивикипедия 2,407946 0,000270
время 0,020203 0,000054
вручение 2,120264 0,000238
вручить 2,120264 0,000238
все 0,040822 0,000005
всемирный 0,891598 0,000100
всероссийский 0,634878 0,000853
всесоюзный 0,776529 0,000522
вск 3,912023 0,000876
вставка 1,272966 0,000143
встать 2,659260 0,000298
встреча 1,966113 0,000220
встречаться 0,713350 0,000080
вступить 1,514128 0,000170
всхолмить 2,995732 0,000336
втб 1,714798 0,000192
втора 0,274437 0,000215
второй 0,891598 0,000100
вуз 0,820981 0,000092
вход 0,755023 0,000085
входить 0,287682 0,000161
вхождение 2,302585 0,000774
вцик 1,832581 0,000411
вшивый 3,912023 0,000876
выбор 0,634878 0,000142
выборный 3,506558 0,000393
выбрать 1,139434 0,000383
выйти 0,798508 0,000089
вымпелкомом 3,912023 0,000438
вынудить 1,514128 0,000170
выпадать 1,139434 0,000128
выписка 3,912023 0,000438
выплавка 3,218876 0,000361
выполнить 0,843970 0,000284
выпуск 0,693147 0,000233
выпускаться 1,469676 0,000165
выпускник 1,966113 0,000220
выпустить 0,891598 0,000200
высокий 0,139262 0,000125
высота 0,415515 0,000093
выставка 1,139434 0,000128
выстроить 1,771957 0,000198
выступление 1,272966 0,000143
выше 0,616186 0,000069
вятка 2,407946 0,000270
вятский 2,995732 0,001678
гагарина 1,427116 0,000639
гагарину 2,995732 0,000336
газ 0,941609 0,000105
газета 0,579818 0,000390
газовый 1,469676 0,000165
галерея 1,049822 0,000470
гамбринус 3,912023 0,000438
гарант 2,813411 0,000315
гарант-телесети 3,912023 0,000876
гарантия 2,813411 0,000315
гарин 3,218876 0,000721
генерал 1,514128 0,000170
генеральский 3,506558 0,000393
генинга 3,912023 0,000438
геннадия 2,995732 0,000336
географический 0,356675 0,000240
география 0,415515 0,000093
геологоразведка 3,218876 0,000361
гера 1,272966 0,000143
герб 0,798508 0,000268
гербера 3,912023 0,000438
герда 3,912023 0,000876
герду 3,912023 0,000438
герой 1,139434 0,000255
гидрография 1,427116 0,000160
гидроним 1,660731 0,000186
гимн 0,776529 0,000261
гимназия 1,108663 0,000124
гипермаркет 1,660731 0,000186
глава 0,494296 0,001827
главное 1,469676 0,000329
главный 0,210721 0,000165
глазов 3,912023 0,000876
глазова 3,912023 0,000438
глазовский 3,912023 0,000876
глубина 1,139434 0,000255
гоголь 1,966113 0,000220
год -0,009950 -0,000440
годавикипедия 0,616186 0,000069
годовой 0,994252 0,000111
годувикипедия 2,407946 0,000270
годугорода 1,714798 0,000192
голос 1,609438 0,000180
голосование 1,309333 0,000293
гора 0,616186 0,000138
гораздо 1,714798 0,000192
гордумы 2,813411 0,000315
горка 1,897120 0,000425
горловка 1,309333 0,000147
горнолыжный 1,897120 0,000213
горный 0,941609 0,000105
гороблагодатскими 3,912023 0,000438
гороблагодатских 3,912023 0,000876
город 0,371064 0,006692
город-завод 3,912023 0,000438
город-побратим 0,843970 0,000567
городецкий 1,560648 0,000175
городижевскудм 3,912023 0,000438
городилова 3,912023 0,000438
городище 1,469676 0,000165
городпро 0,867501 0,000097
городской 0,544727 0,003539
горожанин 1,139434 0,000383
горький 0,941609 0,000738
горьковской 2,995732 0,000336
госкомстат 0,891598 0,000200
госпиталь 1,897120 0,000213
господень 2,207275 0,000247
гость 1,347074 0,000151
государственный 0,261365 0,001142
государство 0,579818 0,000195
готовый 1,386294 0,000311
гражданин 0,733969 0,000576
гражданский 0,733969 0,000247
грант 2,995732 0,000671
граф 1,832581 0,000411
граховский 3,912023 0,000438
греза 3,218876 0,000361
грозный 1,272966 0,000143
груз 1,309333 0,000147
грунт 2,207275 0,000495
грунтовой 1,832581 0,000205
гтрк 1,049822 0,000235
губаев 3,912023 0,000438
губерния 0,891598 0,000300
гуманитарно-юридический 3,912023 0,000438
гуманитарный 0,994252 0,000334
дартс 3,912023 0,000438
дата 0,030459 0,000454
датский 0,328504 0,000037
дать 0,072571 0,000024
дача 1,469676 0,000165
два 0,150823 0,000084
двадцать 1,771957 0,000198
дважды 1,272966 0,000143
движение 0,544727 0,000061
дворец 0,843970 0,000851
дебесский 3,912023 0,000438
девятиэтажный 3,912023 0,000438
девятый 2,659260 0,000298
действовать -0,009950 -0,000010
дек 0,820981 0,000092
декабрь 0,094311 0,000782
декоративно-прикладной 2,525729 0,000283
декрет 2,302585 0,000516
деление 0,579818 0,000714
делиться 1,078810 0,000121
дело 0,562119 0,000252
деловой 1,237874 0,000416
демидова 2,525729 0,000566
демографический 1,609438 0,000180
демократический 2,040221 0,000229
демоскоп 0,820981 0,000276
денежный 1,660731 0,000186
день 0,210721 0,000448
департамент 1,386294 0,000155
депутат 0,776529 0,000696
деревня 1,021651 0,000343
дерево 0,867501 0,000194
деревянный 0,941609 0,000211
дерендяева 3,912023 0,001753
дерябин 3,506558 0,000786
дерябина 3,912023 0,001753
дерябину 3,912023 0,001315
дерябиным 3,912023 0,000876
десять 1,078810 0,000121
деталь 1,714798 0,000192
детская 0,653926 0,000440
детский 0,967584 0,000650
детско-юношеских 2,407946 0,000270
деятель 1,108663 0,000124
деятельность 0,342490 0,000192
джазовый 2,120264 0,000238
дзержинск 1,347074 0,000151
диапазон 1,560648 0,000350
дивизия 1,771957 0,000198
динамик 1,272966 0,000143
динамо 1,171183 0,000394
дипломат 2,995732 0,000336
дискуссионный 2,659260 0,000298
дискуссионый 3,912023 0,000438
дискуссия 1,660731 0,000186
дитя 0,867501 0,000389
длина 0,579818 0,000065
дмитриев 2,525729 0,000849
дмитрии 3,218876 0,000361
дмитрий 0,967584 0,000325
дневной 1,832581 0,000411
днейвикипедия 0,967584 0,000108
днт 3,912023 0,000438
добавить 0,562119 0,000063
доблестиижевскпереименованные 3,912023 0,000438
доблесть 1,309333 0,001173
добраться 2,120264 0,000238
добровольный 2,525729 0,000566
добывать 2,407946 0,000270
добыча 1,386294 0,000621
довольствоваться 3,912023 0,000438
дождь 1,469676 0,000329
документ 0,415515 0,000047
долг 2,040221 0,000229
долгота 0,820981 0,000092
должен 1,078810 0,000121
должно 1,714798 0,000192
должностной 1,514128 0,000339
должность 1,049822 0,000706
должный 0,356675 0,000040
долина 0,916291 0,000103
доля 0,544727 0,000183
дом 0,446287 0,000850
доп 0,597837 0,000134
дополнительный -0,009950 -0,000002
дополнить 1,714798 0,000192
дорога 0,527633 0,000355
досааф 2,407946 0,000270
доска 1,897120 0,000213
достаточно 0,820981 0,000092
достичь 0,733969 0,000082
достопримечательность 0,867501 0,000389
доступный -0,009950 -0,000001
досуг 2,407946 0,000270
дошкольный 1,309333 0,001027
дпо 3,506558 0,000393
драгунова 3,912023 0,000438
драматический 1,108663 0,000497
драматургия 2,813411 0,000315
древесина 2,302585 0,000516
древность 1,203973 0,000135
дробно -0,009950 -0,000001
другое 0,462035 0,000052
другой -0,009950 -0,000014
дружба 1,171183 0,001443
дудин 3,912023 0,000438
дудина 3,912023 0,000876
дума 0,916291 0,002155
духовный 1,609438 0,000180
евангельский 1,427116 0,000160
евгению 3,506558 0,000393
евреев-ашкенази 3,912023 0,000876
еврей 1,203973 0,000674
евровидение 3,506558 0,000786
европа 0,301105 0,000034
европейский 0,494296 0,000111
единица 0,478036 0,000375
единоверческий 2,659260 0,000298
единоначалие 2,995732 0,000336
единственное 1,021651 0,000114
единственный 0,891598 0,000100
единый 0,544727 0,000122
ежегодник 0,820981 0,001288
ежегодно 0,916291 0,000513
ежегодный 1,171183 0,000131
екатерина 1,514128 0,000170
екатеринбург 0,843970 0,000378
екатеринбурга 2,525729 0,000283
елизаветы 2,813411 0,000315
елки-парк 3,912023 0,000438
емельянович 3,912023 0,000438
емельяном 3,912023 0,000438
епархия 0,967584 0,000325
еросвылъесысь 3,912023 0,000438
естественный 0,776529 0,000087
ефрона 0,328504 0,000074
ждановский 3,218876 0,000361
желание 1,966113 0,000220
железа 2,207275 0,000247
железнодорожник 2,040221 0,000229
железнодорожный 0,579818 0,000325
железный 0,616186 0,000414
железо 2,525729 0,000283
железобетонный 2,207275 0,000247
железоделательный 2,525729 0,001698
железоковательный 3,912023 0,000438
жертва 1,347074 0,000151
жила 1,386294 0,000155
жилищно-коммунального 2,813411 0,000315
жилищно-коммунальные 3,912023 0,000438
жилое 1,714798 0,000576
жилой 0,941609 0,000105
жилье 1,203973 0,000405
жиромская 1,021651 0,000114
житель 0,562119 0,000189
жить 0,820981 0,000184
журнал 0,301105 0,000067
заболотить 2,040221 0,000229
заведение 0,867501 0,000194
завершить 0,867501 0,000097
завершиться 1,309333 0,000147
зависеть 1,171183 0,000131
завод 0,693147 0,004814
заводдо 3,506558 0,000393
заводский 1,966113 0,000881
завьялово 3,218876 0,000361
завьяловский 3,506558 0,001964
заглавный -0,009950 -0,000001
задача 0,820981 0,000092
задуматься 3,912023 0,000438
заимствование 2,813411 0,000315
заказ 1,660731 0,000744
закладка 1,966113 0,000220
закон 0,462035 0,000207
законодательный 1,347074 0,000151
закрытие 1,660731 0,000558
закрыть 0,798508 0,000268
закрыться 1,966113 0,000220
залежь 2,407946 0,000270
заложить 0,843970 0,000095
зангари 3,912023 0,000438
занимать 0,430783 0,000241
заниматься 0,634878 0,000071
занятие 1,469676 0,000165
занять 0,693147 0,000155
зао 1,514128 0,000848
западный 0,462035 0,000104
запас 1,560648 0,000175
записьвойти -0,009950 -0,000001
запретить 1,309333 0,000147
запустить 0,755023 0,000085
зарегистрировать -0,009950 -0,000008
зарека 3,912023 0,000438
заречный 2,120264 0,000238
зарни 3,912023 0,001315
зарубежный 0,994252 0,000111
заря 1,347074 0,000151
заседание 1,309333 0,000293
застраиваться 2,120264 0,000238
застройка 0,916291 0,000103
затапливаться 3,912023 0,000438
затем 0,527633 0,000118
зафиксировать 1,078810 0,000363
захватить 1,272966 0,000143
защищать 2,302585 0,000258
заявление -0,009950 -0,000001
звание 0,891598 0,000799
звездочка 3,218876 0,000721
здание 0,673345 0,000830
здоровье 1,203973 0,000135
зеленодольск 1,237874 0,000139
зеленый 0,755023 0,000169
земля 0,400478 0,000179
зенит 2,302585 0,000516
зима 0,478036 0,000107
зимний 0,798508 0,000268
златоуст 1,347074 0,000151
знак -0,009950 -0,000002
знаменитый 0,967584 0,000108
значение 0,061875 0,000055
значительно 0,510826 0,000114
значительный 0,328504 0,000037
зодчий 2,813411 0,000630
золотой 0,597837 0,000067
зона 0,400478 0,000090
зоологический 2,302585 0,000258
зоопарк 1,560648 0,000175
иата 3,912023 0,000438
иванович 1,560648 0,000350
ивановичу 3,506558 0,000393
иваново 1,139434 0,000128
иваном 2,040221 0,000229
иверской 2,813411 0,000315
игерманка 3,912023 0,000438
игра 0,843970 0,000189
играть 0,867501 0,000097
игринский 3,912023 0,000438
идентификатор 0,693147 0,000078
идея 1,108663 0,000124
идиш 3,506558 0,000393
идишеговорящих 3,912023 0,000438
иж 3,506558 0,002357
ижавиа 3,506558 0,000393
ижау 3,912023 0,000438
ижгорэлектротранс 3,912023 0,000876
ижгэт 3,912023 0,000438
ижево 3,912023 0,000438
ижевск 1,139434 0,013657
ижевска 3,912023 0,042069
ижевская 3,912023 0,002629
ижевскдо 3,912023 0,000438
ижевске 3,912023 0,027608
ижевские 3,912023 0,002191
ижевский 3,912023 0,017967
ижевским 3,912023 0,000876
ижевских 3,912023 0,001753
ижевско-воткинское 3,912023 0,000438
ижевско-воткинском 3,912023 0,000438
ижевского 3,912023 0,006573
ижевское 3,912023 0,000876
ижевской 3,912023 0,001753
ижевском 3,506558 0,003535
ижевску 3,912023 0,001315
ижкар 3,912023 0,001315
ижлайн 3,912023 0,000438
ижма 3,912023 0,000438
ижмаш 3,912023 0,000438
ижметмаш 3,912023 0,000438
ижнефтемаш 3,912023 0,000438
ижсвязьинвест 3,912023 0,000438
ижстали 3,912023 0,000438
ижсталь 3,912023 0,000876
из-за 0,415515 0,000047
избежать 2,040221 0,000229
избирательный 1,609438 0,000361
избирать 1,609438 0,000180
избираться 1,427116 0,000320
избрание 2,207275 0,000247
избрать 0,967584 0,000542
известие 0,994252 0,000111
известный 0,287682 0,000129
изготовление 2,407946 0,000539
изд 0,314711 0,000106
издаваться 1,660731 0,000186
издание 0,415515 0,000047
издательство 0,494296 0,000277
изделие 1,108663 0,000373
излучение 2,525729 0,000283
изменение 0,301105 0,000169
измениться 1,021651 0,000114
изображение 0,693147 0,000155
изобразительный 1,347074 0,000302
изучение 0,713350 0,000080
икад 3,912023 0,001315
икао 3,506558 0,000393
икона 1,309333 0,000293
ильдусович 3,912023 0,000438
ильи 2,525729 0,000283
иман 3,912023 0,000438
именно 0,544727 0,000061
именоваться 1,469676 0,000165
иметь 0,094311 0,000042
иметься 0,385662 0,000130
император 1,139434 0,000128
императрица 1,514128 0,000339
империя 0,653926 0,000147
имя 0,274437 0,000400
иначе 0,733969 0,000082
инвалид 2,207275 0,000495
инвожо 3,912023 0,000876
индекс 0,634878 0,000071
индустриальный 1,309333 0,001173
инженер 1,139434 0,000128
инженерный 1,272966 0,000285
инициатива 1,171183 0,000262
иной 0,867501 0,000097
иностранец 1,771957 0,000595
институт 0,371064 0,000208
инструмент -0,009950 -0,000002
инструментальный 2,995732 0,000671
инструментальщик 3,506558 0,000393
интеграл 3,218876 0,000361
интерактивный 1,560648 0,000175
интерес 1,021651 0,000114
интернет-порталов 3,912023 0,000438
интынимъеслэсь 3,912023 0,000438
информатик 1,469676 0,000165
информационно-развлекательный 3,218876 0,000361
информационный 0,462035 0,000104
информация 0,162519 0,000127
информирование 2,659260 0,000298
инцидент 3,506558 0,000786
ипопат 3,912023 0,000438
иркутск 1,171183 0,000131
исключительно 1,272966 0,000143
искусство 0,478036 0,000375
ислам 1,386294 0,000621
исповедник 2,995732 0,000336
исполнитель 1,714798 0,000192
исполнительно-распорядительным 2,995732 0,000336
исполнительный 1,171183 0,000131
исполнять 1,108663 0,000124
использование -0,009950 -0,000001
использовать 0,020203 0,000005
использоваться 0,223144 0,000050
испр 1,832581 0,000205
историко-краеведческий 2,407946 0,000270
историко-культурного 3,218876 0,000361
историко-этимологический 3,912023 0,000438
исторический 0,314711 0,000106
история 0,051293 0,000121
источник -0,009950 -0,000019
исчисление 0,776529 0,000087
италмас 3,912023 0,001315
итог 0,494296 0,000221
ишим 2,995732 0,000336
ишимбай 1,309333 0,000147
иэмз 3,912023 0,000438
июль 0,116534 0,000313
июнь 0,116534 0,000470
кабельный 1,514128 0,000170
кагью 2,659260 0,000596
кадр 1,514128 0,000339
казанский 1,049822 0,000470
казань 0,891598 0,000499
казенный 2,040221 0,000229
казна 1,966113 0,000440
казнить 2,813411 0,000315
калашников 2,525729 0,002263
кам 2,207275 0,000495
камбарка 3,912023 0,000438
камбарский 3,912023 0,000438
каменный 0,733969 0,000082
каменск-уральский 1,347074 0,000151
камский 1,714798 0,000768
кандидат 1,272966 0,000428
кандидатура 2,407946 0,000809
канун 2,813411 0,000315
капелла 2,995732 0,000336
капитал 1,469676 0,000165
кар 3,506558 0,000786
каракулинский 3,912023 0,000438
карла 1,386294 0,000466
карлутка 3,912023 0,000876
карлутки 3,912023 0,000876
карлутская 3,912023 0,000438
карлутской 3,912023 0,000438
карма 2,813411 0,000630
карт 0,301105 0,000101
карточкевикипедия 1,469676 0,000165
карточкивикипедия 1,309333 0,000147
каспийск 1,272966 0,000428
каталанский 0,527633 0,000059
каталог 0,094311 0,000021
катастрофа 1,514128 0,000170
категория -0,009950 -0,000003
каток 2,302585 0,000516
кафедральный 0,967584 0,000108
качественный 1,832581 0,000411
качество 0,287682 0,000097
квалифицировать 2,207275 0,000247
квантум 3,506558 0,000393
квартал 0,994252 0,000111
кезский 3,912023 0,000438
кемерово 1,237874 0,000139
керамический 3,218876 0,000361
кизиль 3,912023 0,000438
кизнерский 3,912023 0,000438
километр 0,693147 0,000078
киномакс 2,120264 0,000238
кинотеатр 0,891598 0,000300
киоск 2,995732 0,000336
кирилла 1,966113 0,000220
киров 1,309333 0,000440
кирова 1,386294 0,000932
кировской 2,995732 0,000336
кирову 2,659260 0,000298
китай 0,776529 0,000087
китайский 0,653926 0,000147
киясовский 3,912023 0,000438
кладовая 2,995732 0,000336
климат 0,446287 0,000350
клинковый 3,912023 0,000438
клуб 0,798508 0,000089
клубный 2,659260 0,000298
ключевой 1,203973 0,000135
кмагрыз 3,912023 0,000438
кмвоткинск 3,912023 0,000438
кмглазов 3,506558 0,000393
кмказань 2,040221 0,000229
кмкиров 2,995732 0,000336
кммагнитогорск 3,912023 0,000438
кмможга 3,912023 0,000438
кмнабережные 2,995732 0,000336
кмнижний 2,525729 0,000566
кмсарапул 3,912023 0,000438
кмульяновск 3,218876 0,000361
кмчайковский 3,912023 0,000438
князь 0,867501 0,000097
код -0,009950 -0,000082
кодекс -0,009950 -0,000001
кодистория 0,116534 0,000013
козий 2,995732 0,000336
колесо 2,407946 0,000270
количество 0,210721 0,000071
коллектив 1,237874 0,000693
коломна 1,272966 0,000143
колонна 2,120264 0,000238
колчак 2,302585 0,000258
команда 0,798508 0,000089
коми-пермяк 1,966113 0,000220
комиссия 0,967584 0,000542
комитет 0,653926 0,000220
комментарий 1,237874 0,000277
коммерсантъ 1,139434 0,000128
коммерческий 1,021651 0,000114
коммунар 2,659260 0,000596
компания 0,371064 0,000249
компенсировать 3,218876 0,000361
комплекс 0,579818 0,000520
комплексный 1,078810 0,000121
комплектовать 2,995732 0,000336
композитор 1,514128 0,000170
компьютер 1,427116 0,000160
комсомольск-на-амуре 1,203973 0,000135
комсомольский 0,891598 0,000100
конвейер 2,995732 0,000336
кондратьева 3,218876 0,000361
конец 0,198451 0,000067
конкретизациивикипедия 1,714798 0,000192
конкурс 1,171183 0,001706
конкурсный 2,207275 0,000989
кононова 3,912023 0,000438
конституция 1,966113 0,000440
конструкция 1,469676 0,000329
континентальный 0,527633 0,000059
контролировать 1,469676 0,000165
конференция 0,941609 0,000105
конфессия 1,049822 0,000353
конфиденциальность -0,009950 -0,000001
концерн 2,120264 0,000475
кооперация 2,040221 0,000229
копейка 2,525729 0,000283
копие 0,223144 0,000125
кордова 3,912023 0,000438
королев 1,897120 0,000850
короленко 3,218876 0,000361
короткий -0,009950 -0,000002
корпорация 1,347074 0,000151
корпус 1,171183 0,000131
коррекционный 2,525729 0,000283
космонавт 1,514128 0,000170
космонавтика 2,040221 0,000457
костенкова 3,912023 0,000438
кострома 1,171183 0,000131
костяк 3,506558 0,000393
который 0,000000 0,000000
кофе 3,218876 0,000361
кравец 1,386294 0,000155
край 0,544727 0,000122
красильникова 3,506558 0,000393
красная 0,713350 0,000320
красногорский 3,218876 0,000361
краснодаре 3,218876 0,000361
краснокирпичный 3,912023 0,000438
красноярск 0,967584 0,000108
красота 2,407946 0,000270
краткий 0,653926 0,000147
крест 1,309333 0,000293
крестьянин 1,832581 0,000205
крестьянский 1,714798 0,000384
кришна 2,813411 0,000630
кровопролитный 2,525729 0,000283
крокодил 3,912023 0,000438
кром 0,235722 0,000079
круг 0,967584 0,000217
круглогодичный 2,525729 0,000283
круп 2,813411 0,000315
крупный 0,210721 0,000496
крутой 1,514128 0,000170
крыма 0,843970 0,000189
крымская 2,659260 0,000298
крыть 1,609438 0,000180
кузебаю 3,912023 0,000438
кузебая 3,912023 0,000876
кузнец 1,560648 0,000175
куки -0,009950 -0,000001
кукла 0,891598 0,000100
кулаковой 3,912023 0,000876
кулик 2,995732 0,001007
кулинар 3,912023 0,000438
культура 0,356675 0,000559
культурно-досуговую 3,506558 0,000393
культурно-исторический 2,525729 0,000283
культурный 0,597837 0,000402
кунгурцеву 3,912023 0,000438
купить 2,525729 0,000283
купол 2,407946 0,000270
купольный 3,912023 0,000438
курган 1,203973 0,000135
курорт 1,560648 0,000175
курсировать 1,514128 0,000170
кутлу-мухаммеду 3,912023 0,000438
кушвинский 3,912023 0,000438
кушвы 3,912023 0,000438
кыллюкам 3,912023 0,000438
лад 2,995732 0,000336
левашов 1,660731 0,000186
легкий 0,967584 0,000108
ледовый 1,078810 0,000363
лексический 3,506558 0,000393
ленин 0,755023 0,000761
ленинск-кузнецкий 1,347074 0,000151
ленинский 0,941609 0,000738
лента 1,203973 0,000135
лесозаводский 3,912023 0,000438
леся 3,912023 0,000438
лет 0,597837 0,000201
летие 1,309333 0,000293
летия 1,108663 0,000248
летне-сезонных 3,912023 0,000438
летний 0,579818 0,000455
лидер 1,237874 0,000139
лидировать 1,832581 0,000205
линия 0,462035 0,000052
липовый 2,813411 0,000315
лист 1,203973 0,000135
литература 0,051293 0,000017
литературно-художественный 2,302585 0,000258
литературный 0,867501 0,000097
литургия 3,506558 0,000393
лихвинцева 3,912023 0,000438
лицей 1,347074 0,000754
лицензия -0,009950 -0,000001
лицо 0,673345 0,000377
локальный 0,673345 0,000151
луганск 1,203973 0,000135
лудорвай 3,912023 0,000438
луч 1,897120 0,000213
лучший 0,776529 0,000348
лыжный 1,897120 0,000425
лысьва 1,347074 0,000151
любить 1,832581 0,000821
любови 2,995732 0,000336
любовь 1,966113 0,000440
любой 1,386294 0,000155
людейгорода 2,995732 0,000336
люди 0,755023 0,000085
магадан 1,237874 0,000139
магазин 1,272966 0,000428
магнит 1,609438 0,000180
магнитогорск 1,272966 0,000143
мазунинской 3,912023 0,000438
май 0,127833 0,000544
майский 2,659260 0,000298
максимовичу 3,912023 0,000438
максимум 0,579818 0,000195
малиновый 3,506558 0,000393
малопургинский 3,912023 0,000438
малый 0,139262 0,000047
мамешевичу 3,912023 0,000438
маракай 3,912023 0,000438
мариец 1,609438 0,000180
марк 2,120264 0,000238
марк-итт 3,912023 0,000438
марка 0,733969 0,000329
маркс 1,309333 0,000440
март 0,116534 0,000339
маршрут 0,673345 0,000679
маршрутный 1,049822 0,000235
масленица 3,218876 0,000361
массово 2,813411 0,000315
массовый 0,494296 0,000332
мастер 1,171183 0,000525
мастеровой 3,218876 0,001082
мастерская 1,832581 0,000205
математический 1,832581 0,000205
материал -0,009950 -0,000007
матрица 2,525729 0,000283
мать 1,203973 0,000405
машина 0,713350 0,000080
машиностроение 1,049822 0,000235
машиностроительный 1,347074 0,000151
мегафон 1,237874 0,000139
медиафайлы 0,301105 0,000034
медицинский 0,653926 0,000147
междугородная 1,832581 0,000205
международный 0,385662 0,000648
междуречье 2,207275 0,000495
межкультурный 3,506558 0,000393
межмуниципальный 2,525729 0,000283
межрегиональный 1,771957 0,000198
мемориал 1,514128 0,000170
мемориальный 1,139434 0,000128
местный 0,478036 0,000268
место 0,139262 0,000312
месторождение 1,427116 0,000320
месяц 0,415515 0,000140
металл 1,272966 0,000285
металлический 1,771957 0,000397
металлообрабатывающий 2,659260 0,000298
металлург 2,302585 0,001290
металлургический 1,469676 0,000165
металлургия 1,714798 0,000192
метр 0,653926 0,000073
метровый 1,714798 0,000384
мефодия 1,966113 0,000220
механический 1,660731 0,000558
мечеть 0,994252 0,001114
миасс 1,309333 0,000147
мигдаль 3,912023 0,000438
микрорайон 0,916291 0,000103
микротерритория 3,912023 0,000438
милиционный 3,912023 0,000438
милком 3,912023 0,000438
миллион 0,776529 0,000087
мина 2,302585 0,000258
минеральный 1,139434 0,000128
минимум 0,653926 0,000220
министерство 0,653926 0,000220
министр 1,171183 0,000262
мир 0,094311 0,000021
мирной 1,609438 0,000180
митрополит 1,832581 0,000411
михаил 0,916291 0,000103
михаила 1,171183 0,000131
михаило-архангельский 3,912023 0,000438
михаилу 2,525729 0,000283
михайловская 3,218876 0,000721
мишустин 3,218876 0,000361
млн 0,462035 0,000104
млрд 0,820981 0,000276
много 0,150823 0,000034
многоканальный 3,506558 0,000393
многоквартирный 1,897120 0,000213
многолетний 1,560648 0,000175
многопартийный 3,912023 0,000438
многочисленный 0,693147 0,000078
многоэтажный 1,832581 0,000205
множество 0,462035 0,000052
мобильный -0,009950 -0,000002
могильник 2,813411 0,000945
модуль 0,562119 0,000126
можгинский 3,912023 0,000438
мокрый 2,302585 0,000258
молить 3,218876 0,000721
молл 2,525729 0,000283
молодежный 1,078810 0,000725
молодежь 1,386294 0,000155
молодожен 3,218876 0,000361
молодой 1,021651 0,000229
момент 0,527633 0,000118
монета 0,994252 0,000223
монетка 3,506558 0,000393
монумент 1,272966 0,001426
монументальный 1,714798 0,000192
мончегорск 1,347074 0,000151
море 0,562119 0,000063
мороз 1,386294 0,000155
мосгеопроект 3,912023 0,000438
мосина 3,218876 0,000361
москва 0,400478 0,000404
москваижевск 3,912023 0,000438
москвин 3,912023 0,000438
москвы 0,653926 0,000147
московский 0,527633 0,000236
мост 0,713350 0,000080
мотозавод 3,912023 0,000876
мотозаводе 3,912023 0,000438
мотоцикл 2,813411 0,000630
мотоциклист 3,506558 0,000393
мочь -0,009950 -0,000006
мск 0,843970 0,000095
мтс 1,237874 0,000277
музей 0,653926 0,001319
музей-заповедник 1,832581 0,000205
музей-квартира 2,995732 0,000336
музейно-выставочный 3,218876 0,000361
музъемлэн 3,912023 0,000438
музыка 0,941609 0,000211
музыкальный 0,867501 0,000292
музыкант 2,207275 0,000742
муниципальный 0,713350 0,003596
мусульман 1,171183 0,000262
мчс 2,120264 0,000238
мэр 1,078810 0,000121
мясокомбинат 1,966113 0,000440
мятеж 2,207275 0,000247
набережная 0,891598 0,000699
наблюдаться 0,755023 0,000085
наблюдение 1,108663 0,000124
навигация -0,009950 -0,000003
нависнуть 3,506558 0,000393
наговицына 3,912023 0,000438
награда 0,798508 0,000179
наградить 0,941609 0,000211
награждение 2,302585 0,000258
нагреваться 3,218876 0,000361
надежда 1,469676 0,000165
надпись 1,660731 0,000372
название 0,105361 0,000153
назвать 0,371064 0,000083
назначаться 2,040221 0,000229
назначить 1,203973 0,000135
называться 0,328504 0,000037
наиболее 0,139262 0,000016
наименование 0,994252 0,000111
наклон 2,995732 0,000336
накопить 2,120264 0,000238
наличный 2,525729 0,000283
налог 1,897120 0,000213
наместничество 1,514128 0,000170
напиток 1,897120 0,000425
наполеоновский 3,218876 0,000361
направить 0,867501 0,000097
направление 0,385662 0,000130
направленность 2,120264 0,000238
например 0,328504 0,000037
народ 0,579818 0,000714
народность 2,040221 0,000457
народный 0,616186 0,000690
наряд 1,049822 0,000118
население 0,462035 0,003105
населить 0,597837 0,000603
наследие 0,713350 0,000240
настолько 1,897120 0,000213
настольный 1,771957 0,000198
настоящее 0,287682 0,000322
наступать 0,843970 0,000095
наступить 2,407946 0,000270
насчитывать 1,203973 0,000135
наука 0,235722 0,000053
научно-образовательный 0,967584 0,000108
научный 0,248461 0,000083
находиться 0,174353 0,000137
находка 0,994252 0,000111
национальность 0,867501 0,000389
национальный 0,342490 0,000384
начало 0,116534 0,000117
началось 0,616186 0,000345
начальник 1,660731 0,000186
начальство 2,525729 0,000283
начать 0,510826 0,000172
начаться 0,562119 0,000126
начинание 3,506558 0,000393
начинать 1,049822 0,000118
начинаться 0,527633 0,000118
начиная 0,733969 0,000082
наш 0,527633 0,000118
небольшой 0,494296 0,000166
неверный 2,207275 0,000247
недалеко 1,469676 0,000165
неделя 1,309333 0,000147
недостаток 0,579818 0,000065
недоступный 0,446287 0,000200
недрагоценный 3,218876 0,000361
некоммерческий -0,009950 -0,000001
некоторые 0,127833 0,000014
некрасов 2,407946 0,000270
неметаллический 3,218876 0,000361
немец 1,108663 0,000124
немецкий 0,798508 0,000089
немного 1,309333 0,000147
необходимый 1,078810 0,000242
неофициальный 1,139434 0,000128
неправильно 2,040221 0,000229
непрерывный 1,714798 0,000192
неприметный 3,912023 0,000438
нерабочий 0,994252 0,000111
нерудный 3,506558 0,001178
несколько 0,116534 0,000117
нестандартный 2,659260 0,000298
нестационарный 3,912023 0,000438
несудоходный 3,218876 0,000361
нефаз 2,407946 0,000270
нефтекамск 3,506558 0,000393
нефть 1,347074 0,000302
нефтяник 2,302585 0,000258
нефтяной 1,514128 0,000170
нечкино 3,912023 0,000438
нижнее 0,916291 0,000103
нижнекамск 2,995732 0,000336
нижний 0,494296 0,000166
низкий 0,843970 0,000189
низменный 1,897120 0,000213
низовье 1,966113 0,000220
николаевич 1,309333 0,000293
николай 0,867501 0,000097
нобель 3,506558 0,000393
новгород 0,867501 0,000292
новое 0,287682 0,000290
новокузнецк 1,272966 0,000143
новомосковск 1,203973 0,000135
новомученик 2,813411 0,000315
новосибирск 0,916291 0,000103
новость 0,544727 0,000183
новый 0,083382 0,000047
номер 0,634878 0,000142
номинал 1,771957 0,000397
норильск 1,203973 0,000135
норма 0,597837 0,000067
носить 0,798508 0,000179
ноу 2,659260 0,000298
ночь 1,309333 0,000293
нояб 0,820981 0,000092
ноябрь 0,127833 0,000516
нумизматика 1,966113 0,000440
нуры 3,912023 0,000438
оао 0,916291 0,001232
оба 0,597837 0,000067
обеспеченность 1,771957 0,000198
обеспечивать 0,415515 0,000047
обеспечить 1,386294 0,000155
обзор 1,078810 0,000121
обком 2,207275 0,000247
облако 2,207275 0,000247
область 0,150823 0,000068
облисполком 2,813411 0,000315
обнаружить 1,021651 0,000229
обозначение 1,386294 0,000155
оборона 1,108663 0,000124
оборонный 1,771957 0,000397
оборот 1,139434 0,000128
оборудование 0,653926 0,000293
обрабатывать 1,049822 0,000118
обработка 1,309333 0,000147
образ 0,287682 0,000032
образование 0,356675 0,001998
образовательный 0,891598 0,000499
образовать 0,385662 0,000302
обращение 0,030459 0,000447
обрушение 3,218876 0,001082
обрыв 3,218876 0,000361
обслуживание 0,941609 0,000105
обслуживать 1,469676 0,000823
обусловить 1,237874 0,000139
обучаться 1,560648 0,000524
обход 1,469676 0,000165
общее 0,301105 0,000169
общеобразовательный 1,021651 0,000687
общероссийский 1,427116 0,000160
общественный 0,494296 0,000775
общество 0,415515 0,000093
общий 0,186330 0,000042
община 1,078810 0,000121
объединение 0,776529 0,000174
объект 0,235722 0,000238
объем 0,400478 0,000269
объявить 0,798508 0,000089
огнестрельный 2,995732 0,000671
огонь 1,139434 0,000128
ограничение 1,237874 0,000139
ограничить 0,653926 0,000073
одарить 2,995732 0,000336
один 0,051293 0,000029
однако 0,174353 0,000020
одноименный 0,967584 0,000217
ожзавод 3,912023 0,000438
оздоровительный 2,407946 0,000270
оказать 1,427116 0,000639
оказаться 0,820981 0,000092
оказывать 0,867501 0,000097
окато 0,820981 0,000276
окончательно 1,203973 0,000135
окончить 2,659260 0,000298
окрестность 0,941609 0,000316
окрестный 2,659260 0,000298
округ 0,562119 0,000819
окружной 1,609438 0,000361
окт 0,798508 0,000089
октмо 0,843970 0,000095
октябрь 0,072571 0,000236
октябрьский 0,776529 0,000957
олег 1,427116 0,000799
олимпиец 2,995732 0,000671
олимпийский 1,108663 0,000248
олицетворять 3,218876 0,000361
омск 1,021651 0,000114
онлайн 0,198451 0,000022
онлайн-формате 3,912023 0,000438
ооо 0,843970 0,001134
опер 1,469676 0,000329
оперативный 1,832581 0,000205
оператор 0,941609 0,000211
оперный 1,897120 0,000213
описание -0,009950 -0,000002
оплата 1,609438 0,000180
определить 0,527633 0,000059
оптический 1,897120 0,000213
опубликование 2,302585 0,000258
опыт 1,427116 0,000160
опытный 1,108663 0,000124
орган 0,616186 0,000483
организация -0,009950 -0,000011
организовать 0,634878 0,000213
орден 0,891598 0,000300
оренбург 1,966113 0,000440
оригинал 0,139262 0,000546
орск 1,272966 0,000143
оружейная 2,995732 0,001342
оружейник 3,506558 0,002750
оружейный 2,995732 0,005705
оружие 1,203973 0,001079
осадка 1,237874 0,000139
осадок 0,544727 0,000183
освобождение 1,514128 0,000170
освоение 1,309333 0,000293
освятить 1,560648 0,000350
освящение 2,813411 0,000630
осень 0,941609 0,000316
осипов 0,527633 0,000118
основа 0,210721 0,000024
основание 0,494296 0,000111
основать 0,274437 0,000123
основное 0,235722 0,000079
основной 0,040822 0,000091
основывать 2,525729 0,000283
особенно 0,562119 0,000063
особенность 0,693147 0,000155
оставаться 0,544727 0,000061
остальное 1,897120 0,000213
остальной 0,616186 0,000069
останиной 3,912023 0,000438
остановка 1,514128 0,000339
остаток 1,203973 0,000135
остаться 0,867501 0,000097
осуществить 1,237874 0,000139
осуществлять 0,597837 0,000335
осуществляться 0,616186 0,000138
отбор 2,040221 0,000229
отборочный 2,995732 0,000336
отв 0,755023 0,000085
ответственность -0,009950 -0,000001
отгрузить 1,386294 0,000466
отдание 3,912023 0,000438
отделение 0,713350 0,000080
отдельный -0,009950 -0,000003
отдых 0,941609 0,000105
отдыхать 2,302585 0,000258
отечественный 0,634878 0,000427
отказ -0,009950 -0,000001
открываться 1,347074 0,000151
открытие 0,616186 0,000414
открыто 1,078810 0,000121
открыть 0,150823 0,000253
открыться 0,820981 0,000092
отличаться 0,342490 0,000153
отметить 0,616186 0,000207
относительно 0,415515 0,000047
относительность 3,218876 0,000721
относить 1,469676 0,000165
относиться 0,328504 0,000110
отправиться 2,040221 0,000229
отпраздновать 2,407946 0,000270
отразить 1,832581 0,000205
отредактировать -0,009950 -0,000002
отреставрировать 2,040221 0,000229
отстранить 2,813411 0,000315
отсутствие 0,891598 0,000300
отходить 1,897120 0,000213
отчет 1,272966 0,000143
офис 1,560648 0,000350
официально 0,693147 0,000311
официальный 0,356675 0,000280
оформить 1,514128 0,000170
ох 1,347074 0,000151
охотник 3,218876 0,000361
охотничий 2,995732 0,000671
оценка 0,400478 0,000135
очерк 0,733969 0,000247
ошибка 0,994252 0,000223
ошибкекак -0,009950 -0,000001
пазелинка 3,912023 0,000438
палэзян 3,912023 0,000438
памяти 1,078810 0,000121
памятник 0,597837 0,001674
памятник-бюст 3,218876 0,000361
памятный 0,798508 0,000179
память 0,820981 0,000092
панорама 1,203973 0,000135
пао 1,427116 0,000480
параллельно 1,237874 0,000139
парижевск 3,912023 0,000876
парикмахер 3,912023 0,000438
парк 0,653926 0,001099
парламент 2,120264 0,000238
партийный 1,660731 0,000186
партнер 1,514128 0,000678
партнерский 2,207275 0,000495
пассажир 1,272966 0,000143
пассажирский 0,941609 0,000316
пассивный 2,995732 0,000336
пастухов 3,912023 0,000438
пастуховский 3,912023 0,000438
пасха 2,995732 0,000336
патриарх 2,040221 0,000229
педагогический 0,867501 0,000194
пельмень 3,912023 0,000438
пенза 1,108663 0,000124
первое 0,150823 0,000203
первоклассник 3,912023 0,000438
первомайский 1,347074 0,001056
первооснователь 3,912023 0,000438
первый 0,162519 0,000291
перевести 0,994252 0,000111
перевозка 0,891598 0,000200
перевозчик 2,302585 0,000258
перевощиков 3,912023 0,001315
передать 0,798508 0,000268
передача 1,078810 0,000242
переименовать 0,941609 0,000105
перейти -0,009950 -0,000002
перекресток 1,237874 0,000139
переломный 2,813411 0,000315
перенести 0,994252 0,000111
перенос 1,560648 0,000175
перепись 0,755023 0,001015
перераб 1,609438 0,000180
перерабатывать 2,525729 0,000283
переработать 2,813411 0,000315
переработка 1,469676 0,000329
пересечение 1,171183 0,000131
перестроить 1,897120 0,000425
переть 1,108663 0,000248
переулок 1,514128 0,000170
перечень 1,108663 0,000621
период 0,274437 0,000307
пермь 0,994252 0,000557
персоналия 2,407946 0,000539
персональный -0,009950 -0,000001
песнь 1,469676 0,000165
петербургский 1,660731 0,000186
петр 1,108663 0,000124
петрова 2,302585 0,000516
петровны 2,995732 0,000336
петровский 1,514128 0,000170
петь 2,407946 0,000270
печатный 1,021651 0,000114
печать -0,009950 -0,000002
пивзавод 2,659260 0,000596
пижма 3,912023 0,000438
пилем 3,912023 0,001315
пироговка 3,912023 0,000438
пирогово 3,912023 0,000876
писатель 0,916291 0,000103
письмо 1,237874 0,000139
питание 1,171183 0,000525
пищевой 0,916291 0,000308
плавательный 1,966113 0,000220
план 0,527633 0,000059
планироваться 0,891598 0,000100
пластмасса 3,506558 0,000393
плательщик 3,912023 0,000438
платный 1,469676 0,000165
плотина 1,514128 0,000339
плотность 0,634878 0,000142
площадка 0,867501 0,000680
площадь 0,385662 0,000778
победа 0,755023 0,000254
победитель 1,514128 0,000170
побратимский 1,771957 0,000397
поведение -0,009950 -0,000001
повествовать 2,995732 0,000336
поволжья 1,714798 0,000576
повстанец 3,506558 0,000393
повышение 1,078810 0,000121
погашение 3,506558 0,000393
погибнуть 1,469676 0,000329
погибший 1,203973 0,000135
поглощать 2,813411 0,000315
погода 0,693147 0,000155
погребение 2,659260 0,000298
подборенка 3,912023 0,000438
подборенки 3,912023 0,000438
подготовка 0,916291 0,000205
поддержка 0,653926 0,000073
поднятие 2,407946 0,000270
подольск 1,272966 0,000143
подорожать 2,995732 0,001342
подписать 0,941609 0,000527
подросток 2,407946 0,000270
подчиняться 1,660731 0,000186
поезд 1,021651 0,000229
пожаловать 2,207275 0,000247
позволять 0,462035 0,000052
поздно 0,713350 0,000240
позже 0,733969 0,000411
позими 3,912023 0,000438
позимь 3,912023 0,001315
позитивный 2,995732 0,000336
позиционирование 2,995732 0,000336
поиск -0,009950 -0,000004
пока 0,843970 0,000095
показатель 0,494296 0,000111
покров 0,843970 0,000095
покровская 2,302585 0,000258
покровский 1,771957 0,000198
покупательский 3,506558 0,000393
пол 0,446287 0,000200
полдень 0,916291 0,000103
полет 1,609438 0,000180
политик -0,009950 -0,000002
политический 0,597837 0,000067
полномочие 1,203973 0,000539
полностью 0,400478 0,000045
полноценный 1,771957 0,000198
полный 0,328504 0,000074
половина 0,430783 0,000193
половодье 2,207275 0,000247
положение 0,415515 0,000093
положить 1,514128 0,000170
полоса 0,916291 0,000205
полукольцо 3,218876 0,000721
полуфабрикат 2,813411 0,000315
получение 1,203973 0,000135
получить 0,150823 0,000118
пользование 1,609438 0,000180
поляк 0,820981 0,000092
помимо 0,562119 0,000126
помощь 0,342490 0,000077
понимание 1,560648 0,000350
пополнение 2,407946 0,000270
породнить 2,525729 0,000283
портал 0,342490 0,000077
поручать 3,912023 0,000438
порыв 3,218876 0,000361
порядок 0,994252 0,000223
посадка 1,897120 0,000213
посвятить 0,634878 0,000213
поселение 0,634878 0,001067
поселок 0,634878 0,000925
посетитель 1,771957 0,000198
последний -0,009950 -0,000003
последовать 2,302585 0,000258
поспелов 1,021651 0,000114
пост 1,078810 0,000242
поставить 1,021651 0,000229
поставлять 2,525729 0,000566
постановление 0,891598 0,000300
постоянный 0,579818 0,000390
построить 0,301105 0,000304
постройка 0,867501 0,000097
потенциал 0,967584 0,000108
потребитель 1,771957 0,000198
потребительский 1,832581 0,000205
почетный 0,820981 0,000460
почтовый 0,653926 0,000293
появиться 0,248461 0,000083
появляться 0,733969 0,000164
пояс 0,597837 0,000268
правда 0,820981 0,000092
правительство 0,510826 0,000229
править -0,009950 -0,000156
правка 0,274437 0,000061
правкиновые -0,009950 -0,000001
правкипостоянная -0,009950 -0,000001
право 0,314711 0,000176
православный 0,755023 0,000338
правый 0,798508 0,000089
праздник 1,203973 0,000809
празднование 1,309333 0,000147
практически 0,755023 0,000085
предложение 1,609438 0,000180
предмет 0,713350 0,000080
предок 1,832581 0,000205
предоставление 1,609438 0,000361
предоставлять 0,713350 0,000080
предоставляться 2,207275 0,000247
предполетный 3,506558 0,000393
предположительно 1,966113 0,000220
предприятие 0,527633 0,001359
председ 1,203973 0,000135
председатель 0,916291 0,000308
представитель 0,653926 0,000220
представительный 1,237874 0,000416
представить 0,328504 0,000147
представиться -0,009950 -0,000001
представление 0,776529 0,000174
представлять 0,328504 0,000074
предуралье 2,813411 0,000315
предусматривать 1,386294 0,000155
предъявить 3,506558 0,000393
предыдущее 2,040221 0,000229
предыдущий 1,609438 0,000180
прежде 1,049822 0,000118
прежнее 1,560648 0,000175
прежний 1,021651 0,000114
президент 0,597837 0,000201
президиум 1,171183 0,000787
прекратить 0,916291 0,000103
прекратиться 2,407946 0,000539
премьер-министр 2,995732 0,000336
преобладать 0,713350 0,000080
преобразовать 0,967584 0,000108
пресвятой 1,272966 0,000143
престол 2,525729 0,000283
претензия 3,218876 0,000361
приборостроение 2,040221 0,000229
прибыль 1,897120 0,000425
прибытие 1,897120 0,000213
привезти 2,040221 0,000229
привести 0,356675 0,000040
привод 3,218876 0,000361
привозить 3,218876 0,000361
привокзальный 1,832581 0,000411
приволжский 1,609438 0,000361
пригласить 2,407946 0,000809
пригород 1,714798 0,000384
пригородный 0,967584 0,000542
приготовление 2,995732 0,000336
прием 1,347074 0,000302
приемная 3,506558 0,000393
призвать 1,560648 0,000175
признание 0,867501 0,000097
признать 0,494296 0,000055
призовой 3,218876 0,000361
прийтись 1,469676 0,000165
приказ 1,203973 0,000135
прикамье 2,995732 0,000336
прилегать 1,237874 0,000139
применять 0,510826 0,000114
примерно 0,634878 0,000071
примерный 2,813411 0,000315
примечание -0,009950 -0,000004
примечанияхвикипедия 2,407946 0,000270
принадлежать 0,755023 0,000085
принимать 0,634878 0,000142
принцип 0,867501 0,000097
принятие 1,560648 0,000350
принять 0,248461 0,000223
приобрести 1,139434 0,000128
приобретение 2,302585 0,000258
прирост 1,309333 0,000147
присвоение 1,139434 0,000255
присвоить 0,798508 0,000268
приспособить 2,407946 0,000270
пристань 1,427116 0,000639
присутствие 1,514128 0,000339
притка 1,427116 0,000160
приток 1,078810 0,000121
приход 1,108663 0,000124
приходиться 0,693147 0,000155
причал 1,897120 0,000213
пробный 2,302585 0,000258
проведение 0,673345 0,000528
проверить 0,478036 0,000107
проверка 0,843970 0,000095
проверять 0,820981 0,000092
проверяться 1,714798 0,000192
провести 0,579818 0,000130
проветриваться 3,912023 0,000438
проводиться 0,653926 0,000513
провозгласить 2,040221 0,000457
программа 0,415515 0,000093
продать 2,302585 0,000258
продемонстрировать 2,525729 0,000283
продовольственный 1,832581 0,000205
продолжительный 1,560648 0,000175
продукт 0,634878 0,000142
продукция 0,941609 0,000211
проезд 1,171183 0,000918
проект -0,009950 -0,000007
проектахмедиафайлы 2,525729 0,000283
проживание 1,832581 0,000205
проживать 0,776529 0,000174
произвести 1,203973 0,000135
производительность 1,609438 0,000180
производственный 1,078810 0,000363
производство 0,527633 0,001950
произойти 0,430783 0,000097
происходить 0,328504 0,000037
происхождение 0,776529 0,000261
пройти 0,544727 0,000427
прокатный 2,995732 0,000336
прокопьевск 1,272966 0,000143
прокуратура 2,040221 0,000229
пролог 3,506558 0,000393
промерзание 2,995732 0,000671
промплощадка 3,912023 0,000438
промсвязьбанка 3,506558 0,000393
промышленник 2,525729 0,000283
промышленность 0,494296 0,000443
промышлять 0,462035 0,000518
пророк 2,407946 0,000270
пророко-ильинская 3,912023 0,000438
просвещение 1,560648 0,000175
просмотр -0,009950 -0,000001
простор-телеком 3,506558 0,000393
протест 1,966113 0,000220
протестантизм 2,040221 0,000457
протокол 1,139434 0,000128
профессиональный 0,733969 0,000082
проходить 0,462035 0,000104
процент 1,427116 0,000480
прочее 0,544727 0,000061
прочие 0,798508 0,000089
пруд 1,609438 0,002163
психолого-социальный 3,912023 0,000438
птица 1,272966 0,000428
птичий 2,525729 0,000283
пугачеваскрытые 3,506558 0,000393
пугачевым 3,506558 0,000393
пужым 3,912023 0,000438
пункт 0,494296 0,000664
путеводитель 0,713350 0,000080
путина 1,386294 0,000155
путь 0,261365 0,000176
пушкин 0,916291 0,000103
пушкинский 1,897120 0,000213
пуштроссэс 3,912023 0,000438
пышма 1,309333 0,000147
пятерочка 1,832581 0,000205
пятиборье 3,506558 0,000393
пятилетка 1,897120 0,000213
работа 0,127833 0,000072
работать 0,314711 0,000282
работник 1,108663 0,000248
рабочий 0,597837 0,000469
равнина 0,867501 0,000194
равнинный 2,120264 0,000238
равняться 2,407946 0,000270
радиационный 2,302585 0,000258
радиозавод 2,659260 0,000596
радиолинк 3,912023 0,000438
радиостанция 1,021651 0,000114
радиоэфир 3,912023 0,000438
развернуть 1,660731 0,000186
развиваться 0,597837 0,000067
развитие 0,127833 0,000186
развить 0,616186 0,000138
разграбить 3,218876 0,000361
разделить 0,527633 0,000059
различный 0,116534 0,000039
разместить 1,108663 0,000124
размещение 0,673345 0,000151
разница 1,897120 0,000213
разное 1,078810 0,000242
разнообразный 1,139434 0,000128
разработать 0,616186 0,000069
разработка 0,653926 0,000220
разработчик -0,009950 -0,000001
разрешение 1,660731 0,000186
разрешить 1,560648 0,000175
разрушение 1,560648 0,000175
разрушить 1,139434 0,000383
разукрупнение 3,218876 0,000721
район 0,430783 0,001834
районный 1,171183 0,000262
райцентр 0,941609 0,000105
рамка 0,478036 0,000054
рана 0,776529 0,000087
ранение 2,995732 0,000336
ранний 0,733969 0,000082
рано 0,261365 0,000059
раскапываться 3,912023 0,000438
расписание 1,832581 0,000205
распознаваться 3,912023 0,000438
располагаться 0,544727 0,000244
расположить 0,385662 0,000346
распоряжение 1,139434 0,000128
распространяться 1,272966 0,000143
распустить 2,207275 0,000247
расследование 2,525729 0,000283
расстояние 0,713350 0,000320
расстрел 2,525729 0,000283
расчет 0,820981 0,000184
расширение 0,415515 0,000047
расширяться 1,771957 0,000198
реализоваться 1,966113 0,000220
революциинаселенные 2,120264 0,000238
революция 0,562119 0,000315
регион 0,385662 0,000173
региональный 0,634878 0,000996
регулярный 0,798508 0,000179
ред 0,235722 0,000053
редкий 1,237874 0,000139
редко 1,514128 0,000170
редуктор 3,912023 0,000438
режессуры 3,912023 0,000438
режим 0,653926 0,000073
резерв 1,514128 0,000170
резиденция 1,832581 0,000616
результат 0,174353 0,000176
рейс 1,171183 0,000262
рейтинг 0,967584 0,000434
река 0,446287 0,000450
рекомендация 0,776529 0,000087
реконструкция 0,820981 0,000092
религия 0,755023 0,000169
рельеф 0,798508 0,000268
ремесло 1,714798 0,000384
республика 0,527633 0,002542
республиканский 1,714798 0,001921
реструктуризации 3,218876 0,000361
ресурс 0,020203 0,000002
референдум 2,040221 0,000229
рецензент 2,659260 0,000596
речка 1,427116 0,000320
речной 0,693147 0,000078
решение 0,328504 0,000331
решетка 2,525729 0,000283
решить 0,941609 0,000105
ров 1,966113 0,000220
родина 1,108663 0,000497
родственный 0,579818 0,000065
рождаемость 1,966113 0,000220
рождение 1,078810 0,000242
роза 0,916291 0,000103
розничный 1,171183 0,000656
рок-музыка 2,813411 0,000315
роль 0,494296 0,000111
роман 1,237874 0,000139
романова 2,659260 0,000298
росбанка 3,506558 0,000393
россиигородские 2,302585 0,000258
россиистолицы 2,813411 0,000315
российский 0,105361 0,000696
российско-украинской 1,108663 0,000124
россия 0,174353 0,000664
росспэн 0,994252 0,000111
росстат 0,776529 0,000087
росстроя 3,912023 0,000438
рост 0,597837 0,000067
ростелеком 1,386294 0,000466
ротонда 2,407946 0,000270
роща 1,469676 0,000329
рсфср 0,733969 0,000411
руб 1,171183 0,000262
рубеж 1,021651 0,000229
рубль 0,755023 0,000930
рубцовск 1,347074 0,000151
руд 2,040221 0,000457
ружье 2,995732 0,000671
руководить 1,309333 0,000147
руководство 0,544727 0,000244
рус 0,162519 0,000947
русский -0,009950 -0,000017
рыбинск 1,203973 0,000135
рыжий 3,912023 0,001315
рынок 0,713350 0,000479
рябина 2,813411 0,000315
рябиновый 3,912023 0,000438
рябова 3,912023 0,000438
ряд 0,223144 0,000025
рязань 1,049822 0,000118
сабантуй 3,218876 0,000361
сад 0,843970 0,001229
садово-дачных 3,912023 0,000438
сайт 0,210721 0,000212
сактон 3,912023 0,000438
салехард 1,347074 0,000151
салтык 3,506558 0,000393
сам 0,162519 0,000073
самара 0,891598 0,000400
самарского 2,659260 0,000298
самару 2,659260 0,000596
самолет 1,237874 0,000277
самостоятельный 0,820981 0,000184
самоуправление 0,891598 0,000400
самый 0,174353 0,000137
санаторий 1,714798 0,000192
санкт-петербург 0,616186 0,000138
сарапул 3,506558 0,000786
сарапульский 3,912023 0,001315
саратов 0,967584 0,000217
саровский 2,407946 0,000270
сбербанк 1,714798 0,000192
сборная 1,897120 0,000213
сборник 0,597837 0,000134
сведение 0,579818 0,000065
свежий 2,525729 0,000566
свет 0,941609 0,000105
свитка 3,506558 0,000393
свободный -0,009950 -0,000001
свое 0,287682 0,000129
свой 0,150823 0,000051
связать 0,174353 0,000059
связаться -0,009950 -0,000001
связь 0,174353 0,000293
святитель 1,897120 0,000213
свято-михайловский 3,912023 0,000438
свято-михайловского 3,912023 0,000876
святой 0,755023 0,000254
себя 0,198451 0,000022
север 0,527633 0,000059
северный 0,385662 0,000043
северодвинск 1,171183 0,000131
сегодня 0,616186 0,000207
сегодняшний 1,560648 0,000175
седан 3,912023 0,000438
сезон 0,916291 0,000103
сезонный 1,714798 0,000384
секретарь 1,660731 0,000186
сектор 1,049822 0,000235
селивановский 3,912023 0,001315
селивановского 3,506558 0,001178
селигер 3,912023 0,000438
село 0,891598 0,000200
селтинский 3,912023 0,000438
сельский 0,634878 0,000640
семейный 2,120264 0,000238
семен 1,966113 0,000220
семья 0,843970 0,000095
сенной 2,525729 0,000283
сент 0,843970 0,000095
сентябрь 0,072571 0,000325
серафим 2,302585 0,000258
сервис 1,108663 0,000124
сергей 0,967584 0,000325
сергея 1,469676 0,000494
серебрянский 3,912023 0,000438
серийный 2,302585 0,000258
серия 0,713350 0,000160
сессия 2,207275 0,000742
сетевой 1,049822 0,000235
сети-парк 3,912023 0,000438
сеть 0,356675 0,000160
сжечь 2,407946 0,000270
сивкова 3,506558 0,000393
сигма 3,912023 0,000438
сила 0,494296 0,000221
сильный 0,544727 0,000061
синема 1,771957 0,000397
синин 3,912023 0,000438
система 0,051293 0,000017
системеобсуждениевкладсоздать -0,009950 -0,000001
ситуация 0,693147 0,000155
скачать -0,009950 -0,000001
сквер 0,941609 0,003375
сколько 0,653926 0,000073
скорость 0,755023 0,000085
скорый 2,525729 0,000283
скульптор 1,237874 0,000139
слава 0,941609 0,000527
славный 2,407946 0,000270
следовать 0,235722 0,000079
следственный 2,120264 0,000238
словарь 0,094311 0,000032
словарь-справочник 1,560648 0,000175
слово 0,210721 0,000047
сложить 1,832581 0,000205
сложный 0,446287 0,000050
служба 0,527633 0,000414
служить 0,820981 0,000092
случай -0,009950 -0,000001
сменить 1,714798 0,000576
сменный 2,995732 0,000336
смертность 1,832581 0,000205
смерть 1,609438 0,000180
смешать 1,309333 0,000147
смещение 0,733969 0,000082
сми 0,867501 0,000389
смочь 1,203973 0,000135
сначала 1,386294 0,000155
снег 1,386294 0,000466
снести 1,347074 0,000151
снижение 1,171183 0,000131
снова 1,386294 0,000155
снос 1,897120 0,000213
сноска 0,733969 0,000164
сноскамивикипедия 2,813411 0,000315
собаке-космонавту 3,912023 0,000438
собор 0,733969 0,000740
соборный 1,049822 0,000353
собрание 0,634878 0,000071
собрать 1,386294 0,000311
собраться 2,659260 0,000298
собственность 1,309333 0,000147
собственный 0,446287 0,000350
событие 0,733969 0,000082
событияпожертвовать -0,009950 -0,000001
совершить 0,994252 0,000334
совет 0,462035 0,000776
советский 0,261365 0,000234
совместно 1,427116 0,000160
совместный 1,514128 0,000170
современность 1,386294 0,000311
современный 0,150823 0,000101
соглашение 0,994252 0,000223
согнать 3,912023 0,000438
содержание 0,010050 0,000001
содержать 0,634878 0,000071
соединить 0,994252 0,000111
создать 0,210721 0,000142
сознание 1,897120 0,000425
созыв 1,514128 0,000170
сойти 3,506558 0,000393
сокращаться 1,897120 0,000425
сокращение 0,867501 0,000097
солдатский 1,832581 0,000411
солнечный 0,597837 0,000067
соловьевский 3,912023 0,000438
сообщение 0,478036 0,000214
сообщить -0,009950 -0,000001
соорудить 1,897120 0,000213
сооружение 0,733969 0,000329
соответствие 0,371064 0,000125
соревнование 1,108663 0,000124
соседний 1,203973 0,000270
сосновый 1,897120 0,000213
сост 0,597837 0,000134
состав 0,248461 0,000306
составитель 2,207275 0,000247
составить 0,400478 0,000449
составлять 0,198451 0,000267
состояние 0,248461 0,000111
состоять 0,385662 0,000130
состояться 0,713350 0,000959
сотни 1,427116 0,000160
сотовый 1,309333 0,000147
сотрудничество 1,078810 0,000121
софии 2,813411 0,000315
сохранение -0,009950 -0,000002
социально-экономическое 2,302585 0,000258
социальный 0,527633 0,000236
сочить 1,514128 0,000339
союз 0,579818 0,000260
союзный 1,966113 0,000220
спартак 1,771957 0,000198
спартакиада 2,659260 0,000596
специализировать 0,994252 0,000111
специализироваться 1,966113 0,000220
специалист 0,755023 0,000085
специальный 0,415515 0,000047
спиридонов 3,218876 0,000361
список 0,210721 0,000047
спорт 0,713350 0,000320
спортивно-стрелковый 3,506558 0,000786
спортивный 0,891598 0,000599
спортсмен 1,771957 0,000198
способ 1,078810 0,000121
способность 1,139434 0,000128
способствовать 0,867501 0,000194
справка 1,203973 0,000135
справляться 2,813411 0,000315
справочник 0,798508 0,000089
спрос 2,207275 0,000247
спускаться 2,995732 0,000336
сравнение 0,733969 0,000164
среди 0,198451 0,000044
средневековье 1,660731 0,000186
среднегодовой 0,776529 0,000087
среднее 0,342490 0,000384
среднесписочный 3,218876 0,000361
средний 0,371064 0,000291
средство 0,287682 0,000161
средуралнеруд 3,912023 0,000438
срок 0,798508 0,000268
сср 0,820981 0,000184
ссср 0,314711 0,000388
ссылка -0,009950 -0,000018
ссылкамистраницы 2,525729 0,000283
ссылкасведения -0,009950 -0,000001
ссылкойстатьи 2,302585 0,000258
стабильный 0,820981 0,000092
ставленник 3,912023 0,000438
стадион 0,891598 0,000499
сталелитейный 3,506558 0,000393
сталеплавильный 3,912023 0,000438
сталь 0,415515 0,000419
становиться 0,415515 0,000047
станок 2,525729 0,000283
станция 0,579818 0,000325
старина 2,525729 0,000283
старка 3,912023 0,000438
старковка 3,912023 0,000438
старое 0,941609 0,000316
старообрядец 1,771957 0,000397
старообрядческий 1,427116 0,000320
старообрядчество 2,659260 0,000596
староста 2,525729 0,000566
старт 2,407946 0,000270
стартовать 1,714798 0,000384
старый 0,314711 0,000071
статистик -0,009950 -0,000010
статистический 0,713350 0,001279
статус 0,430783 0,000241
стать 0,083382 0,000131
статьислучайная -0,009950 -0,000001
статьисообществофорумсправкасвежие -0,009950 -0,000001
статья 0,020203 0,000063
статьяобсуждение -0,009950 -0,000001
статьятекущие -0,009950 -0,000001
стационарный 1,108663 0,000248
стела 1,386294 0,000155
стен 0,967584 0,000108
степановича 3,218876 0,000361
степень 0,673345 0,000075
степной 1,609438 0,000361
стиль 0,673345 0,000075
стоимость 1,021651 0,000229
стоить 0,891598 0,000200
столица 0,755023 0,001184
столичный 1,660731 0,000186
страна 0,235722 0,000132
страница -0,009950 -0,000011
страницасодержаниеизбранные -0,009950 -0,000001
страницецитировать -0,009950 -0,000001
страницуполучить -0,009950 -0,000001
страницыслужебные -0,009950 -0,000001
страстотерпец 3,218876 0,000361
стрелковый 1,966113 0,000661
стрельба 2,407946 0,000270
строение 0,891598 0,000100
строитель 1,272966 0,000285
строительство 0,462035 0,000362
стройиндустрия 3,912023 0,000438
стройландия 2,995732 0,000671
структура 0,400478 0,000090
студенческий 1,609438 0,000541
ступино 1,347074 0,000151
субъект 0,597837 0,000268
суд 0,693147 0,000078
судно 2,207275 0,000247
супермаркет 2,207275 0,000495
сусанин 3,912023 0,004382
суточный 0,755023 0,000169
существование 0,693147 0,000078
существовать 0,020203 0,000023
сфера 0,562119 0,000126
сцена 1,514128 0,000170
счастье 2,120264 0,000238
счет 0,562119 0,000189
считаться 0,385662 0,000086
сызрань 1,237874 0,000139
сыктывкар 3,506558 0,000393
сырьевой 3,218876 0,000361
сытина 1,560648 0,000175
сюдасвязанные -0,009950 -0,000001
сюмсинский 3,912023 0,000438
табл 0,867501 0,000097
таблица 0,544727 0,000305
табличка 2,525729 0,000283
табличный 1,237874 0,000139
тагил 1,272966 0,000285
тайный 1,832581 0,000205
такое 0,328504 0,000074
такой 0,162519 0,000036
такси 1,021651 0,000458
талисман 3,506558 0,000393
танец 1,832581 0,000205
таракан 3,218876 0,000361
тарасова 2,995732 0,000336
татабанья 3,912023 0,000438
татарин 0,733969 0,000164
татарский 1,203973 0,001349
татарстана 3,218876 0,000721
творческий 1,309333 0,000440
творчества-дом 3,912023 0,000438
творчество 1,021651 0,000343
театр 0,713350 0,001678
театр-студия 2,407946 0,000270
театрально-художественное 3,912023 0,000438
тевкелев 3,912023 0,000438
тевкелева 3,912023 0,000438
тевкелеву 3,912023 0,000438
тег 1,897120 0,000213
текст -0,009950 -0,000001
телевидение 0,820981 0,000276
телевизионный 1,078810 0,000121
телегин 3,912023 0,000438
телеканал 0,916291 0,000103
телекоммуникационный 2,659260 0,000298
телефон 1,347074 0,000151
телефонный 0,776529 0,000087
тема 0,693147 0,000155
тематический 0,510826 0,000057
температура 0,510826 0,000401
температурный 1,897120 0,000213
тенденция 1,237874 0,000139
теория 1,049822 0,000235
тепловозный 3,506558 0,000393
теплое 1,309333 0,000293
теплоход 1,514128 0,000848
теплый 1,171183 0,000131
термин 0,198451 0,000022
терминал 1,347074 0,000754
территориальный 0,713350 0,000320
территория 0,356675 0,000240
терсинская 3,912023 0,000438
техник 0,713350 0,000080
технический 0,462035 0,000155
технология 0,400478 0,000090
течь 0,274437 0,000061
тип 0,072571 0,000057
типичный 1,427116 0,000160
типография 1,171183 0,000131
тираж 1,560648 0,000175
титова 2,995732 0,000336
тишино 3,912023 0,000438
товар 0,916291 0,000411
товарищество 1,966113 0,000220
товарный -0,009950 -0,000002
товарооборот 2,302585 0,000258
токарь 3,506558 0,000393
том 1,560648 0,000175
томск 1,108663 0,000124
тонково 3,912023 0,000438
топ 1,347074 0,000453
топоним 1,078810 0,000242
топонимический 0,776529 0,000087
топоформант 3,912023 0,000438
торговля 0,579818 0,000325
торгово-промышленный 2,407946 0,000270
торгово-развлекательные 2,659260 0,000298
торговый 0,597837 0,000335
торжественный 1,309333 0,000440
торфяной 2,995732 0,000336
точный 1,347074 0,000151
травма 2,995732 0,000336
традиционно 1,347074 0,000151
традиция 0,891598 0,000100
трамвай 0,891598 0,000799
трамвайный 1,139434 0,000255
транзит 2,525729 0,000283
транслироваться 2,813411 0,000315
трансляция 1,897120 0,000213
транспорт 0,616186 0,001519
транспортный 0,616186 0,000345
требовать 0,562119 0,000189
третий 0,616186 0,000069
треть 1,237874 0,000139
три 0,248461 0,000056
трижды 2,120264 0,000238
трикотажный 2,813411 0,000315
трк 1,771957 0,000397
троицкий 1,560648 0,000175
трокаю 3,912023 0,000438
троллейбус 0,867501 0,000389
троллейбусный 0,967584 0,000108
труд 0,597837 0,000134
трудный 2,525729 0,000283
трудовой 0,967584 0,001734
трц 1,660731 0,000372
туалет-музей 3,912023 0,000438
туганаев 3,912023 0,002629
тул 1,832581 0,000205
тульский 2,659260 0,000298
тур 1,609438 0,000180
тыс 0,430783 0,000145
тысяча 0,371064 0,000083
тэйсти 3,912023 0,000438
тюмень 1,171183 0,000131
тюрин 3,218876 0,001442
тюрина 3,912023 0,000438
тяга 2,813411 0,000315
тяговый 3,218876 0,000361
тяжесть 2,302585 0,000258
уасср 3,912023 0,000876
убийство 1,714798 0,000192
ува 3,506558 0,000786
увеличение 0,733969 0,000082
увеличиться 0,843970 0,000095
увидеть 1,560648 0,000175
увинский 3,912023 0,000438
уву 3,912023 0,000438
углеводород 2,407946 0,000270
углубить 1,897120 0,000213
уголовный 2,302585 0,000258
угроза 1,469676 0,000165
удаленность 2,525729 0,000283
удалить 0,579818 0,000065
ударник 3,506558 0,000393
удгу 3,912023 0,000438
удельный 1,897120 0,000213
удм 3,912023 0,002629
удмурт 1,660731 0,000930
удмуртии 3,506558 0,016105
удмуртиигорода 3,912023 0,000438
удмуртия 2,659260 0,003873
удмуртиягорода 3,912023 0,000438
удмуртнефть 3,912023 0,000438
удмуртология 3,912023 0,000438
удмуртский 2,813411 0,022376
удмуртторф 3,912023 0,000438
удовлетворение 2,659260 0,000596
удс 3,912023 0,000438
уезд 1,272966 0,000428
узел 0,527633 0,000118
узнать 1,771957 0,000198
указ 0,733969 0,000576
указание -0,009950 -0,000001
указать 0,083382 0,000047
укв 2,407946 0,000270
уклон 2,207275 0,000247
укомплектование 3,912023 0,000438
украина 0,527633 0,000059
украинец 0,867501 0,000097
укрепить 1,427116 0,000160
укрепление 1,272966 0,000143
улан-удэ 1,237874 0,000139
улица 0,776529 0,001044
улучшение 1,309333 0,000147
ульяновск 1,078810 0,000242
уменьшиться 1,832581 0,000205
умеренно 1,021651 0,000114
умеренно-континентальный 2,659260 0,000298
умереть 1,309333 0,000293
универсальный 0,544727 0,000061
университет 0,328504 0,000552
университетский 1,771957 0,000198
упоминание 0,967584 0,000108
употребляться 1,832581 0,000205
управление 0,248461 0,000195
управлять 0,967584 0,000217
ураган 2,659260 0,000298
урал 1,560648 0,000175
урала 1,609438 0,000361
уралбетон 3,912023 0,000438
урале 2,525729 0,000283
уральский 1,560648 0,000350
уровень 0,150823 0,000084
условие -0,009950 -0,000007
услуга 0,755023 0,001522
успенский 1,237874 0,000139
устав 0,843970 0,000567
устанавливаться 1,609438 0,000361
установить 0,328504 0,000074
установление 1,021651 0,000229
устинов 3,218876 0,001442
устинова 3,218876 0,000361
устинове 3,912023 0,000438
устиновский 3,912023 0,002191
устроить 1,609438 0,000180
устройство 0,527633 0,000059
утвердиться 2,995732 0,000336
утверждаться 2,302585 0,000258
утверждение 0,400478 0,000090
уточнение 1,469676 0,000165
утрата 2,659260 0,000298
уфа 0,967584 0,000434
ухань 3,506558 0,000786
участвовать 1,021651 0,000229
участие -0,009950 -0,000009
участник 0,510826 0,000172
учебный 0,673345 0,000377
ученый 0,653926 0,000073
учет 0,597837 0,000134
учетный -0,009950 -0,000001
училище 0,967584 0,000108
учитывать 1,514128 0,000170
учиться 1,272966 0,000143
учреждение 0,653926 0,000586
ушаков 2,659260 0,001192
ушакова 2,207275 0,000247
фабрика 1,021651 0,000114
факт 0,634878 0,000356
фарит 3,912023 0,000438
фармаимпекс 3,912023 0,000438
февр 0,820981 0,000092
февраль 0,051293 0,000115
федеральный 0,462035 0,000725
федерация 0,510826 0,001717
федоровичу 3,506558 0,000393
фертик 3,912023 0,001315
фестиваль 1,021651 0,002174
физико-географический 0,693147 0,000155
физкультурно-оздоровительные 3,506558 0,000393
филадельфия 3,218876 0,001082
филармония 1,049822 0,000235
филателия 1,469676 0,000329
филиал 0,755023 0,000592
финал 2,120264 0,000238
финансовый 0,733969 0,000247
финансы 0,733969 0,000082
финно-угорский 2,302585 0,000516
фирма 1,386294 0,000155
фирменный 2,040221 0,000229
флаг 0,597837 0,000201
фон 1,203973 0,000135
фонд -0,009950 -0,000003
фонтан 1,309333 0,000147
форма 0,287682 0,000064
формант 2,995732 0,000336
формирование 0,597837 0,000067
фотография 1,108663 0,000124
фотокамера 3,912023 0,000438
фотоотчет 3,506558 0,000393
францией 2,995732 0,000671
франций 1,139434 0,000128
фронт 1,078810 0,000242
функционировать 0,798508 0,000447
хаимграда 3,912023 0,000438
ханство 1,771957 0,000397
ханты-мансийск 1,347074 0,000151
характер 0,653926 0,000147
характеризоваться 0,891598 0,000100
характеристика 0,415515 0,000093
характерный 0,693147 0,000078
хватать 0,820981 0,000092
химический 0,867501 0,000097
хладокомбинат 2,995732 0,000336
хлебная 2,302585 0,000258
хлыновский 3,506558 0,000393
ход 0,510826 0,000057
ходатайство 2,407946 0,000270
хозяйство 0,579818 0,000325
хозяйствование 3,506558 0,000393
холдинг 2,040221 0,000229
холихед 3,912023 0,000438
холмогорова 3,912023 0,000438
холодная 1,139434 0,000128
холодное 1,560648 0,000175
холодный 1,771957 0,000198
хоровой 2,302585 0,000258
хотя 0,653926 0,000073
храм 0,733969 0,001809
христиан-баптистов 1,771957 0,000198
христианство 1,660731 0,000186
хроник 1,832581 0,000205
художник 0,967584 0,000108
царственный 3,218876 0,000361
царь-пушки 3,912023 0,000438
цвет 0,941609 0,000105
цга 3,912023 0,001315
целое 0,634878 0,000071
цель 0,371064 0,000125
ценность 1,609438 0,000180
центр 0,287682 0,000483
центральный 0,400478 0,000852
церемония 1,832581 0,000205
церковь 0,673345 0,001207
цеховой 3,912023 0,000876
цирк 1,078810 0,000846
цифровой 0,562119 0,000252
чайковского 3,506558 0,002357
час 0,867501 0,000292
часовня 1,469676 0,000165
часовой 0,713350 0,000320
частично 0,653926 0,000147
частичный 1,514128 0,000170
частность 0,462035 0,000052
частный 0,634878 0,000356
часть 0,061875 0,000055
чебоксары 1,171183 0,000262
чекерил 3,912023 0,000438
челн 2,525729 0,000849
чело 0,713350 0,000320
человек 0,186330 0,000271
челябинск 0,994252 0,000223
чемошурка 3,912023 0,000438
чемошурки 3,912023 0,000438
черноморский 1,832581 0,000205
черт 0,916291 0,000103
чествовать 3,912023 0,000438
честь 0,562119 0,000189
четкий 2,525729 0,000283
чижик 3,912023 0,000438
численность 0,616186 0,002485
число 0,186330 0,000209
чистяк 3,506558 0,001178
чита 1,203973 0,000135
читатьтекущая 1,237874 0,000139
член 0,755023 0,000254
чуваш 1,237874 0,000139
чувство 2,525729 0,000566
чугун 2,659260 0,000298
чусовой 2,995732 0,000336
шаблон 0,462035 0,000052
шаблонах-карточкахвикипедия 3,912023 0,000438
шарканский 3,912023 0,000438
шатер 2,995732 0,000336
шведский 2,120264 0,000238
швейная 2,120264 0,000238
швейцарии 2,659260 0,000298
шейдеман 3,912023 0,000438
шестой 1,660731 0,000186
шесть 1,021651 0,000229
широкий 0,494296 0,000111
школа 0,478036 0,001125
школа-интернат 2,813411 0,000315
школьный 1,966113 0,000661
шкрумко 3,912023 0,000438
шоссе 1,427116 0,000160
штилевой 3,506558 0,000393
шторм 2,302585 0,000258
штурм 2,207275 0,000742
шувалов 3,218876 0,000361
шувалова 3,218876 0,000721
шуваловых 3,912023 0,000438
шумилов 3,912023 0,000876
эвакуация 1,832581 0,000205
эвакуировать 1,272966 0,000143
экз 0,415515 0,000465
экземпляр 1,237874 0,000139
экологический 0,693147 0,000078
экономика 0,400478 0,000224
экономико-географический 2,995732 0,000336
экономический 0,478036 0,000161
экспедиция 1,469676 0,000165
эксплуатантом 3,912023 0,000438
эксплуатация 0,776529 0,000261
эксплуатироваться 2,207275 0,000247
экспорт -0,009950 -0,000001
электрифицировать 2,813411 0,000315
электровозный 3,912023 0,000438
электронный 0,478036 0,000054
электрооборудование 2,120264 0,000238
эльдорадо 1,966113 0,000220
энциклопедия -0,009950 -0,000009
эпилог 3,506558 0,000393
эпоха 0,713350 0,000080
эр-телеком 1,897120 0,000213
эр-телеком-холдинг 3,912023 0,000438
эскерись 3,912023 0,000438
эспланада 3,506558 0,001178
этажный 2,207275 0,000247
этимология 0,616186 0,000138
этнокультуры 3,506558 0,000786
эфир 1,427116 0,000160
юбилейный 0,798508 0,000179
юго-западный 1,049822 0,000118
югополис 3,506558 0,000393
южный 0,385662 0,000130
юкаменский 3,912023 0,000438
юнеско 1,660731 0,000186
юношеский 1,560648 0,000524
юношество 2,302585 0,000258
юный 1,309333 0,000293
юридический 0,994252 0,000111
юрий 1,203973 0,000539
юрию 2,813411 0,000315
юрия 1,660731 0,000186
юстиция 2,207275 0,000247
явиться 2,525729 0,000283
явление 1,021651 0,000114
являться 0,040822 0,000055
язык -0,009950 -0,000007
яковлевич 2,813411 0,000315
якори 3,912023 0,000438
якутск 1,203973 0,000135
якшур-бодьинский 3,912023 0,000438
ямбол 3,912023 0,000438
яна 2,302585 0,000258
янв 0,820981 0,000092
январь 0,105361 0,000496
ярославль 1,078810 0,000121
ярский 3,912023 0,000438
ярушки 3,912023 0,000438
яушеву 3,912023 0,000438
яушевы 3,912023 0,000438
