абсолютные 2,525729 0,000366
абсолютный 0,798508 0,000232
авг 0,820981 0,000119
август 1,237874 0,000180
августа 0,072571 0,000295
авиатор 3,506558 0,000508
автобарахолка 3,912023 0,000567
автобус 1,021651 0,000148
автобусами 1,469676 0,000213
автобусные 1,966113 0,000285
автобусными 2,659260 0,000386
автобусов 1,469676 0,000213
автобусом 2,659260 0,000386
автобусы 1,386294 0,000402
автовокзала 1,660731 0,000241
автограф 3,912023 0,000567
автомагистрали 2,120264 0,000307
автомобильные 1,347074 0,000195
автомобильных 1,386294 0,000201
авторитетные 0,941609 0,000137
авторства -0,009950 -0,000001
автотранспорт 2,659260 0,000386
автоугона 3,912023 0,000567
агеенко 3,912023 0,000567
агентство 1,049822 0,000152
агломерации 0,916291 0,000133
агломерация 0,867501 0,000126
аграрный 1,386294 0,000201
агрегатов 3,912023 0,001135
агропромышленного 3,506558 0,000508
адвентистов 1,714798 0,000249
административно-территориальное 0,820981 0,000357
административно-территориальном 1,309333 0,000759
административного 1,897120 0,000275
административное 0,843970 0,000367
административный 0,843970 0,000245
административным 1,514128 0,000220
администрации 0,843970 0,000979
администраций 2,813411 0,000408
адрианов 3,218876 0,000467
аза 3,912023 0,001135
азбука 3,218876 0,001400
азербайджанцы 1,139434 0,000165
азиатский 2,659260 0,000386
азиатской 2,407946 0,000349
азии 0,916291 0,000266
азовы 3,506558 0,000508
азс 3,218876 0,000467
академии 0,693147 0,000101
аквакультуры 3,912023 0,000567
аквамарин 3,218876 0,000467
акинфий 3,912023 0,000567
акинфия 3,912023 0,000567
аккаунтов 3,506558 0,000508
аккумулятивная 3,912023 0,000567
аксарка 3,506558 0,000508
активнее 3,506558 0,000508
активных 2,207275 0,000320
акутиха 3,506558 0,000508
алдан 1,309333 0,000190
алейск 3,912023 0,000567
алейский 3,912023 0,000567
александр 0,693147 0,000503
александра 0,820981 0,000119
александровское 2,813411 0,000408
алексей 1,049822 0,000609
алексею 3,218876 0,000934
алма-ату 3,506558 0,000508
алт 3,506558 0,001525
алтае 3,912023 0,002836
алтаем 3,506558 0,000508
алтай 2,407946 0,003143
алтайдизель 3,912023 0,000567
алтайкрайстат 3,912023 0,000567
алтайская 3,506558 0,004068
алтайский 2,302585 0,012688
алтайским 3,912023 0,000567
алтайских 3,912023 0,000567
алтайского 2,525729 0,011354
алтайской 2,995732 0,000434
алтайском 3,912023 0,003971
алтайскому 3,912023 0,000567
алтапресс 3,912023 0,002836
алтая 2,659260 0,003856
алтгту 3,912023 0,000567
алтгу 3,912023 0,002269
алфавитувикипедия 0,776529 0,000113
алфавитунаселенные 0,867501 0,000126
альманах 2,040221 0,000296
альманаха 3,912023 0,000567
альтернативных 2,302585 0,000334
альфа-банка 2,995732 0,000434
амител 3,912023 0,002269
аналоговом 2,407946 0,000349
анатолий 1,714798 0,000249
анатолия 2,407946 0,000349
англ 0,174353 0,000051
андрей 0,967584 0,000140
андрея 1,832581 0,000266
аникс 3,912023 0,000567
анна 1,714798 0,000249
аннексия 0,994252 0,000144
ансамбль 1,203973 0,000349
антропогенных 2,525729 0,000366
апостольской 2,407946 0,000698
аппарат 2,302585 0,000334
апр 0,798508 0,000116
апрель 1,469676 0,000213
апреля 0,174353 0,000303
аптек 2,995732 0,000434
аптека 2,813411 0,000408
аптеками 3,912023 0,000567
арабском 3,912023 0,000567
арбитражный 2,207275 0,000320
аргументы 1,203973 0,000175
арена 1,427116 0,000414
арена-киномир 3,912023 0,000567
армией 2,302585 0,000668
армяне 1,021651 0,000148
армянской 2,302585 0,001002
арсидом 3,912023 0,000567
арт-галерея 3,506558 0,000508
арх 0,544727 0,000158
археолог 3,218876 0,000467
археологии 1,309333 0,000190
архив 0,462035 0,000067
архивировано 0,020203 0,000302
архивной 0,713350 0,000103
архивных 2,995732 0,000869
архивы 2,407946 0,000349
архитектора 1,469676 0,000213
архитекторы 1,469676 0,000213
архитектура 0,755023 0,000766
архитектуры 0,755023 0,000328
архитктора 3,912023 0,000567
асбестотехнических 3,912023 0,000567
астаной 3,912023 0,000567
астрахань 0,967584 0,000140
атлантики 2,659260 0,000386
атлас 1,272966 0,000369
атлым 3,506558 0,000508
атмосферу 1,514128 0,000439
атс 3,506558 0,001017
аул 2,995732 0,000434
ашан 2,120264 0,000307
аэропорт 0,843970 0,000122
баевский 3,912023 0,000567
базар 2,813411 0,000408
базе 0,776529 0,000338
базируются 1,966113 0,000285
базы 1,108663 0,000161
байчэн 3,912023 0,000567
балок 3,218876 0,000467
бандероль 3,912023 0,001135
банка 0,941609 0,000137
банкетная 3,912023 0,000567
банков 1,272966 0,000185
банкфакс 3,912023 0,000567
баранаул 3,912023 0,000567
барн 3,912023 0,001135
барна 3,912023 0,000567
барнау 0,000000 0,000000
барнаул 1,203973 0,011174
барнаул-инфо 3,912023 0,000567
барнаула 3,506558 0,047290
барнауларайоны 3,912023 0,000567
барнаулгорода 3,912023 0,000567
барнауле 3,506558 0,022374
барнаулец 3,912023 0,000567
барнаулка 3,912023 0,001135
барнаулки 3,912023 0,006240
барнаулку 3,912023 0,000567
барнаулстатистика 0,000000 0,000000
барнаултрансмаш 3,912023 0,000567
барнаулу 3,912023 0,000567
барнаульская 3,912023 0,001135
барнаульские 3,912023 0,000567
барнаульский 3,912023 0,006807
барнаульским 3,912023 0,000567
барнаульских 3,912023 0,000567
барнаульского 3,912023 0,001702
барнаульское 3,912023 0,000567
барнаульской 3,912023 0,001702
барнаульцев 3,912023 0,000567
барнаульцы 3,912023 0,000567
баскетбольный 1,832581 0,000266
бассейн 1,078810 0,000156
бассейны 1,660731 0,000241
бахетле 3,912023 0,000567
баш 3,506558 0,000508
башенной 2,995732 0,000434
безостый 3,912023 0,000567
безработицы 2,040221 0,000296
беларускаябългарски 0,000000 0,000000
белогвардейцами 3,506558 0,000508
белогвардейцы 3,506558 0,000508
белокаменный 3,218876 0,000467
белокуриха 3,218876 0,000467
белорусы 1,203973 0,000175
белые 2,120264 0,000307
бельмесево 3,912023 0,000567
бердск 3,506558 0,000508
берег 1,021651 0,000148
берега 0,916291 0,000266
берегам 1,897120 0,000275
берегу 0,616186 0,000268
береза 2,207275 0,000320
березовка 2,995732 0,000434
березовые 2,995732 0,000434
бесплатно 2,207275 0,000320
библиографических 0,094311 0,000014
библиотека 0,462035 0,000268
бизнес-центр 2,813411 0,000408
бийск 2,995732 0,001303
бийска 3,912023 0,000567
бийске 3,912023 0,000567
бийский 3,912023 0,000567
билайн 1,272966 0,000369
биоресурсов 3,506558 0,000508
благовещенский 2,120264 0,000307
благодаря 0,527633 0,000077
ближайший 2,813411 0,000408
ближние 3,506558 0,000508
близ 1,237874 0,000539
блог 2,302585 0,000334
блок 1,832581 0,000266
бмк 3,912023 0,000567
бобровкой 3,912023 0,000567
бобровцами 3,912023 0,000567
богатыми 2,995732 0,000434
богородицы 1,272966 0,000369
богородский 3,218876 0,000467
богослова 2,813411 0,000408
богослужения 2,813411 0,000816
божьей 1,966113 0,000285
бологое 1,347074 0,000195
больниц 1,966113 0,000570
больница 1,469676 0,000213
большая 0,072571 0,000063
большинства 1,609438 0,000233
большинстве 1,386294 0,000201
большинство 0,597837 0,000347
большое 0,544727 0,000237
большой 0,328504 0,000143
бор 1,427116 0,000828
борзовая 3,912023 0,000567
боровичи 1,347074 0,000195
бородавчатая 3,912023 0,000567
боронаул 3,912023 0,000567
бороноул 3,912023 0,001135
бороноур 3,912023 0,000567
бору 2,525729 0,000366
боруан 3,912023 0,000567
бракосочетания 3,506558 0,000508
британское 3,912023 0,000567
брокгауза 0,328504 0,000143
брюханов 3,506558 0,000508
будкевич 3,912023 0,000567
буевич 3,912023 0,000567
буквы 2,659260 0,000386
булыгино 3,912023 0,001135
бульварами 3,506558 0,000508
бульварная 3,506558 0,000508
бумаге 2,040221 0,000296
бумаги 2,525729 0,000366
бумажных 2,659260 0,000386
бумом 3,912023 0,000567
бурлинский 3,912023 0,000567
буряад 0,000000 0,000000
бывшая 1,660731 0,000241
бывших 1,897120 0,000275
былое 3,506558 0,000508
быстровка 3,506558 0,000508
быстроистокский 3,912023 0,000567
быстрый 2,525729 0,000366
бюро 1,427116 0,000207
вазой 3,912023 0,000567
валерий 1,714798 0,000249
вариант 1,386294 0,000201
варианты 1,309333 0,000190
варьировался 3,912023 0,000567
варьируется 2,995732 0,000434
ваше 3,912023 0,000567
вашла 0,000000 0,000000
вднх 2,995732 0,000869
вдоль 0,755023 0,000109
ведет 1,203973 0,000175
ведется 0,994252 0,000144
ведомственные 2,813411 0,000408
ведомственными 3,506558 0,000508
век 0,733969 0,000106
века 0,248461 0,000216
векецентры 3,506558 0,000508
великой 0,653926 0,000095
величества 2,525729 0,000366
венок 3,506558 0,000508
вероисповедания 2,995732 0,000434
версию 2,207275 0,000320
версия -0,009950 -0,000010
версияправитьправить 1,237874 0,000180
верхнем 1,771957 0,000257
верхняя 1,108663 0,000161
верховного 1,272966 0,000185
веры 1,560648 0,000453
весна 1,469676 0,000213
весны 1,966113 0,000285
вести 0,843970 0,000122
вестник 1,049822 0,000304
ветер 1,832581 0,000266
ветра 1,049822 0,000152
ветров 0,843970 0,000245
вечерний 1,966113 0,000285
вещает 2,120264 0,000307
вещание 1,203973 0,000175
вещающий 3,912023 0,000567
веществ 1,171183 0,000340
веществами 2,525729 0,000366
взят 1,897120 0,000550
вид 0,494296 0,000358
виде 0,235722 0,000034
видео 1,049822 0,000152
видов 0,616186 0,000268
вики-разметкой 1,309333 0,000190
викигид 1,660731 0,000241
викигидвикипедия 1,427116 0,000207
викигиде 0,776529 0,000338
викигидепортал 1,469676 0,000213
викиданных -0,009950 -0,000001
викиданныхвикипедия 0,891598 0,000129
викимедиа -0,009950 -0,000001
википедии -0,009950 -0,000003
википедия -0,009950 -0,000012
викискладвикиновостивикигидэлемент 1,609438 0,000233
викискладвикипедия 1,469676 0,000213
викискладе 0,174353 0,000025
викискладепутеводитель 0,713350 0,000103
викитекемедиафайлы 1,272966 0,000185
викитеку 1,347074 0,000195
виктору 2,995732 0,000869
вкладками 3,912023 0,000567
включает 0,462035 0,000201
включены 1,560648 0,000226
вкусно 2,813411 0,000408
владимир 0,733969 0,000106
владимиро-суздальском 3,912023 0,000567
влажное 2,407946 0,000349
влажность 1,171183 0,000340
власиха 3,912023 0,001135
власиху 3,912023 0,000567
власти 0,634878 0,000276
власть 0,733969 0,000213
влияние 0,776529 0,000225
вместе 0,510826 0,000074
вместо 0,798508 0,000232
внесении 1,966113 0,000570
внешние 0,051293 0,000007
вниз 1,171183 0,000170
внутреннее 0,733969 0,000213
внутри 0,000000 0,000000
внутригородские 2,407946 0,000349
внутригородским 0,967584 0,000140
внутригородских 1,514128 0,000220
вод 1,078810 0,000313
вода 1,203973 0,000349
водились 3,218876 0,000467
водных 1,347074 0,000391
водораздел 3,218876 0,000467
возглавлял 2,040221 0,000296
воздействие 1,514128 0,000220
воздействию 2,995732 0,000434
воздушных 1,347074 0,000195
возможность 0,616186 0,000089
вознесения 2,525729 0,000366
возник 1,469676 0,000213
возобновились 2,995732 0,000434
возраста 1,560648 0,000226
возрасте 1,714798 0,000497
война 1,171183 0,000170
войны 0,478036 0,000208
войсками 1,386294 0,000201
вокзал 0,820981 0,000119
вокруг 0,693147 0,000201
волейбольный 1,966113 0,000285
волк 2,995732 0,000434
волки 2,995732 0,000869
волна 1,427116 0,000207
вологда 1,203973 0,000175
волокна 3,912023 0,000567
волчихинский 3,912023 0,000567
волчья 3,506558 0,000508
волшебные 0,040822 0,000006
вопросу 1,386294 0,000201
вопросы 1,049822 0,000152
воркута 1,237874 0,000180
воровского 2,995732 0,000434
вороново 3,218876 0,000467
воскресная 3,506558 0,001017
воскресной 3,912023 0,000567
восстановление 1,609438 0,000233
восстановлению 2,207275 0,000320
восстановленные 2,813411 0,000408
восстановлены 2,407946 0,000349
востока 1,078810 0,000156
восточный 1,021651 0,000296
восьмизальный 3,912023 0,000567
воткинск 1,309333 0,000190
вошел 1,237874 0,000180
впадения 1,514128 0,000439
впервые 0,385662 0,000224
врач 2,120264 0,000307
врачи 2,659260 0,000386
вредных 2,120264 0,000307
временем 0,616186 0,000268
времени 0,186330 0,000135
время 0,030459 0,000027
врз 3,912023 0,001135
вручат 3,912023 0,000567
вручена 2,995732 0,000434
всеми 1,386294 0,000201
всеобщая 2,040221 0,000296
всероссийская 0,843970 0,000122
всероссийской 0,713350 0,000207
всесоюзная 0,843970 0,000734
вследствие 1,203973 0,000175
вспоминаем 3,912023 0,000567
вставки 3,218876 0,000467
вставкой 1,309333 0,000190
встретить 2,207275 0,000320
встреч 2,995732 0,000434
встречающие 3,912023 0,000567
втб 1,714798 0,000497
вторая 0,994252 0,000288
второй 0,274437 0,000159
второму 2,813411 0,000408
вузах 2,525729 0,000366
вузов 0,891598 0,000776
вузовской 3,912023 0,000567
вузы 1,514128 0,000220
вхл 2,659260 0,000386
входит 0,653926 0,000095
входом 0,994252 0,000144
входят 0,713350 0,000310
въезжающих 3,912023 0,000567
выбирали 3,912023 0,000567
выборах 1,514128 0,000220
выбросов 1,609438 0,000467
выбросы 1,771957 0,000257
выгорело 3,912023 0,000567
выделить 1,386294 0,000201
выдержанных 3,506558 0,000508
вымышленным 3,912023 0,000567
вып 0,798508 0,000116
выпадает 1,203973 0,000175
выпадением 3,912023 0,000567
выполнена 2,302585 0,000334
выполненных 2,040221 0,000296
выполняются 1,660731 0,000241
выпуск 0,916291 0,000266
выпускавшее 3,218876 0,000467
выпускаются 2,302585 0,000334
выразительной 3,912023 0,000567
высокий 1,347074 0,000195
высокими 1,966113 0,000285
высоких 1,237874 0,000180
высот 2,120264 0,000307
высота 0,562119 0,000163
высотами 3,912023 0,000567
высотой 1,108663 0,000161
высоцкому 2,995732 0,000434
выставка 1,966113 0,000285
выставочный 1,514128 0,000220
выступал 2,525729 0,000733
высшая 1,386294 0,000201
высшее 1,021651 0,000148
высшей 1,272966 0,000185
выходит 1,427116 0,000207
выходцев 3,218876 0,000467
выходят 2,040221 0,000296
вячеслав 1,897120 0,000550
газета 0,616186 0,000268
газеты 0,994252 0,000288
галереи 1,771957 0,000771
галерея 1,203973 0,000349
галина 2,207275 0,000320
гамбург 3,506558 0,000508
гаражей 3,506558 0,000508
гармошки 3,506558 0,000508
генеральный 0,967584 0,000140
геннадьевич 2,995732 0,000434
генплан 2,120264 0,000307
генплана 2,407946 0,000349
геогр 2,525729 0,000366
географии 1,609438 0,000233
географические 0,713350 0,000207
географическим 2,040221 0,000296
географическо-статистический 2,407946 0,000349
географического 1,386294 0,000201
географическое 0,693147 0,000201
географической 0,798508 0,000116
география 0,462035 0,000134
геометрии 2,813411 0,000408
георгий 1,560648 0,000226
геральдический 1,897120 0,000275
геральдическим 3,218876 0,000467
герб 0,820981 0,000714
гимн 0,820981 0,000238
гимназии 1,469676 0,000213
гимназия 1,469676 0,000213
гипермаркеты 1,966113 0,000570
гипотез 2,302585 0,000334
гипп 3,912023 0,000567
гис 0,000000 0,000000
глава 0,673345 0,000293
главной 0,941609 0,000273
главную 2,659260 0,000386
главных 1,078810 0,000156
главу 2,813411 0,000408
главы 0,967584 0,000140
гласные 3,912023 0,000567
глобалистики 3,912023 0,000567
говору 3,912023 0,000567
говорят 2,040221 0,000296
год 0,235722 0,000752
года -0,009950 -0,000234
годавикипедия 0,616186 0,000089
годах 0,385662 0,000280
годов 0,356675 0,000362
годом 0,941609 0,000137
году 0,072571 0,000516
годувикипедия 2,407946 0,000349
годугорода 1,714798 0,000249
годы 0,356675 0,000362
голову 2,407946 0,000349
голубая 3,218876 0,000467
голубой 2,040221 0,000296
гончаров 2,813411 0,001224
гоньба 3,218876 0,000467
гоньбинка 3,912023 0,000567
гор 1,309333 0,000190
гора 1,139434 0,000165
горки 2,813411 0,000408
горловка 1,309333 0,000190
горнами 3,912023 0,000567
горная 2,120264 0,000307
горного 2,302585 0,001002
горное 3,218876 0,000467
горнозаводчик 3,912023 0,000567
горных 1,966113 0,000285
горняк 3,912023 0,000567
город 0,544727 0,002686
город-побратим 2,120264 0,000307
города 0,430783 0,004373
города-побратимы 0,891598 0,000388
городам 0,798508 0,000116
городах 1,272966 0,000185
городахвикипедия 2,659260 0,000386
городбарнаул 3,912023 0,000567
городе 0,693147 0,002111
городка 2,120264 0,000307
городов 0,579818 0,000504
городовъ 3,912023 0,000567
городок 1,386294 0,000402
городпро 0,867501 0,000126
городская 0,843970 0,001101
городские 0,941609 0,000137
городским 0,798508 0,000116
городскими 2,207275 0,000320
городских 0,713350 0,001965
городского 0,693147 0,001508
городской 0,755023 0,000876
городском 1,427116 0,000207
городскую 1,609438 0,000233
городу 0,798508 0,000232
горожан 1,309333 0,000190
гос 1,609438 0,000233
госкомстат 0,891598 0,000259
госпиталь 2,659260 0,000771
гости 1,966113 0,000285
гостиницы 1,347074 0,000195
государства 0,843970 0,000122
государственная 0,941609 0,000137
государственного 0,616186 0,000089
государственное 0,776529 0,000113
государственной 0,616186 0,000625
государственные 1,514128 0,000220
государственный 0,430783 0,001124
государственных 0,994252 0,000144
готовят 3,218876 0,000467
гравюра 2,302585 0,000334
градоначальники 1,771957 0,000514
градусов 1,897120 0,000275
граждане 1,108663 0,000643
гражданин 1,309333 0,000380
гражданская 1,514128 0,000220
гражданской 0,967584 0,000140
граница 1,139434 0,000165
гребной 3,506558 0,000508
грузовик 3,912023 0,000567
грузовой 1,514128 0,000220
группы 0,634878 0,000092
гтрк 1,049822 0,000457
губа 2,659260 0,000386
губернатор 1,272966 0,000185
губерний 1,714798 0,000249
губерния 1,427116 0,000207
дало 1,966113 0,000285
дальние 2,659260 0,000386
дама 3,218876 0,000467
данил 3,506558 0,000508
данные 0,510826 0,000074
данный 0,713350 0,000103
данным 0,415515 0,000121
дат 1,966113 0,000570
дата 0,030459 0,000442
датская 0,342490 0,000050
дают 2,040221 0,000296
двадцать 2,040221 0,000296
дворец 0,967584 0,000421
двумя 1,021651 0,000296
двух 0,462035 0,000067
двухэтажные 3,218876 0,000467
двухэтажным 3,912023 0,000567
двухэтажных 3,506558 0,000508
действительно 2,302585 0,000334
действовали 1,966113 0,000285
действовать -0,009950 -0,000001
действует 0,634878 0,000737
действуют 0,867501 0,000503
действующий 2,040221 0,000296
дек 0,820981 0,000119
декабре 0,798508 0,000232
декабрь 1,108663 0,000161
декабря 0,105361 0,000290
дел 1,469676 0,000213
дела 1,469676 0,000213
деление 0,673345 0,000781
дело 1,078810 0,000156
делу 3,218876 0,000467
демидов 3,218876 0,000467
демидова 2,525729 0,000366
демидовская 3,506558 0,001017
демоскоп 0,820981 0,000357
дендрарием 3,912023 0,000567
дендрарий 2,813411 0,000408
день 0,562119 0,000245
депутатов 0,891598 0,000517
депутаты 1,347074 0,000195
деревень 2,207275 0,000320
деревню 2,813411 0,000408
деревянные 2,040221 0,000592
деринг 3,912023 0,000567
деринга 3,912023 0,000567
детальный 3,912023 0,000567
детей 0,941609 0,000273
дети 1,966113 0,000570
детскими 3,912023 0,000567
детских 1,272966 0,000554
детско-юношеская 3,218876 0,000934
детском 2,813411 0,000408
деятелей 2,040221 0,000296
деятельности 0,446287 0,000065
деятельность 0,653926 0,000095
джайляу 3,912023 0,000567
дзержинск 1,347074 0,000195
диагностический 3,912023 0,001135
диалогсибирь-барнаул 3,912023 0,000567
дианэт 3,912023 0,001702
диапазоне 2,302585 0,000334
диаспоры 3,218876 0,000467
дивизион 2,207275 0,000320
динамо 1,171183 0,000170
динамо-алтай 3,912023 0,000567
диспансеры 2,995732 0,000434
дмитриевской 3,912023 0,000567
дней 0,446287 0,000194
днища 3,506558 0,000508
дня 0,478036 0,000069
добавив 0,941609 0,000137
доблести 1,347074 0,001172
доблестибарнаулнаселенные 3,912023 0,000567
довольно 0,891598 0,000129
додицы 3,912023 0,000567
доклад 1,514128 0,000220
докторов 2,407946 0,000349
документально 2,995732 0,000434
документах 1,560648 0,000226
документов 0,653926 0,000190
документы 1,386294 0,000201
докучаево 3,912023 0,001135
долгое 1,386294 0,000201
долготой 0,941609 0,000137
должна 0,544727 0,000079
долина 1,660731 0,000241
долинами 3,218876 0,000467
долине 2,120264 0,000615
долиной 2,659260 0,000386
долины 1,897120 0,000275
доля 0,733969 0,000106
дом 0,562119 0,000408
дома 0,798508 0,000232
домашний 1,660731 0,000241
домовой 3,218876 0,000467
дополнительные -0,009950 -0,000001
дорог 0,891598 0,000129
дорога 0,798508 0,000116
дороге 1,427116 0,000207
дороги 0,713350 0,000207
достигли 2,525729 0,000366
достигло 1,966113 0,000285
достигнутых 3,218876 0,000467
достопримечательности 1,049822 0,000304
доступ 1,203973 0,000349
доступа 1,309333 0,000190
доступен -0,009950 -0,000001
доступности 1,714798 0,000249
дошкольное 2,207275 0,000320
драмы 1,560648 0,000453
драпировки 3,912023 0,000567
древесные 3,218876 0,000467
древесных 2,995732 0,000434
древлеправославной 2,659260 0,000386
древнего 1,832581 0,000531
другая 1,897120 0,000275
другие 0,030459 0,000044
другим 0,733969 0,000106
другими 0,616186 0,000089
других -0,009950 -0,000012
дружный 3,506558 0,000508
дублин 3,506558 0,000508
дульзон 3,912023 0,001135
дульцева-деточкина 3,912023 0,000567
дума 1,108663 0,000804
думу 2,040221 0,000296
думы 1,078810 0,000626
дылудмуртукра 0,000000 0,000000
дымящая 3,912023 0,000567
евангельских 1,660731 0,000241
евдокимов 3,218876 0,000467
еврейская 0,843970 0,000490
еврейский 1,832581 0,000266
еврейской 2,659260 0,000386
европа 0,941609 0,000273
европа-киномир 3,912023 0,000567
европейское 3,218876 0,000467
европейской 0,891598 0,000129
егорьевский 3,912023 0,000567
единиц 0,673345 0,000488
единства 2,207275 0,000320
единственный 1,171183 0,000510
ежегодник 0,820981 0,001667
ежегодно 0,916291 0,000266
еженедельному 2,525729 0,000366
екатеринбург 0,843970 0,000122
елизарово 3,506558 0,000508
ель 2,407946 0,000349
ельцовский 3,912023 0,000567
емкость 2,813411 0,000408
ерохин 3,506558 0,000508
естественный 1,966113 0,000570
ефима 3,912023 0,000567
ефрона 0,328504 0,000143
железнодорожная 1,309333 0,000759
железнодорожный 0,755023 0,000328
железной 0,755023 0,000328
женская 2,040221 0,000296
женские 2,525729 0,000366
женского 2,040221 0,000296
женщин 1,386294 0,000201
жертвам 2,207275 0,000640
животному 3,506558 0,000508
животным 2,525729 0,000366
жилой 1,560648 0,000453
жилплощадка 3,912023 0,000567
жилыми 2,407946 0,000349
жилых 1,237874 0,000180
жимолостью 3,912023 0,000567
жиромская 1,021651 0,000148
жителей 0,673345 0,000391
жители 1,049822 0,000304
журавлева 3,506558 0,000508
журнал 0,510826 0,000074
журналистами 3,912023 0,000567
журналы 1,609438 0,000233
заведений 1,203973 0,000175
завод 0,798508 0,000463
завода 0,941609 0,000683
заводе 1,660731 0,000482
заводов 1,203973 0,000349
заводом 1,771957 0,000257
заводы 1,237874 0,000180
завьялово 3,218876 0,000467
завьяловский 3,506558 0,000508
заглавная -0,009950 -0,000001
загрязнение 1,309333 0,000380
загрязняющих 1,660731 0,000241
заимка 2,995732 0,000869
закладки 2,407946 0,000349
заключается 1,897120 0,000550
закон 0,616186 0,000357
законодательное 2,207275 0,000320
закрытию 3,506558 0,000508
зал 1,021651 0,000444
зале 2,302585 0,000334
залесовский 3,912023 0,000567
заложен 1,832581 0,000266
залы 1,469676 0,000213
заменить 0,562119 0,000082
заметного 3,912023 0,000567
занесены 2,525729 0,000366
занимаемой 2,995732 0,000434
занимает 0,616186 0,000089
занимают 1,347074 0,000586
занимаются 1,660731 0,000241
занял 1,139434 0,000165
занятия 2,207275 0,000320
занято 2,040221 0,000592
зап 2,813411 0,001224
западная 1,560648 0,000453
западно-сибирской 2,120264 0,001230
западной 0,994252 0,001009
западном 1,714798 0,000249
западный 1,560648 0,000453
западных 1,771957 0,000257
западу 1,771957 0,000257
запасниками 3,912023 0,000567
записьвойти -0,009950 -0,000001
запустили 1,897120 0,000275
зарегистрированный -0,009950 -0,000003
зарегистрированы 1,771957 0,000257
заринск 3,506558 0,000508
заринский 3,912023 0,000567
заря 1,560648 0,000226
заслуженный 2,040221 0,000296
застроено 3,218876 0,000467
застройки 1,021651 0,000444
застройкой 3,218876 0,000467
затем 0,527633 0,000077
зато 1,560648 0,000226
затон 1,560648 0,000679
заявление -0,009950 -0,000001
збекча 0,000000 0,000000
звание 1,049822 0,000304
звания 1,203973 0,000524
звезда 1,237874 0,000180
здание 0,776529 0,000113
здании 1,171183 0,000170
зданий 1,049822 0,000304
здания 0,867501 0,000629
зданиях 2,207275 0,000320
здравоохранение 0,941609 0,000410
здравоохранения 1,203973 0,000175
зеленодольск 1,237874 0,000180
зеленой 2,040221 0,000296
земле 0,994252 0,000144
землянуха 3,912023 0,000567
зима 1,021651 0,000148
злаки 3,218876 0,000467
златоуст 1,347074 0,000195
змеиногорск 3,912023 0,000567
змеиногорский 3,912023 0,001135
знак -0,009950 -0,000004
знаменат 3,912023 0,000567
знаменательных 2,207275 0,000320
знамени 1,832581 0,000266
знаменской 3,506558 0,000508
значения 0,105361 0,000061
значениях 2,813411 0,000816
значительной 1,469676 0,000213
значится 3,506558 0,000508
золотая 1,560648 0,000226
золотой 0,843970 0,000245
золотые 2,040221 0,000296
золотыми 2,995732 0,000434
зона 0,891598 0,000129
зональный 3,912023 0,000567
зоне 0,527633 0,000153
зоопарк 1,771957 0,000257
зоопарке 2,659260 0,000386
зоосад 3,218876 0,000467
зрелищ 3,506558 0,001017
зубцами 3,506558 0,000508
иван 0,843970 0,000122
иванович 1,560648 0,000226
иваново 1,139434 0,000165
ивой 3,912023 0,000567
ивэп 3,506558 0,000508
идентификаторы 0,693147 0,000101
иеговы 3,218876 0,000467
ижевск 1,139434 0,000165
из-за 0,415515 0,000121
избираемых 1,897120 0,000275
избирались 3,506558 0,000508
избирательным 2,407946 0,000349
избирают 3,912023 0,000567
избранной 3,218876 0,000467
избранные 2,302585 0,001002
известны 1,309333 0,000190
известных 1,171183 0,000340
изд-во 1,049822 0,000609
издавна 2,207275 0,000320
издание 0,776529 0,000113
издания 1,049822 0,000457
издательств 3,506558 0,000508
издательство 0,510826 0,000148
изделий 1,309333 0,000380
изменений 1,272966 0,000369
изменениях 2,407946 0,000698
изменилась 2,407946 0,000349
изначальный 3,218876 0,000467
изо 3,218876 0,000467
изобилует 3,218876 0,000467
изображении 1,272966 0,000185
изобретатель 3,218876 0,000467
изумрудный 3,218876 0,000467
иисуса 2,407946 0,000349
иконы 1,347074 0,000195
иллюзион 2,995732 0,000434
ильича 2,995732 0,000869
ильягорт 3,506558 0,000508
имеет 0,235722 0,000171
имеется 0,653926 0,000190
имен 1,771957 0,000514
имени 0,462035 0,000268
имеют 0,371064 0,000108
имеющая 2,525729 0,000366
имеющей 2,525729 0,000366
имеющий 1,897120 0,000275
имеющих 1,272966 0,000185
импер 0,000000 0,000000
императорского 2,040221 0,000296
империи 0,733969 0,000213
импульсом 3,912023 0,000567
имя 0,891598 0,000129
иначе 0,733969 0,000106
инвис 3,912023 0,001135
индекс 0,941609 0,000273
индустриализации 2,120264 0,000307
индустриальный 1,966113 0,000855
инжгеодезия 3,912023 0,001135
инженера 2,207275 0,000320
институт 0,478036 0,000416
институтов 1,560648 0,000453
инструменты -0,009950 -0,000003
интервью 1,660731 0,000241
интересен 3,912023 0,000567
интерсвязь 3,506558 0,000508
инфекционных 3,506558 0,000508
информации 0,446287 0,000194
информационно-новостной 3,506558 0,000508
информационный 1,427116 0,000207
информация 0,446287 0,000129
иоанна 1,469676 0,000426
ипподром 2,040221 0,000296
иргиз 3,506558 0,000508
иркутск 1,171183 0,000170
ирон 0,000000 0,000000
исключением 1,347074 0,000195
искра 2,120264 0,000307
искусств 0,916291 0,000133
искусства 0,733969 0,000213
искусственными 3,218876 0,000467
испания 2,207275 0,000320
использования -0,009950 -0,000001
использованных 3,912023 0,000567
использующие 0,040822 0,000018
испр 1,832581 0,000266
исследованиями 2,407946 0,000349
исследователей 1,966113 0,000285
исток 1,469676 0,000213
истока 1,021651 0,000148
истоков 2,407946 0,000349
истории 0,248461 0,000216
историк 2,302585 0,000334
историков 2,525729 0,000366
исторически 1,078810 0,000156
исторический 0,653926 0,000095
исторических 1,139434 0,000165
исторической 1,171183 0,000170
историческую 2,120264 0,000307
историю 0,843970 0,000245
история 0,051293 0,000089
источник -0,009950 -0,000003
источниками 0,776529 0,000338
источники 0,415515 0,000181
источников 0,371064 0,000215
источниковедения 3,912023 0,000567
истощение 3,912023 0,000567
исчезли 2,659260 0,000386
исчислении 0,843970 0,000122
итогам 1,139434 0,000165
итоги 0,713350 0,000517
итогов 0,891598 0,000129
иудейская 2,813411 0,000408
ишимбай 1,309333 0,000190
июле 0,967584 0,000140
июль 0,579818 0,000168
июля 0,116534 0,000338
июнь 0,544727 0,000079
июня 0,116534 0,000270
йской 0,000000 0,000000
кабельного 3,218876 0,000467
кабельное 2,525729 0,000366
кабинета 3,218876 0,000467
кадмия 3,218876 0,000934
казальцево 3,506558 0,000508
казань 0,891598 0,000129
казарма 2,407946 0,001048
казахов 2,813411 0,000408
казахского 3,506558 0,000508
казахстан 1,469676 0,000639
казахстана 1,966113 0,000570
казенная 3,506558 0,000508
казым-мыс 3,506558 0,000508
календарь 1,514128 0,000439
калинина 2,207275 0,000320
калманка 3,506558 0,000508
калманский 3,912023 0,000567
каменск-уральский 1,347074 0,000195
каменский 2,659260 0,000386
камень-на-оби 3,506558 0,001525
камня 2,040221 0,000296
кампания 2,407946 0,000349
канал 0,843970 0,000612
каналов 1,427116 0,000207
кандидат 2,659260 0,000386
кандидатов 1,897120 0,000275
кандидаты 2,525729 0,000366
канцелярия 2,407946 0,000349
капитан 2,302585 0,000334
караганы 3,912023 0,000567
каргасок 3,218876 0,000467
кармин 3,912023 0,000567
карта 0,776529 0,000113
картами 0,562119 0,000082
карте 1,108663 0,000161
карточкевикипедия 1,469676 0,000213
карточкивикипедия 1,309333 0,000190
карусель 1,832581 0,000266
карымкары 3,506558 0,000508
каспийск 1,272966 0,000185
каталанская 0,527633 0,000077
каталогах 0,094311 0,000014
категории -0,009950 -0,000003
категорию 2,813411 0,000408
категориях 3,506558 0,000508
католические 2,813411 0,000408
катунь 3,912023 0,001135
кафедра 2,525729 0,000366
кафедрой 3,506558 0,000508
качество 1,309333 0,000190
квантум 3,506558 0,000508
кваренги 3,506558 0,000508
кварталами 3,506558 0,000508
кварталов 1,897120 0,000550
квартальная 3,506558 0,000508
квн 2,659260 0,000386
кемерово 1,237874 0,000180
кемеровской 2,659260 0,000386
кетов 3,218876 0,000467
кетские 3,912023 0,000567
кетских 3,912023 0,000567
километра 1,897120 0,000550
кинозал 2,659260 0,000386
кинозалов 2,525729 0,000733
киноконцертный 2,995732 0,000434
киномир 3,506558 0,000508
кинотеатр 1,108663 0,000643
кинотеатров 1,237874 0,000180
кинотеатром 2,813411 0,000408
кинотеатры 1,078810 0,000626
кирза 3,506558 0,000508
киров 1,309333 0,000190
кирпичное 2,995732 0,000434
кирпичные 2,659260 0,000386
кирюшин 3,912023 0,000567
кирюшина 3,912023 0,000567
китае 2,040221 0,000296
китай 0,867501 0,000252
китайский 2,407946 0,000349
классицизма 1,832581 0,000266
клен 2,407946 0,000349
климат 0,494296 0,000573
климата 0,733969 0,000106
климатические 1,966113 0,000285
климатический 2,407946 0,000349
клиниками 3,912023 0,001135
клиническая 1,714798 0,000249
клуб 0,916291 0,001196
клуба 1,660731 0,000241
клубы 1,108663 0,000161
ключевский 3,506558 0,000508
книгами 3,506558 0,000508
книгу 1,514128 0,000220
кнопка 2,525729 0,000366
ковалева 2,302585 0,000334
код -0,009950 -0,000058
кодекс -0,009950 -0,000001
кодистория 0,116534 0,000017
коечный 3,912023 0,000567
кожевенное 3,218876 0,000467
кожевниково 3,218876 0,000467
кокшетау 2,995732 0,001303
количество 0,328504 0,000286
колки 3,506558 0,000508
колл-центр 3,912023 0,000567
колледжей 2,659260 0,000386
коллективизации 3,912023 0,000567
коллективов 2,207275 0,000320
коломна 1,272966 0,000185
колпашево 3,218876 0,000467
колывани 3,506558 0,000508
колывано-воскресенского 3,912023 0,000567
колыванской 3,912023 0,000567
колывань 3,506558 0,000508
команда 1,272966 0,000185
комарова 2,302585 0,000334
комбинат 1,171183 0,000170
комедии 2,040221 0,000592
комикыргызча 0,000000 0,000000
комитет 0,755023 0,000109
коммунальщик 3,506558 0,000508
коммуникаций 2,207275 0,000320
компании 0,579818 0,000084
комплекс 0,653926 0,000379
комплексного 2,120264 0,000307
комплексов 1,386294 0,000201
композиции 2,302585 0,000334
компоненты 1,609438 0,000233
комсомолец 1,560648 0,000226
комсомольск-на-амуре 1,203973 0,000175
комсомольская 1,171183 0,000170
комсомольской 1,897120 0,000275
комфортное 3,912023 0,000567
кони 3,506558 0,000508
конкурса 1,660731 0,000241
конструктивизм 2,813411 0,000408
конструктивизма 1,966113 0,000285
консультации 2,995732 0,000434
континентальный 0,776529 0,000225
контракт 2,207275 0,000320
контрастности 3,912023 0,000567
конфессии 1,237874 0,000180
конфиденциальности -0,009950 -0,000001
конца 0,562119 0,000082
концентрацией 2,525729 0,000366
концентрация 2,040221 0,000296
концертно-эстрадного 3,912023 0,000567
конюхи 3,912023 0,000567
координаты 1,469676 0,000426
копии 0,653926 0,000095
копыта 3,506558 0,000508
коренная 3,218876 0,000467
корни 2,207275 0,000640
короной 2,207275 0,000320
короткий -0,009950 -0,000001
корпорация 2,040221 0,000296
косихинский 3,912023 0,000567
космос 1,897120 0,000275
кострец 3,912023 0,000567
кострома 1,171183 0,000170
которая 0,287682 0,000083
которого 0,301105 0,000131
которой 0,174353 0,000051
котором 0,301105 0,000087
которому 0,843970 0,000122
которые 0,162519 0,000071
который 0,105361 0,000046
которым 0,798508 0,000116
которыми 1,469676 0,000213
которых 0,094311 0,000068
кофейни 3,912023 0,001135
кочевников 2,120264 0,000307
кошарова 3,912023 0,000567
кпсс 1,832581 0,000266
крае 1,514128 0,001537
краев 2,302585 0,000334
краевая 2,525729 0,001465
краевед 2,207275 0,000320
краеведа 2,995732 0,000434
краеведческий 1,237874 0,000359
краеведческих 2,659260 0,000386
краевого 2,120264 0,001230
краевой 2,120264 0,000922
краевых 2,659260 0,000386
край 0,891598 0,000388
крайгорода 2,525729 0,000366
крайком 3,912023 0,000567
крайне 1,832581 0,000531
красноармейский 2,040221 0,000296
красноармейском 3,506558 0,000508
красногорский 3,218876 0,000467
красной 0,967584 0,000281
красноленинский 3,506558 0,000508
краснощековский 3,912023 0,000567
красноярск 0,967584 0,000281
красную 2,040221 0,000296
красный 0,941609 0,000273
краю 1,966113 0,000285
края 0,713350 0,003000
крепостного 3,218876 0,000467
креслами 3,912023 0,000567
крестьян 2,302585 0,000334
крестьянам-переселенцам 3,912023 0,000567
кривошеино 3,506558 0,000508
кришны 2,813411 0,000408
крови 1,966113 0,000285
кроме 0,235722 0,000103
кртпц 3,218876 0,000467
круглосуточно 3,506558 0,000508
крупная 1,514128 0,000220
крупнейшие 0,776529 0,000113
крупнейший 0,755023 0,000438
крупнейших 0,634878 0,000276
крупный 0,798508 0,000463
крупным 1,021651 0,000444
крупными 1,309333 0,000190
крупных 0,494296 0,000215
крутиха 3,506558 0,000508
крутихинский 3,912023 0,000567
крутые 2,995732 0,000434
крым 1,660731 0,000241
крыма 0,843970 0,000122
крытый 2,207275 0,000320
крыши 3,506558 0,000508
ку-ку 3,912023 0,000567
куба 2,659260 0,000386
куета 3,912023 0,001135
куки -0,009950 -0,000001
кукол 0,916291 0,000133
кулундинский 3,912023 0,000567
культура 0,653926 0,000379
культурного 0,916291 0,000266
культурный 1,108663 0,000161
культуры 0,462035 0,000268
купеческим 2,995732 0,000434
купи-продай 3,912023 0,001135
курган 1,237874 0,000180
курс 1,347074 0,000391
курьинский 3,912023 0,000567
кутузова 3,506558 0,000508
кучерявых 3,912023 0,000567
кытмановский 3,912023 0,000567
лабытнанги 3,506558 0,000508
лавровый 3,912023 0,000567
лагере 3,506558 0,000508
лагерь 2,120264 0,000307
лазарев 3,506558 0,000508
лазоревом 2,995732 0,000434
ландшафты 2,302585 0,000334
лапчатка 3,912023 0,000567
лебяжье 2,995732 0,000434
левом 1,309333 0,000190
левый 1,309333 0,000190
ледовитого 1,832581 0,000266
лейтенанта 2,995732 0,000869
ленин-тореадор 3,912023 0,000567
ленина 0,867501 0,000755
ленинагорода 2,120264 0,000307
ленинграда 2,207275 0,000320
ленинск-кузнецкий 1,347074 0,000195
ленинский 1,078810 0,000469
ленинского 1,771957 0,000257
ленину 1,272966 0,000369
лента 1,560648 0,000226
лентой 2,659260 0,000386
ленточном 3,912023 0,000567
ленточный 3,912023 0,002269
леруа 2,659260 0,000386
леса 1,021651 0,000148
лесная 1,660731 0,000482
лесневского 3,912023 0,000567
лесной 1,272966 0,000185
лесными 2,995732 0,000434
лесопильное 3,506558 0,000508
лесостепи 2,407946 0,000349
лесостепной 1,966113 0,000285
лет 0,223144 0,000259
летие 1,309333 0,000190
летний 1,108663 0,000322
лето 0,891598 0,000129
летом 0,597837 0,000087
летопись 1,832581 0,003189
лечебно-профилактических 2,995732 0,000434
лечебные 2,659260 0,000386
лечебных 2,407946 0,000349
либо 0,000000 0,000000
ливерпуль 3,912023 0,000567
ливневыми 3,218876 0,000467
лига 1,897120 0,000550
лиге 1,609438 0,000233
лидерами 2,302585 0,000334
линии 0,755023 0,000109
лисавенко 3,912023 0,000567
литература 0,061875 0,000018
литературных 2,302585 0,000334
литературы 1,078810 0,000156
лицензии -0,009950 -0,000001
лишению 3,912023 0,000567
лог 2,407946 0,000349
ложбине 3,912023 0,000567
ложбины 3,506558 0,000508
локосово 3,506558 0,000508
локтевский 3,912023 0,000567
луганск 1,203973 0,000175
лукашкин 3,506558 0,000508
луч 2,407946 0,000349
лучшей 3,218876 0,000467
лучших 1,049822 0,000457
лыжные 2,659260 0,000386
лысьва 1,347074 0,000195
льва 1,966113 0,000570
любимых 3,218876 0,000467
люди 0,755023 0,000109
лютеранские 3,218876 0,000467
люцерна 3,912023 0,000567
магадан 1,237874 0,000180
магазин 1,897120 0,000275
магистрали 1,078810 0,000156
магистраль 1,427116 0,000207
магнит 1,714798 0,000249
магнитогорск 1,272966 0,000369
май 0,597837 0,000087
максимум 0,733969 0,000213
малахова 3,506558 0,000508
малую 2,659260 0,000386
малый 0,371064 0,000161
малых 1,309333 0,000190
мамонтова 3,506558 0,000508
мамонтовский 3,912023 0,000567
мариймакедонскимонгол 0,000000 0,000000
мария-ра 3,218876 0,000467
марк 2,120264 0,000307
марка 0,867501 0,000126
маркер 3,506558 0,000508
марки 2,040221 0,000296
марковна 3,912023 0,000567
март 0,616186 0,000089
марта 0,139262 0,000505
маршрут 1,272966 0,000369
маршрута 1,469676 0,000213
маршрутными 2,120264 0,000307
маршрутов 0,967584 0,000140
масс 1,714798 0,000249
массив 2,302585 0,000334
массовой 0,916291 0,000399
массовых 1,832581 0,000266
масштабно 3,912023 0,000567
матери 1,347074 0,000195
материал -0,009950 -0,000001
материалов 0,755023 0,000109
матрица 2,995732 0,000434
матч-тв 3,218876 0,000467
мачта 3,912023 0,000567
машиностроения 1,469676 0,000213
машину 2,813411 0,000408
мая 0,139262 0,000565
маяк 1,108663 0,000161
мвд 1,309333 0,000380
мгц 1,897120 0,001651
мегафон 1,237874 0,000180
мегион 3,506558 0,000508
медаль 2,525729 0,000366
меде-сереброплавильного 3,912023 0,000567
медиа 1,966113 0,000285
медиафайлы 0,301105 0,000044
медицина 1,897120 0,000275
медицинские 1,897120 0,000275
медицинский 0,891598 0,000259
медицинскими 3,912023 0,000567
медицинское 3,218876 0,000467
международно 1,139434 0,000165
международного 0,733969 0,000106
международный 0,713350 0,000207
межрайонных 3,912023 0,000567
межрегиональное 3,912023 0,000567
межрегиональном 3,912023 0,000567
меланжевый 3,912023 0,000567
мелкими 3,506558 0,000508
мелких 1,897120 0,000275
мельников 2,207275 0,000320
мемориальный 1,469676 0,000213
мерлен 2,659260 0,000386
мест 0,713350 0,000103
места 0,579818 0,000084
местам 2,659260 0,000386
местами 1,427116 0,000207
месте 0,544727 0,000237
местная 2,120264 0,000307
местного 0,941609 0,000137
местное 1,427116 0,000414
местные 1,049822 0,000304
место 0,371064 0,000108
месяц 1,272966 0,000185
металлообработки 2,813411 0,000408
метаморфоз 3,912023 0,000567
метро 1,272966 0,000369
метров 0,776529 0,000225
метровые 3,912023 0,000567
метрополитен 1,966113 0,000285
метрополитенов 2,813411 0,000408
мечеть 1,078810 0,000313
мещанское 3,912023 0,000567
миасс 1,309333 0,000190
миграции 1,660731 0,000241
микрорайоны 1,609438 0,000233
минеральными 2,995732 0,000434
минимум 0,693147 0,000201
минск 1,714798 0,000249
минут 1,386294 0,000402
мир 0,342490 0,000348
миру 1,560648 0,000226
миссия 2,525729 0,000366
михаило-архангельская 3,912023 0,000567
михайлов 2,120264 0,000307
михайлович 1,386294 0,000201
михайловский 2,407946 0,000349
млн 0,462035 0,000201
млрд 0,820981 0,000357
мнению 0,967584 0,000281
многие 0,356675 0,000155
многозальный 3,506558 0,000508
многом 1,514128 0,000220
многопрофильными 3,912023 0,000567
множество 0,597837 0,000087
мобильная -0,009950 -0,000001
могилы 2,120264 0,000307
могла 2,207275 0,000320
могочино 3,506558 0,000508
могут -0,009950 -0,000003
модулем 1,021651 0,000148
модуль 0,941609 0,000137
можете 0,653926 0,000095
мокшеньолык 0,000000 0,000000
молодежной 2,040221 0,000592
молодежный 1,309333 0,000380
молчанов 3,218876 0,000467
молчаново 3,506558 0,000508
монастырей 2,120264 0,000307
монгольские 3,506558 0,000508
монитор 2,407946 0,000349
мониторинг 1,832581 0,000266
монография 2,659260 0,000771
монумент 1,560648 0,000226
монумента 2,302585 0,000334
монументов 2,995732 0,000434
мончегорск 1,347074 0,000195
морей 1,832581 0,000266
морозная 2,995732 0,000434
моря 0,579818 0,000084
москва 0,400478 0,000232
москвабарнаул 3,912023 0,000567
москвы 0,653926 0,000190
московский 0,891598 0,000129
мост 0,967584 0,000140
моста 1,139434 0,000165
мотор 3,218876 0,000934
мохнатушка 3,912023 0,000567
мск 0,843970 0,000122
мтс 1,237874 0,000359
мтс-стрим 3,912023 0,000567
мужи 3,506558 0,000508
мужского 2,302585 0,000668
муз-тв 1,966113 0,000285
музеев 1,309333 0,000190
музеем 1,966113 0,000285
музеи 0,820981 0,000476
музей 0,776529 0,001464
музыкальное 2,207275 0,000320
музыкальной 1,832581 0,000531
музыкальных 1,832581 0,000266
мультиплекса 1,897120 0,000275
мультиплексу 3,912023 0,000567
мультиплексы 3,912023 0,000567
муниципальное 1,139434 0,000165
муниципальный 1,386294 0,000201
муниципальным 0,776529 0,001576
муниципальными 1,660731 0,000241
муниципальных 0,776529 0,000901
мусульманская 2,813411 0,000816
мутная 3,912023 0,001135
мфа 2,995732 0,000434
мэру 2,995732 0,000434
мятлик 3,218876 0,000467
наблюдается 1,021651 0,000296
навигации -0,009950 -0,000001
навигация -0,009950 -0,000003
нагорная 3,506558 0,000508
нагорного 3,506558 0,001017
нагорной 2,995732 0,000869
нагорном 3,506558 0,001017
нагорный 2,813411 0,000816
наградами 3,218876 0,000467
награды 0,867501 0,000126
награжден 1,514128 0,000220
награжденные 1,021651 0,000296
надпойменные 3,218876 0,000467
названа 1,660731 0,000241
название 0,198451 0,000201
названием 0,820981 0,000119
названию 1,966113 0,000285
названия 0,342490 0,000248
назино 3,506558 0,000508
называемая 2,120264 0,000307
называемого 2,995732 0,000434
называло 3,912023 0,000567
называться 1,660731 0,000241
наиболее 0,139262 0,000020
наибольший 1,966113 0,000285
наклон 3,506558 0,000508
наличия 2,525729 0,000366
нами -0,009950 -0,000001
направлении 1,108663 0,000322
направлений 1,108663 0,000161
направо 1,560648 0,000226
напряженным 3,912023 0,000567
народ 2,120264 0,000307
народная 0,713350 0,000207
народного 1,171183 0,000340
народное 0,798508 0,000347
народных 1,203973 0,000524
нарыкары 3,506558 0,000508
насаждениями 2,525729 0,000366
население 0,693147 0,001005
населением 0,776529 0,000338
населения 0,494296 0,003799
населениягод 0,000000 0,000000
населенные 0,673345 0,000488
населенных 0,693147 0,000804
наследия 0,820981 0,000119
настоящий 1,609438 0,000233
наступает 0,916291 0,000133
насчитывает 1,347074 0,000195
насчитывается 1,427116 0,000207
насчитывают 3,912023 0,000567
наук 0,693147 0,000201
наука 0,301105 0,000131
науковедения 3,912023 0,000567
наукоемкого 3,912023 0,000567
науч 1,714798 0,000249
научная 0,798508 0,000116
научно-исследовательский 1,237874 0,000359
научно-исследовательских 1,714798 0,000497
научно-справочный 3,912023 0,001135
научного 1,309333 0,000190
научный 0,941609 0,000273
научными 2,120264 0,000307
научных 0,776529 0,000113
находился 0,776529 0,000113
находится 0,328504 0,000286
находка 1,171183 0,000170
находятся 0,527633 0,000230
национальности 0,867501 0,000126
национальность 1,237874 0,000180
национальный 0,597837 0,000433
начал 0,798508 0,000347
начала 0,314711 0,000091
начале 0,314711 0,000046
начались 1,660731 0,000241
началось 0,616186 0,000089
началу 1,171183 0,000170
начинается 0,755023 0,000109
начинал 2,995732 0,000869
наша 2,302585 0,000334
нгс 2,813411 0,000408
неблагоприятная 3,506558 0,000508
неблагоприятной 2,995732 0,000434
небольшую 2,659260 0,000386
невский 2,813411 0,000408
невского 1,427116 0,000207
негативное 2,813411 0,000408
негосударственных 1,966113 0,000285
недоступная 0,527633 0,000077
недоступные 0,755023 0,000109
некоммерческой -0,009950 -0,000001
некоторые 0,301105 0,000044
некоторых 0,494296 0,000215
нем 0,356675 0,000103
немецкий 1,427116 0,000207
немецкими 2,407946 0,000349
немецкой 1,897120 0,000275
немцы 1,203973 0,000349
неоднократный 2,995732 0,000434
неочищенных 3,218876 0,000467
непорочное 3,912023 0,000567
непосредственно 0,478036 0,000139
несколько 0,150823 0,000109
несмотря 0,755023 0,000109
несуществующих 3,912023 0,000567
неустойчивы 3,506558 0,000508
нефтеюганск 3,218876 0,000467
неширокая 3,912023 0,000567
нива 3,218876 0,000467
нижневартовск 2,659260 0,000386
нижние 1,660731 0,000241
нижний 0,673345 0,000195
нии 1,237874 0,000898
никольское 2,813411 0,000408
никольской 3,218876 0,000467
новая 0,634878 0,000368
новгород 0,867501 0,000126
новичихинский 3,912023 0,000567
ново-николаевск 3,506558 0,000508
новоалтайск 3,912023 0,000567
нового 0,579818 0,000168
новокузнецк 1,272966 0,000185
новомихайловка 3,912023 0,000567
новомосковск 1,203973 0,000175
новоникольское 2,995732 0,000434
новосибирск 0,916291 0,000797
новосибирской 2,407946 0,000349
новосиликатный 3,912023 0,001702
новостей 1,771957 0,000257
новости 0,579818 0,000084
новые 0,342490 0,000050
новый 0,446287 0,000194
новыми 1,560648 0,000226
номеров 1,832581 0,000266
норильск 1,203973 0,000175
норма 0,798508 0,000116
носил 2,302585 0,000334
нохчийн 0,000000 0,000000
нояб 0,820981 0,000119
ноябре 0,994252 0,000144
ноября 0,127833 0,000426
нська 0,000000 0,000000
нтв 1,427116 0,000207
нулевого 2,659260 0,000771
ныне 0,653926 0,000190
ньскъ 0,000000 0,000000
оао 0,916291 0,000133
оби 2,207275 0,003201
обигорода 3,912023 0,000567
обильно 3,912023 0,000567
области 0,223144 0,000032
областями 2,659260 0,000386
областях 1,560648 0,000226
облачностью 3,218876 0,000467
облик 1,272966 0,000554
обозначена 3,218876 0,000467
обозначения 1,660731 0,000241
обоих 1,469676 0,000213
оборот 1,309333 0,000190
оборудования 1,049822 0,000152
обрабатывающие 2,120264 0,000307
образец 2,659260 0,000386
образован 1,347074 0,000195
образование 0,494296 0,000502
образованием 1,966113 0,000570
образовании 1,832581 0,000266
образований 1,386294 0,000201
образования 0,478036 0,000069
образованиям 0,776529 0,001576
образованная 2,995732 0,000434
образовательный 2,120264 0,000307
образом 0,371064 0,000108
образу 2,995732 0,000434
образует 0,994252 0,000144
образуют 1,771957 0,000257
обращения 0,030459 0,000437
обруче 3,912023 0,000567
обрывисты 3,912023 0,000567
обская 3,506558 0,000508
обстановка 1,966113 0,000285
обстановки 2,407946 0,000349
обстановкой 2,659260 0,000386
обухов 3,912023 0,000567
обширная 2,302585 0,000334
общ 1,966113 0,000285
общая 0,673345 0,000098
общего 0,713350 0,000103
общедоступных 2,813411 0,000408
общей 0,597837 0,000087
общеобразовательные 2,207275 0,000320
общероссийских 2,302585 0,000334
общества 0,776529 0,000225
общественно-административных 3,912023 0,000567
общественно-политических 2,525729 0,000366
общественных 1,021651 0,000296
общие 0,673345 0,000098
общий 0,916291 0,000133
общим 1,427116 0,000207
общин 1,897120 0,000275
община 1,609438 0,001400
общины 1,514128 0,001317
объединения 1,203973 0,000349
объединяет 1,771957 0,000257
объездная 2,659260 0,000386
объектов 0,527633 0,000153
объем 0,616186 0,000089
объемов 2,407946 0,000349
объяснил 2,995732 0,000434
обь 2,302585 0,002337
обязательных 2,659260 0,000386
оврагами 2,207275 0,000320
оврагообразованию 3,912023 0,000567
огибает 3,218876 0,000467
огни 2,407946 0,001048
огнями 3,912023 0,000567
ограниченной 2,813411 0,000408
одежды 2,659260 0,000386
одессы 3,218876 0,000467
одиссее 3,912023 0,000567
одиссей 3,218876 0,000934
одна 0,527633 0,000077
однако 0,174353 0,000025
одним 0,494296 0,000143
одновременно 0,776529 0,000225
одного 0,544727 0,000079
однодневной 3,912023 0,000567
одноименная 3,218876 0,000467
одноименного 1,771957 0,000257
одноименной 2,207275 0,000320
одномандатным 2,120264 0,000307
ожидает 3,218876 0,000467
ожидают 1,897120 0,000275
озер 1,609438 0,000233
ознаменовались 2,995732 0,000434
оказывает 1,427116 0,000207
оказывающих 2,995732 0,000434
окато 0,820981 0,000119
океана 1,272966 0,000185
оккупированных 3,218876 0,000467
около 0,000000 0,000000
окончательно 1,203973 0,000175
окраинное 3,912023 0,000567
окрестностей 1,714798 0,000497
округ 0,673345 0,000195
округа 0,653926 0,000759
округам 1,660731 0,000241
округе 1,309333 0,000190
округов 0,776529 0,000788
окружен 2,407946 0,000349
окт 0,798508 0,000116
октмо 0,843970 0,000122
октябрь 0,867501 0,000126
октябрьский 1,078810 0,000626
октябрьское 2,659260 0,000386
октябрьской 1,078810 0,000782
октября 0,083382 0,000326
олейник 3,912023 0,000567
олимпийского 1,714798 0,000249
олькова 3,912023 0,000567
омск 1,021651 0,000148
оникс 3,912023 0,000567
онкологический 2,120264 0,000307
онлайн 0,198451 0,000029
ооо 0,843970 0,000245
оператор 1,609438 0,000233
операторов 1,347074 0,000391
операторы 1,514128 0,000220
описание -0,009950 -0,000001
определило 2,995732 0,000434
определяется 1,609438 0,000233
определялось 3,912023 0,000567
определяют 2,120264 0,000307
опыт 1,714798 0,000249
орган 1,203973 0,000349
организации -0,009950 -0,000003
организаций 0,776529 0,000113
организация 0,891598 0,000129
организациям 2,525729 0,000366
организациях 1,832581 0,000266
организовал 2,525729 0,000733
органическими 3,506558 0,000508
органов 0,994252 0,000144
органы 0,891598 0,000388
орден 1,966113 0,000285
ордена 1,714798 0,000249
орденом 1,021651 0,000444
ордынское 2,995732 0,000434
оригинала 0,162519 0,000636
орск 1,272966 0,000185
ортсабеларуская 0,000000 0,000000
осадков 0,544727 0,000237
освоения 1,897120 0,000275
освящен 2,525729 0,000733
осины 3,218876 0,000467
осипенко 2,995732 0,000869
осипов 0,527633 0,000077
осложнен 3,912023 0,000567
основан 0,579818 0,000084
основана 1,272966 0,000185
основания 0,713350 0,000207
основанные 0,776529 0,000225
основе 0,494296 0,000143
основная 0,116534 0,000135
основное 1,347074 0,000195
основной 0,653926 0,000095
основном 0,510826 0,000074
основные 0,223144 0,000162
основой 1,237874 0,000180
особенно 0,562119 0,000082
оставили 2,525729 0,000366
остается 0,891598 0,000129
остальные 0,891598 0,000129
осям 3,912023 0,000567
ответственности -0,009950 -0,000001
отгруженных 2,040221 0,000296
отд 2,525729 0,000366
отдаленность 3,912023 0,000567
отдела 2,207275 0,000320
отделений 2,659260 0,000386
отдельные 1,078810 0,000156
отдельных -0,009950 -0,000001
отечественной 0,673345 0,000098
отказ -0,009950 -0,000001
открывается 1,660731 0,000241
открыл 1,609438 0,000467
открылась 1,309333 0,000380
открылся 0,941609 0,000683
открыт 0,798508 0,000463
открыта 0,967584 0,000281
открыто 1,078810 0,000313
открытость 3,218876 0,000467
отмена 3,218876 0,000467
отметки 1,966113 0,000285
отмечен 1,966113 0,000855
отмечены 2,207275 0,000320
относительная 2,407946 0,000349
относительно 0,415515 0,000060
относится 0,733969 0,000213
относятся 0,713350 0,000207
относящаяся 2,995732 0,000434
относящиеся 2,659260 0,000386
отопление 3,506558 0,000508
отр 1,832581 0,000266
отрасли 1,078810 0,000313
отредактирована -0,009950 -0,000001
отредактировать 0,967584 0,000140
отсутствует 1,272966 0,000185
отсчета 3,218876 0,000467
отсчитываются 3,912023 0,000567
отчет 1,660731 0,000241
официально 0,693147 0,000201
официальный 0,510826 0,000667
оха 1,347074 0,000195
оценка 0,693147 0,000101
оценки 1,609438 0,000233
очистные 2,207275 0,000320
ошибкекак -0,009950 -0,000001
ошибочно 2,813411 0,000408
павел 1,469676 0,000213
павла 1,714798 0,000497
павловский 2,302585 0,000668
павловского 3,506558 0,000508
павлодар 2,995732 0,000434
павлодаром 3,912023 0,000567
пакет 1,714798 0,000746
паллас 3,218876 0,000467
памят 3,912023 0,000567
памятник 0,693147 0,000603
памятника 1,078810 0,000313
памятники 0,733969 0,000426
памятников 0,820981 0,000476
памятником 1,714798 0,000249
памятных 1,714798 0,000249
панкрушихинский 3,912023 0,000567
панорамы 2,040221 0,000296
пао 1,427116 0,000207
парк 0,693147 0,000101
парка 1,021651 0,000296
парками 2,813411 0,000408
парке 1,171183 0,000679
паровую 3,912023 0,000567
партизанской 3,218876 0,000467
партийным 2,525729 0,000366
парус 2,813411 0,000816
парусного 3,912023 0,000567
парусному 2,995732 0,000434
парусный 2,813411 0,000408
пасмурных 2,813411 0,000408
пассажирооборот 3,506558 0,000508
пастбища 3,506558 0,000508
патронов 3,912023 0,000567
патроны 3,506558 0,000508
пгт 2,302585 0,001336
пдк 2,207275 0,000640
педагогический 1,078810 0,000156
педуниверситета 3,218876 0,000467
педучилища 3,912023 0,000567
пенза 1,108663 0,000161
первая 0,430783 0,000250
первое 0,544727 0,000237
первозванного 2,659260 0,000386
первой 0,462035 0,000201
первомайский 1,660731 0,000482
первоначальный 2,659260 0,000386
первую 0,867501 0,000126
первый 0,385662 0,000503
перевел 3,506558 0,000508
перевести 2,302585 0,000334
перевод 1,427116 0,000207
переводилось 3,912023 0,000567
переводится 2,995732 0,000434
перегребное 3,506558 0,000508
передать 2,120264 0,000307
перейти -0,009950 -0,000003
перекрестка 3,218876 0,000467
переливания 2,525729 0,000366
переменной 2,995732 0,000434
перенесена 2,813411 0,000408
переписи 0,755023 0,000657
перепись 0,820981 0,001071
перерабатывающей 3,218876 0,000467
переселенцы 3,218876 0,000467
переселялись 2,995732 0,000434
перестроено 3,912023 0,000567
перестроены 3,506558 0,000508
переулок 2,302585 0,000334
перешел 1,832581 0,000531
перешли 1,771957 0,000257
период 0,342490 0,000149
пермь 0,994252 0,000144
персоналии 2,525729 0,001099
персональные -0,009950 -0,000001
песком 3,218876 0,000467
пестова 3,912023 0,000567
петра 1,078810 0,000469
петропавловск-камчатский 2,407946 0,000349
петропавловский 2,525729 0,000366
петропавловской 3,218876 0,000467
петропавловском 3,506558 0,000508
печатаются 3,912023 0,000567
печатающаяся 3,912023 0,000567
печати -0,009950 -0,000004
печатные 1,514128 0,000439
печатных 1,609438 0,000233
печать -0,009950 -0,000001
печное 3,912023 0,000567
печь 3,218876 0,000467
пивоваренное 3,912023 0,000567
пивоварки 3,912023 0,001135
пивоварку 3,912023 0,000567
пимена 3,218876 0,000467
пионер 2,407946 0,000698
писатель 1,514128 0,000220
питляр 3,506558 0,000508
плавательные 2,995732 0,000434
плавильная 3,506558 0,000508
план 0,755023 0,000219
планетарий 1,832581 0,000266
планетария 2,995732 0,000434
планировки 2,040221 0,000296
планируемых 2,813411 0,000408
пластической 3,912023 0,000567
плато 2,040221 0,000592
плодопитомник 3,912023 0,000567
плоскостному 3,912023 0,000567
плотинная 3,506558 0,000508
плотность 0,693147 0,000201
площадей 1,897120 0,000550
площади 0,510826 0,000370
площадь 0,478036 0,000277
по-немецки 3,506558 0,000508
по-ронгы 3,912023 0,000567
победы 0,916291 0,000266
поведения -0,009950 -0,000001
поверхности 1,514128 0,000439
поверхностных 1,714798 0,000249
погибли 1,832581 0,000266
погода 0,776529 0,000225
погодных 2,659260 0,000386
подвержены 2,525729 0,000366
подготовленный 3,912023 0,000567
поддержке 1,469676 0,000213
подзоне 2,659260 0,000386
подкрепляется 3,912023 0,000567
подлеском 2,813411 0,000408
подобию 3,506558 0,000508
подольск 1,272966 0,000185
подписка 3,912023 0,000567
подробнее -0,009950 -0,000001
подтвержденным 3,912023 0,000567
подчинены 1,897120 0,000275
подъезде 3,912023 0,000567
пожар 1,966113 0,000285
пожаре 3,218876 0,000467
пожаром 3,218876 0,000467
позднее 0,798508 0,000116
позднесоветские 3,912023 0,000567
поиск -0,009950 -0,000001
поиску -0,009950 -0,000003
пойма 2,207275 0,000960
пойменно-луговыми 3,912023 0,000567
пойменной 3,218876 0,000467
показателей 1,203973 0,000175
показатель 0,713350 0,000103
показов 3,912023 0,000567
показывают 2,207275 0,000320
поколениям 3,912023 0,000567
покрова 1,203973 0,000349
покровская 2,302585 0,000334
покровский 1,771957 0,000514
покровской 2,995732 0,001738
покровском 3,506558 0,000508
покур 3,506558 0,000508
полдень 0,916291 0,000133
поле 0,798508 0,000116
ползунов 3,912023 0,000567
ползунова 3,912023 0,001135
ползуново 3,912023 0,000567
ползунову 3,912023 0,001135
поликлиника 2,302585 0,000668
поликлиники 1,966113 0,000285
политика -0,009950 -0,000001
политическая 0,843970 0,000122
политических 1,660731 0,000482
политсиб 3,912023 0,000567
политсибру 3,912023 0,000567
полностью 0,400478 0,000058
половина 1,171183 0,000170
половине 0,634878 0,000276
половины 0,994252 0,000577
половозрастной 3,506558 0,000508
положение 0,510826 0,000148
положением 2,120264 0,000307
полу 0,916291 0,000531
получасовой 3,912023 0,000567
получат 2,659260 0,000386
получила 0,653926 0,000095
получить 1,427116 0,000207
поляков 0,916291 0,000133
полякова 2,813411 0,000408
поляна 1,660731 0,000241
помешала 3,912023 0,000567
помещения 2,407946 0,000349
помимо 0,562119 0,000082
поморской 3,218876 0,000467
понижениями 3,218876 0,000467
попов 1,966113 0,000285
попова 2,407946 0,000349
популярны 2,813411 0,000408
попытался 3,218876 0,000467
пород 1,897120 0,000550
породы 1,966113 0,000285
поронгыул 3,912023 0,000567
поросли 3,506558 0,000508
порт 0,941609 0,001775
порталстатьи 2,040221 0,000296
поручению 2,207275 0,000320
порядка 1,139434 0,000165
посада 2,525729 0,000366
посвященные 1,966113 0,000285
поселений 0,798508 0,000926
поселения 0,941609 0,000137
поселениям 0,967584 0,000140
поселка 1,309333 0,000380
поселкам 0,891598 0,000129
поселками 2,407946 0,000349
поселки 1,347074 0,000195
поселков 1,469676 0,000213
поселковых 3,506558 0,000508
поселок 1,108663 0,000482
посещают 2,525729 0,000366
поскольку 0,941609 0,000137
послевоенные 1,832581 0,000266
последний -0,009950 -0,000001
последним 2,040221 0,000296
последних 1,347074 0,000195
последняя 0,342490 0,000050
последователями 3,912023 0,000567
послужило 2,302585 0,000334
посольство 2,525729 0,000366
поспелихинский 3,912023 0,000567
постановкой 3,218876 0,000467
постановление 1,139434 0,000330
постановления 2,302585 0,000334
постоянного 0,693147 0,000603
постоянной 1,897120 0,000275
пострадала 2,813411 0,000408
пострадали 2,659260 0,000386
построена 0,916291 0,000133
построенный 1,237874 0,000180
построены 1,021651 0,000296
построил 2,407946 0,000349
постройки 1,139434 0,000496
поступление 2,302585 0,000334
поступления 2,120264 0,000307
поток 1,660731 0,000482
поточной 3,912023 0,001135
почетного 1,237874 0,000359
почетные 1,108663 0,000643
почетный 1,469676 0,000426
почтово-телеграфная 3,912023 0,000567
почтовый 1,108663 0,000161
пошли 2,995732 0,000434
поэтому 0,616186 0,000089
появились 0,579818 0,000252
появился 0,693147 0,000302
появления 1,514128 0,000220
пояс 0,693147 0,000302
права 0,755023 0,000109
правда 0,891598 0,000517
правды 2,302585 0,000334
правительстве 1,966113 0,000285
правительственными 3,218876 0,000467
правительство 0,843970 0,000122
править -0,009950 -0,000115
правка 0,328504 0,000095
правкиновые -0,009950 -0,000001
правкипостоянная -0,009950 -0,000001
правобережная 2,302585 0,000334
правобережный 2,995732 0,000434
правовом 2,659260 0,000386
правого 1,560648 0,000226
православия 2,813411 0,000408
православная 1,272966 0,000185
православной 1,203973 0,000175
православные 1,347074 0,000195
православный 2,120264 0,000307
праздником 2,813411 0,000408
праздничный 3,506558 0,000508
праздновался 3,912023 0,000567
превращение 3,218876 0,000467
превысило 1,966113 0,000285
превышает 0,967584 0,000140
превышение 2,040221 0,000296
превышению 3,912023 0,000567
превышения 2,995732 0,000434
предв 3,912023 0,000567
предварительные 2,659260 0,000386
пределах 0,510826 0,000074
предопределило 2,995732 0,000434
предоставляют 1,427116 0,000207
предполагая 3,912023 0,000567
предположения 2,813411 0,000408
предположил 3,218876 0,000467
предприятий 0,713350 0,000310
предприятия 0,713350 0,000414
предприятиями 1,660731 0,000241
председатель 1,347074 0,000195
председателя 1,514128 0,000220
представились -0,009950 -0,000001
представительный 1,771957 0,000257
представительства 1,386294 0,000804
представлен 0,891598 0,000129
представлена 1,171183 0,000340
представлено 1,560648 0,000453
представлены 0,867501 0,000377
представляет 0,446287 0,000065
предтечи 2,120264 0,000307
предыдущие 2,525729 0,000366
президента 0,916291 0,000133
президенте 1,832581 0,000531
президиума 1,272966 0,000185
преимущественно 0,776529 0,000225
прекратили 2,040221 0,000296
прекращена 2,659260 0,000386
премьера 2,995732 0,000434
преобладание 2,525729 0,000366
пресвятой 1,272966 0,000185
пресс 2,407946 0,000349
привели 1,560648 0,000226
приводит 1,171183 0,000170
привязке 3,912023 0,000567
пригородный 2,407946 0,000349
призер 1,771957 0,000257
признана 2,040221 0,000296
признания 0,916291 0,000133
признанных 0,967584 0,000140
прилегающие 2,040221 0,000296
применяемого 0,843970 0,000122
применяемым 0,941609 0,000137
применять 2,407946 0,000349
примерами 1,966113 0,000285
примесью 2,813411 0,000408
примечания -0,009950 -0,000003
принадлежат 1,966113 0,000285
принятые 3,506558 0,000508
приобского 3,912023 0,000567
приобское 3,912023 0,000567
приобье 3,218876 0,000467
приписных 3,912023 0,000567
природной 1,897120 0,000275
природные 1,108663 0,000161
природных 1,108663 0,000322
природопользование 3,912023 0,000567
присвоен 1,832581 0,000531
присвоении 1,386294 0,000201
присвоения 2,525729 0,000366
присвоено 1,078810 0,000156
приспособившись 3,912023 0,000567
пристань 1,714798 0,000249
присутствует 1,714798 0,000249
присутствующей 3,506558 0,000508
приурочена 3,506558 0,000508
приходится 0,776529 0,000225
приходы 2,040221 0,000592
приходящийся 3,912023 0,000567
причине 1,771957 0,000257
проблем 0,798508 0,000116
проверенная 1,049822 0,000152
проверки 0,994252 0,000144
проверяема 0,967584 0,000140
программы 0,713350 0,000103
прогулок 2,659260 0,000386
продовольственные 2,407946 0,000698
продолжают 2,040221 0,000296
продолжилось 2,995732 0,000434
продолжительность 1,171183 0,000170
продуктовые 3,912023 0,000567
продукции 1,021651 0,000148
проект 0,400478 0,000232
проектах -0,009950 -0,000001
проектно-изыскательных 3,912023 0,000567
проектных 2,813411 0,000408
проживало 1,514128 0,000220
произведено 2,995732 0,000434
производства 0,616186 0,000536
производству 1,427116 0,000207
произношение 2,995732 0,000434
произношениео 2,813411 0,000408
произошел 1,171183 0,000170
произошло 0,733969 0,000213
произрастает 3,218876 0,000934
происходило 1,832581 0,000266
происходит 0,634878 0,000092
происхождении 1,514128 0,000220
прокопьевск 1,272966 0,000185
промышленного 1,171183 0,000340
промышленном 2,207275 0,000320
промышленности 0,579818 0,000168
промышленность 0,693147 0,000302
промышленные 1,171183 0,000170
промышленный 1,203973 0,000349
промышленным 1,660731 0,000241
промышленными 1,897120 0,000275
промышленных 0,916291 0,000399
просветительский 3,506558 0,000508
просвещение 2,302585 0,000334
просвещения 1,897120 0,000275
прослеживается 2,120264 0,000307
просмотры -0,009950 -0,000001
просп 3,218876 0,001400
проспект 1,021651 0,000148
проспекта 1,347074 0,000195
проспекте 1,427116 0,000828
простираются 2,813411 0,000408
простор 2,813411 0,000408
простор-телеком 3,506558 0,000508
протекает 1,609438 0,000233
профессиональные 1,832581 0,000266
профессор 1,660731 0,000241
профсоюзы 3,912023 0,000567
проходят 0,941609 0,000273
процессам 3,912023 0,000567
процессами 2,302585 0,000334
прочее 0,653926 0,000095
прочие 1,203973 0,000175
прямоугольных 3,912023 0,000567
психиатрические 3,506558 0,000508
пункт 1,203973 0,000175
пункта 1,514128 0,000220
пунктов 0,653926 0,000664
пункты 0,616186 0,000715
пурдик 3,912023 0,000567
путеводителе 3,912023 0,000567
путеводитель 0,713350 0,000207
путешествие 1,897120 0,000550
пушкину 1,897120 0,000275
пущен 2,120264 0,000307
пышма 1,309333 0,000190
пьесе 2,995732 0,000434
пятерочка 1,832581 0,000266
пятидесятников 2,525729 0,000366
пятница 1,771957 0,000257
пятый 1,427116 0,000414
пять 1,108663 0,000322
пятью 2,407946 0,000349
работ 0,941609 0,000137
работает 0,755023 0,000547
работать 1,108663 0,000322
работах 2,120264 0,000307
работают 0,673345 0,000683
работающих 2,040221 0,000296
работу 0,693147 0,000302
работы 0,314711 0,000046
рабочие 1,832581 0,000266
рабочими 3,218876 0,000467
равнины 1,309333 0,000190
равны 2,995732 0,000434
радио 0,891598 0,000259
радиоканал 2,302585 0,000334
развивалась 1,966113 0,000285
развивался 2,040221 0,000296
развил 3,218876 0,000467
развитие 0,314711 0,000091
развития 0,287682 0,000125
развлекательный 2,659260 0,000386
разделами 0,891598 0,000129
разделе 0,776529 0,000113
разделением 2,995732 0,000434
различные 0,693147 0,000201
различных 0,385662 0,000112
разместилось 3,912023 0,000567
размещения 0,843970 0,000122
размышления 2,813411 0,000408
разнотравье 3,506558 0,000508
разным 1,609438 0,000233
разных 0,510826 0,000074
разобран 2,995732 0,000434
разработан 1,347074 0,000195
разработчики -0,009950 -0,000001
разрозненные 3,218876 0,000467
разрушено 2,525729 0,000366
разрушены 2,207275 0,000640
район 0,597837 0,000087
районам 0,820981 0,000357
районами 1,347074 0,000391
районе 0,527633 0,000077
районных 2,120264 0,000307
районов 0,562119 0,001060
районы 0,653926 0,000474
райцентров 0,941609 0,000137
ран 0,776529 0,000225
ранее 0,430783 0,000187
распада 1,714798 0,000249
располагает 1,609438 0,000233
располагаются 1,108663 0,000322
располагающий 3,506558 0,000508
расположен 0,733969 0,000532
расположена 0,916291 0,000133
расположение 1,139434 0,000165
расположенная 1,609438 0,000233
расположено 0,916291 0,000133
распространена 3,218876 0,000467
распространены 1,832581 0,000531
расселение 3,218876 0,000467
рассказ 2,659260 0,000386
расстояние 0,843970 0,000122
расстояния 1,832581 0,000266
растений 1,386294 0,000201
растительность 1,427116 0,001035
расформированный 3,506558 0,000508
расширение 0,527633 0,000153
расширяется 2,407946 0,000349
расширялся 3,506558 0,000508
ребрихинский 3,912023 0,000567
революции 0,693147 0,000402
революциинаселенные 2,120264 0,000307
ревякина 3,506558 0,001017
регион 1,021651 0,000148
региона 0,776529 0,000113
региональное 1,660731 0,000241
региональные 1,171183 0,000170
региональный 1,347074 0,000195
региональными 2,995732 0,000434
региональных 1,203973 0,000175
регионами 2,302585 0,000334
регионе 1,049822 0,000304
регнум 2,995732 0,000434
регулярно 1,272966 0,000185
регулярного 2,659260 0,000386
регулярные 1,514128 0,000220
ред 0,235722 0,000273
редакцией 1,832581 0,000531
резерва 1,714798 0,000249
результате 0,342490 0,000050
результатов 1,897120 0,000275
резьбой 3,218876 0,000467
рейсы 1,427116 0,000207
рейтинге 1,203973 0,000175
рек 0,820981 0,000357
река 0,733969 0,000639
реке 0,713350 0,000103
реки 0,462035 0,000670
рекомендации 0,843970 0,000122
реконструкции 0,967584 0,000140
реку 1,171183 0,000340
религий 2,302585 0,000334
религиозная 2,120264 0,000307
религиозных 1,469676 0,000426
религия 0,843970 0,000490
реликтовый 3,506558 0,000508
рельеф 0,941609 0,000683
рельефа 1,514128 0,000220
рен 1,660731 0,000241
репрессий 2,120264 0,000615
республик 1,609438 0,000233
республика 0,843970 0,000122
республикой 2,207275 0,000640
реставрации 2,525729 0,000366
ресторан 2,302585 0,000334
рестораны 2,120264 0,000615
ресурсов 0,798508 0,000116
ресурсы 0,020203 0,000003
ретрансляторы 3,912023 0,000567
речной 0,916291 0,000266
решение 0,755023 0,000109
риа 1,049822 0,000152
рисунку 3,218876 0,000467
родам 3,218876 0,000467
родившиеся 2,995732 0,000434
родившихся 2,407946 0,000349
родился 1,660731 0,000241
родильных 3,218876 0,000467
родина 1,560648 0,000226
родинский 3,912023 0,000567
родионов 3,912023 0,000567
рождение 2,207275 0,000320
розе 3,218876 0,000467
розничной 1,514128 0,000220
рок-музыканту 3,506558 0,000508
романовский 2,995732 0,000434
рос 2,407946 0,000349
роскартографии 3,912023 0,000567
росс 3,912023 0,000567
росси 3,506558 0,000508
россии 0,186330 0,000486
россиискрытые 2,813411 0,000408
российская 0,186330 0,000135
российские 0,994252 0,000288
российский 0,634878 0,001105
российских 0,733969 0,000106
российско-китайском 3,912023 0,000567
российско-украинской 1,108663 0,000161
российского 0,634878 0,000092
российской 0,385662 0,001454
россия 0,371064 0,000377
росспэн 0,994252 0,000144
росстат 0,776529 0,000225
рост 0,967584 0,000421
ростелеком 1,386294 0,000201
росы 3,218876 0,000934
рсфср 0,733969 0,000426
ртрс 1,514128 0,001537
рублей 0,755023 0,000328
рубцовск 1,347074 0,000781
рубцовска 3,912023 0,000567
рубцовске 3,912023 0,000567
рубцовский 3,912023 0,000567
рудному 3,912023 0,000567
руководством 0,941609 0,000137
рус 0,162519 0,001013
руслана 3,912023 0,000567
русло 1,897120 0,000275
русские 0,544727 0,000237
русский -0,009950 -0,000004
русского 0,494296 0,000143
русской 0,673345 0,000098
русском 1,049822 0,000152
русскому 1,966113 0,000285
рыбинск 1,203973 0,000175
рынки 2,995732 0,000434
рынок 1,021651 0,000741
рябина 3,218876 0,000467
ряд 0,385662 0,000056
рядом 0,733969 0,000319
рязань 1,049822 0,000152
садами 3,218876 0,000467
садоводов 3,912023 0,000567
садоводства 3,506558 0,000508
сайт 0,371064 0,001076
сайта 1,771957 0,000257
сайте 0,967584 0,000281
сайты 0,478036 0,000069
салехард 1,347074 0,000391
сама 1,469676 0,000213
самара 0,891598 0,000259
самая 0,798508 0,000116
сами 1,560648 0,000226
самое 0,994252 0,000288
самоуправления 0,994252 0,000288
самый 0,579818 0,000168
самых 0,544727 0,000079
санаторий 2,302585 0,000334
санкт-петербурга 1,514128 0,000220
санкт-петербургский 2,407946 0,000349
сарагоса 3,912023 0,000567
саратов 0,967584 0,000140
саяны 3,218876 0,000467
сборник 0,653926 0,000379
сборной 2,525729 0,000366
сброс 2,407946 0,000349
сброса 2,407946 0,000349
сбросов 3,218876 0,000467
свалок 2,659260 0,000386
свергнута 3,912023 0,000567
сверху 1,347074 0,000195
свечное 3,912023 0,000567
свидетелей 3,218876 0,000467
свобода 1,771957 0,000257
свободной -0,009950 -0,000001
свободный 2,407946 0,000698
свободы 1,714798 0,000249
свое 0,616186 0,000089
своей 0,776529 0,000113
своеобразным 2,995732 0,000434
своим 0,967584 0,000140
своих 0,776529 0,000113
свойствам 2,995732 0,000434
свяжитесь -0,009950 -0,000001
связан 1,171183 0,000170
связи 0,235722 0,000171
связывает 2,040221 0,000296
связь 0,616186 0,000179
святой 1,272966 0,000185
святых 1,427116 0,000207
священным 3,506558 0,000508
сдюшор 3,912023 0,000567
севера 0,941609 0,000137
севере 1,139434 0,000165
северного 1,021651 0,000148
северной 0,693147 0,000302
северо-востоке 2,120264 0,000307
северо-запада 2,302585 0,000334
северо-западная 3,218876 0,000467
северо-западном 2,040221 0,000296
северодвинск 1,171183 0,000170
сегодня 0,616186 0,000089
седьмого 1,609438 0,000233
сезон 1,347074 0,000195
сезона 1,609438 0,000233
сектора 1,832581 0,000266
секторе 1,771957 0,000257
селиярово 3,506558 0,000508
село 1,469676 0,000213
сельских 0,776529 0,001013
сельского 1,347074 0,000391
семействам 3,912023 0,000567
семипалатинск 3,506558 0,000508
семипалатинском 3,912023 0,000567
сент 0,843970 0,000122
сентября 0,072571 0,000295
сердце 2,302585 0,000334
серебристая 3,912023 0,000567
сереброплавильного 3,912023 0,001702
сереброплавильном 3,912023 0,000567
серебряная 2,302585 0,000334
серебряные 2,525729 0,000366
серебряных 2,525729 0,000366
серповидная 3,912023 0,000567
сетевые 1,832581 0,000266
сетей 1,272966 0,000185
сети 0,494296 0,000215
сетку 3,912023 0,000567
сеть 0,616186 0,000089
сетью 1,714798 0,000249
сетях 1,139434 0,000330
сиб 2,659260 0,000771
сибири 1,347074 0,002539
сибирская 1,832581 0,000266
сибирские 2,207275 0,000320
сибирский 1,469676 0,000426
сибирского 1,714798 0,000249
сибирское 1,832581 0,000266
сибирской 1,832581 0,000266
сибирь 1,469676 0,000426
сильный 2,302585 0,000334
символизирует 1,966113 0,000285
символы 1,386294 0,000402
симферополь 1,897120 0,000275
система 0,235722 0,000068
системеобсуждениевкладсоздать -0,009950 -0,000001
систему 0,673345 0,000098
сити-центр 3,506558 0,000508
сияния 2,407946 0,000349
сказка 2,120264 0,000922
скачать -0,009950 -0,000001
скверами 3,218876 0,000467
склоны 2,525729 0,000733
сколько 0,653926 0,000095
скорость 0,867501 0,000126
скубневский 3,912023 0,000567
скубневского 3,912023 0,001702
славгород 3,506558 0,000508
славгорода 3,912023 0,000567
славгороде 3,912023 0,000567
славы 1,078810 0,000156
слева 1,108663 0,000161
следующие 0,544727 0,000079
следующим 1,386294 0,000201
слов 1,560648 0,000453
слова 0,562119 0,000163
словари 0,116534 0,000017
словарь 0,274437 0,000040
слово 0,673345 0,000195
словоизменение 3,912023 0,000567
сложившиеся 3,218876 0,000467
сложившуюся 2,813411 0,000408
сложилась 1,832581 0,000266
сложности 1,347074 0,000195
сложным 0,867501 0,000126
служба 0,693147 0,000503
службы 0,798508 0,000116
служилые 2,995732 0,000434
служить 2,120264 0,000307
случаях -0,009950 -0,000001
смертин 3,912023 0,001135
смертину 3,912023 0,001135
смещение 0,798508 0,000116
сми 0,867501 0,000377
смоленский 2,995732 0,000434
смыву 3,506558 0,000508
снежная 2,207275 0,000320
снесенного 2,995732 0,000434
снесенный 3,912023 0,000567
снижения 1,714798 0,000249
сносок 0,843970 0,000122
собой 0,328504 0,000048
соболев 3,218876 0,000467
собор 0,755023 0,000219
соборе 2,207275 0,000320
соборная 1,272966 0,000185
соборов 2,995732 0,000434
собрал 2,407946 0,000349
собрание 0,941609 0,000137
собственного 1,427116 0,000207
собственных 1,771957 0,000257
события 1,108663 0,000161
событияпожертвовать -0,009950 -0,000001
совершенное 3,218876 0,000467
совета 0,798508 0,000463
советов 0,820981 0,000119
советом 1,897120 0,000275
советская 0,371064 0,000054
советский 0,755023 0,000109
советского 0,776529 0,000113
советское 0,994252 0,000144
совокупному 2,407946 0,000349
современная 1,108663 0,000161
современного 0,653926 0,000190
современной 0,579818 0,000168
согласия 2,302585 0,000334
содержание 0,010050 0,000001
содовое 3,912023 0,000567
соединила 2,813411 0,000408
создает 1,832581 0,000266
создана 0,891598 0,000129
созданный 1,560648 0,000453
созданы 1,078810 0,000156
сознания 2,120264 0,000307
солнечная 2,120264 0,000307
солнечного 1,714798 0,000249
солнечный 0,843970 0,000245
солонешенский 3,912023 0,000567
солтонский 3,912023 0,000567
сообщение 1,049822 0,000152
сообщениями 2,525729 0,000366
сообщить -0,009950 -0,000001
сооружения 0,941609 0,000137
соответственно 1,021651 0,000296
соответствии 0,446287 0,000065
соревнований 1,771957 0,000257
соседними 2,659260 0,000386
сословие 3,506558 0,000508
сост 0,597837 0,000087
состав 0,400478 0,000290
составе 0,616186 0,000089
составил 0,916291 0,000266
составитель 2,407946 0,000349
составлен 1,771957 0,000257
составляет 0,314711 0,000411
составляли 1,660731 0,000241
составляло 1,347074 0,000195
составляют 0,798508 0,000116
состоит 0,755023 0,000328
состоян 0,000000 0,000000
состояние 0,733969 0,000213
состоянием 2,302585 0,000668
сосудистых 2,813411 0,000408
сотню 3,218876 0,000934
сотовой 1,469676 0,000213
сотрудничестве 1,771957 0,000257
сотрудничество 1,660731 0,000241
сохранением -0,009950 -0,000001
сохранившихся 2,207275 0,000320
сохранился 2,207275 0,000320
социально-экономического 1,237874 0,000180
социальные 1,660731 0,000241
социальный 2,120264 0,000307
социальных 0,941609 0,000137
союза 0,733969 0,000319
спас 1,897120 0,000275
спб 0,385662 0,000056
специализированных 1,514128 0,000220
специалистов 1,078810 0,000313
специальным 2,120264 0,000307
специфика 2,995732 0,000434
спискам 2,525729 0,000366
список 0,248461 0,000072
спорт 0,776529 0,000338
спорта 0,916291 0,000266
спортзалы 3,912023 0,000567
спортивная 2,040221 0,000296
спортивные 1,078810 0,000156
спортивный 1,514128 0,000220
спорту 1,897120 0,000275
способствует 1,609438 0,000233
справа 1,714798 0,000249
справочник 0,916291 0,000133
спутник 2,207275 0,000640
сразу 0,994252 0,000144
среди 0,198451 0,000201
среднегодовое 1,897120 0,000275
среднегодовой 2,120264 0,000307
среднее 1,272966 0,000185
средней 0,867501 0,000252
среднем 0,693147 0,000101
средние 0,941609 0,000137
средний 0,494296 0,000215
средним 1,832581 0,000531
средних 1,078810 0,000156
средняя 0,510826 0,000296
средсиб 3,912023 0,000567
средств 0,597837 0,000087
средства 0,415515 0,000181
среды 0,755023 0,000109
сроком 1,966113 0,000570
српски 0,000000 0,000000
српскохрватски 0,000000 0,000000
сср 0,820981 0,000238
ссср 0,314711 0,000365
ссылка 0,274437 0,000119
ссылками 0,186330 0,000081
ссылкасведения -0,009950 -0,000001
ссылки -0,009950 -0,000012
ссылкойвикипедия 1,660731 0,000241
ссылок 0,693147 0,000201
ста 2,040221 0,000296
стабилизирующего 3,912023 0,000567
стабильная 0,994252 0,000144
стадионы 1,714798 0,000249
стал 0,314711 0,000091
стала 0,462035 0,000067
стали 0,430783 0,000062
стало 0,494296 0,000143
станкостроительного 3,912023 0,000567
станкостроительном 3,912023 0,000567
становится 0,527633 0,000077
станции 0,693147 0,000101
станция 0,798508 0,000347
старая 0,430783 0,000062
старейший 1,609438 0,000233
старейших 1,309333 0,000380
старообрядец 3,218876 0,001867
старообрядцы 2,813411 0,000408
старообрядческая 1,560648 0,000453
старообрядческие 2,659260 0,000386
старообрядческой 2,407946 0,001746
старухин 3,912023 0,000567
старцев 3,218876 0,000467
старцова 3,912023 0,000567
старый 1,049822 0,000152
статистика -0,009950 -0,000003
статистике 0,916291 0,000133
статистики 0,713350 0,000517
статистический 0,755023 0,001752
статистическое 0,994252 0,000144
статус 0,510826 0,000370
статуса 1,309333 0,000380
статусе 1,560648 0,000226
статусом 1,171183 0,000170
статьестатьи 0,843970 0,000245
статьи 0,072571 0,000126
статьивикипедия 2,813411 0,000408
статьислучайная -0,009950 -0,000001
статьисообществофорумсправкасвежие -0,009950 -0,000001
статью 0,616186 0,000089
статья 0,105361 0,000153
статьяобсуждение -0,009950 -0,000001
статьятекущие -0,009950 -0,000001
стационарной 1,832581 0,000531
стационарных 1,660731 0,000241
стела 1,469676 0,000213
стенах 2,407946 0,000349
степными 2,813411 0,000408
степных 2,813411 0,000408
стиле 0,994252 0,000288
стоит 1,237874 0,000359
стойбище 3,912023 0,000567
стока 1,897120 0,000550
стоками 2,525729 0,000366
столица 0,967584 0,000140
столицы 1,049822 0,000152
столовые 2,995732 0,000434
стоматологическими 3,912023 0,000567
стоматологических 2,302585 0,000334
стороны 0,430783 0,000062
сточных 1,714798 0,000249
стоянок 3,218876 0,000467
страна 0,462035 0,000201
стране 0,867501 0,000126
страница -0,009950 -0,000001
страницасодержаниеизбранные -0,009950 -0,000001
страницецитировать -0,009950 -0,000001
страницуполучить -0,009950 -0,000001
страницы -0,009950 -0,000009
страницыслужебные -0,009950 -0,000001
страны 0,634878 0,000368
стрежевой 3,218876 0,000467
строился 2,407946 0,000349
строители 2,659260 0,000386
строительные 1,966113 0,000285
строительство 0,510826 0,000222
строительством 1,714798 0,000249
строят 2,525729 0,000366
структурами 3,218876 0,000467
структуре 1,272966 0,000185
стс 1,714798 0,000249
ступино 1,347074 0,000195
суббота 2,120264 0,000307
субъект 0,820981 0,000119
субъектов 0,755023 0,000328
суд 1,469676 0,000213
суетский 3,912023 0,000567
сулима 3,912023 0,001135
суммарная 2,302585 0,000334
суперлига 2,120264 0,000307
супермаркеты 2,659260 0,000771
сургут 2,407946 0,000349
сутки 1,771957 0,000257
суточный 0,820981 0,000238
суффозионным 3,912023 0,000567
сухой 1,966113 0,000285
существенное 2,207275 0,000320
существовала 1,386294 0,000201
существование 1,049822 0,000152
существует 0,446287 0,000324
существуют 0,162519 0,000047
сфера 1,347074 0,000586
сфере 0,967584 0,000140
считается 0,693147 0,000201
считался 2,813411 0,000408
считать 0,994252 0,000144
сша 0,562119 0,000082
сызрань 1,237874 0,000180
сыроделия 3,912023 0,000567
сюдасвязанные -0,009950 -0,000001
табл 0,867501 0,000126
таблица 0,653926 0,000379
таблицы 2,040221 0,000296
табличной 1,309333 0,000190
табунский 3,912023 0,000567
тагил 1,272966 0,000185
также 0,000000 0,000000
такие 0,261365 0,000038
таким 0,527633 0,000153
таких 0,510826 0,000074
таков 3,218876 0,000467
такси 1,021651 0,000148
тальменский 3,912023 0,000567
тамара 2,407946 0,000349
танк 2,407946 0,000349
тараданово 3,506558 0,000508
тарашкев 0,000000 0,000000
татарча 0,000000 0,000000
татары 0,798508 0,000116
твк 2,040221 0,000296
твоем 3,218876 0,000467
твц 2,525729 0,000366
театр 0,713350 0,000621
театра 1,021651 0,000148
театральная 2,207275 0,000320
театральный 1,660731 0,000241
театров 1,203973 0,000175
театры 0,941609 0,000273
текст -0,009950 -0,000001
тексты 2,120264 0,000307
текущем 0,544727 0,000079
телебашне 3,912023 0,000567
телевещание 1,966113 0,000285
телевидение 0,967584 0,000702
телевизионная 1,714798 0,000249
телевизионное 2,302585 0,000334
телевизионному 3,912023 0,000567
телевизионный 2,040221 0,000592
телеканал 1,309333 0,000570
телеканалов 1,386294 0,000804
телеком 2,302585 0,000334
телепарк 3,912023 0,001135
телерадиовещание 3,506558 0,000508
телеутские 3,912023 0,000567
телеутского 3,912023 0,000567
телефонизации 3,912023 0,000567
телефонной 1,714798 0,000249
телефонный 0,776529 0,000113
тематические 0,510826 0,000074
темах 2,040221 0,000296
температура 0,562119 0,000163
теплого 2,207275 0,000320
теплое 1,832581 0,000266
теплый 1,609438 0,000700
термин 1,049822 0,000152
термина 0,400478 0,000058
террасированная 3,912023 0,000567
террасы 2,525729 0,000366
территориальных 0,776529 0,000450
территории 0,400478 0,000290
территория 0,755023 0,000109
территориям 2,525729 0,000366
территориях 0,916291 0,000133
техникумов 2,407946 0,000349
техническая 1,714798 0,000249
технический 1,021651 0,000444
технического 1,514128 0,000220
технологии 0,798508 0,000116
технологий 0,653926 0,000095
технополис 3,506558 0,000508
течении 1,660731 0,000241
тил 3,912023 0,000567
тип 0,356675 0,000155
типа 0,462035 0,000268
типами 2,659260 0,000386
типичная 2,813411 0,000408
типо-литографии 3,912023 0,000567
типография 1,203973 0,000175
тиражу 2,525729 0,000366
тиры 3,912023 0,000567
тискино 3,506558 0,000508
титова 2,995732 0,000434
тихвинской 3,218876 0,000467
тихонович 3,912023 0,000567
тишкина 3,912023 0,001135
тнт 1,714798 0,000249
товарный -0,009950 -0,000001
товаров 1,049822 0,000152
тогульский 3,912023 0,000567
той 1,049822 0,000152
толк 3,912023 0,000567
толком 3,912023 0,000567
толстого 1,714798 0,000497
томах 1,832581 0,000266
томск 1,108663 0,000161
томская 2,407946 0,000349
томский 3,218876 0,000467
томского 2,207275 0,000320
томской 2,659260 0,000386
тому 1,108663 0,000161
тонн 1,108663 0,000161
тополем 3,912023 0,000567
тополь 2,659260 0,000386
топонимики 2,995732 0,000434
топонимия 2,995732 0,000434
топчихинский 3,912023 0,000567
торговли 0,867501 0,000503
торговля 1,021651 0,000296
торгово-развлекательные 2,659260 0,000386
торгового 1,832581 0,000266
торговых 1,108663 0,000161
торжественно 1,660731 0,000241
точек 2,120264 0,000307
точечная 2,995732 0,000434
точка 1,309333 0,000190
точку 2,407946 0,000349
траве 2,407946 0,000349
травмпункты 3,912023 0,000567
традициях 2,407946 0,000349
тракт 2,040221 0,001183
тракта 2,407946 0,000349
трамваи 1,897120 0,000275
трамвай 0,967584 0,000281
трамваями 2,207275 0,000320
трансляция 2,525729 0,000366
транспорт 0,693147 0,000402
транспортный 1,171183 0,000340
транспортных 0,891598 0,000129
трасса 1,427116 0,000207
третьяковский 3,912023 0,000567
троица 2,995732 0,000434
троицкий 1,560648 0,000226
троллейбус 0,994252 0,000433
троллейбусами 1,897120 0,000275
троллейбусное 2,302585 0,000334
трудов 1,966113 0,000285
трудовой 1,237874 0,001257
трудоспособного 1,771957 0,000257
труды 1,469676 0,000213
трц 1,660731 0,000722
ттк 2,525729 0,000733
тужилин 3,912023 0,000567
тундрино 3,506558 0,000508
турксиб 3,506558 0,000508
тыва 2,995732 0,000434
тыс 0,430783 0,000437
тысяч 0,415515 0,000241
тысячи 0,597837 0,000087
тысячной 3,912023 0,000567
тэц 1,272966 0,000185
тюменцевский 3,912023 0,000567
тюмень 1,171183 0,000170
тюркские 2,813411 0,000408
тянется 2,659260 0,000386
тянущийся 3,912023 0,000567
увд 3,506558 0,000508
увенчан 2,040221 0,000296
увидеть 1,714798 0,000249
угловский 3,912023 0,000567
удалена 0,941609 0,000137
ударение 3,218876 0,000467
удовлетворительным 3,912023 0,000567
удостоен 2,302585 0,000334
узел 0,891598 0,000259
узколистный 3,506558 0,000508
указ 0,941609 0,000137
указан 0,139262 0,000020
указана 1,427116 0,000207
указанием -0,009950 -0,000001
указом 0,941609 0,000137
украинцы 0,891598 0,000259
украины 0,616186 0,000179
украшенные 3,912023 0,000567
улан-удэ 1,237874 0,000180
улиц 0,891598 0,000517
улица 0,994252 0,000144
улицах 1,660731 0,000241
улице 0,916291 0,000664
улицу 1,966113 0,000285
улицы 0,843970 0,000367
улучшения 1,966113 0,000285
уль 3,506558 0,000508
ульпан 3,912023 0,000567
ульяновск 1,078810 0,000156
уманский 3,912023 0,001135
умеренно 1,021651 0,000148
умеренно-суровая 3,912023 0,000567
умерших 1,832581 0,000266
ун-та 2,120264 0,000922
универмаг 2,995732 0,000434
универсальная 0,891598 0,000129
университет 0,562119 0,000897
университета 0,446287 0,000194
уникальный 1,560648 0,000226
уничтожены 2,302585 0,000334
упоминание 1,237874 0,000180
управа 2,813411 0,000408
управление 0,527633 0,000153
управления 0,415515 0,000060
упразднены 2,659260 0,000386
урала 1,609438 0,000233
уралом 1,609438 0,000467
урбанофлора 3,912023 0,000567
уровень 0,579818 0,000168
уровнем 0,798508 0,000116
урожайный 3,912023 0,001135
усадьбы 2,302585 0,000334
условий -0,009950 -0,000003
условия -0,009950 -0,000003
условно 2,040221 0,000296
услуг 0,967584 0,000702
услуги 0,994252 0,000288
устав 0,941609 0,000137
установлен 0,941609 0,000546
установлена 1,237874 0,000180
установления 1,832581 0,000266
установлены 1,560648 0,000226
устаревшие 2,995732 0,000434
устремились 3,912023 0,000567
устройстве 1,171183 0,000679
усть-барнаульскую 3,912023 0,000567
усть-войкары 3,506558 0,000508
усть-калманский 3,912023 0,000567
усть-каменогорск 2,995732 0,000869
усть-пристанский 3,912023 0,000567
усть-чарышская 3,506558 0,000508
усть-чая 3,506558 0,000508
устью 1,078810 0,000156
устья 1,171183 0,000340
утвердивший 3,912023 0,000567
утвержден 1,171183 0,000170
утверждении 1,427116 0,000207
уточнивший 3,912023 0,000567
уфа 0,967584 0,000140
уфсин 3,218876 0,000467
участие -0,009950 -0,000001
участника 2,813411 0,000408
участники 1,771957 0,000257
учениками 3,506558 0,000508
учетную -0,009950 -0,000001
учетом 0,755023 0,000219
училище 1,021651 0,000444
учреждений 0,891598 0,000129
учреждения 0,843970 0,000122
учреждениях 2,040221 0,000296
фабрик 2,407946 0,000349
фабрика 1,272966 0,000185
файле 2,120264 0,000307
факты 1,108663 0,000322
фгуп 1,771957 0,000257
февр 0,820981 0,000119
февраля 0,051293 0,000253
федеральная 0,713350 0,000621
федерального 0,673345 0,000098
федеральной 0,891598 0,000129
федеральные 1,272966 0,000185
федеральный 0,653926 0,000095
федеральных 0,776529 0,000676
федерации 0,544727 0,001896
федорович 1,771957 0,000257
физико-географическая 0,843970 0,000245
филармонии 1,469676 0,000852
филармония 1,237874 0,000180
филателии 1,609438 0,000233
филиал 0,798508 0,000232
филиалов 1,347074 0,000195
филиалом 2,040221 0,000296
филиалы 1,347074 0,000586
финансового 1,897120 0,000275
финансы 0,798508 0,000116
фирмы 2,120264 0,000307
флаг 0,673345 0,000391
флага 1,832581 0,000266
флаге 2,207275 0,000320
флагстафф 3,912023 0,000567
фона 3,218876 0,000467
фонд -0,009950 -0,000003
фонтана 2,813411 0,000408
форм 1,347074 0,000195
форма 1,514128 0,000220
формате 1,427116 0,000414
формировавшие 3,912023 0,000567
формула 2,525729 0,000366
франк 3,218876 0,000934
фролов 2,813411 0,000408
функционируют 1,427116 0,000207
футболисты 3,506558 0,000508
футболом 3,506558 0,000508
футболу 1,560648 0,000453
футбольный 1,203973 0,000175
хабарский 3,912023 0,000567
ханства 2,207275 0,000320
ханты-мансийск 1,347074 0,000195
характеризуется 0,941609 0,000137
характеристика 0,713350 0,000207
характерна 1,966113 0,000285
харькова 3,506558 0,000508
хашгорт 3,506558 0,000508
хватает 0,843970 0,000122
химического 2,525729 0,000366
химической 1,560648 0,000226
хирургии 2,525729 0,000366
ходе 0,562119 0,000082
хозяин 2,995732 0,000434
хозяйства 0,755023 0,000219
хозяйственного 3,506558 0,000508
хозяйство 0,713350 0,000310
хоккейный 1,660731 0,000722
хоккею 1,347074 0,000195
холодный 1,771957 0,000514
хорошего 3,506558 0,000508
хорошее 3,218876 0,000467
храм 0,843970 0,000490
храм-часовню 3,912023 0,000567
храма 1,272966 0,000554
храме 2,525729 0,000366
храмов 1,386294 0,000603
храмы 1,049822 0,000457
хранящий 3,506558 0,000508
христа 1,966113 0,000285
христиан-баптистов 1,771957 0,000257
христова 1,966113 0,000285
хронограф 2,813411 0,000816
хронология 1,771957 0,000514
художественный 1,171183 0,000170
художественных 2,120264 0,000307
художника 1,771957 0,000257
художников 1,609438 0,000233
цвет 1,771957 0,000257
цветная 2,659260 0,000386
цейсс 3,912023 0,000567
целинный 3,912023 0,000567
центр 0,400478 0,000639
центра 0,562119 0,000245
центральной 0,843970 0,000245
центральный 0,673345 0,000586
центрами 1,469676 0,000213
центрах 2,407946 0,000349
центре 0,673345 0,000195
центров 0,776529 0,000113
центром 0,713350 0,000414
центру 1,966113 0,000285
центры 0,713350 0,000103
церквей 1,560648 0,000226
церкви 0,916291 0,000664
церквях 3,506558 0,000508
цифровое 1,514128 0,001098
цифровые 0,673345 0,000098
цифровых 1,771957 0,000257
цою 3,912023 0,001135
цсу 2,659260 0,000386
чайка 1,966113 0,000570
чанцзи 3,912023 0,000567
чарышский 3,912023 0,000567
часов 1,078810 0,000156
часовен 2,407946 0,000349
часовой 0,755023 0,000438
части 0,198451 0,000288
частично 0,653926 0,000190
частного 2,207275 0,000320
частные 1,514128 0,000220
частный 1,832581 0,000266
частными 2,120264 0,000307
частота 1,660731 0,000722
часть 0,105361 0,000076
частях 1,609438 0,000233
чебоксары 1,171183 0,000170
чел 0,713350 0,000517
человек 0,400478 0,000755
человека 0,579818 0,000084
челябинск 0,994252 0,000144
червлеными 2,813411 0,000408
черемухой 3,912023 0,000567
черемушки 2,302585 0,000668
черницк 3,912023 0,000567
черный 1,386294 0,000201
чертежах 3,912023 0,000567
черту 1,714798 0,000249
честь 0,562119 0,000082
чингис 3,506558 0,000508
числа 0,891598 0,000129
числе 0,248461 0,000144
численности 0,653926 0,000664
численность 0,653926 0,002845
численностью 1,049822 0,000152
число 0,478036 0,000139
чистые 2,659260 0,000771
чита 1,237874 0,000180
читатьтекущая 1,237874 0,000180
чуйский 3,506558 0,000508
чурилов 3,912023 0,000567
чутчев 3,912023 0,000567
шапша 3,506558 0,000508
швейная 2,525729 0,000366
шелаболихинский 3,912023 0,000567
шелегина 3,912023 0,000567
шеркалы 3,506558 0,000508
шинный 2,659260 0,000771
шиповника 3,506558 0,000508
шипуновский 3,912023 0,000567
широте 2,207275 0,000320
шишкова 3,506558 0,000508
школ 0,994252 0,000144
школа 0,891598 0,000517
школа-учебный 3,912023 0,000567
школе 2,040221 0,000296
школы 0,673345 0,000195
шмидта 2,407946 0,000698
шоссе 1,427116 0,000207
шпилем 3,506558 0,000508
шубное 3,912023 0,000567
шукшина 3,912023 0,000567
шукшину 3,912023 0,001135
шурышкары 3,506558 0,000508
щит 1,609438 0,000467
щитодержатели 2,659260 0,000386
эдельвейс 3,912023 0,000567
эдмонтон 3,912023 0,000567
экз 0,415515 0,000060
эклектика 3,218876 0,000467
экологический 1,832581 0,000531
экологическим 2,525729 0,000733
экологических 2,207275 0,000320
экологическое 1,771957 0,000514
экологической 1,560648 0,000453
экология 0,693147 0,000302
экономика 0,510826 0,000370
экономики 0,713350 0,000103
экспедиции 1,771957 0,000257
экспозиций 3,218876 0,000467
экспозициями 3,912023 0,000567
экспорт -0,009950 -0,000001
экспресс 2,207275 0,000320
электроники 2,407946 0,000349
электронная 1,237874 0,000180
эльдорадо 1,966113 0,000285
энфорта 2,813411 0,000408
энциклопедии -0,009950 -0,000003
энциклопедия 0,210721 0,000183
эр-телеком 1,897120 0,000275
эрзянь 0,000000 0,000000
эрозионными 3,912023 0,000567
эстрады 2,659260 0,000386
эта 0,000000 0,000000
этажерка 3,912023 0,000567
этимология 0,616186 0,000268
этих 0,400478 0,000058
этнографии 2,207275 0,000320
это 0,000000 0,000000
этому 0,755023 0,000109
эфир 1,897120 0,000275
эфирное 1,714798 0,000995
эффективности 1,609438 0,000233
юбилейный 0,820981 0,000476
юге 1,078810 0,000313
юго-восток 2,120264 0,000307
юго-запад 2,659260 0,000386
юго-западе 2,302585 0,000334
юго-западных 2,995732 0,000434
юдалевич 3,912023 0,001135
юдалевича 3,912023 0,000567
южного 1,139434 0,000165
южной 0,733969 0,000426
южный 0,755023 0,000219
южных 1,897120 0,000275
южсиб 3,912023 0,000567
юность 1,771957 0,000257
юридический 1,714798 0,000249
юрий 1,203973 0,000175
юрина 3,912023 0,000567
яблоня 3,506558 0,000508
является 0,094311 0,000109
являются 0,248461 0,000072
являющемся 3,912023 0,000567
являющихся 2,120264 0,000307
ягодное 3,912023 0,000567
язык 0,116534 0,000034
языка 0,798508 0,000232
языках -0,009950 -0,000003
языковых 2,659260 0,000386
якутск 1,203973 0,000175
яма 2,995732 0,000434
янв 0,820981 0,000119
январь 0,941609 0,000137
января 0,116534 0,000473
янтарный 3,218876 0,000467
ярмарки 2,302585 0,000334
яровое 3,912023 0,000567
ярославль 1,078810 0,000156
ярче 3,218876 0,000467
ясенелистный 3,218876 0,000467
ясных 2,995732 0,000434
