абсолютный 0,616186 0,000239
авангард 1,660731 0,000215
авг 0,820981 0,000531
август 0,072571 0,000216
авиадиспетчер 3,912023 0,000506
авиакомпания 1,771957 0,000229
авиаперевозки 2,995732 0,000387
авиаремонтный 3,218876 0,000416
авиационный 1,386294 0,000538
авиация 1,237874 0,000160
австрийский 3,218876 0,000832
авт 1,469676 0,000570
автобус 0,820981 0,000212
автобусный 1,021651 0,000264
автовокзал 1,078810 0,000279
автодорога 0,891598 0,000231
автокинотеатром 3,912023 0,000506
автомобиль 1,108663 0,000143
автомобильный 0,713350 0,000461
автономный 0,867501 0,000561
автоперевозка 3,912023 0,000506
автор 0,462035 0,000060
авторитетный 0,891598 0,000115
авторство -0,009950 -0,000001
автотрасса 2,525729 0,000326
агеева 1,469676 0,000190
агломерация 0,798508 0,000413
агроэкономики 3,912023 0,000506
адвентист 1,560648 0,000403
административно-территориальное 0,820981 0,000424
административно-территориальную 3,218876 0,000416
административный 0,597837 0,001082
администрация 0,755023 0,000781
адрес 1,078810 0,000139
азар 3,912023 0,000506
азиатский 1,609438 0,000208
азия 0,755023 0,000098
айгунский 3,506558 0,000453
айгунского 3,912023 0,000506
айгунь 3,912023 0,000506
академия 0,544727 0,000563
акцент 2,040221 0,000264
акция 1,660731 0,000215
александр 0,462035 0,000358
алексея 1,514128 0,000196
аллея 1,347074 0,000348
алмазный 2,813411 0,000364
алфавитувикипедия 0,776529 0,000100
алфавитунаселенные 0,867501 0,000112
аль-фуркан 3,912023 0,000506
амазар 3,506558 0,000453
амгунь 3,506558 0,000453
американец 1,771957 0,000229
американский 0,994252 0,000386
амур 2,525729 0,011427
амурегорода 3,912023 0,000506
амурегородские 3,912023 0,000506
амурзет 3,506558 0,000453
амурск 3,506558 0,000907
амурский 1,966113 0,004829
амурхэ 3,506558 0,000453
анапа 1,966113 0,000254
англ 0,174353 0,000023
андрей 0,967584 0,000125
аннексия 0,941609 0,000122
антициклон 2,407946 0,000311
античный 2,207275 0,000285
анюй 3,218876 0,000416
апр 0,798508 0,000516
апрель 0,150823 0,000273
аргумент 1,108663 0,000287
аргунь 3,506558 0,000453
арен 1,237874 0,000480
арена 2,120264 0,000274
аренда 1,832581 0,000474
аризона 3,912023 0,000506
аристов 3,912023 0,000506
аркадием 3,912023 0,000506
аркадия 1,832581 0,000237
арктел 3,912023 0,000506
арм 3,912023 0,000506
армия 0,916291 0,000711
арт-холдинг 3,912023 0,000506
артель 2,995732 0,000774
артиллерийский 1,609438 0,000416
арх 0,544727 0,000141
архангельск 1,771957 0,000229
археолог 2,040221 0,000264
археологический 1,309333 0,000169
археология 1,171183 0,000151
архив 0,446287 0,000173
архивировать 0,020203 0,000277
архивный 0,248461 0,000064
архитектура 0,462035 0,000060
ассоциация 1,309333 0,000169
аст 0,820981 0,000106
астрель 1,049822 0,000136
атаман 1,966113 0,001017
атлас 1,108663 0,000287
атмосфера 0,994252 0,000129
атриум-партнер 3,912023 0,000506
аудиозапись 2,995732 0,000387
аудиостатей 3,218876 0,000416
аэродром 1,237874 0,000480
аэропорт 0,776529 0,000402
аяно-майский 3,912023 0,000506
багаж 3,218876 0,000416
баз 0,371064 0,000192
базирование 2,995732 0,000387
байкало-амурской 3,506558 0,000453
банк 0,693147 0,000090
банкнот 2,659260 0,000688
баптист 2,207275 0,000285
батальон 2,040221 0,001582
баш 3,506558 0,000453
безвозмездный 3,218876 0,000416
безопасность 0,916291 0,000118
беларусь 1,237874 0,000160
белгород 2,302585 0,000298
белогвардейский 2,813411 0,000364
белоглазов 3,912023 0,000506
белый 0,867501 0,000224
бенедикта 3,912023 0,000506
берег 0,478036 0,000618
береговой 1,469676 0,000190
березовка 2,659260 0,001031
бесплатно 2,207275 0,000285
бессарабский 3,912023 0,000506
библейский 3,218876 0,000416
библиогр 2,995732 0,000387
библиографический 0,083382 0,000011
библиотека 0,328504 0,000297
бизнес 0,820981 0,000424
бикин 3,506558 0,000453
бикинский 3,912023 0,000506
билайн 1,272966 0,000329
бира 3,506558 0,000453
биробиджан 3,506558 0,000453
благовещ 3,506558 0,000453
благовещенск 2,995732 0,001936
благодаря 0,527633 0,000205
благоприятный 1,660731 0,000215
благоустроить 1,560648 0,001009
близ 1,237874 0,000160
близкий 0,820981 0,000106
блюхера 2,659260 0,000344
богородица 1,272966 0,000165
богородское 3,218876 0,000416
бодиско 3,912023 0,002023
бой 1,237874 0,000480
боль 3,912023 0,001011
большевик 1,347074 0,000174
большинство 0,342490 0,000044
большой 0,040822 0,000053
британский 1,469676 0,000190
брокгауза 0,328504 0,000085
бронзовый 1,386294 0,000179
брянск 2,207275 0,000285
буддийский 2,120264 0,000548
букер 3,912023 0,000506
булава 3,506558 0,000453
бульвар 1,237874 0,000320
буреть 3,506558 0,000453
бурилова 3,912023 0,001517
буря 2,407946 0,000311
буссе 3,506558 0,000453
бывш 2,525729 0,000326
быстро 0,967584 0,000125
быть -0,009950 -0,000012
вагонный 2,813411 0,000364
валентина 2,302585 0,000298
ванинский 3,912023 0,000506
вариант 0,634878 0,000082
василевский 3,506558 0,000453
василий 1,078810 0,000139
васильевич 1,609438 0,000416
васильевича 2,813411 0,000727
вблизи 1,139434 0,000295
введение 1,078810 0,000279
вверх 1,832581 0,000237
ввести 0,634878 0,000082
ввц 3,912023 0,000506
вдоль 0,755023 0,000195
ведение 1,427116 0,000369
ведомость 0,994252 0,000257
вежновец 3,912023 0,000506
век 0,248461 0,000128
векерайонные 3,218876 0,000416
великий 0,356675 0,000277
величина 1,108663 0,000143
венгерский 2,525729 0,000653
вернуться 1,171183 0,000151
вероисповедание 2,407946 0,000311
версия -0,009950 -0,000004
верхнебуреинский 3,912023 0,000506
верховный 1,108663 0,000143
вес 1,560648 0,000202
весна 0,713350 0,000184
вести 0,356675 0,000092
вестник 1,049822 0,000136
весь 0,301105 0,000117
ветер 0,713350 0,000092
вечер 1,966113 0,000254
взамен 1,832581 0,000237
взгляд 1,309333 0,000169
вид 0,061875 0,000064
видный 1,660731 0,000215
визит 1,897120 0,000245
викигид 1,660731 0,000215
викигиде 0,776529 0,000301
викиданные 0,776529 0,000201
викиданных -0,009950 -0,000001
викиданныхвикипедия 0,891598 0,000115
викимапиипро 1,427116 0,000184
викимедиа -0,009950 -0,000001
википедии -0,009950 -0,000003
википедия -0,009950 -0,000014
викискладвикиновостивикицитатниквикигидэлемент 1,272966 0,000165
викискладвикипедия 1,469676 0,000190
викискладе 0,174353 0,000023
викискладепутеводитель 0,713350 0,000092
викицитатник 1,272966 0,000165
викицитатникемедиафайлы 1,469676 0,000190
викторина 2,995732 0,000387
виктория 2,659260 0,001031
виктором 3,912023 0,000506
виллиндж 3,912023 0,000506
вклад 0,994252 0,000129
включать 0,235722 0,000061
включение 1,108663 0,000287
владение 0,916291 0,000355
владивосток 1,897120 0,001471
владивостока 2,525729 0,001306
владивостоке 3,218876 0,000416
владивостоком 3,218876 0,000416
владивостокский 3,506558 0,000453
владикавказ 2,120264 0,000274
владимир 0,653926 0,000169
владимировка 3,218876 0,000416
влажность 1,108663 0,000143
влажный 1,427116 0,000184
власть 0,544727 0,001197
влиться 3,912023 0,000506
влксм 2,302585 0,000298
вмо 2,995732 0,000774
внеклассный 3,912023 0,001011
внешнеэкономический 2,525729 0,000326
внешний 0,051293 0,000013
вниз 1,171183 0,000151
вновь 0,755023 0,000098
внутренний 0,314711 0,000081
внутригородской 0,867501 0,000561
водный 0,562119 0,000218
военачальник 2,302585 0,000298
военно-исторический 1,832581 0,000474
военное 0,916291 0,000829
военнопленный 2,525729 0,000979
военнослужащий 2,525729 0,000326
военный 0,494296 0,000575
возвысить 2,207275 0,000285
возглавлять 1,203973 0,000467
воздвигнуть 2,407946 0,000311
воздействие 1,021651 0,000132
воздух 0,616186 0,000159
воздушный 0,798508 0,000206
вознесенское 3,218876 0,000416
возникновение 0,941609 0,000122
воин 1,714798 0,000222
воинский 1,469676 0,001710
война 0,430783 0,000835
войско 0,798508 0,000516
войсковой 2,302585 0,000298
войти 0,634878 0,000328
вокзал 0,755023 0,000390
вокзальный 2,659260 0,000344
волейбол 1,469676 0,000380
волоколамск 2,813411 0,000364
волочаевка 3,912023 0,000506
волочаевский 3,506558 0,000453
волшебный 0,030459 0,000004
вопрос 0,371064 0,000048
воронеж 1,203973 0,000156
восемь 1,469676 0,000190
воспитание 2,120264 0,000274
воссоздание 2,525729 0,000326
воссоздать 1,897120 0,000490
восстание 1,237874 0,000480
восстановить 0,967584 0,000375
восстать 2,525729 0,000326
восток 0,494296 0,001789
востоктелеком 3,912023 0,001011
восточно-сибирского 2,659260 0,000688
восточно-сибирское 2,407946 0,000311
восточный 0,430783 0,000390
востриков 3,912023 0,000506
впадение 1,139434 0,000147
впервые 0,385662 0,000050
впо 2,525729 0,001306
впоследствии 0,653926 0,000254
впп 2,995732 0,000387
временно 1,309333 0,000169
временной 0,967584 0,000125
время 0,020203 0,000044
врублевский 3,912023 0,000506
все 0,040822 0,000005
всемирный 0,891598 0,000231
всеобщий 1,237874 0,000320
всероссийский 0,634878 0,000328
всесоюзный 0,776529 0,000602
вслед 2,207275 0,000285
втора 0,274437 0,000106
второе 0,653926 0,000169
второй 0,891598 0,000115
вход 0,755023 0,000098
входить 0,287682 0,000223
вцспс 2,995732 0,000387
выбор 0,634878 0,000246
выборг 2,302585 0,000298
выбрать 1,139434 0,000147
выгодный 1,771957 0,000458
выделить 0,544727 0,000070
вызов 2,040221 0,000264
выйти 0,798508 0,000103
вымпел-коммуникации 2,995732 0,000387
вып 0,798508 0,000206
выпадать 1,139434 0,000147
выпал 2,995732 0,000387
выполнить 0,843970 0,000218
вырабатывать 2,407946 0,000311
высадиться 2,659260 0,000688
выслуга 3,912023 0,000506
высокий 0,139262 0,000072
высокоскоростной 2,525729 0,000326
высота 0,415515 0,000054
выступать 0,916291 0,000237
выступление 1,272966 0,000165
выход 1,078810 0,000279
выходит 1,427116 0,000184
вычислительный 1,514128 0,000196
выше 0,616186 0,000080
вэйхай 3,506558 0,000453
вяземский 3,506558 0,001360
вязьма 2,659260 0,000344
гавань 1,966113 0,000508
гагарин 2,659260 0,000344
гагарина 1,427116 0,001107
гагариным 3,218876 0,000416
газета 0,579818 0,000525
газовый 1,469676 0,000190
газопровод 2,302585 0,000298
газораспределение 3,506558 0,000453
газораспределительный 3,218876 0,000416
газоснабжающий 3,912023 0,000506
газотранспортный 3,912023 0,000506
газпром 1,714798 0,000443
гайдар 3,506558 0,000453
гайдара 2,525729 0,000653
гайдаром 3,912023 0,000506
галерея 1,049822 0,000407
гаттенбергер 3,912023 0,000506
гатчина 2,813411 0,000364
гдр 2,813411 0,000364
гектар 1,609438 0,000208
генерал 1,514128 0,000587
генерал-губернатор 2,207275 0,001141
генерал-губернаторство 2,659260 0,001375
геннадием 3,506558 0,000453
географический 0,356675 0,000323
географическо-статистический 2,407946 0,000311
география 0,415515 0,000107
геологический 1,139434 0,000147
георгий 1,139434 0,000147
геофизик 2,659260 0,000344
герб 0,798508 0,000206
германская 2,407946 0,000623
герой 1,139434 0,000442
гигант 2,040221 0,000527
гидрометеоцентр 3,218876 0,000416
гидрометцентр 2,813411 0,000727
гимн 0,776529 0,000100
гимназия 1,108663 0,000143
гкгн 0,994252 0,000129
гкгнпро 0,916291 0,000118
глава 0,494296 0,000128
главнокомандующий 2,525729 0,000326
главный 0,210721 0,000109
гласный 2,659260 0,000344
глобал 3,912023 0,000506
глобус 2,659260 0,000344
говорить 1,049822 0,000136
год -0,009950 -0,000427
годавикипедия 0,616186 0,000159
годухабаровскгорода 3,912023 0,000506
гондатти 2,995732 0,000387
гонконгский 3,506558 0,000453
гора 0,616186 0,000398
горин 3,218876 0,000416
горный 0,941609 0,000122
город 0,371064 0,006427
город-побратим 0,843970 0,000545
городпро 0,867501 0,000112
городской 0,544727 0,003521
городхабаровск 3,912023 0,000506
горький 0,941609 0,000122
горячко 1,609438 0,000208
гос 1,609438 0,000624
госкомстат 0,891598 0,000231
господство 2,207275 0,000285
гостиница 0,843970 0,000109
государственный 0,261365 0,001115
государство 0,579818 0,000075
гоу 2,659260 0,000688
градоначальник 1,427116 0,000184
гражданский 0,733969 0,000664
грамота 1,427116 0,000184
гран-при 2,207275 0,000285
граница 0,356675 0,000323
граф 1,832581 0,000474
греза 3,218876 0,000416
грейвсом 3,912023 0,000506
гриф 2,995732 0,000387
гродеков 3,912023 0,000506
гродекова 3,912023 0,004551
гродековский 3,912023 0,001011
грозный 1,272966 0,000165
грузовая 1,139434 0,000295
грунт 2,207275 0,000285
группа 0,314711 0,000163
гряда 2,302585 0,000298
гтрк 1,049822 0,000136
губернатор 0,967584 0,000625
губерния 0,891598 0,000115
гуга 3,912023 0,000506
гуманитарный 0,994252 0,000257
гур 3,506558 0,000453
давление 1,832581 0,000237
далькрайплан 3,506558 0,000453
далькрайплана 3,506558 0,000453
дальмостострой 3,912023 0,000506
дальневост 3,506558 0,001360
дальневосточник 3,506558 0,001360
дальневосточный 1,966113 0,013216
дальниилх 3,912023 0,000506
дальний 0,446287 0,001327
дальсовнарком 3,912023 0,000506
дальсовнаркома 3,912023 0,000506
дальтрансгаз 3,912023 0,000506
дальхимфарм 3,912023 0,000506
дальэнергомаш 3,912023 0,000506
дальэнергомонтаж 3,912023 0,000506
дар 2,207275 0,000285
дата 0,030459 0,000425
дата-лайн 3,912023 0,000506
датский 0,328504 0,000042
дать 0,072571 0,000066
дачник 3,506558 0,001360
два 0,150823 0,000019
двадцать 1,771957 0,000229
двгафк 3,912023 0,001011
двггу 3,912023 0,001011
двгму 3,912023 0,000506
двгнб 3,912023 0,001011
двгупс 3,912023 0,000506
двести 2,525729 0,000326
дви 3,506558 0,000453
движение 0,544727 0,000141
двизип 3,912023 0,000506
двимо 3,912023 0,000506
двк 3,506558 0,000453
двнц 3,912023 0,000506
дво 3,218876 0,001248
дворец 0,843970 0,000545
двр 3,506558 0,000453
двухпутный 3,218876 0,000416
дгк 3,912023 0,000506
дебри-дв 3,912023 0,005563
дебрь 3,506558 0,000453
дева 2,995732 0,000387
девочка 2,995732 0,000387
дежнев 2,995732 0,000387
действие 0,776529 0,000100
действовать -0,009950 -0,000010
дек 0,820981 0,000531
декабрист 2,813411 0,000364
декабрь 0,094311 0,000232
делаться 2,120264 0,000548
делегация 2,302585 0,000298
деление 0,579818 0,000525
дело 0,562119 0,000291
демешиным 3,912023 0,000506
демоскоп 0,820981 0,000424
день 0,210721 0,000572
депо 1,771957 0,000458
депутат 0,776529 0,000201
деревня 1,021651 0,000132
деревянный 0,941609 0,000122
десять 1,078810 0,000139
детская 0,653926 0,000085
детский 0,967584 0,000625
деятельность 0,342490 0,000133
диапазон 1,560648 0,000403
дивизия 1,771957 0,000229
дикий 1,469676 0,000190
динамо 1,171183 0,000454
директор 1,272966 0,000165
дислоцировать 2,813411 0,000364
дистанционный 2,995732 0,000387
дистанция 3,506558 0,000453
дитерихса 3,912023 0,000506
дитя 0,867501 0,000224
дмитриевич 2,525729 0,000326
дмитрием 2,995732 0,000387
дмитров 2,813411 0,000364
днейвикипедия 0,967584 0,000125
добавить 0,562119 0,000073
довести 2,995732 0,000387
довольно 0,891598 0,000115
договор 1,171183 0,001211
документ 0,415515 0,000107
долгота 0,820981 0,000106
должный 0,356675 0,000046
доля 0,544727 0,000070
дом 0,446287 0,000288
домашние 2,207275 0,000285
домовой 2,302585 0,000298
домостроительный 2,659260 0,000344
дополнительный -0,009950 -0,000005
дореволюционный 1,347074 0,000348
дорога 0,527633 0,000546
дорогое 2,659260 0,000344
дорожный 1,021651 0,000132
доронина 3,912023 0,000506
досааф 2,407946 0,000311
достичь 0,733969 0,000095
достопримечательность 0,867501 0,000224
доступ 0,755023 0,000195
доступный -0,009950 -0,000001
драма 1,469676 0,000190
дрифт 3,912023 0,000506
дробно -0,009950 -0,000001
другое 0,462035 0,000119
другой -0,009950 -0,000009
дружба 1,171183 0,000454
дубинина 3,912023 0,001011
дубровка 3,218876 0,000416
дума 0,916291 0,000829
духовенство 2,525729 0,000326
духовная 1,108663 0,000287
духовный 1,609438 0,000208
дфо 3,506558 0,000453
дьяченко 3,506558 0,001813
евангелическо-лютеранская 2,995732 0,000774
евангельский 1,427116 0,000184
еврейский 0,755023 0,000390
европа 0,301105 0,000078
европейский 0,494296 0,000064
единица 0,478036 0,000309
единый 0,544727 0,000141
ежегодник 0,820981 0,001592
ежемесячник 3,912023 0,001517
еженедельник 2,207275 0,002853
ездить 2,813411 0,000727
елабуга 2,813411 0,000364
елена 1,560648 0,000202
елец 2,407946 0,000311
елц 3,912023 0,000506
ельня 2,659260 0,000344
епархия 0,967584 0,000125
ерофей 3,218876 0,002497
есаул 3,506558 0,000453
ефрона 0,328504 0,000085
ехб 3,218876 0,001248
жаркий 1,514128 0,000196
железнодорожник 2,040221 0,000264
железнодорожный 0,579818 0,001349
железный 0,616186 0,000398
женский 0,867501 0,000112
женщина 1,171183 0,000151
жертва 1,347074 0,000522
жестоко 2,995732 0,000387
животное 0,798508 0,000103
жизнь 0,342490 0,000266
жилой 0,941609 0,000122
жиромская 1,021651 0,000132
житель 0,562119 0,000581
журнал 0,301105 0,000039
забайкалья 2,995732 0,000387
заболотить 2,040221 0,000264
заведение 0,867501 0,000336
заведование 3,912023 0,000506
завершить 0,867501 0,000449
завить 3,506558 0,000453
завод 0,693147 0,000806
завоз 3,218876 0,000416
заглавный -0,009950 -0,000001
задержать 2,407946 0,000311
заимка 2,659260 0,000344
заказное 3,218876 0,000416
закат 2,407946 0,000311
заключить 1,309333 0,000169
закон 0,462035 0,000299
законодательный 1,347074 0,000348
законодательство 1,609438 0,000208
закрытие 1,660731 0,000215
зал 0,843970 0,000109
заложить 0,843970 0,000109
заменить 0,494296 0,000064
заметка 2,120264 0,000548
занимать 0,430783 0,000111
занятие 1,469676 0,000380
занять 0,693147 0,000269
зао 1,514128 0,000391
запад 0,634878 0,000082
западный 0,462035 0,000060
записка 1,139434 0,000147
записьвойти -0,009950 -0,000001
запустение 2,995732 0,000387
зарегистрировать -0,009950 -0,000003
зарплата 1,966113 0,000508
заря 1,347074 0,000348
заслуга 1,660731 0,000215
застройка 0,916291 0,000237
затем 0,527633 0,000068
захватить 1,272966 0,000165
захоронение 1,832581 0,000948
зачатие 3,506558 0,000453
защитник 1,832581 0,000237
заявление -0,009950 -0,000001
звание 0,891598 0,000461
звезда 0,916291 0,000592
здание 0,673345 0,000783
землепроходец 2,995732 0,000387
земля 0,400478 0,000104
земский 1,609438 0,000208
земство 2,813411 0,001091
зеркало 2,659260 0,000344
зея 3,506558 0,000453
зикунова 3,912023 0,000506
зима 0,478036 0,000185
знак -0,009950 -0,000003
знамя 1,386294 0,000358
значение 0,061875 0,000024
зона 0,400478 0,000155
зондирование 3,506558 0,000453
зоосад 3,218876 0,000416
зритель 1,108663 0,000143
ивана 1,078810 0,000279
ивановичем 2,995732 0,000387
ивэп 3,506558 0,000453
ивэсэип 3,912023 0,000506
игд 3,912023 0,000506
игнашино 3,506558 0,000453
игра 0,843970 0,000218
игрок 2,207275 0,000285
идентификатор 0,693147 0,000090
идет 1,078810 0,000139
избрать 0,967584 0,000250
изд 0,314711 0,000488
изд-во 1,049822 0,000543
издание 0,415515 0,000054
издательство 0,494296 0,000958
изменение 0,301105 0,000039
изображение 0,693147 0,000179
иллюстрация 2,525729 0,000326
иллюстрировать 2,040221 0,000527
именно 0,544727 0,000070
именной 2,659260 0,000344
иметь 0,094311 0,000049
иметься 0,385662 0,000050
император 1,139434 0,000147
императорский 1,469676 0,000190
империя 0,653926 0,000845
имхнц 3,912023 0,000506
имя 0,274437 0,000568
иначе 0,733969 0,000095
инвентарный 3,218876 0,000416
индекс 0,634878 0,000082
индустриальный 1,309333 0,000677
инженерный 1,272966 0,000165
инициатива 1,171183 0,000303
иннокентия 3,912023 0,000506
иннокентьевка 3,506558 0,000453
иностранец 1,771957 0,000229
иностранный 0,916291 0,000237
институт 0,371064 0,001151
инструкция 1,714798 0,000222
инструмент -0,009950 -0,000003
интервент 2,659260 0,000344
интернет 0,755023 0,000293
интернет-портал 1,897120 0,000245
инфокоммуникаций 3,912023 0,000506
информатик 1,469676 0,000190
информация 0,162519 0,000105
иоанна 1,469676 0,000190
ирина 1,609438 0,000208
иркутский 2,120264 0,000548
иркутско-амурская 3,912023 0,000506
исаакиевского 3,506558 0,000453
исключение 0,891598 0,000115
искусство 0,478036 0,000371
исполнительный 1,171183 0,000151
использование -0,009950 -0,000001
использовать 0,020203 0,000008
использоваться 0,223144 0,000029
исследование 0,462035 0,000119
исток 0,755023 0,000098
исторический 0,314711 0,000122
история 0,051293 0,000206
источник -0,009950 -0,000021
источниковвикипедия 1,966113 0,000254
исчисление 0,776529 0,000100
итиг 3,912023 0,000506
итог 0,494296 0,000128
итого 1,609438 0,000208
ихъ 3,912023 0,000506
ишаевым 3,912023 0,000506
ишань 3,912023 0,000506
иэи 3,912023 0,000506
июл 2,659260 0,000344
июль 0,116534 0,000437
июн 2,659260 0,000344
июнь 0,116534 0,000482
кагью 2,659260 0,000344
кадетский 1,897120 0,000245
каждый 0,261365 0,000068
казадаева 3,912023 0,000506
казак 1,309333 0,000339
казакевич 3,912023 0,000506
казакевича 3,912023 0,000506
казакевичева 3,506558 0,000453
казакевичево 3,506558 0,000453
казанский 1,049822 0,000136
казарма 1,966113 0,000254
казахстана 1,966113 0,000254
казачий 1,469676 0,001140
казначейство 2,407946 0,000623
какъ 3,912023 0,000506
калач-на-дону 2,659260 0,000344
календарь 1,469676 0,000190
калмык 1,560648 0,000403
калмыкова 3,912023 0,002528
каменный 0,733969 0,000190
камчатка 2,525729 0,000326
канада 2,207275 0,000285
кандидатура 2,407946 0,000311
капитан 1,897120 0,000981
карла 1,386294 0,000179
карма 2,813411 0,000364
карт 0,301105 0,000156
картография 2,302585 0,000298
каталанский 0,527633 0,000068
каталог 0,094311 0,000024
категория -0,009950 -0,000003
католический 1,237874 0,000160
кафедральный 0,967584 0,000375
квартал 0,994252 0,000386
кенгидо 3,506558 0,000453
киевский 2,120264 0,000274
километр 0,693147 0,000179
кинопоказ 2,995732 0,000387
кинотеатр 0,891598 0,000231
кириллов 2,659260 0,000344
кировский 1,237874 0,000160
киселев 3,218876 0,000416
кит 2,207275 0,000285
китай 0,776529 0,000402
китайский 0,653926 0,000676
кладбище 1,237874 0,001280
климат 0,446287 0,000865
климатический 1,049822 0,000407
климатологический 3,218876 0,001248
клуб 0,798508 0,000103
кманадырь 3,912023 0,000506
кммагадан 3,912023 0,000506
кммосква 1,832581 0,000237
кмнс 3,912023 0,001517
кмсанкт-петербург 2,120264 0,000274
книга 0,415515 0,000215
книжный 0,798508 0,001342
ковер 2,407946 0,000311
ковчег 2,813411 0,000364
код -0,009950 -0,000072
кодекс -0,009950 -0,000001
кодистория 0,116534 0,000015
козакевич 3,912023 0,000506
козельск 2,659260 0,000344
количество 0,210721 0,000054
колледж 1,108663 0,000143
коллекция 1,309333 0,001016
колпино 2,659260 0,000344
колумбия 2,813411 0,000364
колчак 2,302585 0,000298
команда 0,798508 0,001445
командир 2,659260 0,000344
командование 1,609438 0,001040
командовать 2,040221 0,000264
комарова 2,302585 0,000298
комбинат 1,021651 0,000132
комедия 1,966113 0,000254
комитет 0,653926 0,000338
коммуникация 1,660731 0,000215
компания 0,371064 0,000240
комплекс 0,579818 0,000150
комсомольск-на-амуре 1,203973 0,000934
комсомольский 0,891598 0,000231
комсомольском-на-амуре 3,912023 0,000506
конверт 2,813411 0,000364
конец 0,198451 0,000077
конкурс 1,171183 0,000454
константиновича 3,218876 0,000832
консульство 1,771957 0,000687
континентальный 0,527633 0,000068
контр-адмирал 3,912023 0,000506
контролировать 1,469676 0,000190
конфессиональный 3,218876 0,000416
конфессия 1,049822 0,000136
конфиденциальность -0,009950 -0,000001
конфликтный 3,912023 0,000506
концертный 1,108663 0,000143
копие 0,223144 0,000058
корабль 1,469676 0,000190
корейский 1,832581 0,000474
корея 1,897120 0,000245
корить 1,309333 0,000339
короткий -0,009950 -0,000001
корпус 1,171183 0,000454
космонавт 1,514128 0,000587
косыгина 3,218876 0,000416
котляков 2,813411 0,000364
который 0,000000 0,000000
кпсс 1,832581 0,000237
кравченко 3,218876 0,000416
кравчук 3,218876 0,000416
кравчуком 3,912023 0,000506
крадин 3,912023 0,000506
краевед 1,714798 0,000443
краеведческий 1,108663 0,000287
краевой 1,771957 0,006643
краегорода 3,912023 0,000506
край 0,544727 0,003098
крайгорода 2,525729 0,000326
крайисполком 2,813411 0,000364
красная 0,713350 0,000184
красногвардейский 2,813411 0,000364
краснодару 3,218876 0,000416
краснознаменный 2,659260 0,000688
краснофлотский 3,912023 0,001517
краснощеков 3,912023 0,000506
красный 0,597837 0,000232
краткий 0,653926 0,000423
краяпоявились 3,912023 0,000506
краяцентры 2,995732 0,000387
крематорий 2,813411 0,000364
крестьянин 1,832581 0,000237
крестьянский 1,714798 0,000222
критерий 1,386294 0,000179
кришна 2,813411 0,000364
кром 0,235722 0,000183
кронштадт 2,525729 0,000326
круиз 2,407946 0,000311
круизный 2,040221 0,000264
крупный 0,210721 0,000245
крыма 0,843970 0,000109
крыша 2,207275 0,000285
куб 2,120264 0,000274
кубок 1,237874 0,000320
кубуч 3,506558 0,000453
куки -0,009950 -0,000001
кукла 0,891598 0,000115
культура 0,356675 0,000369
культурный 0,597837 0,000232
купец 1,078810 0,000139
купеческий 1,832581 0,000237
купечество 2,302585 0,000298
курильский 2,659260 0,000344
курсировать 1,514128 0,000196
курск 2,407946 0,000311
курской 2,995732 0,000387
кхл 2,525729 0,000326
кыргызстан 2,120264 0,000274
лавка 2,120264 0,000274
лагерь 1,514128 0,000391
лазо 3,912023 0,000506
ларусса 1,078810 0,000139
левобережье 1,832581 0,000474
левый 1,021651 0,000528
ледовый 1,078810 0,000139
ленин 0,755023 0,000586
ленинградский 1,560648 0,000202
ленинский 0,941609 0,000122
лесной 0,843970 0,000109
летию 1,078810 0,001952
летия 1,108663 0,000430
летний 0,579818 0,000075
лето 0,891598 0,000115
лечебница 2,813411 0,000364
лига 0,941609 0,000122
ликвидация 1,609438 0,000208
ликвидировать 1,309333 0,000508
ликеро-водочный 3,218876 0,000416
линейный 1,714798 0,001108
линия 0,462035 0,000299
лиственница 2,407946 0,000623
литература 0,051293 0,000020
литературно-художественный 2,302585 0,000298
литературный 0,867501 0,000561
литмузее 3,912023 0,000506
литмузея 3,912023 0,000506
литовский 1,203973 0,000156
лицензия -0,009950 -0,000001
лицо 0,673345 0,000087
личной 1,469676 0,000190
лобастов 3,912023 0,000506
локомотив 1,714798 0,000222
локомотивный 2,525729 0,000653
ломонос 1,966113 0,000254
лтд 3,912023 0,000506
луг 1,660731 0,000215
лук 1,771957 0,000229
лукоморье 3,218876 0,000416
лунный 3,506558 0,000453
лунтан 3,912023 0,000506
лушнов 3,912023 0,000506
льготный 2,813411 0,000364
любенским 3,912023 0,000506
людейнаселенные 2,995732 0,000387
магеллан 3,506558 0,000453
магистраль 0,867501 0,000224
магистральный 1,771957 0,000687
маго 3,506558 0,000453
май 0,127833 0,000843
максимальный 0,867501 0,000224
максимум 0,579818 0,000225
малгобек 2,813411 0,000364
малозначимый 3,218876 0,000416
малоярославец 2,813411 0,000364
малый 0,139262 0,000036
мальчише-кибальчише 3,912023 0,000506
маньчжурию 3,912023 0,000506
маньчжурский 2,995732 0,000774
мар 2,040221 0,000264
марии 2,040221 0,000264
мариинский 1,469676 0,000190
мариуполь 2,407946 0,000311
мария 1,832581 0,000237
марка 0,733969 0,000285
маркс 1,309333 0,000169
март 0,116534 0,000527
маршал 1,966113 0,000254
маршрут 0,673345 0,000261
маршрутный 1,049822 0,000136
масложиркомбинат 3,912023 0,000506
массовый 0,494296 0,000256
мастерская 1,832581 0,000237
масштаб 1,108663 0,000143
матвеевский 3,218876 0,000832
математик 1,347074 0,000174
материал -0,009950 -0,000004
материаловедение 2,995732 0,000387
матч 1,108663 0,000287
махалля 3,506558 0,000453
машина 0,713350 0,000184
мвд 1,309333 0,000169
мгц 1,897120 0,000490
мегафон 1,237874 0,000320
медиафайлы 0,301105 0,000039
медицинский 0,653926 0,000169
междугородная 1,832581 0,000237
междугородний 2,407946 0,000623
международный 0,385662 0,000648
мелитополь 2,813411 0,000364
мемориал 1,514128 0,000196
мемориальный 1,139434 0,000295
менеджмент 1,966113 0,000254
меридиан 2,207275 0,000285
местность 1,049822 0,000136
место 0,139262 0,000288
месяц 0,415515 0,000215
месяцеаудиостатьи 3,912023 0,000506
метеор 2,407946 0,000311
метеорологический 2,302585 0,000595
метр 0,653926 0,000169
мечеть 0,994252 0,000129
мещанин 2,995732 0,000387
миклухо-маклай 3,506558 0,000453
микрорайон 0,916291 0,000474
минерал 2,525729 0,000326
минимум 0,653926 0,000254
министерство 0,653926 0,000254
министр 1,171183 0,000303
мир 0,094311 0,000073
мировая 0,527633 0,000341
мировой 1,469676 0,000190
мироненко 3,912023 0,000506
митрополия 1,660731 0,000215
михаила 1,171183 0,000151
михаилом 2,813411 0,000364
михайлович 1,386294 0,000179
многий 1,237874 0,000160
много 0,150823 0,000039
множество 0,462035 0,000060
мобильный -0,009950 -0,000001
могилев 2,525729 0,000326
могилевский 3,506558 0,000453
модель 0,891598 0,000115
модуль 0,562119 0,000073
можайск 2,813411 0,000364
мокин 3,506558 0,000453
молодежный 1,078810 0,000279
молодой 1,021651 0,000528
молочный 2,040221 0,000264
молчанова 3,218876 0,000832
момент 0,527633 0,000205
монастыршина 3,912023 0,000506
монета 0,994252 0,000129
монтажный 2,995732 0,000387
монумент 1,272966 0,000329
море 0,562119 0,000145
мороз 1,386294 0,000538
морозный 2,207275 0,000285
морской 0,994252 0,000257
москва 0,400478 0,000311
москвахабаровск 3,912023 0,000506
москве 1,171183 0,000606
москвич 2,407946 0,000311
москвы 0,653926 0,000254
московский 0,527633 0,000068
мост 0,713350 0,001014
мостостроительный 3,912023 0,000506
мочь -0,009950 -0,000003
мск 0,843970 0,000109
мтс 1,237874 0,000160
мтт 3,218876 0,000416
муж 2,407946 0,000311
музей 0,653926 0,002959
музейный 1,514128 0,000196
музыкальный 0,867501 0,000449
мультиплекс 1,514128 0,000391
муниципальный 0,713350 0,001844
муравей 3,218876 0,000832
муравьева 2,995732 0,000387
муравьева-амурского 3,506558 0,000907
муравьеву 3,912023 0,000506
муравьеву-амурскому 3,912023 0,001517
муравьевым 3,912023 0,000506
муравьевым-амурским 3,912023 0,000506
муссонный 2,659260 0,001031
мусульман 1,171183 0,000151
мусульманский 1,514128 0,000196
мыть 3,218876 0,000416
мэр 1,078810 0,000418
мяч 1,609438 0,001040
набережная 0,891598 0,000231
наблюдение 1,108663 0,000143
набор 1,237874 0,000160
навигация -0,009950 -0,000004
наводнение 2,120264 0,000548
навсегда 2,813411 0,000364
награда 0,798508 0,000310
наградить 0,941609 0,000122
награждение 2,302585 0,000298
надежда 1,469676 0,000190
наделение 2,407946 0,000311
надолго 2,813411 0,000364
название 0,105361 0,000082
назвать 0,371064 0,000240
назначение 1,108663 0,000143
назначить 1,203973 0,000156
называть 0,174353 0,000045
наиболее 0,139262 0,000018
наименование 0,994252 0,000257
найхин 3,506558 0,000453
наличный 2,525729 0,000326
нальчик 2,407946 0,000311
нанаец 2,302585 0,000298
нанайский 3,506558 0,000453
написание 1,514128 0,000196
написать 0,867501 0,000112
направление 0,385662 0,000050
напротив 1,237874 0,000160
наро-фоминск 2,813411 0,000364
народ 0,579818 0,000150
народно-демократический 3,506558 0,000453
народно-революционный 3,506558 0,000453
народность 2,040221 0,000264
народный 0,616186 0,000558
население 0,462035 0,004002
населить 0,597837 0,000927
наследие 0,713350 0,000092
наследник 2,407946 0,000311
настольный 1,771957 0,000229
настоящее 0,287682 0,000112
настоящий 1,272966 0,000165
наступать 0,843970 0,000109
наступление 1,714798 0,000222
насчитывать 1,203973 0,000156
насчитываться 0,967584 0,000125
наука 0,235722 0,000366
науч 1,714798 0,000443
научно-исследовательский 0,798508 0,000310
научно-образовательный 0,967584 0,000125
научный 0,248461 0,000353
находиться 0,174353 0,000338
находка 0,994252 0,000129
национальный 0,342490 0,000133
начало 0,116534 0,000090
началось 0,616186 0,000080
начальство 2,525729 0,000326
начать 0,510826 0,000132
начаться 0,562119 0,000145
наш 0,527633 0,000136
невельский 2,995732 0,001162
негидалец 2,813411 0,000364
недалеко 1,469676 0,000190
неделя 1,309333 0,000508
недостаток 0,579818 0,000075
недостаточность 3,912023 0,000506
недоступный 0,446287 0,000231
независимый 1,049822 0,000407
нейтральный 2,813411 0,000364
некоммерческий -0,009950 -0,000003
некоторые 0,127833 0,000033
необходимость 1,139434 0,000147
неоднократно 1,139434 0,000147
неожиданное 3,506558 0,000453
неофициально 2,302585 0,000298
неполноценный 3,912023 0,000506
непорочный 2,813411 0,000364
непосредственно 0,478036 0,000247
нерабочий 0,994252 0,000129
нерчинский 3,218876 0,000832
несколько 0,116534 0,000075
несогласие 3,506558 0,000453
нести 1,609438 0,000208
нефтегазовый 2,120264 0,000548
нефтеперерабатывающий 2,302585 0,000595
нефтяник 2,302585 0,000298
неэнциклопедическим 2,995732 0,000774
нивх 2,525729 0,000326
нижегородский 1,832581 0,000237
нижнее 0,916291 0,000118
нижнеленинское 3,506558 0,000453
нижнетамбовское 3,506558 0,000453
нижний 0,494296 0,000064
нижнимъ 3,912023 0,000506
низменность 1,714798 0,000443
ниигата 3,506558 0,000907
николаевич 1,309333 0,000169
николаевича 2,407946 0,000311
николаевичем 3,912023 0,000506
николаевск 1,966113 0,000254
николаевск-на-амуре 2,525729 0,000653
николаевска-на-амуре 3,218876 0,000416
николаевский 1,832581 0,000237
николаем 2,302585 0,000595
николай 0,867501 0,000224
никольска-уссурийского 3,912023 0,001011
нина 2,659260 0,000344
ннк 3,912023 0,001011
ннк-хабаровский 3,912023 0,001011
ннк-хабаровскнефтепродукт 3,912023 0,001011
новгород 0,867501 0,000112
новгородский 2,040221 0,000264
новое 0,287682 0,000074
новостной 2,040221 0,000264
новость 0,544727 0,000282
новый 0,083382 0,000119
номер 0,634878 0,000246
номинал 1,771957 0,000458
норвежский 0,248461 0,000032
норма 0,597837 0,000618
носить 0,798508 0,000103
нояб 0,820981 0,000424
ноябрь 0,127833 0,000744
нпз 2,659260 0,000688
нтв 1,427116 0,000184
нуждаться 1,660731 0,000429
нумерация 2,040221 0,000264
ныне 0,653926 0,000845
нынешний 1,021651 0,000264
ныть 2,407946 0,000311
оао 0,916291 0,001658
обвинение 3,218876 0,000416
оберемко 3,912023 0,000506
обеспечиваться 2,040221 0,000264
обзор 1,078810 0,000139
обитатель 2,120264 0,000274
обладатель 1,514128 0,000391
областной 0,994252 0,000257
область 0,150823 0,000429
обновить 1,203973 0,000156
обновление 1,203973 0,000156
обновляться 2,207275 0,000285
обозрение 1,897120 0,000245
оборона 1,108663 0,000287
обособить 2,302585 0,000298
образец 1,203973 0,000467
образование 0,356675 0,001429
образовательный 0,891598 0,000115
образовать 0,385662 0,000299
обращение 0,030459 0,000417
обсерватория 1,966113 0,000254
обусловить 1,237874 0,000160
обход 1,469676 0,000380
общее 0,301105 0,000078
общероссийский 1,427116 0,000184
общественно-политическая 2,525729 0,000326
общественный 0,494296 0,000256
общество 0,415515 0,000322
общий 0,186330 0,000024
община 1,078810 0,000558
объединение 0,776529 0,000301
объединить 0,867501 0,000112
объем 0,400478 0,000052
объявить 0,798508 0,000310
объявл 3,506558 0,000453
объявлять 2,525729 0,000326
обычно 0,693147 0,000090
ограничить 0,653926 0,000085
одержать 2,525729 0,000326
один 0,051293 0,000013
одиннадцатикратный 3,912023 0,000506
однако 0,174353 0,000045
ожесточить 2,407946 0,000311
озеленение 2,040221 0,000264
ойкумена 3,506558 0,000453
окато 0,820981 0,000106
океан 0,994252 0,000257
окрестность 0,941609 0,000243
округ 0,562119 0,001308
окружной 1,609438 0,000208
окт 0,798508 0,000516
октмо 0,843970 0,000109
октябрь 0,072571 0,000244
октябрьский 0,776529 0,000301
октябрьский-хабаровск 3,912023 0,000506
ольдой 3,506558 0,000453
омутная 3,506558 0,000453
онлайн 0,198451 0,000026
ооо 0,843970 0,001200
опекушиным 3,912023 0,001011
оператор 0,941609 0,000487
опираться 1,560648 0,000202
описание -0,009950 -0,000003
опорный 1,560648 0,000605
определение 0,967584 0,000375
орган 0,616186 0,000717
организация -0,009950 -0,000019
орден 0,891598 0,000231
орегон 3,912023 0,000506
орел 1,386294 0,000179
оренбургский 1,714798 0,000222
оригинал 0,139262 0,000450
оригинальный 1,771957 0,000229
орк 3,912023 0,000506
орнамент 2,813411 0,000364
ороч 3,218876 0,000416
осадок 0,544727 0,000352
осень 0,941609 0,000243
осипенко 2,995732 0,000387
осипов 0,527633 0,000068
оскол 2,813411 0,000364
основа 0,210721 0,000027
основание 0,494296 0,000767
основатель 0,967584 0,000125
основать 0,274437 0,000213
основное 0,235722 0,000183
основной 0,040822 0,000037
особняк 1,771957 0,000229
особый 0,776529 0,000100
оставаться 0,544727 0,000070
остановиться 2,120264 0,000274
остров 0,820981 0,000106
осуществлять 0,597837 0,000232
осуществляться 0,616186 0,000239
отв 0,755023 0,000293
ответ 0,941609 0,000243
ответственность -0,009950 -0,000003
отвечать 1,609438 0,000208
отд 2,525729 0,000326
отдавать 2,525729 0,000326
отдалить 2,302585 0,000595
отдел 1,171183 0,000454
отделение 0,713350 0,000277
отдельный -0,009950 -0,000003
отдых 0,941609 0,000243
отечественный 0,634878 0,000328
отказ -0,009950 -0,000001
открытие 0,616186 0,000159
открыть 0,150823 0,000214
открыться 0,820981 0,000424
отметка 1,386294 0,000179
отмечать 1,078810 0,000139
относительно 0,415515 0,000054
относительный 1,560648 0,000202
отношение 0,430783 0,000334
отправить 1,560648 0,000403
отправиться 2,040221 0,000264
отрасль 0,653926 0,000085
отредактировать -0,009950 -0,000003
отрог 2,525729 0,000326
отряд 1,272966 0,000823
отступить 2,659260 0,000344
офис 1,560648 0,000202
офицер 1,660731 0,001073
офицерамъ 3,912023 0,000506
официально 0,693147 0,000090
официальный 0,356675 0,000323
охватывать 1,237874 0,000160
охотский 2,040221 0,000264
охрана 0,843970 0,000109
охранно-арендный 3,912023 0,000506
охранять 1,427116 0,000184
оценка 0,400478 0,000104
очень 0,494296 0,000256
очередь 0,510826 0,000132
очерк 0,733969 0,000190
ошибкекак -0,009950 -0,000001
павел 1,078810 0,000139
павлин 1,714798 0,000222
павловича 2,813411 0,000364
павловичу 3,506558 0,000453
палата 1,347074 0,000174
памяти 1,078810 0,000558
памятник 0,597837 0,000927
памятный 0,798508 0,000103
память 0,820981 0,000212
пантомим 3,912023 0,000506
пао 1,427116 0,000369
парад 1,771957 0,000229
парк 0,653926 0,001860
пароходство 1,832581 0,000948
партизан 2,659260 0,000688
паспорт 1,897120 0,000490
пассажир 1,272966 0,000329
пассажирский 0,941609 0,000487
педагогический 0,867501 0,000336
пемзенской 3,506558 0,000453
пенсионер 2,207275 0,000285
первенство 1,469676 0,000190
первое 0,150823 0,000253
первоначально 1,203973 0,000311
первостроитель 3,912023 0,000506
первый 0,162519 0,000231
перевезти 1,897120 0,000245
переводиться 2,407946 0,000311
перевозить 1,832581 0,000237
перевозка 0,891598 0,000461
переговоры 2,525729 0,000326
передать 0,798508 0,000206
переезд 2,659260 0,000344
переименование 1,469676 0,000190
переименовать 0,941609 0,000365
перейти -0,009950 -0,000005
перекресток 1,237874 0,000160
перелет 2,659260 0,000344
перенести 0,994252 0,000257
перепись 0,755023 0,001464
переправа 1,514128 0,000196
переселенец 2,525729 0,000326
пересечение 1,171183 0,000454
перестройка 1,771957 0,000229
переходить 1,237874 0,000480
период 0,274437 0,000213
периодичность 3,218876 0,000416
пермский 1,966113 0,000254
персональный -0,009950 -0,000001
перспектива 1,049822 0,000136
петербурга 2,407946 0,000311
петербургский 1,660731 0,000215
петр 1,108663 0,000287
петра 1,078810 0,000418
петрозаводск 2,407946 0,000311
петропавловск-камчатский 2,407946 0,000311
печать -0,009950 -0,000003
пеший 2,302585 0,000298
пиаб 3,912023 0,000506
пивань 3,506558 0,000453
писательский 3,912023 0,000506
питание 1,171183 0,000151
пко 3,218876 0,000416
план 0,527633 0,000205
планета 1,309333 0,000169
планетарий 1,832581 0,000237
платина 2,995732 0,000387
платинум-арена 3,506558 0,000907
платный 1,469676 0,000190
плен 2,813411 0,000727
пленум 3,506558 0,000453
плодородный 2,659260 0,000344
плотность 0,634878 0,000082
площадка 0,867501 0,000112
площадь 0,385662 0,000399
плюснина 3,912023 0,000506
плюсниных 3,912023 0,000506
пляж 1,609438 0,000416
победа 0,755023 0,000195
победить 1,609438 0,000208
побережье 1,171183 0,000151
поведение -0,009950 -0,000001
повеление 3,506558 0,000907
повести 1,832581 0,000237
повседневный 2,302585 0,000298
повстанческий 3,506558 0,000453
повышение 1,078810 0,000139
погибший 1,203973 0,000311
погода 0,693147 0,000358
пограничный 1,469676 0,000380
погребение 2,659260 0,000344
подавить 2,525729 0,000653
подвергнуться 1,714798 0,000222
подвиг 2,040221 0,002110
подгот 3,218876 0,000416
поддержать 1,966113 0,000254
поддержка 0,653926 0,000085
подержать 3,506558 0,000453
подключить 1,966113 0,000254
подписание 2,407946 0,000311
подписать 0,941609 0,000122
подпоручик 3,912023 0,000506
подчиняться 1,660731 0,000215
поезд 1,021651 0,000528
пожалуйста 1,469676 0,000190
поздно 0,713350 0,000092
поиск -0,009950 -0,000004
показатель 0,494296 0,000447
покров 0,843970 0,000109
пол 0,446287 0,000231
полвека 2,525729 0,000326
полдень 0,916291 0,000118
полесье 2,813411 0,000364
полины 3,506558 0,000453
политик -0,009950 -0,000001
политический 0,597837 0,000309
полностью 0,400478 0,000052
полный 0,328504 0,000127
половина 0,430783 0,000111
пологий 2,302585 0,000298
положение 0,415515 0,000161
полотно 2,040221 0,000264
полугодие 2,207275 0,000571
получить 0,150823 0,000078
польза 1,714798 0,000222
пользование 1,609438 0,000208
польский 1,347074 0,000174
поляк 0,820981 0,000106
полярный 1,347074 0,000174
помимо 0,562119 0,000073
пополнение 2,407946 0,000311
популярность 1,609438 0,000208
пора 0,776529 0,000100
поражение 1,897120 0,000490
породнить 2,525729 0,000326
порт 0,733969 0,000285
портал 0,342490 0,000089
портленд 3,912023 0,000506
поручить 2,407946 0,000311
посадить 2,407946 0,000623
посвящать 3,506558 0,000453
посвящаютъ 3,912023 0,000506
поселенец 2,407946 0,000311
поселение 0,634878 0,001149
поселок 0,634878 0,000328
посещаться 3,218876 0,000416
послевоенный 1,309333 0,000169
последний -0,009950 -0,000004
поспелов 1,021651 0,000264
пост 1,078810 0,000418
постановление 0,891598 0,000115
постовой 3,506558 0,003626
постоянный 0,579818 0,000600
построить 0,301105 0,000234
потерпеть 2,407946 0,000311
почетный 0,820981 0,000212
почтовый 0,653926 0,000169
появиться 0,248461 0,000161
поярок 3,506558 0,000453
пояс 0,597837 0,000309
пояснение 2,995732 0,000387
правило 0,478036 0,000062
правительство 0,510826 0,000330
править -0,009950 -0,000134
правка 0,274437 0,000035
правкиновые -0,009950 -0,000001
правкипостоянная -0,009950 -0,000001
правление 1,386294 0,000179
право 0,314711 0,000244
правобережье 1,966113 0,000254
правоведение 3,912023 0,000506
правовой 1,021651 0,000132
правопорядок 2,995732 0,000387
православный 0,755023 0,000390
правосудие 2,407946 0,000311
правый 0,798508 0,000206
праздноваться 2,302585 0,000298
пребывать 2,659260 0,000344
превратить 1,832581 0,000237
превышать 0,673345 0,000087
превышение 1,660731 0,000215
предисл 2,120264 0,000274
предложить 0,820981 0,000106
предмет 0,713350 0,000092
предназначить 1,139434 0,000147
предоставлять 0,713350 0,000277
предоставляться 2,207275 0,000285
предполагаться 1,078810 0,000139
предприятие 0,527633 0,000068
председ 1,203973 0,000156
председатель 0,916291 0,000474
представитель 0,653926 0,000169
представительный 1,237874 0,000160
представительство 0,994252 0,000129
представить 0,328504 0,000170
представиться -0,009950 -0,000001
представлять 0,328504 0,000085
предъявить 3,506558 0,000453
прежний 1,021651 0,000132
президент 0,597837 0,000232
преимущественно 0,776529 0,000201
прекратить 0,916291 0,000118
преобладать 0,713350 0,000092
преобразовать 0,967584 0,000125
преп 3,218876 0,000416
преподобный 2,207275 0,000285
пресвятой 1,272966 0,000165
пресвятыя 2,995732 0,000387
претендовать 1,897120 0,000245
префектура 2,995732 0,000387
пржевальский 3,218876 0,000416
приамурский 3,218876 0,004993
приамурье 2,813411 0,000364
прибывать 2,207275 0,000285
прибыльный 3,218876 0,000416
прибыть 1,514128 0,000196
привезти 2,040221 0,000264
привлекать 1,609438 0,000208
пригородный 0,967584 0,000125
придти 0,755023 0,000098
приезжать 2,040221 0,000264
приз 2,207275 0,000285
призер 1,514128 0,000391
признание 0,867501 0,000112
признать 0,494296 0,000256
признаться 2,207275 0,000285
приказ 1,203973 0,000311
прикладной 1,078810 0,000139
приложение 0,733969 0,000095
применять 0,510826 0,000132
пример 0,527633 0,000136
примечание -0,009950 -0,000003
приморский 1,897120 0,002452
приморье 2,813411 0,001455
принадлежность 1,272966 0,000165
принимать 0,634878 0,000164
принять 0,248461 0,000064
приостановка 2,995732 0,000387
приполярный 3,218876 0,000416
природа 0,653926 0,000085
присвоение 1,139434 0,000147
присвоить 0,798508 0,000310
присоединяться 3,218876 0,000416
пристройка 3,506558 0,000453
приток 1,078810 0,000139
приход 1,108663 0,000143
причина 0,562119 0,000073
проблема 0,274437 0,000035
проверить 0,478036 0,000062
проверка 0,843970 0,000109
проверять 0,820981 0,000106
провести 0,579818 0,000225
провиантский 3,506558 0,000453
провинция 1,309333 0,000846
проводить 0,843970 0,000109
провозгласить 2,040221 0,000527
проголосовать 2,813411 0,000364
продлиться 3,912023 0,000506
продолжение 1,347074 0,000174
проезд 1,171183 0,000151
проект -0,009950 -0,000003
проектирование 1,560648 0,000202
проектный 1,514128 0,000196
проживать 0,776529 0,000100
произвести 1,203973 0,000156
производиться 1,108663 0,000143
производственный 1,078810 0,000139
произвольный 2,120264 0,000274
произойти 0,430783 0,000056
пройти 0,544727 0,000352
прокуратура 2,040221 0,000264
промысл 1,966113 0,000254
промышленник 2,525729 0,000326
промышленность 0,494296 0,000128
промышлять 0,462035 0,000060
прослушать 3,218876 0,000416
просмотр -0,009950 -0,000001
простор 2,040221 0,000264
протест 1,966113 0,000254
против 0,798508 0,000103
проток 1,660731 0,000644
протяженность 0,776529 0,000201
профессиональный 0,733969 0,000190
профессор 0,967584 0,000125
профсоюз 2,407946 0,000311
проходить 0,462035 0,000299
прочее 0,544727 0,000070
прочие 0,798508 0,000103
прошлое 0,673345 0,000087
пруд 1,609438 0,000624
прямая 0,867501 0,000112
психиатрический 1,966113 0,000254
психически 3,912023 0,000506
псков 2,207275 0,000285
пункт 0,494296 0,000831
пуск 2,659260 0,000344
пустить 1,514128 0,000196
путеводитель 0,713350 0,000184
путина 1,386294 0,000358
путь 0,261365 0,000135
пучхон 3,912023 0,000506
пушкин 0,916291 0,000237
пушной 3,218876 0,000416
пятидесятник 2,040221 0,000264
пятикратный 2,995732 0,000387
пятилетка 1,897120 0,000245
пять 0,693147 0,000269
работа 0,127833 0,000017
работать 0,314711 0,000325
работник 1,108663 0,000287
работодатель 3,218876 0,000832
рабочий 0,597837 0,000386
радиовещание 1,714798 0,000222
радиоприемник 2,995732 0,000387
радиостанция 1,021651 0,000396
раз -0,009950 -0,000005
развернуть 1,660731 0,000215
развиваться 0,597837 0,000077
развитие 0,127833 0,000149
развлекательный 1,714798 0,000222
развязка 1,469676 0,000190
разграничить 3,506558 0,000453
разгром 2,302585 0,000595
раздел 0,342490 0,000177
разделить 0,527633 0,000136
различный 0,116534 0,000030
разместить 1,108663 0,000143
размещаться 1,560648 0,000202
размещение 0,673345 0,000174
разнообразный 1,139434 0,000147
разный 0,314711 0,000081
разобрать 2,040221 0,000264
разработчик -0,009950 -0,000001
разряд 2,040221 0,001055
район 0,430783 0,001726
райцентр 0,941609 0,000122
рамка 0,478036 0,000062
рана 0,776529 0,000201
рано 0,261365 0,000101
ранхигс 2,302585 0,000298
раритет 3,506558 0,000453
раскинуться 3,506558 0,000453
расписание 1,832581 0,000474
располагаться 0,544727 0,000422
расположение 0,776529 0,000100
расположить 0,385662 0,000299
распоряжение 1,139434 0,000147
распустить 2,207275 0,000285
расстояние 0,713350 0,000369
рассчитать 1,514128 0,000196
расторгнуть 3,506558 0,000907
расформировать 2,407946 0,000311
расчет 0,820981 0,000212
расширение 0,415515 0,000054
реабилитация 2,659260 0,000344
революциинаселенные 2,120264 0,000274
революция 0,562119 0,000436
регион 0,385662 0,000050
региональный 0,634878 0,000410
регулярно 1,272966 0,000165
ред 0,235722 0,000213
редакция 0,916291 0,000118
реестр 1,272966 0,000165
результат 0,174353 0,000068
рейтинг 0,967584 0,000500
река 0,446287 0,000923
река-море 3,218876 0,000416
рекомендация 0,776529 0,000100
реконструировать 1,237874 0,000320
реконструкция 0,820981 0,000424
рекреационный 1,469676 0,000190
религиозный 0,891598 0,000461
религия 0,755023 0,000195
рельеф 0,798508 0,000103
ремесленник 2,659260 0,000344
ремонт 1,139434 0,000147
ремонтно-эксплуатационная 3,912023 0,000506
реорганизовать 2,813411 0,000364
репрессия 1,897120 0,000490
репринт 3,912023 0,001011
республика 0,527633 0,001159
ресурс 0,020203 0,000003
реутт 3,912023 0,000506
речка 1,427116 0,000369
речной 0,693147 0,000986
решение 0,328504 0,000085
ржев 1,771957 0,000229
риа 1,049822 0,000407
римбунан 3,912023 0,000506
римско-католический 1,832581 0,000237
риотип 3,912023 0,001011
ровец 3,912023 0,000506
родина 1,108663 0,000143
родной 1,609438 0,000208
родственник 2,659260 0,000344
родственный 0,579818 0,000075
рождение 1,078810 0,000418
роза 0,916291 0,000118
росгосстрах 3,218876 0,000416
роскартография 2,813411 0,000727
россиигорода 1,309333 0,000169
российский 0,105361 0,000804
российско-украинской 1,108663 0,000143
россия 0,174353 0,000992
росстат 0,776529 0,000100
росстрой 3,912023 0,000506
рост 0,597837 0,000077
ростелеком 1,386294 0,000358
ростов-на-дону 1,237874 0,000160
рпц 2,302585 0,000298
рсфср 0,733969 0,000474
ртрс 1,514128 0,000391
руб 1,171183 0,000151
рубать 3,506558 0,000453
рубль 0,755023 0,000293
рука 1,139434 0,000147
руководить 1,309333 0,000169
руководство 0,544727 0,000070
рус 0,162519 0,001008
русс 2,302585 0,000298
русский -0,009950 -0,000017
русско-китайской 3,912023 0,000506
русь 1,139434 0,000147
рыба 1,514128 0,000196
рыбный 1,609438 0,000208
рэдком 3,912023 0,000506
рэдком-интернет 3,912023 0,000506
ряд 0,223144 0,000029
рязанский 1,966113 0,000254
сайт 0,210721 0,000381
сам 0,162519 0,000042
самолет 1,237874 0,000160
самостоятельный 0,820981 0,000212
самоуправление 0,891598 0,000115
самый 0,174353 0,000180
сан-франциско 2,995732 0,000387
санкт-петербург 0,616186 0,000239
санкт-петербургский 1,469676 0,000380
сантиметр 2,659260 0,000344
санья 3,506558 0,000453
саровский 2,407946 0,000311
саха 2,813411 0,000364
сахалин-хабаровск-владивосток 3,912023 0,000506
сахалина 3,218876 0,000832
сбербанк 1,714798 0,000222
сборная 1,897120 0,000736
сборник 0,597837 0,000232
сведение 0,579818 0,000075
свободный -0,009950 -0,000001
свое 0,287682 0,000037
свой 0,150823 0,000019
свойство 0,415515 0,000107
связать 0,174353 0,000023
связаться -0,009950 -0,000001
связующий 2,659260 0,000344
связывать 0,916291 0,000118
связь 0,174353 0,000158
святитель 1,897120 0,000245
святой 0,755023 0,000098
сдать 1,427116 0,000553
сделать 0,616186 0,000080
себя 0,198451 0,000026
север 0,527633 0,000136
северный 0,385662 0,000150
сегодня 0,616186 0,000159
седов 3,218876 0,000416
седьмой 1,139434 0,000295
сезон 0,916291 0,000237
сей 0,693147 0,000090
сейфуллин 3,912023 0,000506
секретно 3,506558 0,000453
сектор 1,049822 0,000136
селение 1,832581 0,001184
село 0,891598 0,000461
сельский 0,634878 0,000574
семейный 2,120264 0,000274
семен 1,966113 0,000254
семинарий 1,386294 0,000358
семь 0,820981 0,000106
семья 0,843970 0,000109
сен 2,407946 0,000311
сент 0,843970 0,000436
сентябрь 0,072571 0,000403
серафим 2,302585 0,000298
сергеем 2,407946 0,000311
сергей 0,967584 0,000250
серебряный 0,891598 0,000115
середина 0,356675 0,000046
серия 0,713350 0,000092
серышева 3,912023 0,000506
сеть 0,356675 0,000092
сибгути 3,506558 0,000453
сибири 1,347074 0,000697
сибирский 1,049822 0,000950
сибирью 2,207275 0,000285
сиднеем 3,506558 0,000453
сила 0,494296 0,000319
силовик 3,912023 0,000506
сильный 0,544727 0,000141
синагога 1,347074 0,000522
синема 1,771957 0,000229
система 0,051293 0,000020
системеобсуждениевкладсоздать -0,009950 -0,000001
сихотэ-алиня 3,506558 0,000453
сияние 1,832581 0,000474
ска-нефтяник 3,912023 0,000506
ска-хабаровск 3,912023 0,000506
сказка 1,660731 0,000215
скан-сити 3,912023 0,000506
скачать -0,009950 -0,000001
склад 2,040221 0,000264
сколько 0,653926 0,000085
скоростной 1,309333 0,000169
скульптор 1,237874 0,000320
скульптура 0,916291 0,000118
слабо 1,897120 0,000245
слава 0,941609 0,000974
славыскрытые 3,218876 0,000416
слева 1,108663 0,000143
следовать 0,235722 0,000152
слияние 1,609438 0,000416
словарь 0,094311 0,000049
слово 0,210721 0,000027
сложить 1,832581 0,000474
сложный 0,446287 0,000058
служба 0,527633 0,000477
случай -0,009950 -0,000003
смещение 0,733969 0,000095
сми 0,867501 0,001121
снабжение 2,040221 0,000264
снежный 1,078810 0,000139
снести 1,347074 0,000348
сноска 0,733969 0,000095
соб 3,912023 0,001517
собор 0,733969 0,000380
собрание 0,634878 0,000246
событие 0,733969 0,000095
событияпожертвовать -0,009950 -0,000001
совет 0,462035 0,000597
советский 0,261365 0,000439
советско-гаванский 3,912023 0,000506
совкино 3,506558 0,000453
современность 1,386294 0,000179
современный 0,150823 0,000078
содержание 0,010050 0,000004
содержаниемвикипедия 2,995732 0,000387
содержать 0,634878 0,000082
соединить 0,994252 0,000129
соединиться 2,813411 0,000727
соединять 1,108663 0,000143
созвездие 3,218876 0,000416
создать 0,210721 0,000082
сознание 1,897120 0,000245
солдат 1,469676 0,000570
солдатский 1,832581 0,000474
солнечный 0,597837 0,000464
солнышко 3,506558 0,000453
сообщение 0,478036 0,000124
сообщить -0,009950 -0,000001
соответствие 0,371064 0,000336
соответствовать 0,371064 0,000048
сопредельный 2,659260 0,000344
сорок 1,897120 0,000245
сортировочная 2,659260 0,000344
сост 0,597837 0,000386
состав 0,248461 0,000353
составить 0,400478 0,000155
составление 2,207275 0,000285
составлять 0,198451 0,000103
состояние 0,248461 0,000032
состоять 0,385662 0,000050
состояться 0,713350 0,000184
сотня 1,609438 0,000208
сотовый 1,309333 0,000339
сотрудничество 1,078810 0,000139
софийск 3,506558 0,000907
софийскому 3,912023 0,000506
сохранение -0,009950 -0,000001
сохраниться 0,820981 0,000212
социалистический 1,272966 0,000165
социально-экономического 1,237874 0,000320
социальный 0,527633 0,000068
союз 0,579818 0,000525
спасибо 3,506558 0,000453
спаситель 2,659260 0,000344
спасо-преображенский 1,966113 0,000508
спб 0,385662 0,000199
список 0,210721 0,000109
спорный 1,514128 0,000196
спорт 0,713350 0,000277
спортивно-зрелищный 3,506558 0,000453
способствовать 0,867501 0,000112
справа 1,714798 0,000222
справочник 0,798508 0,000413
справочный 1,514128 0,000391
спустя 1,609438 0,000416
сравнение 0,733969 0,000095
сразу 0,994252 0,000257
среди 0,198451 0,000154
среднеамурской 3,912023 0,001011
среднегодовой 0,776529 0,000100
среднее 0,342490 0,000133
среднемесячный 1,560648 0,000202
средний 0,371064 0,000624
средство 0,287682 0,000112
сср 0,820981 0,000212
ссср 0,314711 0,000610
ссылка -0,009950 -0,000021
ссылкамистраницы 2,525729 0,000326
ссылкасведения -0,009950 -0,000001
ставка 2,120264 0,000274
стадий 1,660731 0,000215
стадион 0,891598 0,001268
сталинский 1,514128 0,000196
сталь 0,415515 0,000215
стандарт 0,867501 0,000224
стандартный 1,560648 0,000605
станица 2,207275 0,000285
становление 1,237874 0,000320
станция 0,579818 0,000675
старатель 3,912023 0,001011
старое 0,941609 0,000730
старообрядческий 1,427116 0,000369
старый 0,314711 0,000081
статистик -0,009950 -0,000010
статистический 0,713350 0,002213
статус 0,430783 0,000223
стать 0,083382 0,000140
статьевикипедия 1,660731 0,000215
статьестатьи 0,843970 0,000109
статьислучайная -0,009950 -0,000001
статьисообществофорумсправкасвежие -0,009950 -0,000001
статья 0,020203 0,000050
статьяобсуждение -0,009950 -0,000001
статьятекущие -0,009950 -0,000001
стела 1,386294 0,001075
стен 0,967584 0,000125
стереотип 1,469676 0,000190
стиль 0,673345 0,000522
столетие 1,469676 0,000190
столица 0,755023 0,000195
сторожевой 2,040221 0,000264
сторона 0,235722 0,000061
страна 0,235722 0,000183
страница -0,009950 -0,000006
страницасодержаниеизбранные -0,009950 -0,000001
страницецитировать -0,009950 -0,000001
страницуполучить -0,009950 -0,000001
страницыслужебные -0,009950 -0,000001
стратегический 1,469676 0,000190
строение 0,891598 0,000115
строитель 1,272966 0,000329
строительство 0,462035 0,000478
строиться 0,693147 0,000090
строй 1,609438 0,000208
стык 1,832581 0,000237
субъект 0,597837 0,000386
суд 0,693147 0,000179
судостроение 2,995732 0,000387
судостроительный 1,966113 0,000254
судьба 1,427116 0,000184
сумма 1,386294 0,000179
сунгари 3,506558 0,000453
суньхэ 3,506558 0,000453
суперкубок 3,506558 0,000453
сутки 1,427116 0,000184
суточный 0,755023 0,000390
сутурин 3,912023 0,002023
сухой 1,049822 0,000136
существенно 1,108663 0,000143
существовать 0,020203 0,000003
считаться 0,385662 0,000150
сша 0,562119 0,000145
съезд 1,560648 0,000202
сысоева 3,506558 0,000453
сюдасвязанные -0,009950 -0,000001
табл 0,867501 0,000112
таблица 0,544727 0,000282
табличка 2,525729 0,000326
таганрог 2,407946 0,000311
тайга 1,427116 0,000184
тайна 1,897120 0,000981
таковой 1,514128 0,000196
такой 0,162519 0,000042
такси 1,021651 0,000264
твердый 1,771957 0,000229
тверь 1,514128 0,000196
творчество 1,021651 0,000264
театр 0,713350 0,000738
текст -0,009950 -0,000003
тектоник 2,813411 0,000364
телевидение 0,820981 0,000212
телеканал 0,916291 0,000355
телекоммуникация 2,120264 0,000274
телефонный 0,776529 0,000201
тело 1,237874 0,000160
тельмана 3,218876 0,000416
тематический 0,510826 0,000066
температура 0,510826 0,000462
тепловой 1,660731 0,000429
теплоход 1,514128 0,000587
территориальный 0,713350 0,000461
территория 0,356675 0,000415
техник 0,713350 0,000092
техникум 1,272966 0,000165
технология 0,400478 0,000104
течь 0,274437 0,000035
тигр 2,302585 0,000595
тип 0,072571 0,000066
типография 1,171183 0,000606
тихвин 2,813411 0,000364
тихоокеанский 2,040221 0,001846
товарищ 2,659260 0,000688
товарный -0,009950 -0,000001
тога 3,912023 0,001517
томск 1,108663 0,000143
тоннель 2,302585 0,000298
топограф 3,218876 0,000416
топоним 1,078810 0,000139
топонимический 0,776529 0,000100
торговля 0,579818 0,000075
торговый 0,597837 0,000309
торжественно 1,660731 0,000429
торжественный 1,309333 0,000339
точка 0,478036 0,000062
традиция 0,891598 0,000115
трамвай 0,891598 0,000461
трамвайно-троллейбусного 3,506558 0,000453
трамвайный 1,139434 0,000295
трансгаз 2,995732 0,000387
транслироваться 2,813411 0,000727
транснефть 3,506558 0,000453
транспорт 0,616186 0,001115
транспортный 0,616186 0,000319
транссиб 2,040221 0,000791
транссибирский 1,714798 0,000222
транстелеком 2,813411 0,000727
трасс 0,941609 0,000122
требовать 0,562119 0,000073
трейдинг 3,912023 0,000506
третий 0,616186 0,000319
триада 3,912023 0,000506
трижды 2,120264 0,000274
троица 1,832581 0,000237
троицкое 2,813411 0,000364
тройницкий 2,995732 0,000387
тройницкого 3,218876 0,000416
троллейбус 0,867501 0,000336
троллейбусный 0,967584 0,000125
трубный 2,995732 0,000387
труд 0,597837 0,000155
туапсе 1,897120 0,000245
тугуро-чумиканский 3,912023 0,000506
туда 2,525729 0,000653
тумба 3,912023 0,000506
тунгуска 2,813411 0,000727
тунцзян 3,506558 0,000453
тургенева 3,218876 0,000832
туризм 1,078810 0,000279
туристический 1,021651 0,000132
турнир 1,771957 0,000229
тыл 1,771957 0,000229
тыс 0,430783 0,000167
тысяча 0,371064 0,000144
тэц 1,272966 0,000658
тюз 2,659260 0,000344
убедиться 3,218876 0,000416
убивать 2,995732 0,000387
убийство 1,714798 0,000222
увал 2,995732 0,000387
удалить 0,579818 0,000075
удаться 1,203973 0,000156
удобный 1,427116 0,000184
уезд 1,272966 0,000165
уехать 2,659260 0,000344
узел 0,527633 0,000136
узнать 1,771957 0,000229
уильямом 3,506558 0,000453
указ 0,733969 0,000380
указание -0,009950 -0,000004
указать 0,083382 0,000054
украина 0,527633 0,000136
украинский 1,469676 0,000190
уланд 2,995732 0,000387
улица 0,776529 0,000803
улучшить 1,049822 0,000136
ульчский 3,506558 0,000453
умереть 1,309333 0,000508
умерить 1,049822 0,000407
умершимъ 3,912023 0,000506
ун-та 2,120264 0,000274
универсальный 0,544727 0,000070
университет 0,328504 0,000510
управа 1,714798 0,000222
управление 0,248461 0,000289
управлять 0,967584 0,000125
урала 1,609438 0,000208
урка 3,218876 0,000416
уровень 0,150823 0,000078
уроженец 1,660731 0,000215
уруша 3,506558 0,000453
условие -0,009950 -0,000005
услуга 0,755023 0,000390
успенский 1,237874 0,000160
уссури 3,218876 0,004993
уссурийска 3,912023 0,000506
уссурийский 2,813411 0,002546
устав 0,843970 0,000109
устанавливаться 1,609438 0,000208
установить 0,328504 0,000127
установление 1,021651 0,000132
устройство 0,527633 0,000136
уступить 2,525729 0,000326
усть-уссурийский 3,912023 0,000506
устье 0,634878 0,000410
утверждение 0,400478 0,000052
утес 2,407946 0,000934
уточнение 1,469676 0,000190
уточнить 1,714798 0,000222
утратить 1,272966 0,000165
уфрс 3,912023 0,000506
участие -0,009950 -0,000005
участок 0,616186 0,000159
учебный 0,673345 0,000261
учет 0,597837 0,000155
учетный -0,009950 -0,000001
учреждение 0,653926 0,000085
фабрика 1,021651 0,000132
фадеева 3,506558 0,000907
факт 0,634878 0,000164
фактически 0,916291 0,000118
фбгоу 3,912023 0,000506
фгбоу 3,506558 0,000453
фгбу 2,659260 0,000688
фгу 2,525729 0,000326
фгуп 1,771957 0,000229
фев 2,525729 0,000326
февр 0,820981 0,000424
февраль 0,051293 0,000099
февральский 2,040221 0,000264
федеральный 0,462035 0,000956
федеративный 1,897120 0,000245
федерация 0,510826 0,001519
федотова 2,995732 0,000387
феодосия 1,966113 0,000254
физико-географический 0,693147 0,000179
физический 0,798508 0,000310
физкультура 2,040221 0,000264
фиксировать 1,427116 0,000184
филармония 1,049822 0,000407
филиал 0,755023 0,000781
филиппов 2,525729 0,000326
фильтрационный 3,912023 0,000506
финансовый 0,733969 0,000285
финансы 0,733969 0,000095
фирма 1,386294 0,000358
фирменный 2,040221 0,000264
флаг 0,597837 0,000155
флагман 3,218876 0,000416
флот 1,347074 0,000522
флотилия 2,120264 0,000274
фонд -0,009950 -0,000003
фонтан 1,309333 0,000169
формирование 0,597837 0,000077
формула 2,040221 0,000264
форт-артуа 3,912023 0,000506
форум 1,203973 0,000156
фотоальбом 2,995732 0,000387
фотография 1,108663 0,000287
фронт 1,078810 0,000279
фсб 2,407946 0,000311
функционировать 0,798508 0,000103
фургал 3,912023 0,000506
футбольный 0,941609 0,000122
фуюань 3,506558 0,001360
фуюаня 3,506558 0,000453
хаба 3,506558 0,002266
хабар 3,506558 0,000453
хабарова 3,912023 0,000506
хабаровка 3,912023 0,007080
хабаровкадо 3,912023 0,000506
хабаровке 3,912023 0,003034
хабаровки 3,912023 0,000506
хабаровку 3,912023 0,001011
хабарово 3,912023 0,001011
хабароводо 3,912023 0,000506
хабаровск 2,302585 0,035420
хабаровска 3,218876 0,029126
хабаровске 3,912023 0,018205
хабаровский 2,525729 0,040485
хабарову 3,912023 0,000506
хабаровчанин 3,912023 0,000506
хабиижт 3,912023 0,000506
хайнань 3,912023 0,000506
характер 0,653926 0,000085
характеристика 0,415515 0,000161
харбин 2,813411 0,000727
харизматы 3,912023 0,000506
хватать 0,820981 0,000106
хватцев 2,995732 0,000387
хгаэип 3,912023 0,000506
хгиик 3,912023 0,000506
хгик 3,912023 0,000506
хгпи 3,912023 0,000506
хгпу 3,912023 0,000506
хгуэп 3,912023 0,001517
хиджау 3,912023 0,000506
хиик 3,912023 0,000506
хладокомбинат 2,995732 0,000387
ход 0,510826 0,000066
ходить 1,514128 0,000587
хозяйство 0,579818 0,000525
хоккей 1,171183 0,000908
хоккейный 1,108663 0,000430
холдинг 2,040221 0,000264
холодная 1,139434 0,000147
хореографический 2,659260 0,000344
храм 0,733969 0,000664
христиане-баптисты 3,912023 0,000506
христос 1,897120 0,000245
хрэб 3,912023 0,001011
художественный 0,653926 0,000338
хумахэ 3,506558 0,000453
хэйлунцзян 3,506558 0,000453
хэйхэ 3,218876 0,000832
центр 0,287682 0,001078
централизовать 1,427116 0,000184
центральный 0,400478 0,000673
церемония 1,832581 0,000474
церковь 0,673345 0,001219
цесаревич 2,995732 0,000387
цзямусы 3,912023 0,000506
циммермановка 3,506558 0,000453
цин 3,506558 0,000453
цинский 3,912023 0,001011
цирк 1,078810 0,000279
цитата 2,040221 0,000264
цифровой 0,562119 0,000145
час 0,867501 0,000224
часовня 1,469676 0,000380
часовой 0,713350 0,000369
частотный 3,506558 0,000453
частый 1,309333 0,000169
часть 0,061875 0,000064
чей 1,386294 0,000179
челнок 3,218876 0,000832
чело 0,713350 0,000830
человек 0,186330 0,000193
чемпион 1,203973 0,000156
чемпионат 0,994252 0,000514
черепаха 3,218876 0,000416
чернышева 3,218876 0,000832
чернышова 3,912023 0,005057
черт 0,916291 0,000355
черта 0,994252 0,000129
честь 0,562119 0,000363
четверо 3,218876 0,000416
четыре 0,597837 0,000386
четырехкратный 2,995732 0,000387
чечулина 3,912023 0,002023
чешский 1,966113 0,000254
чжаосин 3,506558 0,000453
чжурчжэньская 3,912023 0,000506
чин 2,995732 0,000774
чинамъ 3,912023 0,000506
чиновник 1,771957 0,000229
численность 0,616186 0,003345
число 0,186330 0,000072
чистая 1,427116 0,000184
чистый 2,040221 0,000264
чита 1,203973 0,000311
читатьправитьправить 0,494296 0,000064
член 0,755023 0,000098
шаблон 0,462035 0,000060
шаньдун 3,506558 0,000453
шевченко 2,302585 0,000298
шевчик 3,912023 0,000506
шестидесятый 3,506558 0,000453
шестизначный 2,525729 0,000326
шилка 2,995732 0,000387
ширина 0,916291 0,000118
широкополосный 2,407946 0,000311
школа 0,478036 0,000124
школьник 1,771957 0,000229
шкуркин 3,912023 0,000506
шкуропат 3,912023 0,000506
шренка 3,912023 0,000506
штаб 1,560648 0,000202
штат 1,560648 0,000202
эвакуация 1,832581 0,000237
эвакуировать 1,272966 0,000165
эвен 2,302585 0,000298
эвенк 1,832581 0,000237
экз 0,415515 0,000269
экологически 2,813411 0,000364
экологический 0,693147 0,000090
экология 0,562119 0,000073
экономика 0,400478 0,000311
экономический 0,478036 0,000124
экспедиционный 3,506558 0,000453
эксплуатация 0,776529 0,000201
экспозиция 1,272966 0,000329
экспонат 1,832581 0,000237
экспонирование 3,912023 0,000506
экспорт -0,009950 -0,000001
экспресс 2,120264 0,000548
экстремум 2,995732 0,000387
электрический 1,309333 0,000169
электронный 0,478036 0,000124
электропоезд 1,609438 0,000208
энергетик 1,108663 0,000287
энергия 1,021651 0,000132
энфорта 2,813411 0,000364
энциклопедичность 3,506558 0,000453
энциклопедия -0,009950 -0,000008
эповым 3,912023 0,000506
эсер 2,659260 0,000344
эстетический 2,995732 0,000387
этап 0,634878 0,000082
этнографический 2,040221 0,000264
эфир 1,427116 0,000184
юбилейный 0,798508 0,000310
южно-сахалинск 3,218876 0,000416
южный 0,385662 0,000050
юнкер 3,218876 0,000416
юность 1,660731 0,000215
юношеский 1,560648 0,000202
юный 1,309333 0,000169
юпитер 2,813411 0,000364
юридический 0,994252 0,000257
юрием 2,302585 0,000298
юрия 1,660731 0,000215
юстиция 2,207275 0,000285
являться 0,040822 0,000026
ягодный 2,813411 0,000364
язык -0,009950 -0,000006
языковой 1,660731 0,000429
як 2,040221 0,000527
якова 2,995732 0,000774
якову 3,218876 0,000416
якутск 1,203973 0,000156
янв 0,820981 0,000531
январь 0,105361 0,000531
японец 2,040221 0,000791
японию 2,813411 0,000364
япония 1,897120 0,000736
японский 1,469676 0,001710
ясный 1,347074 0,000174
