абсолютный 0,798508 0,000206
абсолютными 3,506558 0,000453
авангард 1,832581 0,000237
авг 0,820981 0,000531
августа 0,072571 0,000206
августе 0,994252 0,000129
авиадиспетчеров 3,912023 0,000506
авиакомпания 2,302585 0,000298
авиаперевозки 2,995732 0,000387
авиаремонтным 3,912023 0,000506
авиации 1,347074 0,000174
авиационный 1,771957 0,000458
авиационных 2,813411 0,000364
австр 0,000000 0,000000
австрийских 3,912023 0,000506
австрийской 3,506558 0,000453
авт 1,469676 0,000570
автобус 1,021651 0,000132
автобусные 1,966113 0,000254
автобусных 1,609438 0,000208
автобусов 1,469676 0,000190
автовокзал 1,427116 0,000369
автодорог 2,407946 0,000311
автодорогам 1,078810 0,000139
автокинотеатром 3,912023 0,000506
автомобилей 1,272966 0,000165
автомобильный 1,049822 0,000407
автомобильным 2,302585 0,000298
автомобильных 1,386294 0,000179
автономной 1,832581 0,000237
автономных 2,813411 0,001455
автоперевозок 3,912023 0,000506
авторитетные 0,941609 0,000122
автором 1,966113 0,000254
авторства -0,009950 -0,000001
автотрасс 3,506558 0,000453
агеева 1,469676 0,000190
агломерации 0,916291 0,000237
агломерация 0,867501 0,000224
агроэкономики 3,912023 0,000506
адвентистов 1,714798 0,000222
адвентисты 2,995732 0,000387
административно 1,966113 0,000254
административно-территориальное 0,820981 0,000424
административно-территориальную 3,218876 0,000416
административного 1,897120 0,000245
административное 0,843970 0,000327
административном 3,218876 0,000832
административный 0,843970 0,000545
административным 1,514128 0,000196
административных 1,309333 0,000169
администрации 0,843970 0,000436
администрация 0,941609 0,000487
адреса 1,897120 0,000245
азар 3,912023 0,000506
азиатский 2,659260 0,000344
азии 0,916291 0,000118
айгунский 3,506558 0,000453
айгунского 3,912023 0,000506
айгунь 3,912023 0,000506
академии 0,693147 0,000179
академия 0,798508 0,000619
акцент 2,659260 0,000344
акций 2,120264 0,000274
александр 0,693147 0,000179
александра 0,820981 0,000318
александром 2,120264 0,000274
алексея 1,514128 0,000196
аллея 1,832581 0,000474
алмазного 2,813411 0,000364
алфавитувикипедия 0,776529 0,000100
алфавитунаселенные 0,867501 0,000112
аль-фуркан 3,912023 0,000506
амазар 3,506558 0,000453
амгунь 3,506558 0,000453
американский 1,897120 0,000245
американскими 3,506558 0,000453
американской 2,207275 0,000285
американцам 3,912023 0,000506
амур 2,813411 0,007637
амура 2,995732 0,003098
амурегорода 3,912023 0,000506
амурегородские 3,912023 0,000506
амурзет 3,506558 0,000453
амуром 3,506558 0,000453
амурск 3,506558 0,000907
амурская 2,659260 0,000344
амурские 3,506558 0,000453
амурский 2,407946 0,000934
амурских 3,218876 0,000832
амурского 2,995732 0,001549
амурское 3,506558 0,000907
амурской 2,995732 0,002323
амуру 3,218876 0,002080
амурхэ 3,506558 0,000453
анапа 1,966113 0,000254
англ 0,174353 0,000023
андрей 0,967584 0,000125
аннексия 0,994252 0,000129
антициклона 2,659260 0,000344
античного 3,506558 0,000453
анюй 3,218876 0,000416
апр 0,798508 0,000516
апреля 0,174353 0,000316
аргументы 1,203973 0,000311
аргунь 3,506558 0,000453
арена 1,427116 0,000184
аренду 2,525729 0,000326
аренды 2,813411 0,000364
арене 2,525729 0,000653
ареной 2,120264 0,000274
аризона 3,912023 0,000506
аристов 3,912023 0,000506
аркадием 3,912023 0,000506
аркадий 2,302585 0,000298
арктел 3,912023 0,000506
арм 3,912023 0,000506
армии 1,049822 0,000814
арт-холдинг 3,912023 0,000506
артель 3,218876 0,000832
артиллерийская 3,218876 0,000416
артиллерийское 2,659260 0,000344
арх 0,544727 0,000141
архангельск 1,771957 0,000229
археолога 2,995732 0,000387
археологии 1,309333 0,000169
археологическая 2,995732 0,000387
архив 0,462035 0,000060
архива 2,525729 0,000653
архивировано 0,020203 0,000277
архивная 0,400478 0,000052
архивной 0,713350 0,000092
архитектура 0,755023 0,000098
ассоциацию 2,995732 0,000387
аст 0,820981 0,000106
астрель 1,049822 0,000136
атаман 2,659260 0,000344
атамана 2,659260 0,001031
атлас 1,272966 0,000329
атмосфера 2,525729 0,000326
атриум-партнер 3,912023 0,000506
аудиозапись 3,218876 0,000416
аудиостатей 3,218876 0,000416
аэродром 1,514128 0,000587
аэропорт 0,843970 0,000109
аэропорта 1,049822 0,000136
аэропорте 3,506558 0,000453
аэропорты 1,714798 0,000222
аяно-майский 3,912023 0,000506
б-к 0,000000 0,000000
б-ка 0,000000 0,000000
багаж 3,506558 0,000453
база 0,916291 0,000355
базирования 2,995732 0,000387
базы 1,108663 0,000143
байкало-амурской 3,506558 0,000453
банка 0,941609 0,000122
банкноте 3,912023 0,001011
баптистов 2,525729 0,000326
батальон 3,218876 0,000832
батальона 2,407946 0,001245
баш 3,506558 0,000453
безвозмездного 3,912023 0,000506
безопасности 1,139434 0,000147
беларускаябългарски 0,000000 0,000000
беларусь 1,237874 0,000160
белгород 2,302585 0,000298
белогвардейского 3,506558 0,000453
белоглазов 3,912023 0,000506
белой 1,660731 0,000215
белый 1,514128 0,000196
бенедикта 3,912023 0,000506
берег 1,021651 0,000528
берега 0,916291 0,000355
береговая 1,966113 0,000254
берегу 0,616186 0,000239
березовка 2,995732 0,001162
бесплатно 2,207275 0,000285
бессарабской 3,912023 0,000506
библейский 3,912023 0,000506
библиогр 2,995732 0,000387
библиографических 0,094311 0,000012
библиотек 0,967584 0,000125
библиотека 0,462035 0,000299
библиотеку 2,207275 0,000285
бизнеса 0,967584 0,000500
бикин 3,506558 0,000453
бикинский 3,912023 0,000506
билайн 1,272966 0,000329
бира 3,506558 0,000453
биробиджан 3,506558 0,000453
благовещ 3,506558 0,000453
благовещенск 2,995732 0,001936
благодаря 0,527633 0,000205
благоприятный 3,912023 0,000506
благоустроенные 3,506558 0,000453
благоустроенный 2,407946 0,000623
благоустроенным 3,218876 0,000416
благоустроить 3,506558 0,000453
ближайшего 2,813411 0,000364
близ 1,237874 0,000160
блюхера 2,659260 0,000344
богородицы 1,272966 0,000165
богородское 3,218876 0,000416
бодиско 3,912023 0,002023
боев 2,813411 0,000727
боли 3,912023 0,001011
большая 0,072571 0,000075
большевик 3,506558 0,000453
большинство 0,597837 0,000077
большой 0,328504 0,000085
боя 2,302585 0,000298
британская 2,659260 0,000344
брокгауза 0,328504 0,000085
бронзовый 2,207275 0,000285
брянск 2,207275 0,000285
буддийский 2,659260 0,000344
буддийского 3,912023 0,000506
будущего 1,427116 0,000369
будущей 2,659260 0,000344
букер 3,912023 0,000506
булава 3,506558 0,000453
бульвара 2,407946 0,000623
бурея 3,506558 0,000453
бури 3,218876 0,000416
бурилова 3,912023 0,001517
буряад 0,000000 0,000000
буссе 3,506558 0,000453
бывш 2,525729 0,000326
бывшего 1,021651 0,000264
бывшей 1,514128 0,000196
бывшие 1,771957 0,000229
бывший 1,108663 0,000143
бывших 1,897120 0,000245
быстро 1,139434 0,000147
вагонное 3,218876 0,000416
валентина 2,302585 0,000298
ванинский 3,912023 0,000506
вариант 1,386294 0,000179
василевский 3,506558 0,000453
василия 1,771957 0,000229
васильевич 1,609438 0,000416
васильевича 2,813411 0,000727
вашла 0,000000 0,000000
вблизи 1,139434 0,000295
введена 1,897120 0,000245
введение 1,609438 0,000416
вверх 1,832581 0,000237
ввц 3,912023 0,000506
вдоль 0,755023 0,000195
ведении 2,407946 0,000311
ведения 1,832581 0,000237
ведомости 1,049822 0,000271
вежновец 3,912023 0,000506
век 0,733969 0,000095
века 0,248461 0,000096
векерайонные 3,218876 0,000416
вел 2,813411 0,000364
великая 1,514128 0,000196
великие 2,207275 0,000285
великий 1,469676 0,000190
великой 0,653926 0,000254
величине 1,771957 0,000229
венгерской 3,912023 0,001011
вернулись 2,525729 0,000326
вероисповеданий 2,813411 0,000364
версии 0,446287 0,000058
версия -0,009950 -0,000003
верхнебуреинский 3,912023 0,000506
верховного 1,272966 0,000165
весной 1,049822 0,000271
весом 2,525729 0,000326
вести 0,843970 0,000109
вестник 1,049822 0,000136
весь 0,755023 0,000195
ветров 0,843970 0,000109
вечером 2,525729 0,000326
взамен 1,832581 0,000237
взгляд 1,514128 0,000196
вид 0,494296 0,000319
виде 0,235722 0,000030
видные 3,218876 0,000416
виды 0,798508 0,000206
визит 2,813411 0,000364
викигид 1,660731 0,000215
викигиде 0,776529 0,000301
викиданные 0,776529 0,000201
викиданных -0,009950 -0,000001
викиданныхвикипедия 0,891598 0,000115
викимапиипро 1,427116 0,000184
викимедиа -0,009950 -0,000001
википедии -0,009950 -0,000003
википедия -0,009950 -0,000014
викискладвикиновостивикицитатниквикигидэлемент 1,272966 0,000165
викискладвикипедия 1,469676 0,000190
викискладе 0,174353 0,000023
викискладепутеводитель 0,713350 0,000092
викицитатник 1,272966 0,000165
викицитатникемедиафайлы 1,469676 0,000190
виктории 3,912023 0,001011
викторина 2,995732 0,000387
виктория 2,659260 0,000344
виктором 3,912023 0,000506
виллиндж 3,912023 0,000506
вкладе 3,912023 0,000506
включает 0,462035 0,000060
включающая 1,966113 0,000254
включением 2,659260 0,000344
включении 2,207275 0,000285
владение 1,427116 0,000369
владении 3,506558 0,000453
владивосток 1,897120 0,001471
владивостока 2,525729 0,001306
владивостоке 3,218876 0,000416
владивостоком 3,218876 0,000416
владивостокской 3,506558 0,000453
владикавказ 2,120264 0,000274
владимира 1,309333 0,000339
владимировка 3,218876 0,000416
влажное 2,407946 0,000311
влажность 1,171183 0,000151
власти 0,634878 0,000739
власть 0,733969 0,000664
властями 2,120264 0,000274
влился 3,912023 0,000506
влксм 2,302585 0,000298
вмо 2,995732 0,000774
внеклассная 3,912023 0,001011
внешнеэкономических 3,218876 0,000416
внешние 0,051293 0,000013
вниз 1,171183 0,000151
вновь 0,755023 0,000098
внутреннее 0,733969 0,000095
внутренних 1,237874 0,000160
внутригородским 0,967584 0,000125
внутригородских 1,514128 0,000391
внутригородской 2,659260 0,000688
водное 3,218876 0,000416
водных 1,347074 0,000348
военачальника 2,813411 0,000364
военная 1,108663 0,000287
военно-исторический 1,832581 0,000474
военного 1,309333 0,000846
военной 1,347074 0,000348
военнопленных 2,525729 0,000979
военнослужащих 2,813411 0,000364
военные 1,237874 0,000160
военный 1,272966 0,000329
военным 2,040221 0,000527
военными 3,912023 0,000506
военных 1,272966 0,000165
возвышенном 3,218876 0,000416
возглавляемая 3,506558 0,000453
возглавляемое 3,506558 0,000453
возглавляет 2,120264 0,000274
воздвигнут 3,218876 0,000416
воздействию 2,995732 0,000387
воздух 1,660731 0,000215
воздуху 2,813411 0,000364
воздушных 1,347074 0,000348
вознесенское 3,218876 0,000416
возникновения 1,469676 0,000190
воинов 2,525729 0,000326
воинской 1,660731 0,001932
война 1,171183 0,000757
войне 1,049822 0,000271
войны 0,478036 0,000494
войск 1,347074 0,000348
войска 1,237874 0,000320
войсками 1,386294 0,000179
войсковое 3,218876 0,000416
вокзал 0,820981 0,000318
вокзала 0,967584 0,000125
вокзальной 3,506558 0,000453
волейболу 2,207275 0,000571
волоколамск 2,813411 0,000364
волочаевка 3,912023 0,000506
волочаевского 3,912023 0,000506
волшебные 0,040822 0,000005
вопросы 1,049822 0,000136
воронеж 1,203973 0,000156
восемь 1,660731 0,000215
воспитания 2,813411 0,000364
воссоздан 2,659260 0,000344
воссозданию 3,506558 0,000453
воссозданный 3,218876 0,000416
восставшие 3,506558 0,000453
восстание 1,660731 0,000429
восстания 1,660731 0,000215
восстановлен 1,771957 0,000458
восстановлена 2,120264 0,000274
восток 1,021651 0,000660
востока 1,078810 0,002092
востоке 1,108663 0,000860
востоков 3,912023 0,000506
востоктелеком 3,912023 0,001011
востоку 1,514128 0,000196
восточно-сибирского 2,659260 0,000688
восточно-сибирское 2,407946 0,000311
восточного 1,386294 0,000538
восточной 0,693147 0,000269
восточными 2,813411 0,000364
востриков 3,912023 0,000506
вошел 1,237874 0,000320
вошли 1,347074 0,000174
вошло 2,302585 0,000298
впадения 1,514128 0,000196
впервые 0,385662 0,000050
впо 2,525729 0,001306
впоследствии 0,653926 0,000254
впп 2,995732 0,000387
временем 0,616186 0,000080
времени 0,186330 0,000120
временно 1,309333 0,000169
временного 1,897120 0,000245
время 0,030459 0,000043
врублевский 3,912023 0,000506
всем 0,891598 0,000115
всемирная 1,714798 0,000443
всеобщая 2,040221 0,000264
всеобщей 2,659260 0,000344
всероссийская 0,843970 0,000109
всероссийского 1,347074 0,000174
всероссийской 0,713350 0,000184
всесоюзная 0,843970 0,000545
всесоюзной 2,813411 0,000364
вслед 2,207275 0,000285
вся 0,994252 0,000129
вторая 0,994252 0,000129
второго 1,139434 0,000147
второе 1,272966 0,000165
второй 0,274437 0,000106
входившему 3,912023 0,000506
входит 0,653926 0,000338
входом 0,994252 0,000129
входящее 3,506558 0,000453
вцспс 2,995732 0,000387
выборг 2,302585 0,000298
выборов 1,897120 0,000245
выборы 1,347074 0,000348
выбрав 3,912023 0,000506
выгодное 2,659260 0,000344
выгодным 2,813411 0,000364
выделен 2,040221 0,000264
вызова 2,995732 0,000387
вымпел-коммуникации 2,995732 0,000387
вып 0,798508 0,000206
выпадает 1,203973 0,000156
выпала 3,506558 0,000453
выполненной 3,506558 0,000453
выполнил 3,506558 0,000453
вырабатывают 2,995732 0,000387
высадившихся 3,912023 0,000506
высадился 3,506558 0,000453
выслугой 3,912023 0,000506
высокоскоростного 3,912023 0,000506
высота 0,562119 0,000073
высочайшее 3,218876 0,000832
выступает 1,347074 0,000174
выступающая 3,506558 0,000453
выступления 1,897120 0,000245
высшие 1,386294 0,000358
выхода 1,771957 0,000458
выходит 1,427116 0,000184
вычислительный 3,506558 0,000453
выше 0,616186 0,000080
вышло 2,525729 0,000326
вэйхай 3,506558 0,000453
вяземский 3,506558 0,001360
вязьма 2,659260 0,000344
гавань 2,302585 0,000595
гагарин 2,659260 0,000344
гагарина 1,427116 0,001107
гагариным 3,218876 0,000416
газета 0,616186 0,000239
газеты 0,994252 0,000514
газовому 3,912023 0,000506
газопроводы 3,912023 0,000506
газораспределение 3,506558 0,000453
газораспределительная 3,218876 0,000416
газоснабжающая 3,912023 0,000506
газотранспортные 3,912023 0,000506
газпром 1,714798 0,000443
гайдар 3,506558 0,000453
гайдара 2,525729 0,000653
гайдаром 3,912023 0,000506
галерея 1,203973 0,000467
гаттенбергер 3,912023 0,000506
гатчина 2,813411 0,000364
гдр 2,813411 0,000364
гектар 3,218876 0,000416
генерал-губернатор 2,995732 0,001162
генерал-губернатором 2,813411 0,000364
генерал-губернаторства 2,659260 0,000688
генерал-губернаторство 3,506558 0,000907
генерала 1,832581 0,000474
генералом 3,218876 0,000416
геннадием 3,506558 0,000453
географические 0,713350 0,000092
географическо-статистический 2,407946 0,000311
географического 1,386294 0,000179
географическое 0,693147 0,000358
географической 0,798508 0,000103
география 0,462035 0,000119
геологического 3,506558 0,000453
георгий 1,560648 0,000202
геофизики 2,813411 0,000364
герб 0,820981 0,000212
германской 2,813411 0,000727
героем 3,506558 0,000453
героя 1,832581 0,000237
героям 2,040221 0,000264
гигант 2,659260 0,000688
гидрометеоцентр 3,218876 0,000416
гидрометцентр 3,218876 0,000832
гимн 0,820981 0,000106
гимназии 1,469676 0,000190
гкгн 0,994252 0,000129
гкгнпро 0,916291 0,000118
главе 1,237874 0,000160
главная 1,078810 0,000418
главного 1,237874 0,000160
главнокомандующий 3,506558 0,000453
главы 0,967584 0,000125
гласным 3,506558 0,000453
глобал 3,912023 0,000506
глобус 2,659260 0,000344
говорящих 3,506558 0,000453
год 0,235722 0,000853
года -0,009950 -0,000309
годавикипедия 0,616186 0,000159
годах 0,385662 0,000100
годов 0,356675 0,000092
году 0,072571 0,000356
годухабаровскгорода 3,912023 0,000506
годы 0,356675 0,000553
гондатти 2,995732 0,000387
гонконгская 3,506558 0,000453
гора 1,139434 0,000442
горами 2,207275 0,000285
горин 3,218876 0,000416
горного 2,302585 0,000298
город 0,544727 0,002535
города 0,430783 0,003230
города-побратимы 0,891598 0,000346
городам 0,798508 0,000103
городами 0,916291 0,000237
городами-побратимами 1,714798 0,000222
городах 1,272966 0,000165
городе 0,693147 0,002061
городов 0,579818 0,000600
городов-побратимов 1,660731 0,000215
городом 0,798508 0,000413
городпро 0,867501 0,000112
городская 0,843970 0,000545
городские 0,941609 0,000487
городским 0,798508 0,000103
городскими 2,207275 0,000285
городских 0,713350 0,001568
городского 0,693147 0,000986
городской 0,755023 0,000878
городскую 1,609438 0,000416
городу 0,798508 0,000103
городхабаровск 3,912023 0,000506
горы 1,108663 0,000143
горького 1,139434 0,000147
горячко 1,609438 0,000208
гос 1,609438 0,000624
госкомстат 0,891598 0,000231
господством 3,506558 0,000453
гостиниц 1,427116 0,000184
государств 1,203973 0,000156
государственная 0,941609 0,000487
государственного 0,616186 0,000239
государственное 0,776529 0,000100
государственной 0,616186 0,000797
государственный 0,430783 0,000835
гоу 2,659260 0,000688
градоначальники 1,771957 0,000229
гражданская 1,514128 0,000783
гражданские 2,407946 0,000311
гражданской 0,967584 0,000250
грамота 1,966113 0,000254
гран-при 2,207275 0,000285
границ 0,916291 0,000118
границах 1,078810 0,000139
границы 0,867501 0,000561
графа 3,218876 0,000416
графу 3,506558 0,000453
грез 3,506558 0,000453
грейвсом 3,912023 0,000506
грифом 3,506558 0,000453
гродеков 3,912023 0,000506
гродекова 3,912023 0,004551
гродековский 3,912023 0,001011
грозный 1,771957 0,000229
грузовой 1,514128 0,000196
грузовые 1,771957 0,000229
грунта 2,995732 0,000387
группа 0,693147 0,000179
группу 1,897120 0,000245
группы 0,634878 0,000082
гряды 2,525729 0,000326
гтрк 1,049822 0,000136
губернатор 1,272966 0,000165
губернатора 1,237874 0,000320
губернатором 1,966113 0,000508
губерний 1,714798 0,000222
гуга 3,912023 0,000506
гуманитарный 2,040221 0,000527
гур 3,506558 0,000453
давлением 2,525729 0,000326
дал 1,714798 0,000443
далькрайплан 3,506558 0,000453
далькрайплана 3,506558 0,000453
дальмостострой 3,912023 0,000506
дальневост 3,506558 0,001360
дальневосточная 2,995732 0,002323
дальневосточник 3,912023 0,001517
дальневосточного 2,813411 0,003637
дальневосточное 3,506558 0,001360
дальневосточной 3,506558 0,002266
дальневосточные 3,506558 0,000453
дальневосточный 2,813411 0,009456
дальневосточных 2,659260 0,000344
дальнего 1,514128 0,002544
дальнем 2,040221 0,001582
дальниилх 3,912023 0,000506
дальний 1,966113 0,000762
дальних 2,207275 0,000285
дальсовнарком 3,912023 0,000506
дальсовнаркома 3,912023 0,000506
дальтрансгаз 3,912023 0,000506
дальхимфарм 3,912023 0,000506
дальэнергомаш 3,912023 0,000506
дальэнергомонтаж 3,912023 0,000506
данной 1,609438 0,000208
данный 0,713350 0,000092
данным 0,415515 0,000107
данными 1,514128 0,000196
дар 2,525729 0,000326
дата 0,030459 0,000417
дата-лайн 3,912023 0,000506
датами 3,506558 0,000453
датская 0,342490 0,000044
дату 2,302585 0,000298
дачники 3,912023 0,001011
дачников 3,912023 0,000506
двадцать 2,040221 0,000264
двгафк 3,912023 0,001011
двггу 3,912023 0,001011
двгму 3,912023 0,000506
двгнб 3,912023 0,001011
двгупс 3,912023 0,000506
дви 3,506558 0,000453
движение 0,820981 0,000212
двизип 3,912023 0,000506
двимо 3,912023 0,000506
двк 3,506558 0,000453
двнц 3,912023 0,000506
дво 3,218876 0,001248
дворец 0,967584 0,000625
двр 3,506558 0,000453
двух 0,462035 0,000060
двухпутным 3,912023 0,000506
двухсот 2,659260 0,000344
дгк 3,912023 0,000506
дебри 3,912023 0,000506
дебри-дв 3,912023 0,005563
девочка 3,506558 0,000453
девы 2,995732 0,000387
дежнев 2,995732 0,000387
действиями 3,912023 0,000506
действовать -0,009950 -0,000001
действует 0,634878 0,000246
действуют 0,867501 0,000336
действующих 1,514128 0,000196
дек 0,820981 0,000531
декабристов 2,995732 0,000387
декабря 0,105361 0,000259
дел 1,469676 0,000190
дела 1,469676 0,000190
делался 3,912023 0,000506
делами 2,120264 0,000274
делаются 3,912023 0,000506
делегациями 3,912023 0,000506
деление 0,673345 0,000609
дело 1,078810 0,000139
демешиным 3,912023 0,000506
демоскоп 0,820981 0,000424
день 0,562119 0,000436
депо 1,771957 0,000458
депутатов 0,891598 0,000231
деревня 1,609438 0,000208
деревянной 2,120264 0,000274
десять 1,514128 0,000196
детей 0,941609 0,000243
детская 0,916291 0,000118
детский 1,171183 0,000303
детского 1,832581 0,000711
деятельности 0,446287 0,000115
деятельность 0,653926 0,000085
диапазон 2,813411 0,000364
диапазона 2,659260 0,000344
дивизии 2,207275 0,000285
диких 2,525729 0,000326
динамо 1,171183 0,000454
директор 1,832581 0,000237
дислоцировано 3,912023 0,000506
дистанционное 3,218876 0,000416
дистанция 3,912023 0,000506
дитерихса 3,912023 0,000506
дмитриевич 2,525729 0,000326
дмитрием 2,995732 0,000387
дмитров 2,813411 0,000364
дней 0,446287 0,000173
днейвикипедия 0,967584 0,000125
днем 1,660731 0,000215
дня 0,478036 0,000680
добавив 0,941609 0,000122
доведена 3,912023 0,000506
довольно 0,891598 0,000115
договор 1,771957 0,000687
договора 2,207275 0,000571
договоров 2,813411 0,000364
договором 3,218876 0,000416
договору 2,207275 0,000285
документах 1,560648 0,000202
документов 0,653926 0,000085
долготой 0,941609 0,000122
должна 0,544727 0,000070
доля 0,733969 0,000095
дом 0,562119 0,000218
дома 0,798508 0,000206
домашние 2,813411 0,000364
домовые 3,218876 0,000416
домостроительный 2,995732 0,000387
дополнительное 2,207275 0,000571
дополнительные -0,009950 -0,000001
дополнительных 2,040221 0,000264
дореволюционное 3,506558 0,000453
дореволюционный 2,525729 0,000326
дорог 0,891598 0,000115
дорога 0,798508 0,000103
дороге 1,427116 0,000184
дороги 0,713350 0,000184
дорогим 2,995732 0,000387
дорогой 1,832581 0,000711
дорожного 2,040221 0,000264
доронина 3,912023 0,000506
досааф 2,407946 0,000311
достиг 1,469676 0,000190
достопримечательности 1,049822 0,000271
доступ 1,203973 0,000311
доступен -0,009950 -0,000001
драмы 1,560648 0,000202
дрифт 3,912023 0,000506
другие 0,030459 0,000016
других -0,009950 -0,000004
другое 1,049822 0,000271
дружба 1,832581 0,000237
дружбы 1,560648 0,000403
дубинина 3,912023 0,001011
дубровка 3,218876 0,000416
дума 1,108663 0,000573
думы 1,078810 0,000418
духовенства 2,995732 0,000387
духовная 1,386294 0,000358
духовного 1,966113 0,000254
дфо 3,506558 0,000453
дьяченко 3,506558 0,001813
е-телеком 0,000000 0,000000
евангелическо-лютеранская 2,995732 0,000774
евангельские 3,506558 0,000453
еврейская 0,843970 0,000218
еврейской 2,659260 0,000688
европа 0,941609 0,000122
европейского 1,966113 0,000254
европы 0,673345 0,000087
единая 1,469676 0,000190
единиц 0,673345 0,000348
единицу 2,207275 0,000285
единый 1,469676 0,000190
ежегодник 0,820981 0,001592
ежемесячник 3,912023 0,001517
еженедельник 2,302585 0,002976
ездят 2,995732 0,000774
елабуга 2,813411 0,000364
елена 1,560648 0,000202
елец 2,407946 0,000311
елц 3,912023 0,000506
ельня 2,659260 0,000344
епархия 1,560648 0,000202
ерофей 3,506558 0,001813
ерофею 3,912023 0,000506
ерофея 3,912023 0,000506
есаулом 3,912023 0,000506
ефрона 0,328504 0,000085
ехб 3,218876 0,001248
жаркое 1,897120 0,000245
железная 1,171183 0,000151
железнодорожная 1,309333 0,000339
железнодорожников 2,120264 0,000274
железнодорожного 0,967584 0,000250
железнодорожной 1,347074 0,000348
железнодорожные 1,272966 0,000329
железнодорожный 0,755023 0,000488
железнодорожным 1,771957 0,000229
железнодорожных 1,469676 0,000760
железной 0,755023 0,000390
женских 1,966113 0,000254
женщин 1,386294 0,000179
жертв 2,120264 0,000822
жестоко 2,995732 0,000387
животных 1,203973 0,000156
жизни 0,562119 0,000436
жилые 1,347074 0,000174
жиромская 1,021651 0,000132
жителей 0,673345 0,000435
жители 1,049822 0,000136
жителя 1,771957 0,000229
жителями 1,609438 0,000208
журналы 1,609438 0,000208
забайкалья 2,995732 0,000387
заболоченной 3,506558 0,000453
заведения 1,108663 0,000430
заведование 3,912023 0,000506
завершена 2,302585 0,000298
завершено 1,609438 0,000624
завитая 3,506558 0,000453
завод 0,798508 0,000826
заводом 1,771957 0,000229
завоз 3,506558 0,000453
заглавная -0,009950 -0,000001
задержан 2,995732 0,000387
заимка 2,995732 0,000387
заказных 3,506558 0,000453
закат 2,813411 0,000364
заключили 2,995732 0,000387
закон 0,616186 0,000159
законов 1,660731 0,000644
законодательная 3,218876 0,000416
законодательной 2,813411 0,000364
законодательства 2,407946 0,000311
закрытию 3,506558 0,000453
зал 1,021651 0,000132
заложено 2,995732 0,000387
заменить 0,562119 0,000073
заметки 2,302585 0,000595
занимает 0,616186 0,000080
занимал 1,469676 0,000190
занял 1,139434 0,000147
занят 2,659260 0,000688
занятия 2,207275 0,000285
занятиями 3,912023 0,000506
зао 1,514128 0,000391
запада 1,021651 0,000132
западной 0,994252 0,000129
записки 1,560648 0,000202
записьвойти -0,009950 -0,000001
запустение 3,218876 0,000416
зарегистрированный -0,009950 -0,000001
зарегистрировано 1,309333 0,000169
зарплат 3,218876 0,000416
зарплата 2,525729 0,000326
заря 1,560648 0,000403
заслугами 3,912023 0,000506
застройки 1,021651 0,000264
затем 0,527633 0,000068
захвачен 2,525729 0,000326
захоронений 2,407946 0,000311
захоронения 2,407946 0,000934
зачатия 3,506558 0,000453
защитникам 2,995732 0,000387
заявление -0,009950 -0,000001
збекча 0,000000 0,000000
звание 1,049822 0,000543
звезда 1,237874 0,000640
звезды 1,897120 0,000245
здание 0,776529 0,000602
здания 0,867501 0,000336
землепроходца 3,912023 0,000506
земли 0,634878 0,000164
земской 2,659260 0,000344
земства 2,995732 0,001162
зеркало 3,912023 0,000506
зея 3,506558 0,000453
зикунова 3,912023 0,000506
зима 1,021651 0,000132
зимой 0,713350 0,000184
знак -0,009950 -0,000003
знамя 2,040221 0,000527
значение 0,314711 0,000041
значения 0,105361 0,000027
зон 1,309333 0,000169
зондирование 3,912023 0,000506
зоне 0,527633 0,000068
зону 1,660731 0,000215
зоосад 3,218876 0,000416
зрителя 1,427116 0,000184
ивана 1,078810 0,000279
ивановичем 2,995732 0,000387
ивэп 3,506558 0,000453
ивэсэип 3,912023 0,000506
игд 3,912023 0,000506
игнашино 3,506558 0,000453
игроков 3,912023 0,000506
игры 1,203973 0,000311
идентификаторы 0,693147 0,000090
идет 1,078810 0,000139
избран 1,386294 0,000358
изд 0,314711 0,000488
изд-во 1,049822 0,000543
издание 0,776529 0,000100
издательство 0,510826 0,000990
изменениях 2,407946 0,000311
изображение 1,427116 0,000184
изображения 1,609438 0,000208
иллюстрациях 3,506558 0,000453
иллюстрированные 3,912023 0,001011
имеет 0,235722 0,000030
имеется 0,653926 0,000085
имела 1,832581 0,000237
именем 1,272966 0,000165
имени 0,462035 0,000836
именно 0,544727 0,000070
именного 3,912023 0,000506
иметь 1,272966 0,000165
имеющих 1,272966 0,000165
императора 1,514128 0,000196
императорской 2,659260 0,000344
империей 2,659260 0,000344
империи 0,733969 0,000854
имхнц 3,912023 0,000506
имя 0,891598 0,000115
иначе 0,733969 0,000095
инвентарный 3,912023 0,000506
индекс 0,941609 0,000122
индустриального 2,407946 0,000311
индустриальном 3,912023 0,001011
индустриальный 1,966113 0,000254
инженерная 2,995732 0,000387
инициативе 1,427116 0,000369
иннокентия 3,912023 0,000506
иннокентьевка 3,506558 0,000453
иностранные 1,660731 0,000429
иностранцев 2,040221 0,000264
институт 0,478036 0,001298
института 0,755023 0,000195
институты 1,660731 0,000215
инструкцию 3,506558 0,000453
инструменты -0,009950 -0,000003
интервентов 2,995732 0,000387
интернет 0,916291 0,000355
интернет-портал 1,897120 0,000245
инфокоммуникаций 3,912023 0,000506
информатики 1,714798 0,000222
информации 0,446287 0,000115
информацию 1,237874 0,000160
информация 0,446287 0,000115
иоанна 1,469676 0,000190
ирина 1,660731 0,000215
иркутско-амурская 3,912023 0,000506
иркутского 2,659260 0,000344
иркутское 2,995732 0,000387
ирон 0,000000 0,000000
исаакиевского 3,506558 0,000453
исключения 2,525729 0,000326
искусств 0,916291 0,000118
искусство 0,994252 0,000643
исполнительную 2,302585 0,000298
использовался 1,771957 0,000229
использования -0,009950 -0,000001
используют 1,309333 0,000169
использующие 0,040822 0,000011
исследований 0,941609 0,000122
исследования 0,733969 0,000095
истока 1,021651 0,000132
истории 0,248461 0,000225
исторический 0,653926 0,000085
исторического 1,049822 0,000136
исторической 1,171183 0,000151
историю 0,843970 0,000109
история 0,051293 0,000153
источник -0,009950 -0,000008
источниками 0,776529 0,000100
источниках 1,386294 0,000179
источники 0,415515 0,000161
источников 0,371064 0,000240
источниковвикипедия 1,966113 0,000254
исчислении 0,843970 0,000109
итиг 3,912023 0,000506
итоги 0,713350 0,000092
итого 1,609438 0,000208
итогов 0,891598 0,000115
ихъ 3,912023 0,000506
ишаевым 3,912023 0,000506
ишань 3,912023 0,000506
иэи 3,912023 0,000506
июл 2,659260 0,000344
июле 0,967584 0,000125
июль 0,579818 0,000300
июля 0,116534 0,000362
июн 2,659260 0,000344
июнь 0,544727 0,000282
июня 0,116534 0,000422
йской 0,000000 0,000000
кагью 2,659260 0,000344
кадетский 2,525729 0,000326
каждом 1,660731 0,000215
каждые 1,832581 0,000237
казадаева 3,912023 0,000506
казакевич 3,912023 0,000506
казакевича 3,912023 0,000506
казакевичева 3,506558 0,000453
казакевичево 3,506558 0,000453
казаки 2,040221 0,000527
казанской 1,469676 0,000190
казарма 2,407946 0,000311
казахстана 1,966113 0,000254
казачий 2,120264 0,000274
казачье 2,407946 0,000311
казачьего 1,966113 0,000254
казачьей 3,218876 0,000832
казачьих 3,218876 0,000416
казначейства 2,995732 0,000774
какъ 3,912023 0,000506
калач-на-дону 2,659260 0,000344
календарь 1,514128 0,000196
калмыков 2,659260 0,000688
калмыкова 3,912023 0,002528
каменная 2,407946 0,000623
камчатки 2,995732 0,000387
канада 2,207275 0,000285
кандидатура 3,912023 0,000506
капитан 2,302585 0,000595
капитана 2,659260 0,000688
карла 1,560648 0,000202
карма 2,813411 0,000364
карта 0,776529 0,000100
картами 0,562119 0,000073
карте 1,108663 0,000143
картография 2,995732 0,000387
карты 0,941609 0,000122
каталанская 0,527633 0,000068
каталог 1,609438 0,000208
каталогах 0,094311 0,000012
категории -0,009950 -0,000003
католическая 2,207275 0,000285
кафедральный 1,021651 0,000396
квартал 1,660731 0,000215
квартале 2,407946 0,000311
кварталы 1,514128 0,000196
кенгидо 3,506558 0,000453
киевской 2,525729 0,000326
километр 2,407946 0,000311
километра 1,897120 0,000245
кинопоказа 3,506558 0,000453
кинотеатр 1,108663 0,000143
кинотеатрами 3,218876 0,000416
кириллов 2,659260 0,000344
кировский 1,237874 0,000160
киселев 3,218876 0,000416
кит 2,659260 0,000344
китаем 2,813411 0,000364
китай 0,867501 0,000336
китайская 0,776529 0,000201
китайский 2,407946 0,000623
китайским 3,218876 0,000416
китайских 2,525729 0,000653
китайского 2,659260 0,000344
кладбища 1,560648 0,001009
кладбище 1,347074 0,000522
климат 0,494296 0,000895
климата 0,733969 0,000095
климатических 1,966113 0,000508
климатического 2,995732 0,000387
климатологическая 3,218876 0,000832
климатологической 3,218876 0,000416
клуб 0,916291 0,000118
кманадырь 3,912023 0,000506
кммагадан 3,912023 0,000506
кммосква 1,832581 0,000237
кмнс 3,912023 0,001517
кмсанкт-петербург 2,120264 0,000274
книга 0,843970 0,000218
книги 0,916291 0,000237
книжное 1,078810 0,001813
ковров 2,659260 0,000344
ковчег 2,813411 0,000364
код -0,009950 -0,000071
кодекс -0,009950 -0,000001
кодистория 0,116534 0,000015
кодом 2,040221 0,000264
козакевич 3,912023 0,000506
козельск 2,659260 0,000344
количество 0,328504 0,000085
колледж 1,386294 0,000179
коллекции 1,560648 0,000202
коллекция 1,714798 0,001108
колпино 2,659260 0,000344
колумбия 2,813411 0,000364
колчака 2,302585 0,000298
команд 1,660731 0,000215
команда 1,272966 0,000987
команде 3,506558 0,000907
командир 2,813411 0,000364
командованием 1,771957 0,000916
командования 3,218876 0,000416
команду 2,995732 0,000387
командующим 3,218876 0,000416
команды 1,560648 0,000807
комарова 2,302585 0,000298
комбинат 1,171183 0,000151
комедии 2,040221 0,000264
комикыргызча 0,000000 0,000000
комитет 0,755023 0,000195
комитета 1,203973 0,000156
комитеты 2,995732 0,000387
коммуникаций 2,207275 0,000285
компанией 1,514128 0,000196
компании 0,579818 0,000075
компания 0,653926 0,000169
компаниями 2,302585 0,000298
комплекс 0,653926 0,000169
комсомольск-на-амуре 1,203973 0,000934
комсомольский 1,714798 0,000222
комсомольской 1,897120 0,000245
комсомольском-на-амуре 3,912023 0,000506
конвертов 3,912023 0,000506
конец 0,798508 0,000103
конкурс 1,832581 0,000237
конкурса 1,660731 0,000215
конкурсе 2,407946 0,000311
константиновича 3,218876 0,000832
консульства 2,120264 0,000822
континентальный 0,776529 0,000100
контр-адмирала 3,912023 0,000506
контролировали 3,912023 0,000506
конфессий 2,207275 0,000285
конфессиональных 3,218876 0,000416
конфиденциальности -0,009950 -0,000001
конфликтных 3,912023 0,000506
конце 0,430783 0,000111
концертный 1,660731 0,000215
копии 0,653926 0,000085
копия 0,328504 0,000042
корабль 2,302585 0,000298
корейская 3,506558 0,000453
корейский 3,506558 0,000453
коренного 3,506558 0,000453
коренными 3,218876 0,000416
корея 1,897120 0,000245
короткий -0,009950 -0,000001
корпус 1,272966 0,000329
корпуса 1,560648 0,000202
космонавт 2,407946 0,000311
космонавта 2,813411 0,000727
косыгина 3,218876 0,000416
котляков 2,813411 0,000364
которая 0,287682 0,000074
которого 0,301105 0,000234
которой 0,174353 0,000045
котором 0,301105 0,000039
которому 0,843970 0,000436
которую 0,867501 0,000112
который 0,105361 0,000014
которым 0,798508 0,000206
которых 0,094311 0,000049
кпсс 1,832581 0,000237
кравченко 3,218876 0,000416
кравчук 3,218876 0,000416
кравчуком 3,912023 0,000506
крадин 3,912023 0,000506
крае 1,514128 0,000196
краев 2,302585 0,001488
краевая 2,525729 0,000979
краевед 2,207275 0,000285
краеведов 3,218876 0,000416
краеведческий 1,237874 0,000160
краеведческому 3,912023 0,000506
краевого 2,120264 0,001644
краевой 2,120264 0,004659
краевые 2,995732 0,000774
краевых 2,659260 0,000344
краегорода 3,912023 0,000506
край 0,891598 0,001153
крайгорода 2,525729 0,000326
крайисполкома 2,995732 0,000387
красная 1,108663 0,000143
красногвардейскими 3,912023 0,000506
краснодару 3,218876 0,000416
красное 1,832581 0,000237
краснознаменный 3,912023 0,001011
красной 0,967584 0,000125
краснофлотский 3,912023 0,000506
краснофлотского 3,912023 0,000506
краснофлотском 3,912023 0,000506
краснощеков 3,912023 0,000506
красные 1,660731 0,000215
красных 2,120264 0,000274
краткая 0,967584 0,000500
краткий 1,560648 0,000202
краю 1,966113 0,000508
края 0,713350 0,002029
краяпоявились 3,912023 0,000506
краях 3,218876 0,001664
краяцентры 2,995732 0,000387
крематорий 3,218876 0,000416
крестьяне 3,218876 0,000416
крестьянских 2,040221 0,000264
критериям 2,302585 0,000298
кришны 2,813411 0,000364
кроме 0,235722 0,000183
кронштадт 2,525729 0,000326
круизные 2,659260 0,000344
круизов 2,995732 0,000387
крупнейшей 1,560648 0,000202
крупнейшие 0,776529 0,000100
крупнейший 0,755023 0,000098
крупнейших 0,634878 0,000164
крупный 0,798508 0,000103
крупным 1,021651 0,000132
крупных 0,494296 0,000128
крыма 0,843970 0,000109
крыше 2,995732 0,000387
кубка 1,347074 0,000174
кубок 1,832581 0,000237
кубуч 3,506558 0,000453
кубы 3,506558 0,000453
куки -0,009950 -0,000001
кукол 0,916291 0,000118
культура 0,653926 0,000169
культурного 0,916291 0,000118
культурные 2,040221 0,000264
культурных 1,347074 0,000174
культуры 0,462035 0,000358
купеческий 2,995732 0,000387
купечества 2,525729 0,000326
купцы 1,832581 0,000237
курильская 3,506558 0,000453
курсирует 2,813411 0,000364
курск 2,407946 0,000311
курской 2,995732 0,000387
кхл 2,525729 0,000326
кыргызстан 2,120264 0,000274
лавки 2,525729 0,000326
лагерь 2,120264 0,000274
лагеря 2,302585 0,000298
лазо 3,912023 0,000506
ларусса 1,078810 0,000139
левобережье 2,207275 0,000285
левобережья 2,659260 0,000344
левого 1,966113 0,000254
левый 1,309333 0,000508
ледовый 1,560648 0,000202
ленина 0,867501 0,000673
ленинградской 2,525729 0,000326
ленинское 3,218876 0,000416
лесного 2,120264 0,000274
лет 0,223144 0,000260
лета 1,897120 0,000245
летию 1,078810 0,001952
летия 1,108663 0,000430
летний 1,108663 0,000143
лето 0,891598 0,000115
лечебнице 3,912023 0,000506
лиги 1,386294 0,000179
ликвидации 1,609438 0,000208
ликвидирован 2,120264 0,000274
ликвидирована 2,813411 0,000727
ликеро-водочный 3,218876 0,000416
линейного 2,813411 0,001091
линейный 2,525729 0,000653
линии 0,755023 0,000293
линий 1,309333 0,000169
линия 0,891598 0,000115
лиственница 2,813411 0,000364
лиственницу 3,506558 0,000453
литература 0,061875 0,000016
литературно-художественный 2,813411 0,000364
литературного 2,120264 0,000274
литературной 2,525729 0,000326
литературный 1,427116 0,000553
литературы 1,078810 0,000139
литмузее 3,912023 0,000506
литмузея 3,912023 0,000506
литовская 1,309333 0,000169
лиц 1,427116 0,000184
лицензии -0,009950 -0,000001
личная 2,995732 0,000387
лобастов 3,912023 0,000506
локомотив 1,771957 0,000229
локомотивное 3,218876 0,000832
ломоносов 2,120264 0,000274
лтд 3,912023 0,000506
луга 1,966113 0,000254
луки 2,207275 0,000285
лукоморье 3,218876 0,000416
лунного 3,912023 0,000506
лунтан 3,912023 0,000506
лушнов 3,912023 0,000506
льготной 3,912023 0,000506
любенским 3,912023 0,000506
людей 0,693147 0,000179
людейнаселенные 2,995732 0,000387
магеллан 3,506558 0,000453
магистраль 1,427116 0,000184
магистральные 2,407946 0,000311
магистральных 2,813411 0,000727
магистралью 2,813411 0,000364
маго 3,506558 0,000453
мае 0,867501 0,000112
май 0,597837 0,000386
максимальная 1,560648 0,000202
максимальное 2,659260 0,000344
максимум 0,733969 0,000285
малгобек 2,813411 0,000364
малозначимую 3,506558 0,000453
малоярославец 2,813411 0,000364
малый 0,371064 0,000096
мальчише-кибальчише 3,912023 0,000506
маньчжурию 3,912023 0,000506
маньчжурской 3,912023 0,000506
маньчжурском 3,912023 0,000506
мар 2,120264 0,000274
марии 2,040221 0,000264
мариинское 3,218876 0,000416
мариймакедонскимонгол 0,000000 0,000000
мариуполь 2,407946 0,000311
мария 1,832581 0,000237
марка 0,867501 0,000336
маркса 1,609438 0,000208
март 0,616186 0,000398
марта 0,139262 0,000522
марте 0,967584 0,000125
маршал 2,995732 0,000387
маршрутное 2,120264 0,000274
маршрутов 0,967584 0,000125
маршруты 1,272966 0,000329
масложиркомбинат 3,912023 0,000506
массовой 0,916291 0,000237
массовых 1,832581 0,000474
мастерской 3,218876 0,000416
масштаб 1,897120 0,000245
матвеевское 3,912023 0,000506
матвеевском 3,912023 0,000506
математики 1,660731 0,000215
материал -0,009950 -0,000001
материалам 2,207275 0,000285
материаловедения 3,218876 0,000416
материалы 0,843970 0,000109
матч 1,347074 0,000174
матчи 1,832581 0,000237
махалля 3,506558 0,000453
машин 1,139434 0,000147
машине 2,407946 0,000311
мая 0,139262 0,000810
мвд 1,309333 0,000169
мгц 1,897120 0,000490
мегафон 1,237874 0,000320
медиафайлы 0,301105 0,000039
медицинский 0,891598 0,000231
междугородних 3,506558 0,000453
междугородные 2,659260 0,000344
междугородняя 3,912023 0,000506
международная 1,309333 0,000169
международно 1,139434 0,000147
международного 0,733969 0,000380
международное 1,714798 0,000222
международные 0,941609 0,000243
международный 0,713350 0,000184
международных 0,967584 0,000250
мелитополь 2,813411 0,000364
мемориал 1,609438 0,000208
мемориальная 2,659260 0,000344
мемориальный 1,469676 0,000190
менеджмента 2,302585 0,000298
меридиан 2,525729 0,000326
мест 0,713350 0,000184
места 0,579818 0,000225
месте 0,544727 0,000422
местность 1,660731 0,000215
место 0,371064 0,000192
местом 1,049822 0,000136
месяц 1,272966 0,000658
месяцеаудиостатьи 3,912023 0,000506
метеорологическая 2,995732 0,000774
метеоры 3,506558 0,000453
метров 0,776529 0,000201
мечеть 1,078810 0,000139
мещан 3,506558 0,000453
миклухо-маклай 3,506558 0,000453
микрорайон 1,660731 0,000429
микрорайона 1,771957 0,000229
микрорайоне 1,771957 0,000229
минералы 3,912023 0,000506
минимум 0,693147 0,000269
министерства 0,891598 0,000115
министерство 1,108663 0,000143
министерством 1,609438 0,000208
министров 1,660731 0,000215
министром 3,218876 0,000416
мир 0,342490 0,000044
мира 0,415515 0,000269
мирового 1,609438 0,000208
мировой 0,733969 0,000474
мироненко 3,912023 0,000506
митрополии 1,897120 0,000245
михаила 1,171183 0,000151
михаилом 2,813411 0,000364
михайлович 1,386294 0,000179
многих 0,494296 0,000128
многое 2,407946 0,000311
множество 0,597837 0,000077
мобильная -0,009950 -0,000001
могилев 2,525729 0,000326
могилевская 3,912023 0,000506
могут -0,009950 -0,000001
модели 1,171183 0,000151
модуль 0,941609 0,000122
можайск 2,813411 0,000364
можете 0,653926 0,000085
мокин 3,506558 0,000453
молодежная 2,407946 0,000311
молодежных 2,302585 0,000298
молодой 1,832581 0,000711
молодым 3,506558 0,000453
молочный 2,040221 0,000264
молчанова 3,218876 0,000832
момент 0,597837 0,000155
момента 1,469676 0,000190
монастыршина 3,912023 0,000506
монета 1,309333 0,000169
монтажной 3,912023 0,000506
монумент 1,560648 0,000403
морозный 3,912023 0,000506
морозов 2,207275 0,000856
морские 1,609438 0,000208
морским 2,659260 0,000344
моря 0,579818 0,000150
москва 0,400478 0,000311
москвахабаровск 3,912023 0,000506
москве 1,171183 0,000606
москвич 2,659260 0,000344
москвы 0,653926 0,000254
московской 1,237874 0,000160
мост 0,967584 0,000876
моста 1,139434 0,000589
мостостроительное 3,912023 0,000506
моющих 3,912023 0,000506
мск 0,843970 0,000109
мтс 1,237874 0,000160
мтт 3,218876 0,000416
муж 2,995732 0,000387
музее 1,771957 0,000229
музеи 0,820981 0,000106
музей 0,776529 0,002208
музейная 2,995732 0,000387
музею 3,218876 0,000416
музея 1,021651 0,001321
музыкальный 1,469676 0,000570
музыкальных 1,832581 0,000237
мультиплекса 1,897120 0,000490
муниципального 0,891598 0,000115
муниципальным 0,776529 0,001506
муниципальных 0,776529 0,000402
муравьев 3,218876 0,000832
муравьева 2,995732 0,000387
муравьева-амурского 3,506558 0,000907
муравьеву 3,912023 0,000506
муравьеву-амурскому 3,912023 0,001517
муравьевым 3,912023 0,000506
муравьевым-амурским 3,912023 0,000506
муссонной 3,912023 0,000506
муссонный 2,995732 0,000774
мусульман 1,660731 0,000215
мусульманская 2,813411 0,000364
мэр 1,347074 0,000174
мэра 1,347074 0,000174
мэром 1,714798 0,000222
мячом 1,771957 0,001145
н-стар 0,000000 0,000000
набережная 1,139434 0,000295
наблюдения 1,714798 0,000222
набор 1,469676 0,000190
навигации -0,009950 -0,000001
навигация -0,009950 -0,000003
наводнения 2,813411 0,000727
навсегда 2,813411 0,000364
награды 0,867501 0,000336
награждения 3,506558 0,000453
награжденные 1,021651 0,000132
надежд 3,912023 0,000506
наделении 2,525729 0,000326
надолго 2,813411 0,000364
назвал 1,660731 0,000215
назван 1,078810 0,000418
название 0,198451 0,000103
названия 0,342490 0,000089
названные 1,771957 0,000229
назначен 1,386294 0,000179
назначения 1,427116 0,000184
называли 1,347074 0,000348
наиболее 0,139262 0,000018
наименование 1,714798 0,000443
найхин 3,506558 0,000453
наличного 2,995732 0,000387
нальчик 2,407946 0,000311
нами -0,009950 -0,000001
нанайский 3,912023 0,000506
нанайцев 3,506558 0,000453
написана 2,207275 0,000285
написания 1,897120 0,000245
направление 1,203973 0,000156
напротив 1,237874 0,000160
наро-фоминск 2,813411 0,000364
народная 0,713350 0,000184
народно-демократическая 3,912023 0,000506
народно-революционной 3,506558 0,000453
народного 1,171183 0,000151
народное 0,798508 0,000413
народностей 2,659260 0,000344
народов 0,798508 0,000206
население 0,693147 0,000896
населением 0,776529 0,000301
населения 0,494296 0,003450
населениягод 0,000000 0,000000
населенного 2,525729 0,000326
населенные 0,673345 0,000261
населенных 0,693147 0,000717
наследия 0,820981 0,000106
наследника 3,506558 0,000453
настольный 2,407946 0,000311
настоящее 0,328504 0,000127
настоящий 1,609438 0,000208
наступает 0,916291 0,000118
наступления 2,407946 0,000311
насчитывала 3,506558 0,000453
насчитывалось 1,347074 0,000174
наук 0,693147 0,000090
наука 0,301105 0,000428
науч 1,714798 0,000443
научная 0,798508 0,000310
научно-исследовательский 1,237874 0,000480
научно-образовательный 0,967584 0,000125
научного 1,309333 0,000169
научное 0,891598 0,000115
научной 1,108663 0,000143
научные 1,049822 0,000543
научным 1,771957 0,000229
находившийся 2,995732 0,000387
находилась 1,514128 0,000391
находились 1,714798 0,000222
находился 0,776529 0,000201
находится 0,328504 0,000297
находка 1,171183 0,000151
находятся 0,527633 0,000136
национальное 2,995732 0,000387
национальный 0,597837 0,000155
начала 0,314711 0,000081
началась 0,967584 0,000125
начале 0,314711 0,000081
начали 0,891598 0,000115
начались 1,660731 0,000215
начало 0,415515 0,000107
началось 0,616186 0,000080
начальством 3,506558 0,000453
начато 1,469676 0,000190
наши 1,609438 0,000208
наших 1,469676 0,000190
невельским 3,912023 0,000506
невельского 3,218876 0,000416
невельской 3,218876 0,000416
негидальцев 3,506558 0,000453
недалеко 1,469676 0,000190
неделю 2,407946 0,000623
неделя 2,407946 0,000311
недостатков 0,653926 0,000085
недостаточности 3,912023 0,000506
недоступная 0,527633 0,000205
недоступные 0,755023 0,000098
независимая 1,966113 0,000508
независимой 2,813411 0,000364
нейтральной 3,912023 0,000506
некоммерческой -0,009950 -0,000003
некоторых 0,494296 0,000128
необходимости 1,660731 0,000215
неоднократно 1,139434 0,000147
неожиданного 3,912023 0,000506
неофициально 2,302585 0,000298
неполноценным 3,912023 0,000506
непорочного 2,995732 0,000387
непосредственно 0,478036 0,000247
нерабочими 1,021651 0,000132
нерчинским 3,506558 0,000453
нерчинскому 3,912023 0,000506
несколько 0,150823 0,000097
несли 2,813411 0,000364
несогласие 3,912023 0,000506
нефтегазовая 3,218876 0,000832
нефтеперерабатывающий 2,995732 0,000774
нефтяник 2,525729 0,000326
неэнциклопедическим 2,995732 0,000774
нивхов 3,506558 0,000453
нижегородской 2,207275 0,000285
нижнеленинское 3,506558 0,000453
нижнетамбовское 3,506558 0,000453
нижний 0,673345 0,000087
нижним 2,995732 0,000387
нижнимъ 3,912023 0,000506
низменности 1,897120 0,000490
ниигата 3,506558 0,000907
николаевич 1,309333 0,000169
николаевича 2,407946 0,000311
николаевичем 3,912023 0,000506
николаевск 1,966113 0,000254
николаевск-на-амуре 2,525729 0,000653
николаевска-на-амуре 3,218876 0,000416
николаевский 2,525729 0,000326
николаем 2,302585 0,000595
николай 0,867501 0,000224
никольска-уссурийского 3,912023 0,001011
ними 1,049822 0,000136
нин 0,000000 0,000000
нина 2,659260 0,000344
нка 0,000000 0,000000
ннк 3,912023 0,001011
ннк-хабаровский 3,912023 0,001011
ннк-хабаровскнефтепродукт 3,912023 0,001011
новгород 0,867501 0,000112
новгородской 2,407946 0,000311
новой 0,653926 0,000085
новому 1,832581 0,000474
новости 0,579818 0,000300
новостного 3,218876 0,000416
новые 0,342490 0,000089
новый 0,446287 0,000288
новыми 1,560648 0,000202
новых 0,430783 0,000111
номер 0,820981 0,000212
номеров 1,832581 0,000237
номиналом 1,966113 0,000508
норвежская 0,248461 0,000032
норм 2,207275 0,000571
норма 0,798508 0,000619
носит 1,309333 0,000169
нохчийн 0,000000 0,000000
ноя 2,659260 0,000344
нояб 0,820981 0,000424
ноябре 0,994252 0,000129
ноября 0,127833 0,000727
нпз 2,659260 0,000688
нська 0,000000 0,000000
нтв 1,427116 0,000184
нуждается 2,302585 0,000595
нумерация 2,525729 0,000326
ныне 0,653926 0,000845
нынешнего 1,771957 0,000229
нынешнее 2,659260 0,000344
оао 0,916291 0,001658
обвинение 3,912023 0,000506
оберемко 3,912023 0,000506
обеспечивается 2,120264 0,000274
обзор 1,171183 0,000151
обитателей 2,525729 0,000326
обладатель 1,832581 0,000474
областей 1,049822 0,000679
области 0,223144 0,000288
областного 1,108663 0,000143
областной 1,078810 0,000139
область 0,385662 0,000150
областях 1,560648 0,000807
обновлена 3,912023 0,000506
обновление 2,120264 0,000274
обновляется 2,659260 0,000344
обозрение 2,120264 0,000274
обороне 2,207275 0,000571
обособленные 3,218876 0,000416
образован 1,347074 0,000174
образование 0,494296 0,000958
образования 0,478036 0,000062
образованиям 0,776529 0,001506
образовано 1,609438 0,000208
образованы 2,040221 0,000264
образовательных 1,427116 0,000184
образовать 3,218876 0,000416
образует 0,994252 0,000257
образцов 2,995732 0,000387
образцы 2,207275 0,000571
обращения 0,030459 0,000417
обсерватория 2,659260 0,000344
обусловлено 2,207275 0,000285
обход 1,832581 0,000237
обхода 2,207275 0,000285
общей 0,597837 0,000077
общем 1,514128 0,000196
общероссийское 3,912023 0,000506
общества 0,776529 0,000201
общественная 2,040221 0,000264
общественно-политическая 2,525729 0,000326
общественной 1,832581 0,000474
общественным 2,302585 0,000298
общество 0,713350 0,000369
общим 1,427116 0,000184
общин 1,897120 0,000245
община 1,609438 0,000416
общины 1,514128 0,000196
объединение 1,171183 0,000151
объединению 2,525729 0,000326
объединения 1,203973 0,000156
объединенного 3,506558 0,000453
объему 1,771957 0,000229
объявл 3,506558 0,000453
объявлен 2,302585 0,000298
объявленное 3,912023 0,001011
объявляют 3,506558 0,000453
обычно 0,693147 0,000090
ограничены 3,506558 0,000453
одержал 2,995732 0,000387
одиннадцатикратный 3,912023 0,000506
однако 0,174353 0,000045
одного 0,544727 0,000070
одном 1,139434 0,000147
ожесточенных 3,912023 0,000506
озеленение 2,407946 0,000311
ойкумена 3,506558 0,000453
окато 0,820981 0,000106
океан 1,714798 0,000443
около 0,000000 0,000000
окрестности 1,560648 0,000202
окрестностях 1,469676 0,000190
округ 0,673345 0,000261
округа 0,653926 0,000592
округов 0,776529 0,000703
округу 1,714798 0,000222
окружного 2,659260 0,000344
окт 0,798508 0,000516
октмо 0,843970 0,000109
октябрь 0,867501 0,000112
октябрьский-хабаровск 3,912023 0,000506
октябрьской 1,078810 0,000418
октября 0,083382 0,000269
олык 0,000000 0,000000
ольдой 3,506558 0,000453
омутная 3,506558 0,000453
онлайн 0,198451 0,000026
ооо 0,843970 0,001200
опекушиным 3,912023 0,001011
оператор 1,609438 0,000208
операторов 1,347074 0,000348
операторы 1,514128 0,000196
опирался 3,912023 0,000506
описание -0,009950 -0,000003
опорная 2,813411 0,000727
опорной 2,659260 0,000344
определении 2,407946 0,000311
определения 1,560648 0,000403
органами 2,120264 0,000274
организацией 1,966113 0,000254
организации -0,009950 -0,000009
организаций 0,776529 0,000201
организация 0,891598 0,000461
организациям 2,525729 0,000326
органов 0,994252 0,000129
органы 0,891598 0,000807
орден 1,966113 0,000254
орденом 1,021651 0,000132
орегон 3,912023 0,000506
орел 1,609438 0,000208
оренбургской 2,525729 0,000326
оригинала 0,162519 0,000525
оригинальный 2,302585 0,000298
орка 3,912023 0,000506
орнаменты 3,912023 0,000506
орочей 3,912023 0,000506
ортсабеларуская 0,000000 0,000000
осадков 0,544727 0,000352
осени 1,966113 0,000254
осенью 1,309333 0,000169
осипенко 2,995732 0,000387
осипов 0,527633 0,000068
оскол 2,813411 0,000364
основан 0,579818 0,000300
основание 1,272966 0,000329
основании 1,427116 0,000184
основания 0,713350 0,000830
основанные 0,776529 0,000201
основателей 2,659260 0,000344
основе 0,494296 0,000064
основная 0,116534 0,000060
основного 1,897120 0,000245
основное 1,347074 0,000174
основном 0,510826 0,000198
основные 0,223144 0,000058
основным 0,616186 0,000080
основными 1,203973 0,000156
особняков 2,995732 0,000387
особыми 2,995732 0,000387
оставались 2,302585 0,000298
остановилось 2,995732 0,000387
остров 1,139434 0,000147
осуществляет 1,203973 0,000467
осуществляется 0,776529 0,000100
осуществляются 1,714798 0,000443
отв 0,755023 0,000293
ответ 1,560648 0,000403
ответственности -0,009950 -0,000003
отвечала 3,912023 0,000506
отд 2,525729 0,000326
отдавали 3,506558 0,000453
отдаленные 3,218876 0,000832
отдел 1,771957 0,000458
отдела 2,207275 0,000285
отделение 1,139434 0,000295
отделением 2,525729 0,000326
отдельная 2,813411 0,000364
отдельных -0,009950 -0,000001
отдыха 1,049822 0,000271
отечественная 1,832581 0,000237
отечественной 0,673345 0,000261
отказ -0,009950 -0,000001
открылся 0,941609 0,000487
открыт 0,798508 0,000929
открыта 0,967584 0,000125
открытием 2,302585 0,000298
открытия 0,916291 0,000118
открытой 2,207275 0,000285
отметками 3,218876 0,000416
отмечают 2,120264 0,000274
относительно 0,415515 0,000054
относительными 3,912023 0,000506
отношении 1,203973 0,000156
отношений 1,309333 0,000339
отношения 0,994252 0,000257
отношениях 2,120264 0,000274
отправился 2,813411 0,000364
отправлен 2,813411 0,000364
отправлены 3,506558 0,000453
отрасли 1,078810 0,000139
отредактирована -0,009950 -0,000001
отредактировать 0,967584 0,000125
отрогов 3,218876 0,000416
отряд 2,120264 0,000274
отряда 2,659260 0,000344
отрядами 3,218876 0,000832
отряды 2,040221 0,000264
отступили 3,506558 0,000453
офисы 2,995732 0,000387
офицерам 3,506558 0,000453
офицерамъ 3,912023 0,000506
офицеров 1,771957 0,000458
офицеры 2,995732 0,000774
официально 0,693147 0,000090
официальный 0,510826 0,000264
официальным 1,272966 0,000329
официальными 3,218876 0,000416
охватывает 1,771957 0,000229
охотский 3,506558 0,000453
охранно-арендный 3,912023 0,000506
охрану 2,659260 0,000344
охраняли 3,912023 0,000506
оценка 0,693147 0,000179
очень 0,494296 0,000256
очереди 1,966113 0,000254
очередь 0,527633 0,000068
очерк 1,237874 0,000160
очерки 1,171183 0,000151
ошибкекак -0,009950 -0,000001
павел 1,469676 0,000190
павлинов 1,771957 0,000229
павловича 2,813411 0,000364
павловичу 3,506558 0,000453
палатой 2,995732 0,000387
памяти 1,078810 0,000558
памятная 1,660731 0,000215
памятник 0,693147 0,000896
памятника 1,078810 0,000139
памятников 0,820981 0,000106
память 0,891598 0,000231
пантомимы 3,912023 0,000506
пао 1,427116 0,000369
парад 2,207275 0,000285
парк 0,693147 0,001165
парка 1,021651 0,000660
парков 1,514128 0,000196
парком 2,302585 0,000298
парку 3,218876 0,000832
пароходства 2,207275 0,000571
пароходство 2,040221 0,000527
партизан 2,813411 0,000727
паспорт 2,120264 0,000548
пассажиров 1,309333 0,000339
пассажирская 2,407946 0,000311
пассажирские 1,427116 0,000184
пассажирский 1,514128 0,000196
пассажирское 2,525729 0,000326
педагогический 1,078810 0,000418
пемзенской 3,506558 0,000453
пенсионер 3,218876 0,000416
первая 0,430783 0,000167
первенство 2,302585 0,000298
первого 0,733969 0,000474
первое 0,544727 0,000070
первой 0,462035 0,000179
первом 1,237874 0,000160
первоначально 1,203973 0,000311
первостроитель 3,912023 0,000506
первые 0,494296 0,000319
первый 0,385662 0,000249
первых 0,653926 0,000085
перевезенная 3,912023 0,000506
переводится 2,995732 0,000387
перевозки 1,203973 0,000467
перевозок 1,469676 0,000190
перевозят 2,659260 0,000344
переговоры 2,813411 0,000364
передана 2,120264 0,000274
передано 2,407946 0,000311
переезду 3,912023 0,000506
переименован 1,347074 0,000522
переименовании 1,897120 0,000245
перейти -0,009950 -0,000003
перекрестке 1,966113 0,000254
перелетов 3,218876 0,000416
перенесен 2,040221 0,000527
переписи 0,755023 0,000586
перепись 0,820981 0,000955
переправы 1,832581 0,000237
переселенцам 3,912023 0,000506
пересечении 1,427116 0,000369
пересечения 2,207275 0,000285
перестройки 2,407946 0,000311
переходил 3,218876 0,000832
переходящее 3,218876 0,000416
перешел 1,832581 0,000237
перешли 1,771957 0,000229
период 0,342490 0,000266
периодичность 3,506558 0,000453
пермской 2,659260 0,000344
персональные -0,009950 -0,000001
перспективы 1,347074 0,000174
петербурга 2,407946 0,000311
петербургский 2,407946 0,000311
петр 1,108663 0,000287
петра 1,078810 0,000418
петрозаводск 2,407946 0,000311
петропавловск-камчатский 2,407946 0,000311
печати -0,009950 -0,000001
печать -0,009950 -0,000001
пешего 3,912023 0,000506
пиаб 3,912023 0,000506
пивань 3,506558 0,000453
писательской 3,912023 0,000506
питания 1,272966 0,000165
пко 3,218876 0,000416
план 0,755023 0,000098
плане 1,660731 0,000215
планета 2,207275 0,000285
планетарий 1,832581 0,000237
планом 2,407946 0,000311
платина 3,506558 0,000453
платинум-арена 3,506558 0,000907
платного 2,659260 0,000344
плену 3,506558 0,000907
пленум 3,912023 0,000506
плодородные 3,506558 0,000453
плотность 0,693147 0,000090
площади 0,510826 0,000198
площадке 2,207275 0,000285
площадь 0,478036 0,000185
площадью 0,994252 0,000129
площадях 2,407946 0,000311
плюснина 3,912023 0,000506
плюсниных 3,912023 0,000506
пляж 2,207275 0,000285
пляжа 2,995732 0,000387
победил 2,302585 0,000298
победу 1,897120 0,000490
побережья 1,427116 0,000184
поведения -0,009950 -0,000001
повеление 3,912023 0,001011
повести 1,897120 0,000245
повседневной 2,995732 0,000387
повстанческой 3,912023 0,000506
повышением 2,813411 0,000364
погибшим 1,832581 0,000474
погода 0,776529 0,000301
погодой 2,207275 0,000285
пограничной 2,995732 0,000387
пограничный 2,659260 0,000344
погребения 2,995732 0,000387
подавлено 2,813411 0,000727
подвергся 2,813411 0,000364
подвигов 3,506558 0,003626
подгот 3,218876 0,000416
поддержана 3,218876 0,000416
поддержке 1,469676 0,000190
подержанных 3,506558 0,000453
подключены 2,813411 0,000364
подписан 1,897120 0,000245
подписания 2,813411 0,000364
подпоручика 3,912023 0,000506
подробнее -0,009950 -0,000001
подчинялась 3,912023 0,000506
поезд 1,560648 0,000605
поездов 1,609438 0,000208
пожалуйста 1,469676 0,000190
позднее 0,798508 0,000103
поиск -0,009950 -0,000001
поиску -0,009950 -0,000003
показателей 1,203973 0,000156
показатели 0,994252 0,000257
показатель 0,713350 0,000369
покрова 1,203973 0,000156
полвека 2,659260 0,000344
полдень 0,916291 0,000118
полесье 3,218876 0,000416
полины 3,506558 0,000453
политика -0,009950 -0,000001
политических 1,660731 0,000644
политическую 2,995732 0,000387
полное 1,139434 0,000442
полностью 0,400478 0,000052
половина 1,171183 0,000151
половине 0,634878 0,000082
пологих 3,218876 0,000416
положение 0,510826 0,000198
полотна 2,302585 0,000298
полу 0,916291 0,000474
полугодием 3,506558 0,000453
полугодии 2,659260 0,000344
получившими 3,912023 0,000506
получил 0,713350 0,000092
получила 0,653926 0,000085
получили 0,967584 0,000125
польза 3,218876 0,000416
пользования 1,660731 0,000215
польский 2,120264 0,000274
поляков 0,916291 0,000118
полярный 2,120264 0,000274
помимо 0,562119 0,000073
пополнение 3,506558 0,000453
популярность 2,302585 0,000298
пор 0,941609 0,000122
поражение 2,659260 0,000344
поражения 2,407946 0,000311
породненных 2,659260 0,000344
порт 0,941609 0,000243
портал 0,342490 0,000089
портленд 3,912023 0,000506
портов 2,120264 0,000274
поручено 3,218876 0,000416
посадил 3,506558 0,000453
посаженная 3,912023 0,000506
посвящают 3,912023 0,000506
посвящаютъ 3,912023 0,000506
поселением 2,995732 0,000387
поселении 2,995732 0,000387
поселений 0,798508 0,001032
поселения 0,941609 0,000122
поселениям 0,967584 0,000125
поселенцами 3,506558 0,000453
поселка 1,309333 0,000339
поселкам 0,891598 0,000115
поселок 1,108663 0,000143
посещаются 3,506558 0,000453
послевоенное 2,659260 0,000344
последние 0,755023 0,000098
последний -0,009950 -0,000001
последняя 0,342490 0,000044
поспелов 1,021651 0,000264
пост 1,514128 0,000391
постановление 1,139434 0,000147
постовая 3,912023 0,001011
постовой 3,506558 0,002266
постовую 3,912023 0,000506
постоянного 0,693147 0,000717
построен 0,798508 0,000206
построена 0,916291 0,000237
построено 0,867501 0,000112
построены 1,021651 0,000132
посту 2,302585 0,000298
потерпели 3,506558 0,000453
почетное 1,560648 0,000403
почтовый 1,108663 0,000143
почтовых 2,525729 0,000326
появилась 0,820981 0,000106
появились 0,579818 0,000075
появилось 1,171183 0,000151
появился 0,693147 0,000179
поярков 3,506558 0,000453
пояс 0,693147 0,000269
пояса 1,560648 0,000202
пояснениями 3,912023 0,000506
права 0,755023 0,000390
правилами 1,771957 0,000229
правительства 0,693147 0,000358
правительство 0,843970 0,000109
править -0,009950 -0,000134
правка 0,328504 0,000042
правкиновые -0,009950 -0,000001
правкипостоянная -0,009950 -0,000001
правлении 2,813411 0,000364
правобережье 2,407946 0,000311
правовая 2,813411 0,000364
правоведения 3,912023 0,000506
правого 1,560648 0,000202
правом 1,171183 0,000303
правопорядка 2,995732 0,000387
православная 1,272966 0,000494
православных 1,427116 0,000184
правосудия 2,407946 0,000311
правый 1,386294 0,000179
празднуется 2,407946 0,000311
пребывающим 3,912023 0,000506
превратить 2,659260 0,000344
превышает 0,967584 0,000125
превышениями 3,912023 0,000506
предисл 2,120264 0,000274
предложенный 3,218876 0,000416
предметов 1,660731 0,000215
предназначенных 3,912023 0,000506
предоставлялись 3,506558 0,000453
предоставляют 1,427116 0,000553
предполагалось 1,771957 0,000229
предприятий 0,713350 0,000092
председ 1,203973 0,000156
председателем 1,469676 0,000380
председатель 1,347074 0,000348
представились -0,009950 -0,000001
представителей 1,469676 0,000190
представительную 2,995732 0,000387
представительства 1,386294 0,000179
представителями 1,897120 0,000245
представлен 0,891598 0,000115
представлена 1,171183 0,000151
представленное 3,218876 0,000416
представлены 0,867501 0,000112
представлявшая 3,912023 0,000506
представляет 0,446287 0,000058
предъявлено 3,912023 0,000506
прежние 1,171183 0,000151
президента 0,916291 0,000237
президенте 1,832581 0,000237
преимущественно 0,776529 0,000201
прекратил 1,660731 0,000215
преобладающих 2,525729 0,000326
преобразован 2,207275 0,000285
преп 3,218876 0,000416
преподобного 2,207275 0,000285
пресвятой 1,272966 0,000165
пресвятыя 2,995732 0,000387
претендовать 2,659260 0,000344
префектура 3,912023 0,000506
пржевальский 3,218876 0,000416
приамурские 3,912023 0,001011
приамурский 3,506558 0,002266
приамурского 3,506558 0,001360
приамурское 3,912023 0,001011
приамурья 2,995732 0,000387
прибывать 3,912023 0,000506
прибыл 2,407946 0,000311
прибыльными 3,912023 0,000506
привезли 2,995732 0,000387
привлекавшими 3,912023 0,000506
пригородные 1,469676 0,000190
приезжали 2,995732 0,000387
приз 2,659260 0,000344
призер 1,771957 0,000229
призеров 3,218876 0,000416
признала 2,407946 0,000311
признался 3,912023 0,000506
признан 1,427116 0,000369
признания 0,916291 0,000118
признанных 0,967584 0,000125
приказе 2,995732 0,000387
приказу 2,040221 0,000264
прикладной 2,207275 0,000285
приложение 1,309333 0,000169
применяемого 0,843970 0,000109
применяемым 0,941609 0,000122
пример 1,171183 0,000151
примеру 2,040221 0,000264
примечания -0,009950 -0,000003
приморская 2,995732 0,000387
приморского 2,813411 0,000364
приморской 3,218876 0,002913
приморскую 3,506558 0,000453
приморье 2,813411 0,000364
приморья 3,218876 0,001248
принадлежности 1,514128 0,000196
принимала 2,525729 0,000326
принимают 1,771957 0,000229
приняла 1,966113 0,000254
принятым 2,995732 0,000387
приостановку 3,912023 0,000506
приполярной 3,506558 0,000453
природа 1,309333 0,000169
присвоен 1,832581 0,000237
присвоении 1,386294 0,000179
присвоено 1,078810 0,000139
присвоив 3,912023 0,000506
присоединяются 3,912023 0,000506
пристройки 3,912023 0,000506
притоки 1,832581 0,000237
приход 1,832581 0,000237
причинами 2,302585 0,000298
пришел 1,714798 0,000222
проблем 0,798508 0,000103
проведен 1,897120 0,000245
проведенного 2,302585 0,000298
провела 2,659260 0,000344
проверку 2,995732 0,000387
проверьте 3,506558 0,000453
проверяема 0,967584 0,000125
провиантские 3,912023 0,000506
провинция 2,120264 0,001370
проводит 1,660731 0,000215
провозгласивший 3,506558 0,000453
провозгласила 3,912023 0,000506
проголосовал 3,506558 0,000453
продлилась 3,912023 0,000506
продолжение 1,832581 0,000237
проездом 2,659260 0,000344
проект 0,400478 0,000052
проектах -0,009950 -0,000001
проектирование 2,120264 0,000274
проектной 2,813411 0,000364
проживало 1,514128 0,000196
произведен 2,813411 0,000364
производственную 3,218876 0,000416
производятся 2,659260 0,000344
произвольный 3,218876 0,000416
произошла 1,714798 0,000222
прокуратура 2,525729 0,000326
промыслы 2,659260 0,000344
промышленная 1,771957 0,000229
промышленников 2,813411 0,000364
промышленно-экономический 0,000000 0,000000
промышленность 0,693147 0,000179
прослушать 3,218876 0,000416
просмотры -0,009950 -0,000001
просторы 2,995732 0,000387
протеста 2,659260 0,000344
против 0,798508 0,000103
протоки 2,407946 0,000934
протяженность 0,941609 0,000243
профессиональное 2,040221 0,000527
профессора 1,660731 0,000215
профсоюзов 2,525729 0,000326
проходил 1,660731 0,000429
проходили 1,427116 0,000184
проходит 0,693147 0,000090
проходят 0,941609 0,000122
прочее 0,653926 0,000085
прочим 3,218876 0,000416
прошел 0,994252 0,000129
прошла 1,560648 0,000202
прошли 1,309333 0,000508
прошлом 1,108663 0,000143
прудами 3,912023 0,000506
прудов 2,207275 0,000285
пруды 2,525729 0,000326
прямой 1,347074 0,000174
психиатрической 3,218876 0,000416
психически 3,912023 0,000506
псков 2,207275 0,000285
пункта 1,514128 0,000196
пунктов 0,653926 0,000592
пункты 0,616186 0,000398
пуск 2,995732 0,000387
путеводитель 0,713350 0,000184
путей 0,916291 0,000355
пути 0,693147 0,000090
путина 2,302585 0,000595
пучхон 3,912023 0,000506
пушкина 1,139434 0,000147
пушкину 1,897120 0,000245
пушной 3,912023 0,000506
пущена 2,659260 0,000344
пятидесятники 2,995732 0,000387
пятикратный 3,218876 0,000416
пятилеток 2,659260 0,000344
пять 1,108663 0,000430
работает 0,755023 0,000293
работал 1,309333 0,000339
работают 0,673345 0,000261
работники 2,407946 0,000623
работодателей 3,912023 0,001011
работу 0,693147 0,000090
рабочего 1,897120 0,000245
рабочий 1,427116 0,000184
рабочих 1,108663 0,000430
радиовещание 1,771957 0,000229
радиоприемники 3,506558 0,000453
радиостанции 1,347074 0,000348
радиостанций 1,771957 0,000229
раза 0,867501 0,000449
развернута 2,813411 0,000364
развиваться 1,469676 0,000190
развитие 0,314711 0,000041
развитии 1,078810 0,000139
развитию 0,843970 0,000109
развития 0,287682 0,000223
развлекательный 2,659260 0,000344
развязок 2,302585 0,000298
разграниченной 3,912023 0,000506
разгром 2,813411 0,000364
разгрома 2,659260 0,000344
раздел 0,891598 0,000231
разделами 0,891598 0,000115
разделе 0,776529 0,000100
разделен 1,171183 0,000151
разделено 2,813411 0,000364
различных 0,385662 0,000100
размещается 2,407946 0,000311
размещения 0,843970 0,000218
размещены 2,120264 0,000274
разнообразен 3,912023 0,000506
разные 1,139434 0,000147
разных 0,510826 0,000066
разобрана 3,218876 0,000416
разработчики -0,009950 -0,000001
разряда 2,525729 0,001306
район 0,597837 0,000386
района 0,673345 0,000522
районам 0,820981 0,000212
районами 1,347074 0,000174
районе 0,527633 0,000205
районов 0,562119 0,000727
районы 0,653926 0,000338
райцентров 0,941609 0,000122
рамках 0,544727 0,000070
ран 0,776529 0,000201
ранее 0,430783 0,000167
ранхигс 2,302585 0,000298
раритетам 3,912023 0,000506
раскинулась 3,912023 0,000506
расписание 1,966113 0,000508
располагается 0,994252 0,000514
располагаются 1,108663 0,000287
расположен 0,733969 0,000190
расположению 2,995732 0,000387
расположенные 1,514128 0,000196
расположены 0,673345 0,000261
распоряжение 1,609438 0,000208
распущены 3,218876 0,000416
расстояние 0,843970 0,000327
расстояний 1,469676 0,000190
рассчитанных 3,218876 0,000416
расторгнув 3,912023 0,000506
расторгнут 3,912023 0,000506
расформированного 3,506558 0,000453
расчета 2,407946 0,000311
расчету 3,218876 0,000416
расширение 0,527633 0,000068
реабилитации 2,813411 0,000364
революции 0,693147 0,000358
революциинаселенные 2,120264 0,000274
революция 1,427116 0,000369
региональное 1,660731 0,000215
региональному 3,912023 0,000506
региональный 1,347074 0,000174
региональных 1,203973 0,000311
регионе 1,049822 0,000136
регулярно 1,272966 0,000165
ред 0,235722 0,000213
редакция 1,469676 0,000190
реестр 1,469676 0,000190
результатам 1,049822 0,000136
результате 0,342490 0,000089
рейтинг 1,272966 0,000329
рейтинге 1,203973 0,000311
рек 0,820981 0,000212
река 0,733969 0,000569
река-море 3,218876 0,000416
реки 0,462035 0,000418
рекомендации 0,843970 0,000109
реконструирован 2,207275 0,000285
реконструированный 3,218876 0,000416
реконструкции 0,967584 0,000125
реконструкция 1,203973 0,000467
рекреационной 2,813411 0,000364
реку 1,171183 0,000151
религиозная 2,120264 0,000548
религиозных 1,469676 0,000380
религия 0,843970 0,000218
рельеф 0,941609 0,000122
ремесленники 3,218876 0,000416
ремонта 1,897120 0,000245
ремонтно-эксплуатационная 3,912023 0,000506
реорганизован 3,218876 0,000416
репрессий 2,120264 0,000548
репринт 3,912023 0,001011
республик 1,609438 0,000832
республика 0,843970 0,000545
республиках 3,506558 0,001813
республики 0,916291 0,000355
республикой 2,207275 0,000285
ресурсы 0,020203 0,000003
реутт 3,912023 0,000506
речка 2,207275 0,000285
речке 3,506558 0,000453
речного 1,139434 0,000442
речное 2,120264 0,000274
речной 0,916291 0,000592
речных 1,609438 0,000416
решение 0,755023 0,000098
решением 1,078810 0,000139
ржев 1,771957 0,000229
риа 1,049822 0,000407
римбунан 3,912023 0,000506
римско-католическая 3,218876 0,000416
риотип 3,912023 0,001011
ровец 3,912023 0,000506
ровка 0,000000 0,000000
ровск 0,000000 0,000000
ровцы 0,000000 0,000000
родина 1,560648 0,000202
родной 1,897120 0,000245
родственниками 3,506558 0,000453
родственные 2,040221 0,000264
рождения 1,514128 0,000587
роза 1,021651 0,000132
росгосстрах 3,218876 0,000416
роскартография 2,813411 0,000727
россии 0,186330 0,000915
россиигорода 1,309333 0,000169
российская 0,186330 0,000193
российский 0,634878 0,001067
российских 0,733969 0,000095
российско-украинской 1,108663 0,000143
российского 0,634878 0,000164
российской 0,385662 0,001745
россия 0,371064 0,000288
росстат 0,776529 0,000100
росстрой 3,912023 0,000506
рост 0,967584 0,000125
ростелеком 1,386294 0,000358
ростов-на-дону 1,237874 0,000160
рпц 2,302585 0,000298
рсфср 0,733969 0,000474
ртрс 1,514128 0,000391
руб 1,171183 0,000151
рубан 3,506558 0,000453
рублей 0,755023 0,000293
руки 2,120264 0,000274
руководством 0,941609 0,000122
руководящие 2,813411 0,000364
рус 0,162519 0,001008
русса 2,525729 0,000326
русская 0,867501 0,000449
русские 0,544727 0,000070
русский -0,009950 -0,000004
русско-китайской 3,912023 0,000506
русского 0,494296 0,000128
русское 0,755023 0,000195
русском 1,049822 0,000136
русь 1,966113 0,000254
рыб 2,040221 0,000264
рыбный 2,302585 0,000298
рэдком 3,912023 0,000506
рэдком-интернет 3,912023 0,000506
ряд 0,385662 0,000050
рязанской 3,506558 0,000453
с-в 0,000000 0,000000
с-з 0,000000 0,000000
сайт 0,371064 0,000336
сайте 0,967584 0,000750
сайты 0,478036 0,000062
сама 1,469676 0,000190
самая 0,798508 0,000103
самого 0,891598 0,000115
самолета 2,120264 0,000274
самостоятельной 2,995732 0,000387
самостоятельную 2,207275 0,000285
самоуправлений 3,912023 0,000506
самые 1,021651 0,000132
самый 0,579818 0,000225
самым 0,653926 0,000169
самых 0,544727 0,000070
сан-франциско 2,995732 0,000387
санкт-петербург 0,776529 0,000100
санкт-петербурге 1,771957 0,000458
санкт-петербургский 2,407946 0,000311
санкт-петербургского 2,207275 0,000285
сантиметров 2,659260 0,000344
санья 3,506558 0,000453
саровского 2,407946 0,000311
саха 2,813411 0,000364
сахалин-хабаровск-владивосток 3,912023 0,000506
сахалина 3,218876 0,000832
сбербанк 1,966113 0,000254
сборник 0,653926 0,000254
сборной 2,525729 0,000326
сборную 3,506558 0,000453
сборных 2,813411 0,000364
сведениям 1,966113 0,000254
свободной -0,009950 -0,000001
своем 1,560648 0,000202
свойство 0,653926 0,000169
своя 3,506558 0,000453
свяжитесь -0,009950 -0,000001
связанных 1,171183 0,000151
связей 1,560648 0,000202
связи 0,235722 0,000091
связующей 3,506558 0,000453
связывают 1,609438 0,000208
связь 0,616186 0,000239
святителя 2,040221 0,000264
святого 1,078810 0,000139
сдали 3,218876 0,000416
сдан 1,897120 0,000490
сделан 2,813411 0,000364
севера 0,941609 0,000243
северном 1,469676 0,000190
северный 0,820981 0,000212
сегодня 0,616186 0,000159
седов 3,218876 0,000416
седьмого 1,609438 0,000416
сезон 1,347074 0,000174
сезона 1,609438 0,000208
сейфуллин 3,912023 0,000506
секретно 3,506558 0,000453
сектор 1,714798 0,000222
села 1,203973 0,000311
селение 2,302585 0,000893
селения 2,525729 0,000653
село 1,469676 0,000380
сельских 0,776529 0,000703
семейным 3,912023 0,000506
семен 1,966113 0,000254
семинария 1,469676 0,000380
семь 1,309333 0,000169
семьи 1,272966 0,000165
сен 2,407946 0,000311
сент 0,843970 0,000436
сентябре 0,994252 0,000129
сентябрь 1,309333 0,000169
сентября 0,072571 0,000385
серафима 2,407946 0,000311
сергеем 2,407946 0,000311
сергей 0,967584 0,000250
серебряный 1,386294 0,000179
середины 0,967584 0,000125
серии 1,386294 0,000179
серышева 3,912023 0,000506
сети 0,494296 0,000064
сеть 0,616186 0,000080
сибгути 3,506558 0,000453
сибири 1,347074 0,000697
сибирский 1,469676 0,000570
сибирских 1,966113 0,000254
сибирского 1,714798 0,000665
сибирью 2,207275 0,000285
сиднеем 3,506558 0,000453
силами 1,309333 0,000508
силовиков 3,912023 0,000506
силы 1,427116 0,000369
сильнейшим 3,506558 0,000453
сильного 2,407946 0,000311
синагога 1,609438 0,000416
синагоги 2,040221 0,000264
синема 1,771957 0,000229
система 0,235722 0,000030
системеобсуждениевкладсоздать -0,009950 -0,000001
системы 0,342490 0,000089
сих 1,078810 0,000139
сихотэ-алиня 3,506558 0,000453
сияние 2,302585 0,000595
ска-нефтяник 3,912023 0,000506
ска-хабаровск 3,912023 0,000506
сказка 2,120264 0,000274
скан-сити 3,912023 0,000506
скачать -0,009950 -0,000001
склады 2,659260 0,000344
сколько 0,653926 0,000085
скоростного 1,897120 0,000245
скульптор 1,427116 0,000184
скульптором 3,218876 0,000416
скульптура 1,171183 0,000151
слабо 1,966113 0,000254
славы 1,078810 0,001116
славыскрытые 3,218876 0,000416
слева 1,108663 0,000143
следующие 0,544727 0,000141
следующий 1,560648 0,000403
следующих 1,386294 0,000179
слияния 1,966113 0,000508
словари 0,116534 0,000030
словарь 0,274437 0,000071
слове 2,813411 0,000364
сложен 2,995732 0,000774
сложным 0,867501 0,000112
служба 0,693147 0,000448
службу 2,207275 0,000285
службы 0,798508 0,000103
случаях -0,009950 -0,000003
смещение 0,798508 0,000103
сми 0,867501 0,001121
снабжению 3,218876 0,000416
снежная 2,207275 0,000285
снесен 2,040221 0,000527
сносок 0,843970 0,000109
соб 3,912023 0,001517
собой 0,328504 0,000042
собор 0,755023 0,000293
собора 1,108663 0,000143
собрание 0,941609 0,000365
события 1,108663 0,000143
событияпожертвовать -0,009950 -0,000001
совет 0,916291 0,000355
совета 0,798508 0,000310
советов 0,820981 0,000424
советская 0,371064 0,000144
советский 0,755023 0,000098
советских 1,386294 0,000179
советско-гаванский 3,912023 0,000506
советского 0,776529 0,000201
советское 0,994252 0,000257
советской 0,755023 0,000293
советскую 2,659260 0,000344
совкино 3,506558 0,000453
современного 0,653926 0,000085
современность 1,609438 0,000208
современный 0,967584 0,000375
содержание 0,010050 0,000003
содержанием 2,407946 0,000311
содержаниемвикипедия 2,995732 0,000387
содержать 2,525729 0,000326
соединив 3,506558 0,000453
соединился 3,506558 0,000907
соединяющая 2,525729 0,000326
созвездие 3,506558 0,000453
создана 0,891598 0,000231
созданный 1,560648 0,000202
сознания 2,120264 0,000274
солдат 2,120264 0,000274
солдатских 2,207275 0,000571
солдаты 2,995732 0,000774
солнечное 2,525729 0,000653
солнечной 1,966113 0,000254
солнечный 0,843970 0,000218
солнечных 2,207275 0,000285
солнышко 3,506558 0,000453
сообщения 0,820981 0,000212
сообщить -0,009950 -0,000001
соответствие 2,302585 0,000298
соответствии 0,446287 0,000346
соответствует 1,427116 0,000184
сопредельных 2,995732 0,000387
сорока 2,525729 0,000326
сортировочная 3,506558 0,000453
сост 0,597837 0,000386
состав 0,400478 0,000518
составе 0,616186 0,000080
составила 1,021651 0,000132
составлена 2,207275 0,000285
составлении 2,659260 0,000344
составленный 2,407946 0,000311
составляет 0,314711 0,000122
составляло 1,347074 0,000174
состоит 0,755023 0,000098
состоялись 2,120264 0,000274
состоялся 1,237874 0,000160
состоянию 0,544727 0,000070
сотен 2,040221 0,000264
сотовой 1,469676 0,000190
сотовый 3,506558 0,000453
сотрудничестве 1,771957 0,000229
софийск 3,506558 0,000907
софийскому 3,912023 0,000506
сохранением -0,009950 -0,000001
сохранившейся 2,659260 0,000344
сохранились 1,609438 0,000208
социалистической 1,897120 0,000245
социально-экономического 1,237874 0,000320
социальные 1,660731 0,000215
союз 1,203973 0,000311
союза 0,733969 0,000474
спасибо 3,506558 0,000453
спасителя 2,659260 0,000344
спасо-преображенский 1,966113 0,000508
спб 0,385662 0,000199
список 0,248461 0,000128
спорных 3,506558 0,000453
спорт 0,776529 0,000201
спорта 0,916291 0,000118
спортивно-зрелищный 3,506558 0,000453
способствовало 1,609438 0,000208
справа 1,714798 0,000222
справочная 2,407946 0,000623
справочник 0,916291 0,000355
справочника 2,659260 0,000344
спустя 1,609438 0,000416
сравнению 1,078810 0,000139
сразу 0,994252 0,000257
среди 0,198451 0,000154
среднеамурской 3,912023 0,001011
среднегодовая 1,078810 0,000139
среднее 1,272966 0,000329
среднем 0,693147 0,000090
среднемесячная 1,771957 0,000229
средний 0,494296 0,000319
средняя 0,510826 0,000528
средств 0,597837 0,000077
средства 0,415515 0,000107
српски 0,000000 0,000000
српскохрватски 0,000000 0,000000
сср 0,820981 0,000212
ссср 0,314711 0,000610
ссылка 0,274437 0,000177
ссылками 0,186330 0,000024
ссылкамистраницы 2,525729 0,000326
ссылкасведения -0,009950 -0,000001
ссылки -0,009950 -0,000010
ссылок 0,693147 0,000179
ставка 2,659260 0,000344
ставшего 2,525729 0,000326
ставшем 3,506558 0,000453
стадии 1,966113 0,000254
стадион 1,108663 0,001146
стадиона 1,832581 0,000237
стадионе 1,966113 0,000254
стадионов 1,660731 0,000215
стал 0,314711 0,000203
стала 0,462035 0,000119
стали 0,430783 0,000223
сталинского 2,525729 0,000326
стандарте 2,525729 0,000653
стандартная 2,207275 0,000571
стандартной 2,525729 0,000326
станицей 3,912023 0,000506
становление 1,966113 0,000254
становления 1,609438 0,000208
станции 0,693147 0,000627
станцию 1,897120 0,000245
станция 0,798508 0,000103
старателей 3,912023 0,001011
старая 0,430783 0,000056
старого 1,347074 0,000174
старое 1,771957 0,000229
старому 2,040221 0,001055
старообрядческая 1,560648 0,000403
старый 1,049822 0,000136
статей 0,967584 0,000125
статистика -0,009950 -0,000003
статистике 0,916291 0,000118
статистики 0,713350 0,000461
статистические 2,407946 0,000311
статистический 0,755023 0,001757
статистическими 3,506558 0,000453
статистических 2,040221 0,000264
статистического 2,120264 0,000548
статистическое 0,994252 0,000129
статус 0,510826 0,000198
статусом 1,171183 0,000151
статьевикипедия 1,660731 0,000215
статьестатьи 0,843970 0,000109
статьи 0,072571 0,000131
статьислучайная -0,009950 -0,000001
статьисообществофорумсправкасвежие -0,009950 -0,000001
статью 0,616186 0,000239
статья 0,105361 0,000068
статьяобсуждение -0,009950 -0,000001
статьятекущие -0,009950 -0,000001
стела 1,469676 0,000380
стеле 3,912023 0,000506
стелу 2,995732 0,000387
стелы 2,659260 0,000688
стена 2,407946 0,000311
стереотип 1,514128 0,000196
стиль 1,714798 0,000222
стилю 1,832581 0,001184
столетию 3,218876 0,000416
столица 0,967584 0,000125
столицей 1,171183 0,000151
сторожевой 2,302585 0,000298
стороны 0,430783 0,000111
стран 0,597837 0,000155
страна 0,462035 0,000179
страница -0,009950 -0,000001
страницасодержаниеизбранные -0,009950 -0,000001
страницецитировать -0,009950 -0,000001
страницуполучить -0,009950 -0,000001
страницы -0,009950 -0,000005
страницыслужебные -0,009950 -0,000001
страны 0,634878 0,000082
стратегическим 2,659260 0,000344
строений 1,660731 0,000215
строитель 1,897120 0,000490
строительства 0,673345 0,000087
строительство 0,510826 0,000330
строительством 1,714798 0,000222
строительству 1,469676 0,000190
строй 1,771957 0,000229
строящейся 3,912023 0,000506
стыке 1,966113 0,000254
субъект 0,820981 0,000106
субъектов 0,755023 0,000390
судами 2,659260 0,000344
судов 1,237874 0,000160
судостроения 3,912023 0,000506
судостроительный 2,302585 0,000298
судьба 1,966113 0,000254
сумма 1,897120 0,000245
сунгари 3,506558 0,000453
суньхэ 3,506558 0,000453
суперкубка 3,506558 0,000453
сутки 1,771957 0,000229
суточный 0,820981 0,000424
сутурин 3,912023 0,002023
сухой 1,966113 0,000254
существенно 1,108663 0,000143
существовавшего 2,525729 0,000326
считается 0,693147 0,000179
считались 2,813411 0,000364
сша 0,562119 0,000145
съезд 2,120264 0,000274
сысоева 3,506558 0,000453
сюдасвязанные -0,009950 -0,000001
т-ва 0,000000 0,000000
табл 0,867501 0,000112
таблица 0,653926 0,000338
табличка 2,995732 0,000387
таганрог 2,407946 0,000311
тайга 1,966113 0,000254
тайна 2,659260 0,001031
тайне 3,506558 0,000453
также 0,000000 0,000000
такие 0,261365 0,000034
такими 1,660731 0,000215
таковых 2,659260 0,000344
такси 1,021651 0,000264
тарашкев 0,000000 0,000000
татарча 0,000000 0,000000
твердом 3,912023 0,000506
тверь 1,514128 0,000196
творчества 1,514128 0,000391
театр 0,713350 0,000645
театров 1,203973 0,000156
текст -0,009950 -0,000003
тектоники 3,506558 0,000453
текущем 0,544727 0,000070
теле 2,207275 0,000285
телевидение 0,967584 0,000250
телеканал 1,309333 0,000169
телеканалы 1,966113 0,000508
телекоммуникаций 2,525729 0,000326
телефонная 2,120264 0,000274
телефонный 0,776529 0,000100
тельмана 3,218876 0,000416
тематические 0,510826 0,000066
температура 0,562119 0,000436
температуры 1,139434 0,000147
тепловую 3,218876 0,000416
тепловые 3,218876 0,000416
теплоходом 3,506558 0,000453
теплоходы 2,120264 0,000548
территориальном 2,813411 0,000364
территориальных 0,776529 0,000402
территории 0,400478 0,000207
территорий 1,049822 0,000271
территория 0,755023 0,000195
территориях 0,916291 0,000118
техники 0,867501 0,000112
техникум 1,714798 0,000222
технологии 0,798508 0,000103
технология 1,966113 0,000254
тигров 3,218876 0,000416
тигры 3,912023 0,000506
тип 0,356675 0,000184
типа 0,462035 0,000179
типографии 2,995732 0,000774
типография 1,203973 0,000311
тихвин 2,813411 0,000364
тихоокеанская 3,912023 0,002023
тихоокеанский 2,995732 0,000774
тихоокеанского 2,302585 0,000298
товарищи 3,218876 0,000832
товарный -0,009950 -0,000001
тогу 3,912023 0,001517
томск 1,108663 0,000143
тому 1,108663 0,000143
тоннель 2,813411 0,000364
топографом 3,912023 0,000506
топонима 1,386294 0,000179
топонимический 0,798508 0,000103
торговая 1,660731 0,000644
торговля 1,021651 0,000132
торговые 1,203973 0,000156
торжественная 2,525729 0,000326
торжественно 1,660731 0,000429
торжественным 3,912023 0,000506
точкой 2,120264 0,000274
традиции 1,386294 0,000179
трамваи 1,897120 0,000245
трамвай 0,967584 0,000125
трамвайно-троллейбусного 3,506558 0,000453
трамвайные 1,966113 0,000254
трамвайных 1,660731 0,000215
трамвая 1,347074 0,000348
трансгаз 2,995732 0,000387
транслируются 3,506558 0,000907
транснефть 3,506558 0,000453
транспорт 0,693147 0,001254
транспортной 1,108663 0,000287
транспортный 1,171183 0,000151
транспортных 0,891598 0,000115
транссиб 3,506558 0,001360
транссибирская 2,207275 0,000285
транстелеком 2,813411 0,000727
трассы 1,609438 0,000208
требующие 1,347074 0,000174
трейдинг 3,912023 0,000506
третий 1,203973 0,000311
третьего 1,771957 0,000458
триада 3,912023 0,000506
трижды 2,120264 0,000274
троицкое 2,813411 0,000364
троицы 2,040221 0,000264
тройницкий 2,995732 0,000387
тройницкого 3,218876 0,000416
троллейбус 0,994252 0,000129
троллейбуса 1,897120 0,000245
троллейбусных 1,347074 0,000174
троллейбусы 1,714798 0,000222
трубный 3,506558 0,000453
труд 1,660731 0,000215
труды 1,469676 0,000190
туапсе 1,897120 0,000245
тугуро-чумиканский 3,912023 0,000506
туда 2,525729 0,000653
тумбе 3,912023 0,000506
тунгуска 2,995732 0,000387
тунгуске 3,912023 0,000506
тунцзян 3,506558 0,000453
тургенева 3,218876 0,000832
туризм 1,347074 0,000348
туристических 1,966113 0,000254
турнир 2,302585 0,000298
тыла 1,897120 0,000245
тыс 0,430783 0,000167
тысяч 0,415515 0,000054
тысячи 0,597837 0,000155
тэц 1,272966 0,000658
тюз 2,813411 0,000364
убедился 3,912023 0,000506
убивал 3,912023 0,000506
убийств 2,407946 0,000311
увалах 3,912023 0,000506
удалена 0,941609 0,000122
удалось 1,237874 0,000160
удмуртукра 0,000000 0,000000
удобному 3,506558 0,000453
уезд 1,897120 0,000245
уехал 3,912023 0,000506
узел 0,891598 0,000231
узнать 2,813411 0,000364
уильямом 3,506558 0,000453
указ 0,941609 0,000122
указа 2,995732 0,000387
указан 0,139262 0,000036
указанием -0,009950 -0,000003
указания 1,714798 0,000222
указанное 2,995732 0,000387
указано 0,733969 0,000190
указом 0,941609 0,000243
украинский 2,120264 0,000274
украины 0,616186 0,000159
уланд 2,995732 0,000387
улиц 0,891598 0,000115
улица 0,994252 0,000386
улице 0,916291 0,000118
улицей 2,120264 0,000274
улицы 0,843970 0,000218
улучшите 1,897120 0,000245
ульчский 3,912023 0,000506
умеренного 1,897120 0,000245
умеренный 1,897120 0,000490
умершим 3,506558 0,000453
умершимъ 3,912023 0,000506
умерших 1,832581 0,000474
ун-т 0,000000 0,000000
ун-та 2,120264 0,000274
универсальная 0,891598 0,000115
университет 0,562119 0,000799
университета 0,446287 0,000058
управление 0,527633 0,000409
управления 0,415515 0,000161
управляющим 3,506558 0,000453
управы 2,040221 0,000264
урала 1,609438 0,000208
урка 3,506558 0,000453
уровень 0,579818 0,000075
уровнем 0,798508 0,000103
уровни 2,525729 0,000326
уровню 1,897120 0,000245
уроженцы 2,995732 0,000387
уруша 3,506558 0,000453
условий -0,009950 -0,000001
условия -0,009950 -0,000004
услуги 0,994252 0,000514
успенский 1,514128 0,000196
уссури 3,218876 0,004993
уссурийска 3,912023 0,000506
уссурийская 3,506558 0,000453
уссурийский 3,218876 0,000832
уссурийского 3,506558 0,001360
уссурийское 3,912023 0,000506
устав 0,941609 0,000122
устанавливается 1,832581 0,000237
установили 1,832581 0,000237
установлена 1,237874 0,000160
установлении 1,771957 0,000229
установленная 2,995732 0,000387
устройстве 1,171183 0,000151
устройство 1,021651 0,000132
уступив 3,218876 0,000416
усть-уссурийский 3,912023 0,000506
устью 1,078810 0,000139
устья 1,171183 0,000454
устьях 3,506558 0,000453
утверждениями 0,713350 0,000092
утес 2,525729 0,000653
утесе 3,912023 0,000506
уточнения 1,514128 0,000196
уточнить 2,120264 0,000274
утрачен 3,218876 0,000416
уфрс 3,912023 0,000506
участие -0,009950 -0,000004
участием 1,469676 0,000190
участке 1,469676 0,000190
участок 1,203973 0,000156
учебные 1,108663 0,000287
учебных 1,049822 0,000136
учетную -0,009950 -0,000001
учетом 0,755023 0,000195
учреждения 0,843970 0,000109
фабрика 1,272966 0,000165
фадеева 3,506558 0,000907
фактически 0,916291 0,000118
фактов 1,386294 0,000179
факты 1,108663 0,000143
фбгоу 3,912023 0,000506
фгбоу 3,506558 0,000453
фгбу 2,659260 0,000688
фгу 2,525729 0,000326
фгуп 1,771957 0,000229
фев 2,525729 0,000326
февр 0,820981 0,000424
феврале 1,203973 0,000311
февральской 2,302585 0,000298
февраля 0,051293 0,000086
федеральная 0,713350 0,000461
федерального 0,673345 0,000261
федеральное 1,832581 0,000237
федеральной 0,891598 0,000115
федеральные 1,272966 0,000165
федеральный 0,653926 0,000085
федеральных 0,776529 0,000402
федеративной 2,813411 0,000364
федерации 0,544727 0,001620
федотова 2,995732 0,000387
феодосия 1,966113 0,000254
физико-географическая 0,843970 0,000218
физическая 2,040221 0,000264
физической 1,514128 0,000391
физкультуры 2,659260 0,000344
фиксированной 2,040221 0,000264
филармония 1,237874 0,000480
филиал 0,798508 0,000723
филиалов 1,347074 0,000174
филиппов 2,525729 0,000326
фильтрационный 3,912023 0,000506
финансовые 1,897120 0,000490
финансовых 1,560648 0,000202
финансы 0,798508 0,000103
фирма 2,525729 0,000326
фирменный 2,302585 0,000298
фирмой 2,659260 0,000344
флаг 0,673345 0,000174
флагман 3,218876 0,000416
флота 1,560648 0,000605
флотилии 2,813411 0,000364
фонд -0,009950 -0,000001
фонда 1,309333 0,000169
фонтанами 3,912023 0,000506
формирования 1,108663 0,000143
формула 2,525729 0,000326
форт-артуа 3,912023 0,000506
форум 1,609438 0,000208
фотоальбомам 3,912023 0,000506
фотографии 1,203973 0,000156
фотографиях 2,659260 0,000344
фронта 1,514128 0,000391
фсб 2,407946 0,000311
функционирует 1,203973 0,000156
фургал 3,912023 0,000506
футбольная 2,813411 0,000364
фуюань 3,506558 0,001360
фуюаня 3,506558 0,000453
хаба 3,506558 0,002266
хабаров 3,506558 0,000453
хабарова 3,912023 0,000506
хабаровка 3,912023 0,007080
хабаровкадо 3,912023 0,000506
хабаровке 3,912023 0,003034
хабаровки 3,912023 0,000506
хабаровку 3,912023 0,001011
хабарово 3,912023 0,001011
хабароводо 3,912023 0,000506
хабаровск 2,302585 0,035420
хабаровска 3,218876 0,029126
хабаровская 3,912023 0,006068
хабаровске 3,912023 0,018205
хабаровские 3,912023 0,002528
хабаровский 2,813411 0,018548
хабаровским 3,912023 0,000506
хабаровского 3,506558 0,013145
хабаровское 3,912023 0,007080
хабаровской 3,912023 0,002528
хабаровском 3,218876 0,002080
хабаровскому 3,218876 0,000832
хабаровскстатистика 0,000000 0,000000
хабарову 3,912023 0,000506
хабаровча 0,000000 0,000000
хабаровчане 3,912023 0,000506
хабиижт 3,912023 0,000506
хайнань 3,912023 0,000506
характера 1,771957 0,000229
характеристика 0,713350 0,000277
харбин 2,813411 0,000727
харизматы 3,912023 0,000506
хватает 0,843970 0,000109
хватцев 2,995732 0,000387
хгаэип 3,912023 0,000506
хгиик 3,912023 0,000506
хгик 3,912023 0,000506
хгпи 3,912023 0,000506
хгпу 3,912023 0,000506
хгуэп 3,912023 0,001517
хиджау 3,912023 0,000506
хиик 3,912023 0,000506
хладокомбинат 2,995732 0,000387
ходе 0,562119 0,000073
ходили 2,995732 0,000387
ходит 2,813411 0,000364
ходят 1,966113 0,000254
хозяйства 0,755023 0,000195
хозяйство 0,713350 0,000461
хоккейная 2,040221 0,000527
хоккейного 3,218876 0,000416
хоккею 1,347074 0,000871
хоккея 2,525729 0,000326
холдинг 2,040221 0,000264
холодная 2,040221 0,000264
хореографическая 3,912023 0,000506
храм 0,843970 0,000545
храма 1,272966 0,000165
храмов 1,386294 0,000179
христа 1,966113 0,000254
христиане-баптисты 3,912023 0,000506
хрэб 3,912023 0,001011
художественная 1,714798 0,000443
художественный 1,171183 0,000303
хумахэ 3,506558 0,000453
хэйлунцзян 3,506558 0,000453
хэйхэ 3,218876 0,000832
центр 0,400478 0,000621
центра 0,562119 0,000363
централизованная 2,302585 0,000298
центральная 0,755023 0,000098
центрального 0,967584 0,000375
центральное 1,966113 0,000254
центральной 0,843970 0,000109
центральном 1,714798 0,000443
центральную 1,832581 0,000237
центральный 0,673345 0,000261
центральными 3,912023 0,000506
центре 0,673345 0,000087
центров 0,776529 0,000402
центром 0,713350 0,000553
центры 0,713350 0,000092
церемония 2,207275 0,000571
церквей 1,560648 0,001210
церкви 0,916291 0,000118
церковь 0,843970 0,000764
цесаревича 3,218876 0,000416
цзямусы 3,912023 0,000506
циммермановка 3,506558 0,000453
цин 3,506558 0,000453
цинской 3,912023 0,001011
цирк 1,078810 0,000139
цирка 1,832581 0,000237
цитаты 2,813411 0,000364
цифровые 0,673345 0,000174
час 1,714798 0,000222
часов 1,078810 0,000139
часовня 1,771957 0,000458
часовой 0,755023 0,000390
част 3,506558 0,000453
части 0,198451 0,000051
частотном 3,912023 0,000506
часть 0,105361 0,000054
частью 0,755023 0,000098
частями 1,714798 0,000222
чел 0,713350 0,000830
челноки 3,912023 0,000506
челноков 3,506558 0,000453
человек 0,400478 0,000311
чемпион 1,660731 0,000215
чемпионат 1,237874 0,000320
чемпионатов 2,302585 0,000298
чемпионаты 2,659260 0,000344
черепаха 3,218876 0,000416
чернышева 3,218876 0,000832
чернышова 3,912023 0,005057
черта 2,302585 0,000298
черте 1,272966 0,000165
черту 1,714798 0,000222
черты 1,203973 0,000156
честь 0,562119 0,000363
четверо 3,218876 0,000416
четыре 0,713350 0,000461
четырехкратный 2,995732 0,000387
чечулина 3,912023 0,002023
чешскими 3,912023 0,000506
чжаосин 3,506558 0,000453
чжурчжэньская 3,912023 0,000506
чинам 3,912023 0,000506
чинамъ 3,912023 0,000506
чине 3,506558 0,000453
чиновники 2,525729 0,000326
числа 0,891598 0,000231
числе 0,248461 0,000032
численности 0,653926 0,000338
численность 0,653926 0,003212
чистая 2,407946 0,000311
чистый 2,120264 0,000274
чита 1,237874 0,000160
читатьправитьправить 0,494296 0,000064
читы 3,912023 0,000506
член 2,120264 0,000274
чьи 2,302585 0,000298
шаблонами 0,634878 0,000082
шаньдун 3,506558 0,000453
шевченко 2,302585 0,000298
шевчик 3,912023 0,000506
шестидесятых 3,912023 0,000506
шестизначная 2,995732 0,000387
шилка 2,995732 0,000387
ширина 1,469676 0,000190
широкополосный 2,995732 0,000387
школы 0,673345 0,000174
школьников 1,966113 0,000254
шкуркин 3,912023 0,000506
шкуропат 3,912023 0,000506
шренка 3,912023 0,000506
штаб 1,897120 0,000245
штат 2,659260 0,000344
эвакуации 2,407946 0,000311
эвакуирован 2,995732 0,000387
эвенков 2,995732 0,000387
эвенов 3,912023 0,000506
экз 0,415515 0,000269
экологически 2,813411 0,000364
экологических 2,207275 0,000285
экология 0,693147 0,000090
экономика 0,510826 0,000198
экономики 0,713350 0,000277
экономических 1,560648 0,000202
экономического 1,386294 0,000179
экспедиционными 3,912023 0,000506
эксплуатацию 0,994252 0,000257
экспозиция 2,040221 0,000527
экспонатов 2,302585 0,000298
экспонирования 3,912023 0,000506
экспорт -0,009950 -0,000001
экспресс 2,207275 0,000571
экстремумы 3,506558 0,000453
электрическую 2,995732 0,000387
электронной 1,897120 0,000245
электронные 1,714798 0,000222
электропоездами 2,813411 0,000364
энергетика 1,660731 0,000429
энергию 2,659260 0,000344
энфорта 2,813411 0,000364
энциклопедии -0,009950 -0,000004
энциклопедичности 3,506558 0,000453
энциклопедия 0,210721 0,000082
эповым 3,912023 0,000506
эрзянь 0,000000 0,000000
эсеры 2,813411 0,000364
эстетического 3,912023 0,000506
эта 0,000000 0,000000
этапы 1,714798 0,000222
этнографической 3,912023 0,000506
это 0,000000 0,000000
эфир 1,897120 0,000245
ю-в 0,000000 0,000000
ю-з 0,000000 0,000000
юбилейный 0,820981 0,000318
южно-сахалинск 3,218876 0,000416
южной 0,733969 0,000095
юнкера 3,506558 0,000453
юного 1,560648 0,000202
юность 1,771957 0,000229
юношеского 2,813411 0,000364
юпитер 2,813411 0,000364
юридический 1,714798 0,000222
юридических 2,207275 0,000285
юрием 2,302585 0,000298
юрия 1,660731 0,000215
юстиции 2,207275 0,000285
является 0,094311 0,000049
являлось 2,995732 0,000387
ягодный 3,506558 0,000453
язык 0,116534 0,000045
языках -0,009950 -0,000001
языковой 2,207275 0,000571
языком 1,514128 0,000196
яков 2,040221 0,000527
якова 2,995732 0,000774
якову 3,218876 0,000416
якутск 1,203973 0,000156
янв 0,820981 0,000531
января 0,116534 0,000587
японию 2,813411 0,000364
япония 1,897120 0,000736
японский 2,525729 0,000653
японских 2,995732 0,001936
японской 2,813411 0,000727
японцами 3,912023 0,001011
японцев 3,912023 0,000506
ясной 2,813411 0,000364
