абдрахманово 3,506558 0,000512
абдулино 3,218876 0,000940
абдулинский 3,912023 0,000571
абрамович 3,218876 0,000470
абсолютный 0,798508 0,000233
абсолютным 3,506558 0,000512
абср 3,912023 0,000571
авангард 1,832581 0,000268
авг 0,820981 0,000120
августа 0,072571 0,000148
августе 0,994252 0,000145
авиагородок 3,506558 0,000512
авиакомпании 2,525729 0,000369
авиационного 2,813411 0,000411
автобусных 1,609438 0,000470
автодорога 1,427116 0,000208
автодорогам 1,078810 0,000158
автодороги 1,609438 0,000235
автоматики 2,525729 0,000369
автомобильная 1,897120 0,000277
автомобильной 1,832581 0,000268
автономию 3,506558 0,000512
автономия 3,218876 0,000940
автономная 1,469676 0,000215
автономной 1,832581 0,000268
автор 0,994252 0,000145
авторадио 1,897120 0,000277
авторемонтная 3,912023 0,006856
автором 1,966113 0,000287
авторства -0,009950 -0,000001
авторство 3,912023 0,000571
агаповка 3,506558 0,000512
агломерации 0,916291 0,000134
аграрный 1,386294 0,000202
адамовский 3,912023 0,000571
адвентистов 1,714798 0,000250
административно-территориальная 2,302585 0,000336
административно-территориальное 0,820981 0,000600
административное 0,843970 0,000123
административные 1,514128 0,000221
административный 0,843970 0,000370
административным 1,514128 0,000442
администрацией 1,771957 0,000259
администрация 0,941609 0,000275
аза 3,912023 0,000571
азеево 3,506558 0,000512
азербайджанской 3,506558 0,000512
азией 2,407946 0,000703
азии 0,916291 0,000134
ак-мечеть 3,506558 0,000512
академии 0,693147 0,000405
академия 0,798508 0,000117
акб 3,218876 0,000470
акбулак 3,506558 0,001024
акбулакский 3,912023 0,000571
акваматика 3,912023 0,000571
акибанк 3,912023 0,000571
акмолинской 3,506558 0,000512
аксарово 3,506558 0,000512
активный 2,659260 0,000388
актобе 2,995732 0,000875
алаш 3,912023 0,000571
алаш-орда 3,912023 0,001143
алашская 3,912023 0,000571
александр 0,693147 0,000506
александра 0,820981 0,000120
александрович 1,609438 0,000705
александровская 2,302585 0,000336
александровский 2,120264 0,000619
александровской 3,218876 0,000470
алексеевич 2,040221 0,001490
алексеевское 2,995732 0,000438
алексей 1,049822 0,000920
аллеи 2,302585 0,000673
аллея 1,832581 0,000268
алма-ата 3,912023 0,000571
алфавитунаселенные 0,867501 0,000127
альберт 2,525729 0,000738
альметьевск 2,995732 0,000438
анализ 1,237874 0,000181
анатолий 1,714798 0,000250
ангел 2,525729 0,000369
англ 0,174353 0,000025
андреев 2,040221 0,000596
андреевич 2,040221 0,001788
андреевский 3,218876 0,000940
андреевским 3,506558 0,000512
андрей 0,967584 0,000141
анисифоров 3,912023 0,000571
анной 3,912023 0,000571
анны 2,813411 0,000411
ансамбля 2,207275 0,000322
апр 0,798508 0,000117
апреля 0,174353 0,000331
арапов 3,912023 0,000571
арапова 3,912023 0,000571
арбузник 3,912023 0,000571
аргументы 1,203973 0,000528
аренда 2,659260 0,000777
арестом 3,506558 0,000512
армии 1,049822 0,000460
армия 2,120264 0,000310
армяне 1,021651 0,000149
арт 3,218876 0,000940
арта 3,912023 0,000571
артищев 3,912023 0,000571
арх 0,544727 0,000080
археологии 1,309333 0,000191
архивировано 0,020203 0,000215
архивная 0,400478 0,000117
архивной 0,713350 0,000104
архипович 3,506558 0,000512
архитекторы 1,469676 0,000215
архитектура 0,755023 0,000331
архитектуры 0,755023 0,000110
ас-салам 3,506558 0,000512
асекеевский 3,912023 0,000571
асср 1,966113 0,000287
аст 0,820981 0,000120
астана 2,813411 0,000411
астрахань 0,967584 0,000141
астрель 1,049822 0,000153
атаман 2,659260 0,000388
атаманом 2,995732 0,000875
ате 2,407946 0,000352
атырау 2,659260 0,000388
аулия 3,912023 0,000571
афганской 3,912023 0,000571
аэродрома 1,832581 0,000268
аэропорт 0,843970 0,000370
аэропорта 1,049822 0,000153
аэропорту 1,609438 0,000235
бавлы 3,506558 0,000512
база 0,916291 0,000134
баландин 3,506558 0,000512
балыкши 3,912023 0,000571
банк 1,078810 0,001103
банка 0,941609 0,000138
банки 1,560648 0,000456
банков 1,272966 0,000372
барс 2,995732 0,000438
баскетболу 2,659260 0,000388
баскетбольный 1,832581 0,000268
батальону 3,912023 0,000571
баш 3,506558 0,000512
башкир 2,813411 0,000411
башкирии 3,506558 0,000512
башкирская 2,407946 0,001407
башкирский 2,995732 0,000438
башкирским 3,912023 0,000571
башкирских 3,218876 0,000470
башкиры 1,347074 0,000197
башкортостан 2,207275 0,000322
башкурдистан 3,506558 0,000512
башня 1,469676 0,000215
безак 3,912023 0,000571
бекенштейну 3,912023 0,000571
беларускаябългарски 0,000000 0,000000
беловка 3,912023 0,001143
белоказаки 3,912023 0,000571
белоказаков 3,912023 0,000571
белые 2,120264 0,000310
беляевский 3,912023 0,000571
бердская 3,912023 0,000571
бердского 3,506558 0,000512
бердской 3,218876 0,000470
берды 3,912023 0,001714
бердянка 3,912023 0,000571
берегу 0,616186 0,000090
березка 2,525729 0,000738
березнева 3,912023 0,000571
библиографических 0,094311 0,000014
библиотек 0,967584 0,000141
библиотека 0,462035 0,000202
библиотеки 0,843970 0,000247
бизнес-портале 3,912023 0,000571
билайн 1,272966 0,000186
билярский 3,506558 0,000512
бинбанк 3,218876 0,000470
биография 2,525729 0,000369
бланьяк 3,912023 0,000571
блюхера 2,659260 0,000388
богородицы 1,272966 0,000558
богослова 2,813411 0,000411
боевой 1,832581 0,000268
божией 1,609438 0,000940
божьей 1,966113 0,000287
болгарии 2,302585 0,000336
болгария 1,386294 0,000202
большаков 3,218876 0,000470
большая 0,072571 0,000053
большей 1,078810 0,000158
большой 0,328504 0,000144
боя 2,302585 0,000336
бражников 3,912023 0,000571
браун 3,506558 0,001024
бригада 2,659260 0,000388
бринкс 3,912023 0,000571
брокгауза 0,328504 0,000096
бронзовая 3,218876 0,000470
бронзовый 2,207275 0,000322
брыкин 3,912023 0,000571
бсэ 2,120264 0,000310
бугульма 2,995732 0,000438
бугуруслан 3,912023 0,000571
бугурусланский 3,912023 0,000571
будущего 1,427116 0,000208
будущему 2,407946 0,000352
бузулук 3,912023 0,000571
бузулукский 3,912023 0,001143
букеевской 3,912023 0,000571
булгаково 3,506558 0,000512
бульвар 1,714798 0,000501
бульваре 2,659260 0,000388
бум 2,040221 0,000298
бургас 2,525729 0,000369
бурила 3,912023 0,000571
бурового 3,912023 0,000571
буряад 0,000000 0,000000
бухарин 3,506558 0,000512
бухары 3,218876 0,000470
бывал 3,218876 0,000470
бывают 1,897120 0,000277
бывшая 1,660731 0,000970
бывшее 1,897120 0,000277
бывшей 1,514128 0,000221
бывший 1,108663 0,000972
быстробанк 3,912023 0,000571
быстров 3,912023 0,000571
бюджетного 2,813411 0,000411
вагин 3,506558 0,001024
вагонами 3,506558 0,000512
важным 1,386294 0,000202
валентины 2,995732 0,000438
валерианович 3,912023 0,000571
валерия 2,302585 0,000336
валерьевич 2,659260 0,000388
вариант 1,386294 0,000202
варфоломеевич 3,218876 0,000940
василий 1,386294 0,000810
васильевич 1,609438 0,002116
вашла 0,000000 0,000000
вблизи 1,139434 0,000166
введен 1,427116 0,000208
введенская 3,218876 0,000940
вглубь 2,407946 0,000352
вдоль 0,755023 0,001103
ведавшие 3,912023 0,000571
ведомости 1,049822 0,000307
ведущие 2,040221 0,000298
ведущий 2,120264 0,000310
век 0,733969 0,000107
века 0,248461 0,000145
веке 0,597837 0,000087
векенаселенные 2,813411 0,000411
великой 0,653926 0,000287
венчала 3,912023 0,000571
вера 1,560648 0,000228
верещагин 2,995732 0,000438
верности 2,995732 0,000438
версии 0,446287 0,000130
версия -0,009950 -0,000004
верхней 1,272966 0,000372
верхнем 1,771957 0,000259
верхнеуральск 3,506558 0,000512
веры 1,560648 0,000456
весна 1,469676 0,000215
весной 1,049822 0,000153
вести 0,843970 0,000123
весь 0,755023 0,000110
ветка 2,120264 0,000619
ветра 1,049822 0,000307
ветров 0,843970 0,000123
вечерний 1,966113 0,000574
вечного 3,218876 0,000470
вечный 2,120264 0,000310
взаимного 3,218876 0,000940
видам 1,560648 0,000228
видео 1,049822 0,000153
вики-разметкой 1,309333 0,000191
викигиде 0,776529 0,000340
викигидепортал 1,469676 0,000215
викигидстатьи 2,120264 0,000310
викиданные 0,776529 0,000227
викиданных -0,009950 -0,000001
викиданныхвикипедия 0,891598 0,000260
викимапиипро 1,427116 0,000208
викимедиа -0,009950 -0,000001
википедии -0,009950 -0,000003
википедия -0,009950 -0,000012
викискладвикиновостивикицитатниквикигидэлемент 1,272966 0,000186
викискладе 0,174353 0,000025
викискладепутеводитель 0,713350 0,000104
викискладстатьи 0,891598 0,000130
викицитатник 1,272966 0,000186
викицитатникемедиафайлы 1,469676 0,000215
виктор 1,386294 0,000607
винницкого 3,912023 0,000571
виолончелист 3,912023 0,000571
висящий 3,912023 0,000571
витольдович 3,506558 0,000512
витте 2,995732 0,000438
вишневая 3,506558 0,000512
включает 0,462035 0,000067
включен 1,560648 0,000228
владимир 0,733969 0,000750
владимирович 1,771957 0,000518
владыка 3,218876 0,000470
владыки 3,912023 0,000571
влажность 1,171183 0,000171
власович 3,912023 0,000571
власти 0,634878 0,000093
власть 0,733969 0,000429
влксм 2,302585 0,000673
вместе 0,510826 0,000224
вместо 0,798508 0,000117
внесению 3,912023 0,000571
внешние 0,051293 0,000007
вниз 1,171183 0,000342
внутреннее 0,733969 0,000107
внутренней 2,040221 0,000298
внутригородским 0,967584 0,000141
вов 2,120264 0,000310
водевили 3,912023 0,000571
водной 2,120264 0,000310
водоканал 2,525729 0,000369
водонапорная 2,813411 0,000411
военно-патриотического 3,506558 0,000512
военного 1,309333 0,000382
военный 1,272966 0,000186
военных 1,272966 0,000186
возврат 2,407946 0,000352
возвращено 2,207275 0,000645
возглавляет 2,120264 0,000310
воздуха 0,733969 0,000107
возможен 2,120264 0,000619
возрождения 1,966113 0,000287
воинских 2,659260 0,000388
воинского 2,995732 0,000875
воинской 1,660731 0,000243
войн 1,897120 0,000277
войне 1,049822 0,000153
войнов 3,912023 0,000571
войны 0,478036 0,000419
войска 1,237874 0,000362
войсками 1,386294 0,000202
войскового 3,506558 0,000512
войсковое 3,218876 0,000470
вокзал 0,820981 0,000120
вокзала 0,967584 0,000141
вокруг 0,693147 0,000202
волга 1,660731 0,000243
волейбольный 1,966113 0,000287
волжско-камский 3,912023 0,000571
волнами 2,995732 0,000438
волнистый 3,506558 0,000512
волнообразная 3,912023 0,000571
володарского 2,407946 0,000352
волшебные 0,040822 0,000006
ворота 1,347074 0,000393
воссоздано 3,506558 0,000512
восстановлен 1,771957 0,000259
восстановления 1,897120 0,000277
востоку 1,514128 0,000221
восточной 0,693147 0,000101
восточный 1,021651 0,000448
восточных 1,897120 0,000277
восходит 2,040221 0,000298
впадения 1,514128 0,000663
впервые 0,385662 0,000113
впо 2,525729 0,000369
впоследствии 0,653926 0,000096
временем 0,616186 0,000090
времени 0,186330 0,000163
время 0,030459 0,000022
врио 2,302585 0,000336
всебашкирские 3,506558 0,000512
всебашкирском 3,912023 0,000571
всеказахский 3,912023 0,001143
всероссийская 0,843970 0,000123
всероссийской 0,713350 0,000313
всесоюзная 0,843970 0,000863
вставкой 1,309333 0,000191
втб 1,714798 0,000250
вторая 0,994252 0,000145
второй 0,274437 0,000160
вту 3,912023 0,000571
вузов 0,891598 0,000130
вузы 1,514128 0,000221
входит 0,653926 0,000096
входом 0,994252 0,000145
входят 0,713350 0,000104
вцик 1,832581 0,000268
выбивают 3,912023 0,000571
выбрано 3,506558 0,000512
выгоднее 3,912023 0,000571
выдана 3,218876 0,000470
выдающихся 2,302585 0,000673
выделить 1,386294 0,000405
выделяются 1,386294 0,000202
вымпел-коммуникации 2,995732 0,000438
вырезали 3,912023 0,000571
высокие 1,560648 0,000228
высота 0,562119 0,000082
высотой 1,108663 0,000162
выставочные 1,966113 0,000574
выставочный 1,514128 0,000663
выступавший 3,506558 0,000512
выступает 1,347074 0,000590
выступали 1,966113 0,000574
выступать 2,407946 0,000352
выступающий 2,407946 0,000352
высшая 1,386294 0,000405
высшего 1,427116 0,000417
высшее 1,021651 0,000149
высшей 1,272966 0,000186
высшие 1,386294 0,000405
выходные 2,302585 0,000673
выходящий 3,912023 0,000571
вышеславцев 3,912023 0,000571
выявленный 3,912023 0,006285
гаврил 3,912023 0,000571
гавриловна 3,912023 0,000571
гагарин 2,659260 0,000388
гагарина 1,427116 0,000625
гагарину 2,995732 0,000875
гагариных 3,912023 0,000571
газа 1,309333 0,000382
газет 1,660731 0,000243
газета 0,616186 0,000180
газеты 0,994252 0,000145
газовик 3,912023 0,001714
газодобывающей 3,912023 0,000571
газоперерабатывающей 3,912023 0,000571
газоперерабатывающий 3,218876 0,000470
газпром 1,714798 0,001753
газпрома 3,506558 0,000512
газпромбанк 2,407946 0,000352
гай 3,506558 0,000512
гайский 3,912023 0,000571
галереи 1,771957 0,000518
галерея 1,203973 0,000879
гаранькин 3,912023 0,001143
гарнизона 2,659260 0,000388
гауптвахта 2,995732 0,000438
гвардии 2,407946 0,003868
гелиевого 3,912023 0,000571
гелиевый 3,912023 0,000571
генерал-губернаторства 2,659260 0,000388
генерал-майор 2,659260 0,000388
генерала 1,832581 0,000268
генеральный 0,967584 0,000141
геннадий 2,302585 0,000336
географически 2,813411 0,000411
географические 0,713350 0,000208
географическим 2,040221 0,000298
географическое 0,693147 0,000405
географической 0,798508 0,000233
география 0,462035 0,000135
геологический 2,120264 0,000310
георгий 1,560648 0,000228
геральдике 3,912023 0,000571
геральдистов 2,995732 0,000438
геральдисту 3,912023 0,000571
геральдически 3,218876 0,000470
геральдический 1,897120 0,000277
геральдическим 3,218876 0,000470
герб 0,820981 0,001799
герба 1,427116 0,002084
гербовая 3,912023 0,000571
гербовый 3,506558 0,000512
гербовых 3,506558 0,000512
героев 2,120264 0,000310
герои 2,207275 0,000322
герой 1,560648 0,004787
героя 1,832581 0,000268
героям 2,040221 0,000298
гигантов 3,218876 0,000470
гимн 0,820981 0,000240
гимназия 1,469676 0,001288
гиппократ 3,912023 0,001143
гкгн 0,994252 0,000145
гкгнпро 0,916291 0,000134
глава 0,673345 0,000295
главе 1,237874 0,000362
главной 0,941609 0,000138
главный 0,916291 0,000134
главным 0,967584 0,000141
главой 1,309333 0,000765
главы 0,967584 0,000707
гнатынов 3,912023 0,001143
год 0,235722 0,000551
года -0,009950 -0,000234
годах 0,385662 0,000225
годов 0,356675 0,000104
году 0,072571 0,000350
годуоренбургбывшие 3,912023 0,000571
годы 0,356675 0,000208
голубой 2,040221 0,000298
голубою 3,912023 0,000571
гора 1,139434 0,000166
горам 2,995732 0,000438
горбань 3,218876 0,000470
горе 1,771957 0,000518
горит 2,813411 0,000411
город 0,544727 0,002228
город-побратим 2,120264 0,000310
города 0,430783 0,003523
города-партнеры 1,771957 0,000776
города-побратимы 0,891598 0,000391
городам 0,798508 0,000117
городами 0,916291 0,000134
городе 0,693147 0,001012
городище 1,609438 0,000235
городка 2,120264 0,000929
городов 0,579818 0,000339
городов-побратимов 1,660731 0,000485
городок 1,386294 0,001012
городом 0,798508 0,000350
городоренбург 3,912023 0,000571
городпро 0,867501 0,000127
городским 0,798508 0,000117
городских 0,713350 0,001980
городского 0,693147 0,001316
городское 1,203973 0,003165
городской 0,755023 0,000662
городском 1,427116 0,000208
городу 0,798508 0,000583
горсовет 2,659260 0,000388
горсовета 2,120264 0,000310
горы 1,108663 0,000162
горыевропейская 3,912023 0,000571
горького 1,139434 0,000499
госкомстат 0,891598 0,000260
госпитальная 3,506558 0,000512
госпитальный 3,912023 0,000571
гостиниц 1,427116 0,000208
гостиницы 1,347074 0,000393
государственного 0,616186 0,000720
государственное 0,776529 0,000113
государственной 0,616186 0,002250
государственные 1,514128 0,000221
государственный 0,430783 0,001007
гоу 2,659260 0,000388
градоначальники 1,771957 0,000259
граждане 1,108663 0,000810
гражданин 1,309333 0,000191
гражданский 2,302585 0,000336
гражданской 0,967584 0,000141
гранд-отель 3,912023 0,000571
граница 1,139434 0,000832
границе 1,347074 0,000393
границей 1,966113 0,000287
границы 0,867501 0,000253
гранта 3,912023 0,001143
грантов 3,506558 0,000512
грачевский 3,506558 0,000512
григорьевич 2,207275 0,000322
губернатор 1,272966 0,000186
губернатора 1,237874 0,000181
губернатором 1,966113 0,000287
губернаторский 2,525729 0,000738
губернией 3,506558 0,000512
губернии 0,994252 0,000581
губерния 1,427116 0,000208
губернского 1,714798 0,000501
губкина 3,506558 0,000512
гуськова 3,912023 0,000571
далее 0,693147 0,000101
дало 1,966113 0,000287
даль 2,659260 0,000388
данным 0,415515 0,000121
данных 0,616186 0,000180
дара 3,506558 0,000512
дарьинское 3,912023 0,000571
дата 0,030459 0,000351
датская 0,342490 0,000050
даты 1,427116 0,000208
дача 1,832581 0,000268
две 0,527633 0,000077
движение 0,820981 0,000120
дворцы 2,120264 0,000310
двуглавого 3,506558 0,000512
двум 2,207275 0,000322
двух 0,462035 0,000067
двухэтажные 3,218876 0,000470
действовать -0,009950 -0,000001
действует 0,634878 0,000278
действуют 0,867501 0,000380
действующему 3,912023 0,000571
действующих 1,514128 0,000221
дек 0,820981 0,000120
декабре 0,798508 0,000117
декабря 0,105361 0,000369
декларирующем 3,912023 0,000571
декретом 3,506558 0,000512
делами 2,120264 0,000310
делать 1,832581 0,000268
деление 0,673345 0,000492
демоскоп 0,820981 0,000360
день 0,562119 0,000082
депопуляцию 3,912023 0,000571
дерево 2,120264 0,000310
деревяшкин 3,912023 0,000571
детей 0,941609 0,000138
детская 0,916291 0,000268
детский 1,171183 0,000171
детское 2,120264 0,000310
детства 2,659260 0,000777
детьми 3,218876 0,000470
деятели 2,302585 0,000336
деятельностью 1,714798 0,000250
джангильдина 3,912023 0,000571
дзержинский 2,302585 0,000673
дзержинского 1,660731 0,000728
димитрия 2,659260 0,000388
динамо 1,171183 0,000171
дирижер 2,659260 0,000388
длина 1,171183 0,000171
длиной 1,272966 0,000186
длительной 3,218876 0,000470
дмитриевич 2,525729 0,000369
дмитриевича 2,995732 0,000438
дмитриевский 3,506558 0,000512
дмитрий 0,967584 0,000424
дневная 2,813411 0,000411
дней 0,446287 0,000130
днейвикипедия 0,967584 0,000141
дня 0,478036 0,000209
доблесть 3,912023 0,000571
добрый 2,659260 0,000388
добыча 1,966113 0,001149
документе 2,525729 0,000369
документов 0,653926 0,000096
долготой 0,941609 0,000138
должностное 2,813411 0,000411
должность 1,203973 0,000352
дом 0,562119 0,000493
дом-музей 1,660731 0,000243
дома 0,798508 0,000233
домашний 1,660731 0,000243
домбаровский 3,912023 0,000571
донковцев 3,912023 0,000571
дополнительные -0,009950 -0,000001
дорога 0,798508 0,000700
дороге 1,427116 0,000208
дороги 0,713350 0,000313
дорогу 1,609438 0,000235
дорожное 1,771957 0,000259
дорофеев 3,506558 0,001024
досок 2,813411 0,000411
достижения 1,514128 0,000221
достопримечательностей 1,660731 0,000243
доступен -0,009950 -0,000001
драматический 1,203973 0,000879
драматургов 3,506558 0,000512
драмтеатр 2,995732 0,000438
другие 0,030459 0,000027
других -0,009950 -0,000004
дружба 1,832581 0,000268
думы 1,078810 0,000158
дутов 3,912023 0,001143
дутова 3,912023 0,001143
духовная 1,386294 0,000202
евангелическо-лютеранской 2,995732 0,000438
евангельской 2,120264 0,000619
евгений 1,347074 0,000590
евгеньевна 3,912023 0,000571
евразия 2,120264 0,000929
евролиге 3,912023 0,000571
евролиги 3,506558 0,001024
европа 0,941609 0,000275
европа-азия 3,912023 0,000571
европе 0,916291 0,000134
европейская 2,407946 0,000352
европейским 2,995732 0,000438
европейской 0,891598 0,000260
европой 2,525729 0,000738
европы 0,673345 0,000492
егрокн 3,912023 0,002857
единиц 0,673345 0,000393
единица 1,609438 0,000235
единицы 1,386294 0,000810
единожды 3,912023 0,000571
единой 1,771957 0,000259
ежегодник 0,820981 0,001439
екатеринбург 0,843970 0,000123
екатериной 1,897120 0,000277
елизаветинские 3,912023 0,001143
елизаветой 3,912023 0,000571
емельяна 2,813411 0,000822
епархии 1,108663 0,000162
ермашова 3,912023 0,000571
ерышев 3,912023 0,000571
естественной 2,525729 0,000369
ефрона 0,328504 0,000096
ехб 3,218876 0,000470
жаркое 1,897120 0,000277
жби 3,218876 0,000470
железная 1,171183 0,000684
железнодорожного 0,967584 0,000141
железнодорожные 1,272966 0,000186
железнодорожный 0,755023 0,000221
железной 0,755023 0,000331
железную 2,659260 0,000388
женский 1,309333 0,000191
женской 2,040221 0,000596
женщин 1,386294 0,000202
женщинами 3,506558 0,000512
жертвах 3,912023 0,000571
жизни 0,562119 0,000246
жилин 3,912023 0,000571
жилые 1,347074 0,000197
жиромская 1,021651 0,000149
жителей 0,673345 0,000098
жуза 3,912023 0,000571
жукова 2,302585 0,000336
журналы 1,609438 0,000235
заведения 1,108663 0,000972
зависимости 0,798508 0,000117
завод 0,798508 0,000816
завода 0,941609 0,000275
заводов 1,203973 0,000176
заводу 2,659260 0,000388
заводы 1,237874 0,000181
завоевали 2,995732 0,000438
заглавная -0,009950 -0,000001
загородным 3,506558 0,000512
заезжие 3,912023 0,000571
заикин 3,912023 0,000571
заки 3,506558 0,000512
заключено 2,659260 0,000388
закон 0,616186 0,000090
законодательству 3,218876 0,000470
зал 1,021651 0,000149
заложена 2,120264 0,000619
залы 1,469676 0,000859
замена 2,407946 0,000352
заместитель 1,897120 0,000277
занимавший 2,995732 0,000438
занимает 0,616186 0,000090
запада 1,021651 0,000149
западных 1,771957 0,000259
западу 1,771957 0,000259
записьвойти -0,009950 -0,000001
заполненными 1,966113 0,000287
зарегистрирован 1,771957 0,000259
зарегистрированный -0,009950 -0,000001
заречный 2,525729 0,000369
зарубежных 1,469676 0,000215
зарывнов 3,912023 0,000571
заседании 1,771957 0,000518
засушливое 3,218876 0,000470
зато 1,560648 0,000228
зауральная 3,912023 0,000571
захвата 2,659260 0,000388
захоронений 2,407946 0,000352
захоронения 2,407946 0,010902
захороненые 3,912023 0,001143
зачаганск 3,912023 0,000571
зачатым 3,912023 0,000571
защитников 3,506558 0,001024
заявление -0,009950 -0,000001
збекча 0,000000 0,000000
звезда 1,237874 0,000181
звездный 2,302585 0,001009
здание 0,776529 0,000227
здравоохранение 0,941609 0,000138
земель 1,272966 0,000558
земле 0,994252 0,000290
земля 1,139434 0,000166
зима 1,021651 0,000298
зимой 0,713350 0,000104
зирган 3,506558 0,000512
знак -0,009950 -0,000004
знамени 1,832581 0,000268
знамения 3,912023 0,000571
знать 2,525729 0,000369
значение 0,314711 0,000046
значения 0,105361 0,000369
значениями 2,995732 0,000438
золотое 2,207275 0,000322
золотой 0,843970 0,000123
золотом 1,966113 0,000287
зоне 0,527633 0,000077
зрения 1,272966 0,000372
зрителей 1,714798 0,000501
зрителям 3,218876 0,000470
иван 0,843970 0,000863
иванова 1,966113 0,000287
иванович 1,560648 0,000456
иваново 1,139434 0,000166
иваном 2,040221 0,000298
иванченко 3,912023 0,000571
ивушка 3,912023 0,000571
идентификаторы 0,693147 0,000101
идти 3,218876 0,000470
иду 3,912023 0,000571
избран 1,386294 0,001012
избрано 3,218876 0,000470
извилистою 3,912023 0,000571
издание 0,776529 0,000113
изданиявикипедия 3,218876 0,000470
издательский 1,514128 0,000221
издательство 0,510826 0,000149
изделий 1,309333 0,000191
изображали 3,506558 0,000512
изображении 1,272966 0,000186
изображений 2,407946 0,000352
изображения 1,609438 0,000235
изобразительных 1,771957 0,000776
иконы 1,347074 0,000590
илек 3,912023 0,000571
илекская 3,912023 0,000571
илекский 3,912023 0,000571
ильиных 3,506558 0,001024
ильич 2,525729 0,001107
илья 2,040221 0,000596
имангулово 3,506558 0,000512
имеет 0,235722 0,000034
имеется 0,653926 0,000191
именами 2,302585 0,000336
имени 0,462035 0,001687
именовался 2,407946 0,000352
именьково 3,506558 0,000512
имитировали 3,912023 0,000571
императрицей 2,525729 0,001107
императрицы 1,832581 0,000268
империи 0,733969 0,000107
имя 0,891598 0,000260
инвертор 3,912023 0,000571
индекс 0,941609 0,000138
индерборский 3,912023 0,000571
инспекции 3,912023 0,009142
институт 0,478036 0,000279
института 0,755023 0,000221
инструменты -0,009950 -0,000003
интелком 3,912023 0,000571
интереса 2,525729 0,000369
интернет-портал 1,897120 0,000554
информатики 1,714798 0,000250
информации 0,446287 0,000196
иоанна 1,469676 0,000429
иоанновной 3,912023 0,000571
иоанновны 3,506558 0,000512
иосифович 3,218876 0,000470
ира 3,506558 0,000512
ирон 0,000000 0,000000
исергапово 3,506558 0,000512
исключение 2,525729 0,000369
исключительно 1,272966 0,000186
искусств 0,916291 0,000669
искусства 0,733969 0,000322
исполнительная 2,995732 0,000438
исполнительную 2,302585 0,000336
использовало 2,995732 0,000438
использовался 1,771957 0,000259
использования -0,009950 -0,000003
использующие 0,040822 0,000012
испытал 2,995732 0,000438
исток 1,469676 0,000215
истока 1,021651 0,000149
историей 2,207275 0,000322
истории 0,248461 0,000435
историко-краеведческий 2,407946 0,000352
историография 3,218876 0,000470
исторически 1,078810 0,000158
исторические 0,941609 0,000275
исторический 0,653926 0,000382
историческим 2,207275 0,000322
исторического 1,049822 0,000153
историческое 1,660731 0,000485
историю 0,843970 0,000247
история 0,051293 0,000112
источник -0,009950 -0,000004
источниками 0,776529 0,000113
источников 0,371064 0,000379
исчислении 0,843970 0,000123
итоги 0,713350 0,000417
итогов 0,891598 0,000130
иудаизм 1,966113 0,000287
ишлы 3,506558 0,000512
июле 0,967584 0,000141
июль 0,579818 0,000085
июля 0,116534 0,000391
июнь 0,544727 0,000080
июня 0,116534 0,000408
кавалер 2,659260 0,002330
кавалеры 3,506558 0,000512
кадетское 3,218876 0,000470
каждые 1,832581 0,000268
каждый 0,733969 0,000107
казаков 1,660731 0,000243
казанского 1,660731 0,000243
казанской 1,469676 0,000429
казань 0,891598 0,000651
казах 3,506558 0,000512
казахи 1,514128 0,000442
казахов 2,813411 0,000822
казахских 3,912023 0,000571
казахстан 1,469676 0,000859
казахстана 1,966113 0,000287
казахстанагорода 3,912023 0,000571
казачества 2,407946 0,001407
казачеству 3,912023 0,000571
казачье 2,407946 0,000352
казачьего 1,966113 0,000287
казачьи 2,659260 0,000777
каменев 3,506558 0,000512
каму 3,218876 0,000470
канава 3,218876 0,000470
канал 0,843970 0,000247
канатная 2,525729 0,000369
канцелярия 2,407946 0,000352
канюков 3,912023 0,000571
капитан 2,302585 0,000673
караван-сарай 3,912023 0,000571
караван-сарайская 3,912023 0,000571
караван-сарая 3,912023 0,001143
карачи 3,218876 0,000940
каргала 3,506558 0,001024
карла 1,560648 0,000228
карпов 2,525729 0,000369
картами 0,562119 0,000082
карточкевикипедия 1,469676 0,000215
карточкивикипедия 1,309333 0,000191
карты 0,941609 0,000138
каспий 2,407946 0,000352
каспийское 1,897120 0,000277
каталанская 0,527633 0,000077
каталогах 0,094311 0,000014
категории -0,009950 -0,000003
католический 1,714798 0,000250
кафедрального 2,120264 0,000310
кафедральный 1,021651 0,000298
качестве 0,478036 0,000070
качкарский 3,912023 0,000571
кваркенский 3,912023 0,000571
квартал 1,660731 0,006306
кей 2,302585 0,000336
киев 1,560648 0,000228
кизильское 3,506558 0,000512
километров 1,078810 0,000158
кинотеатра 1,771957 0,000259
киргиз-кайсацких 3,912023 0,000571
киргизами 3,218876 0,000470
киргизов 2,995732 0,000875
киргизский 3,506558 0,000512
киргизского 3,912023 0,000571
киргизской 3,506558 0,000512
кириллович 3,218876 0,000470
кириллову 3,912023 0,000571
кирилов 3,912023 0,000571
кириловым 3,912023 0,000571
кирова 1,386294 0,000405
китай 0,867501 0,000127
кладбище 1,347074 0,003541
кладбищенский 3,218876 0,006582
клементьев 3,912023 0,000571
климат 0,494296 0,000505
климата 0,733969 0,000107
климатические 1,966113 0,000287
климов 3,912023 0,000571
клуб 0,916291 0,001204
клуба 1,660731 0,000243
клубы 1,108663 0,000162
ключи 2,302585 0,000336
кмальметьевск 3,912023 0,000571
кмекатеринбург 2,813411 0,000411
кмказань 2,040221 0,000298
кммосква 1,832581 0,000268
кмпермь 2,813411 0,000411
кмсанкт-петербург 2,120264 0,000310
кмсаратов 2,813411 0,000411
кмсочи 2,120264 0,000310
кмтольятти 3,912023 0,000571
кмульяновск 3,218876 0,000470
кмчелябинск 2,407946 0,000352
книжное 1,078810 0,000158
князем 1,714798 0,000250
кобозева 3,912023 0,001143
коваленко 3,218876 0,000470
код -0,009950 -0,000068
кода 0,798508 0,000117
кодекс -0,009950 -0,000001
кодистория 0,116534 0,000017
колдубов 3,912023 0,000571
колеблется 2,040221 0,000596
колеи 2,813411 0,000411
количество 0,328504 0,000048
колледж 1,386294 0,000202
колосья 3,218876 0,000470
кольцо 1,514128 0,000221
команда 1,272966 0,000372
комаровский 3,506558 0,000512
комбикормовый 3,506558 0,000512
комедии 2,040221 0,000596
комикыргызча 0,000000 0,000000
комиссаржевская 3,912023 0,000571
комиссаров 2,659260 0,000388
комитет 0,755023 0,000110
коммерческих 1,714798 0,000501
коммунальщик 3,506558 0,000512
коммунаров 2,995732 0,000438
компании 0,579818 0,000085
комплекс 0,653926 0,001528
комплекс-музей 3,912023 0,000571
композитор 1,966113 0,000287
композицию 2,995732 0,000438
комсомолец 1,560648 0,000228
конкурсов 2,407946 0,000352
консерваторий 3,912023 0,000571
константин 1,560648 0,000228
континентальный 0,776529 0,000340
конфессии 1,237874 0,000181
конфиденциальности -0,009950 -0,000001
конфликтов 2,813411 0,000411
конце 0,430783 0,000063
концертные 2,040221 0,000596
концу 0,994252 0,000145
кончается 3,912023 0,000571
копии 0,653926 0,000096
копия 0,328504 0,000096
корнеев 3,506558 0,000512
корона 2,302585 0,000336
коронованный 3,506558 0,000512
коростелевых 3,912023 0,000571
короткий -0,009950 -0,000001
космонавтики 2,207275 0,000322
космос 1,897120 0,000277
которая 0,287682 0,000042
которую 0,867501 0,000127
которые 0,162519 0,000071
который 0,105361 0,000015
которым 0,798508 0,000117
которых 0,094311 0,000014
край 0,891598 0,000130
красноармеец 3,506558 0,000512
красноармейские 3,506558 0,000512
красногвардейский 3,218876 0,000470
красного 1,272966 0,000186
краснознаменного 2,995732 0,000438
красной 0,967584 0,000424
краснохолм 3,912023 0,000571
красные 1,660731 0,000243
красный 0,941609 0,000550
красных 2,120264 0,000310
края 0,713350 0,000313
кредита 2,995732 0,000438
крепости 1,203973 0,000703
крепость 1,078810 0,000630
крепостью 2,813411 0,000411
крест 2,120264 0,000619
крестом 2,995732 0,000438
крестьянской 3,506558 0,000512
кристалл 2,407946 0,000352
кружева 3,912023 0,000571
крупнейших 0,634878 0,000185
крупные 0,579818 0,000085
крупный 0,798508 0,000117
крупных 0,494296 0,000144
крупской 2,207275 0,000322
крыжановский 3,912023 0,000571
крыма 0,843970 0,000123
кубка 1,347074 0,000590
кубке 3,218876 0,000470
кубок 1,832581 0,000535
кувандык 3,912023 0,000571
кувандыкский 3,912023 0,000571
кузнечный 3,506558 0,001024
кузьмин 2,525729 0,000369
куйбышева 2,207275 0,000322
куки -0,009950 -0,000001
кукол 0,916291 0,000401
кукольный 2,995732 0,000438
кулагин 3,506558 0,001024
кульджа 3,912023 0,000571
культура 0,653926 0,000382
культурного 0,916291 0,007226
культуры 0,462035 0,000405
кумертау 3,506558 0,000512
курманаевский 3,912023 0,000571
курсируют 2,407946 0,000352
курултае 3,912023 0,000571
курултаи 3,506558 0,000512
кутафина 3,506558 0,000512
кушкули 3,912023 0,000571
кушкуль 3,912023 0,001143
лазаренко 3,912023 0,000571
лазоревый 3,912023 0,001143
лазоревым 3,912023 0,000571
лазурный 2,407946 0,000352
лаппо 3,218876 0,000470
лауреат 2,040221 0,000298
лебедева 2,995732 0,000438
левом 1,309333 0,000191
легкой 1,771957 0,000259
легница 3,912023 0,000571
ледовые 2,813411 0,000411
лейтенант 3,506558 0,001024
ленина 0,867501 0,000380
ленинградской 2,525729 0,000369
ленино 2,995732 0,000438
ленинский 1,078810 0,000473
ленину 1,272966 0,000186
ленинцев 3,912023 0,000571
лента 1,560648 0,000228
лентой 2,659260 0,000388
леонид 1,966113 0,000287
леонтий 3,506558 0,000512
леонтия 3,506558 0,000512
леопольд 3,506558 0,000512
леопольдович 3,912023 0,000571
лесозащитной 3,912023 0,000571
лесопарк 2,302585 0,000673
лет 0,223144 0,000130
летием 2,407946 0,000352
летия 1,108663 0,000810
лето 0,891598 0,000130
летом 0,597837 0,000087
летчика 3,912023 0,000571
летчика-испытателя 3,912023 0,000571
летчиков 2,525729 0,000369
либкнехта 3,218876 0,000470
лига 1,897120 0,000554
лиге 1,609438 0,000470
лиги 1,386294 0,000202
линии 0,755023 0,000110
листе 3,218876 0,000470
литература 0,061875 0,000018
лица 1,272966 0,000558
лицей 2,207275 0,002579
лицей-интернат 3,218876 0,000470
лицензии -0,009950 -0,000001
лицо 1,771957 0,000259
лишь 0,478036 0,000070
лов 0,000000 0,000000
лог 2,407946 0,000352
логотипах 3,912023 0,000571
локальное 1,108663 0,000162
локомотив 1,771957 0,000259
локомотиворемонтный 3,912023 0,000571
лоретанской 3,912023 0,000571
лукиным 3,912023 0,000571
лучших 1,049822 0,000153
льготы 3,218876 0,000470
людейгорода 2,995732 0,000438
люди 0,755023 0,000221
людмила 2,207275 0,000322
магистратская 3,912023 0,000571
магнит 1,714798 0,000250
магнитогорск 1,272966 0,000372
мае 0,867501 0,000127
май 0,597837 0,000087
майор 3,506558 0,001536
макеев 3,912023 0,000571
максимальный 2,659260 0,000388
максимум 0,733969 0,000214
мактама 3,506558 0,000512
малая 1,469676 0,000215
маленьких 2,995732 0,000438
малый 0,371064 0,000054
манатовым 3,912023 0,000571
мар 2,120264 0,000310
мариймакедонскимонгол 0,000000 0,000000
мария 1,832581 0,000268
март 0,616186 0,000090
марта 0,139262 0,000264
мартынов 2,995732 0,000438
маршала 2,302585 0,000336
маршрут 1,272966 0,000186
маршрутов 0,967584 0,000283
маршруту 1,832581 0,000268
массовой 0,916291 0,000401
мастера 2,302585 0,000336
матвеевич 3,218876 0,000470
матвеевский 3,506558 0,000512
матери 1,347074 0,000984
материал -0,009950 -0,000001
материалов 0,755023 0,000110
материалы 0,843970 0,000123
матч 1,347074 0,000197
махалля 3,506558 0,000512
махамбет 3,912023 0,000571
машиностроению 3,506558 0,000512
мая 0,139262 0,000468
маяк 1,108663 0,000324
мгюа 3,506558 0,000512
мдм 3,912023 0,000571
мегафон 1,237874 0,000181
медиафайлы 0,301105 0,000044
медицинский 0,891598 0,000130
медицинских 1,427116 0,000208
медногорск 3,506558 0,000512
междугородная 3,218876 0,000470
международная 1,309333 0,000191
международный 0,713350 0,000313
международным 1,966113 0,000287
международных 0,967584 0,000141
мелеуз 3,506558 0,000512
мельница 2,525729 0,000369
мемориальный 1,469676 0,000859
мемориальных 2,302585 0,000673
меняет 2,659260 0,000388
мере 1,272966 0,000186
места 0,579818 0,000169
месте 0,544727 0,000239
местное 1,427116 0,000417
местные 1,049822 0,000153
место 0,371064 0,002222
местоположение 2,040221 0,000298
месторождение 2,302585 0,000336
месяцев 1,171183 0,000171
месяцевикипедия 0,776529 0,000113
металлист 2,813411 0,000411
металлообработке 3,506558 0,000512
метров 0,776529 0,000113
мечети 1,560648 0,000228
мечеть 1,078810 0,002206
микрорайоны 1,609438 0,000235
милиции 2,207275 0,000322
минимум 0,693147 0,000202
министерства 0,891598 0,000260
мир 0,342490 0,000100
мира 0,415515 0,000061
мире 0,494296 0,000072
мировой 0,733969 0,000107
мирхайдара 3,912023 0,001143
митрополит 2,207275 0,000322
митт 3,912023 0,000571
михаил 0,916291 0,001204
михайлович 1,386294 0,001215
мичурина 3,218876 0,000470
мищеряков 3,912023 0,000571
младшего 3,506558 0,000512
младший 3,506558 0,000512
млн 0,462035 0,000067
мнение 1,427116 0,000208
многопрофильный 2,995732 0,000438
мобильная -0,009950 -0,000001
мобильный 2,813411 0,000822
могут -0,009950 -0,000001
модулем 1,021651 0,000149
модуль 0,941609 0,000138
моисеевич 3,218876 0,000470
мокшеньолык 0,000000 0,000000
молитвенный 2,659260 0,000388
молитвы 3,218876 0,000940
молодежной 2,040221 0,000298
молодежный 1,309333 0,000191
молодой 1,832581 0,000268
монастырь 1,139434 0,000499
монастыря 1,309333 0,000191
монета 1,309333 0,000191
монтажников 3,506558 0,006658
монте-карло 2,407946 0,000352
монументального 2,207275 0,000322
монументы 2,525729 0,000369
мордва 1,309333 0,000191
море 1,049822 0,000153
морозов 2,207275 0,000322
морской 1,309333 0,000191
москва 0,400478 0,000409
москваоренбург 3,912023 0,000571
москвы 0,653926 0,000191
московский 0,891598 0,000130
московского 0,867501 0,000380
мост 0,967584 0,000424
мосту 2,040221 0,000298
мощный 2,207275 0,000322
мск 0,843970 0,000123
мстислав 3,218876 0,000470
мтс 1,237874 0,000181
мтт 3,218876 0,000470
мугоджары 3,506558 0,000512
мужской 1,560648 0,000228
музеи 0,820981 0,000360
музей 0,776529 0,002608
музей-гауптвахта 3,912023 0,000571
музей-квартира 2,995732 0,000438
музея 1,021651 0,000298
музыкальной 1,832581 0,000268
музыкальные 1,966113 0,000574
мультиплекс 2,659260 0,000777
муниципального 0,891598 0,000391
муниципальное 1,139434 0,000333
муниципальный 1,386294 0,000202
муниципальным 0,776529 0,001588
муниципальными 1,660731 0,000243
муниципальных 0,776529 0,000567
муравьев 3,218876 0,000470
мусульмане-сунниты 3,912023 0,000571
мусульманские 2,813411 0,000411
муфтият 3,506558 0,000512
мхт 3,506558 0,000512
мэр 1,347074 0,000197
мячом 1,771957 0,000518
набег 3,506558 0,000512
набега 3,218876 0,000470
набережная 1,139434 0,000333
наблюдается 1,021651 0,000149
навигации -0,009950 -0,000001
навигация -0,009950 -0,000003
надежда 2,120264 0,000619
надписью 2,659260 0,000388
назаров 2,813411 0,000411
назван 1,078810 0,001733
название 0,198451 0,000261
названия 0,342490 0,000200
названы 1,386294 0,000202
назначения 1,427116 0,000208
называемая 2,120264 0,000310
называли 1,347074 0,000197
назывались 1,897120 0,000277
назывался 1,347074 0,000197
называют 0,916291 0,000134
наиболее 0,139262 0,000020
наместничества 1,660731 0,000243
наместничество 2,302585 0,000336
нами -0,009950 -0,000001
направления 0,755023 0,000110
направо 1,560648 0,000228
напротив 1,237874 0,000181
народ 2,120264 0,000310
народная 0,713350 0,000104
народного 1,171183 0,000171
народное 0,798508 0,000350
народный 1,469676 0,000215
народных 1,203973 0,000176
народов 0,798508 0,004082
население 0,693147 0,000709
населением 0,776529 0,000227
населения 0,494296 0,003032
населениягод 0,000000 0,000000
населенияна 3,912023 0,000571
населенные 0,673345 0,000492
населенными 1,966113 0,000287
населенных 0,693147 0,000709
наслдеия 3,912023 0,000571
наследия 0,820981 0,006235
настольного 3,218876 0,000940
настольному 2,995732 0,000438
настоящее 0,328504 0,000096
наступает 0,916291 0,000535
наступление 2,120264 0,000310
насчитывается 1,427116 0,000208
наталия 2,302585 0,000336
наук 0,693147 0,000202
наука 0,301105 0,000132
наумович 3,506558 0,000512
научная 0,798508 0,000117
научно-справочное 3,912023 0,000571
находились 1,714798 0,000501
находился 0,776529 0,000113
находится 0,328504 0,000192
нац 2,995732 0,000438
национальной 1,272966 0,000186
национальности 0,867501 0,000253
национальность 1,237874 0,000181
национальную 2,040221 0,000298
национальный 0,597837 0,000175
нач 2,995732 0,000438
начала 0,314711 0,000184
начале 0,314711 0,000138
начали 0,891598 0,000130
началось 0,616186 0,000180
начальником 2,995732 0,000438
начато 1,469676 0,000215
наши 1,609438 0,000470
небольших 1,660731 0,000243
неделя 2,407946 0,000352
недоступная 0,527633 0,000616
недоступные 0,755023 0,000110
нежинской 3,912023 0,000571
некоммерческой -0,009950 -0,000001
некорректна 3,506558 0,000512
некорректно 1,897120 0,000277
некоторых 0,494296 0,000072
некрасова 2,525729 0,000369
неоднократно 1,139434 0,000166
неофициальный 2,659260 0,000388
неплюев 3,506558 0,000512
неплюева 3,912023 0,001143
неподалеку 2,040221 0,000298
неподходящим 3,506558 0,000512
непосредственно 0,478036 0,000140
неправомерна 3,912023 0,000571
нерабочими 1,021651 0,000149
несколько 0,150823 0,000044
несмотря 0,755023 0,000221
неудачно 3,506558 0,000512
неустойчивая 3,912023 0,000571
нефтегазоконденсатное 3,912023 0,000571
нефтемаслозавод 3,912023 0,000571
нефти 1,514128 0,000221
нефтяник 2,525729 0,000369
ниже 0,693147 0,000101
нижней 1,514128 0,000221
нижнесакмарский 3,912023 0,000571
нижняя 1,203973 0,000176
никифорович 3,912023 0,000571
нико-банк 3,912023 0,000571
николаев 2,407946 0,000703
николаевич 1,309333 0,000956
николай 0,867501 0,001774
никольский 2,207275 0,001612
никольским 3,912023 0,000571
нко 3,218876 0,000470
новая 0,634878 0,000556
нового 0,579818 0,000169
новое 0,755023 0,000110
новой 0,653926 0,000096
новом 1,386294 0,000202
новомурапталово 3,506558 0,000512
новоорский 3,912023 0,000571
новосергиевский 3,912023 0,000571
новости 0,579818 0,000254
новостройка 3,912023 0,001143
новотроицк 3,912023 0,001143
новый 0,446287 0,000130
номер 0,820981 0,000240
норвежская 0,248461 0,000036
норма 0,798508 0,000117
нохчийн 0,000000 0,000000
ночной 2,525729 0,000369
нояб 0,820981 0,000120
ноябре 0,994252 0,000145
ноября 0,127833 0,000373
нська 0,000000 0,000000
нтв 1,427116 0,000208
нужд 1,660731 0,000243
нужно 1,049822 0,000153
нурлатский 3,506558 0,000512
нурмагамбетова 3,912023 0,000571
ныне 0,653926 0,000096
обе 1,609438 0,000235
обелиск 2,525729 0,000738
обер-секретарь 3,912023 0,000571
обзоры 3,506558 0,000512
обладатель 1,832581 0,000268
областей 1,049822 0,000153
области 0,223144 0,000913
областигорода 2,407946 0,000352
областицентры 3,912023 0,000571
областная 1,309333 0,000382
областного 1,108663 0,000324
областной 1,078810 0,000945
областным 2,207275 0,000322
область 0,385662 0,000282
областьгорода 1,309333 0,000191
облачных 2,659260 0,000388
обновленное 3,506558 0,000512
обойки 3,912023 0,000571
обороны 1,309333 0,000191
оборонявшего 3,912023 0,000571
оборудования 1,049822 0,000153
обоснованию 2,407946 0,000352
образован 1,347074 0,000393
образована 1,427116 0,000208
образование 0,494296 0,000361
образования 0,478036 0,000279
образованиям 0,776529 0,001588
образованиями 1,966113 0,000287
образовательного 2,659260 0,000388
образуют 1,771957 0,000259
образца 2,407946 0,000352
образцы 2,207275 0,000322
обращения 0,030459 0,000351
обстоятельное 3,912023 0,000571
обсуждалась 3,506558 0,000512
общем 1,514128 0,000221
общеобразовательные 2,207275 0,000967
общественные 1,609438 0,000235
общественный 0,941609 0,000138
общество 0,713350 0,000417
общие 0,673345 0,000098
общины 1,514128 0,000221
объект 1,386294 0,006276
объектов 0,527633 0,001310
объекты 0,478036 0,000349
обязанности 1,427116 0,000208
овраг 2,813411 0,000411
овчинный 3,912023 0,000571
огня 2,525729 0,000369
огонь 1,771957 0,000259
огпу 3,506558 0,000512
ограничен 2,525729 0,000369
одаренных 3,912023 0,000571
одна 0,527633 0,000154
однако 0,174353 0,000025
одними 2,207275 0,000322
одновременно 0,776529 0,000113
одноглавый 3,506558 0,000512
оказалось 2,120264 0,000310
окато 0,820981 0,000240
около 0,000000 0,000000
окончательно 1,203973 0,000176
округ 0,673345 0,000393
округа 0,653926 0,000955
округам 1,660731 0,000243
округов 0,776529 0,000907
окт 0,798508 0,000117
октмо 0,843970 0,000123
октябрьский 1,078810 0,000158
октябрьское 2,659260 0,000388
октябрьской 1,078810 0,000158
октября 0,083382 0,000219
олег 1,427116 0,000208
олимпийский 2,120264 0,000310
ольга 1,427116 0,000208
онлайн 0,198451 0,000058
оноприенко 3,912023 0,000571
ооо 0,843970 0,000740
оперетты 2,995732 0,000438
описание -0,009950 -0,000004
определению 2,813411 0,000411
организации -0,009950 -0,000003
организованной 2,995732 0,000438
ордена 1,714798 0,001753
орел 1,609438 0,000470
орен 3,912023 0,000571
орен-тв 3,912023 0,000571
оренбу 0,000000 0,000000
оренбург 1,966113 0,022111
оренбург-центральный 3,912023 0,000571
оренбург-южный 3,912023 0,000571
оренбурга 3,218876 0,032438
оренбургдо 3,912023 0,000571
оренбурге 3,912023 0,014855
оренбургнаселенные 3,912023 0,000571
оренбургнефть 3,912023 0,000571
оренбургокруга 3,912023 0,000571
оренбургская 2,040221 0,004470
оренбургские 3,506558 0,001024
оренбургский 2,813411 0,016847
оренбургским 3,506558 0,000512
оренбургских 3,506558 0,002561
оренбургского 3,912023 0,008570
оренбургское 3,912023 0,002285
оренбургской 2,525729 0,014017
оренбургскому 3,912023 0,002285
оренбургскую 2,995732 0,000438
оренбургстат 3,912023 0,000571
оренбургстата 3,912023 0,000571
оренбургстатистика 0,000000 0,000000
оренбургу 3,912023 0,003999
оренбургуфа 3,506558 0,000512
оренбургэнерго 3,912023 0,000571
оренбуржцам 3,912023 0,000571
оренбуржцев 3,912023 0,001143
оренбуржцу 3,912023 0,000571
оренбуржье 3,912023 0,002857
оренбуржья 3,912023 0,002285
ореншаль 3,912023 0,000571
оригинала 0,162519 0,000475
орла 2,995732 0,000438
орландо 3,506558 0,001024
орск 1,272966 0,001115
орска 3,912023 0,001143
орт-планета 3,912023 0,000571
ортсабеларуская 0,000000 0,000000
орь 3,912023 0,002285
осадили 3,506558 0,000512
осадков 0,544727 0,000080
осаждавшая 3,912023 0,000571
освобождению 2,995732 0,000438
освобождения 2,040221 0,000298
осень 1,469676 0,000215
осипенко 2,995732 0,000438
основан 0,579818 0,000339
основания 0,713350 0,000208
основанной 2,302585 0,000336
основанные 0,776529 0,000227
основанный 1,386294 0,000202
основателем 2,525729 0,000369
основателю 2,302585 0,000336
основе 0,494296 0,000072
основная 0,116534 0,000068
основой 1,237874 0,000181
особые 2,120264 0,000310
остатки 1,469676 0,000215
осуществляет 1,203973 0,000352
ответственности -0,009950 -0,000001
отдельное 1,966113 0,000287
отдельных -0,009950 -0,000001
отдыха 1,049822 0,000153
отечества 2,207275 0,000645
отечественной 0,673345 0,000197
отказ -0,009950 -0,000001
открыл 1,609438 0,000235
открылось 1,966113 0,000287
открылся 0,941609 0,000138
открыто 1,078810 0,000158
отличается 0,579818 0,000085
отмечается 1,309333 0,000191
отмечена 2,525729 0,000369
относительно 0,415515 0,000061
относящиеся 2,659260 0,000388
отношений 1,309333 0,000191
отрада 2,995732 0,000438
отраслей 1,771957 0,000259
отрасли 1,078810 0,000158
отраслям 2,659260 0,000388
отредактирована -0,009950 -0,000001
отставку 2,525729 0,000369
оттепели 2,302585 0,000336
офисов 3,218876 0,000470
официально 0,693147 0,000101
официального 2,040221 0,000298
официальный 0,510826 0,000298
официальных 2,207275 0,000322
охраны 1,427116 0,003752
оценка 0,693147 0,000101
очередь 0,527633 0,000154
ошибкекак -0,009950 -0,000001
павлович 2,302585 0,001345
павловна 3,506558 0,000512
павших 2,813411 0,000411
падение 2,302585 0,000336
палето 3,912023 0,000571
памяти 1,078810 0,000473
памятная 1,660731 0,000243
памятник 0,693147 0,000607
памятника 1,078810 0,000158
памятники 0,733969 0,000750
памятников 0,820981 0,000480
памятные 1,832581 0,000268
память 0,891598 0,000391
пао 1,427116 0,001042
параллельно 1,237874 0,000181
параметрамивикипедия 2,207275 0,000322
парк 0,693147 0,001215
парка 1,021651 0,000149
парки 1,272966 0,000372
паркового 3,912023 0,000571
парковый 2,525729 0,000369
парковым 3,506558 0,000512
парку 3,218876 0,000470
паровая 3,506558 0,000512
партизан 2,813411 0,000411
партнеры 2,302585 0,000336
пасмурных 2,813411 0,000411
пассажиропоток 1,966113 0,000287
патриот 3,218876 0,000940
педагог 2,995732 0,000438
педагогический 1,078810 0,000158
пензу 3,506558 0,000512
пер 1,108663 0,000162
первого 0,733969 0,000214
первое 0,544727 0,000159
первой 0,462035 0,000067
первомайский 1,660731 0,000243
первоначально 1,203973 0,000352
первую 0,867501 0,000127
первые 0,494296 0,000144
первый 0,385662 0,000282
первым 0,597837 0,000087
первых 0,653926 0,000096
переволоцкий 3,912023 0,000571
переименован 1,347074 0,000393
переименовании 1,897120 0,000554
перейти -0,009950 -0,000003
перекресток 1,714798 0,000250
переносилось 3,912023 0,000571
переносом 2,995732 0,000438
переписи 0,755023 0,000331
переписном 3,218876 0,000470
перепись 0,820981 0,000959
переработка 2,995732 0,000438
пересекаются 3,506558 0,000512
переулок 2,302585 0,000336
переходящий 3,912023 0,000571
период 0,342490 0,000100
перовск 3,912023 0,000571
перовского 3,912023 0,000571
персоналии 2,525729 0,000738
персональные -0,009950 -0,000001
петин 3,912023 0,000571
петина 3,912023 0,000571
петиных 3,912023 0,000571
петрович 1,897120 0,000554
петровна 3,218876 0,000470
петровной 3,912023 0,000571
печати -0,009950 -0,000001
печать -0,009950 -0,000003
пешеходном 3,912023 0,000571
пешеходный 2,525729 0,000738
пимена 3,218876 0,000470
пищевой 1,514128 0,000221
плакаты 3,912023 0,000571
план 0,755023 0,000110
планета 2,207275 0,000645
платков 3,912023 0,001143
платок 3,506558 0,000512
плацпарадная 3,506558 0,000512
плеханова 2,302585 0,000673
плотность 0,693147 0,000101
площади 0,510826 0,000075
площадь 0,478036 0,000559
площадью 0,994252 0,000145
плюс 1,386294 0,000202
победа 1,609438 0,000470
победителем 2,207275 0,000322
победитель 2,207275 0,000322
победы 0,916291 0,001472
побратимы 2,407946 0,000352
поведения -0,009950 -0,000001
поверенный 3,912023 0,000571
поволжский 2,659260 0,000388
повторял 3,912023 0,000571
погибшего 3,912023 0,000571
погибших 1,714798 0,000250
погода 0,776529 0,000340
пограничными 3,912023 0,000571
подготовки 1,309333 0,000191
подлесное 3,506558 0,000512
подмаячный 3,912023 0,001143
подполковник 3,506558 0,002049
подробнее -0,009950 -0,000001
подчинены 1,897120 0,000277
подъезд 2,659260 0,000388
подъем 1,832581 0,000268
поезд 1,560648 0,000228
пожалован 3,218876 0,000470
пожалованного 3,912023 0,000571
пожарной 2,407946 0,000703
пожаров 2,302585 0,000336
поиск -0,009950 -0,000001
поискового 3,912023 0,000571
поиску -0,009950 -0,000001
пойме 2,207275 0,000322
показал 1,832581 0,000268
показатели 0,994252 0,000145
показатель 0,713350 0,000104
показующее 3,912023 0,000571
показывает 2,207275 0,000645
показывающих 3,912023 0,000571
покинул 3,506558 0,000512
поколения 1,897120 0,000277
покров 1,469676 0,000215
покрова 1,203973 0,000352
покупки 2,659260 0,000388
полбина 3,912023 0,000571
полдень 0,916291 0,000134
поле 0,798508 0,000117
полевому 3,912023 0,000571
полета 2,525729 0,000369
полина 2,995732 0,000438
полины 3,506558 0,000512
политика -0,009950 -0,000001
политическая 0,843970 0,000123
полковник 2,302585 0,001009
полной 1,832581 0,000268
полностью 0,400478 0,000117
полные 2,407946 0,000352
полный 1,272966 0,001115
половине 0,634878 0,000185
положение 0,510826 0,000224
положении 2,040221 0,000298
полосою 3,912023 0,000571
полосы 1,469676 0,000429
полу 0,916291 0,000535
получил 0,713350 0,000104
получила 0,653926 0,000191
польша 1,966113 0,000287
поляков 0,916291 0,000134
поляничко 3,912023 0,000571
полянка 3,506558 0,000512
пономаревский 3,912023 0,000571
попадают 2,525729 0,000369
попыток 2,407946 0,000352
поражением 2,995732 0,000438
портал 0,342490 0,000100
порталвикипедия 2,120264 0,000310
портом 2,302585 0,000336
порфирий 3,912023 0,000571
пос 2,040221 0,000298
посад 1,660731 0,000243
поселений 0,798508 0,000933
поселениям 0,967584 0,000141
поселка 1,309333 0,000191
поселкам 0,891598 0,000130
поселок 1,108663 0,000324
посетителей 1,966113 0,000287
последнего 1,609438 0,000235
последние 0,755023 0,000110
последний -0,009950 -0,000001
последняя 0,342490 0,000050
последовательно 1,832581 0,000268
послужили 2,813411 0,000411
посмотрели 3,912023 0,000571
поспелов 1,021651 0,000149
пост 1,514128 0,000442
поставлена 2,407946 0,000352
поставщиком 2,525729 0,000369
постановлением 1,469676 0,000215
постникова 3,912023 0,001143
постоя 3,912023 0,001143
постоянного 0,693147 0,000709
постоянными 3,218876 0,000470
построен 0,798508 0,000117
постсоциалистической 3,912023 0,000571
потомственный 3,218876 0,000470
похороненных 3,218876 0,000470
почетные 1,108663 0,000810
почетный 1,469676 0,000215
почтовый 1,108663 0,000162
поэт 1,897120 0,000277
поэтому 0,616186 0,000090
появилось 1,171183 0,000171
появился 0,693147 0,000405
появится 1,832581 0,000268
появление 1,469676 0,000215
пояс 0,693147 0,000405
права 0,755023 0,000221
правах 3,506558 0,000512
правительства 0,693147 0,000202
правительство 0,843970 0,000123
правительством 1,832581 0,000268
править -0,009950 -0,000131
правка 0,328504 0,000048
правкиновые -0,009950 -0,000001
правкипостоянная -0,009950 -0,000001
православной 1,203973 0,000176
православные 1,347074 0,000393
правую 3,506558 0,000512
празднованию 2,302585 0,000336
пребывания 2,120264 0,000310
превышает 0,967584 0,000141
пределах 0,510826 0,000075
предоставлявшая 3,912023 0,000571
предположительно 1,966113 0,000287
предпринимательства 1,714798 0,000250
предприятия 0,713350 0,000313
председателем 1,469676 0,000215
председатель 1,347074 0,000197
представились -0,009950 -0,000001
представительную 2,995732 0,000438
представительство 1,514128 0,000221
представленных 2,659260 0,000388
представляла 2,659260 0,000388
представляющая 2,995732 0,000438
предтечи 2,120264 0,000310
предуралье 2,995732 0,000438
прежние 1,171183 0,000171
президенте 1,832581 0,000268
президентских 3,506558 0,000512
президентского 3,506558 0,000512
президентское 3,218876 0,000470
президиума 1,272966 0,000372
преподобного 2,207275 0,000645
преподобному 3,912023 0,000571
препятствует 3,218876 0,000470
пресвятой 1,272966 0,000558
пресса 2,120264 0,000619
престижнейший 3,912023 0,000571
приблизительно 1,514128 0,000221
привилегией 3,912023 0,000571
привилегии 2,995732 0,000438
привилегия 3,912023 0,001714
привокзальный 3,218876 0,000470
приволжского 1,832581 0,000268
призер 1,771957 0,001035
признается 2,659260 0,000388
приказ 1,714798 0,004007
приказом 1,966113 0,000287
применяемого 0,843970 0,000123
применяемым 0,941609 0,000138
примечания -0,009950 -0,000003
принадлежат 1,966113 0,000287
принадлежит 1,203973 0,000352
принадлежности 1,514128 0,000221
принял 1,272966 0,000372
принято 0,713350 0,000104
приписки 3,912023 0,000571
присвоено 1,078810 0,000158
пристанционный 3,912023 0,000571
приуралья 3,506558 0,000512
приурочено 2,813411 0,000411
приход 1,832581 0,000268
проблемы 0,544727 0,000080
проведения 0,843970 0,000123
проведенный 3,506558 0,000512
проводилась 2,659260 0,000388
проводит 1,660731 0,000243
провозглашает 3,506558 0,000512
провозглашена 2,525729 0,000369
продолжается 1,560648 0,000228
проезд 1,897120 0,000277
проезда 1,560648 0,000228
проект 0,400478 0,000234
проекта 0,616186 0,000270
проектах -0,009950 -0,000001
производитель 2,407946 0,000352
произошла 1,714798 0,000250
произошло 0,733969 0,000107
происхождения 1,272966 0,000186
промсвязьбанк 3,506558 0,000512
промысласкрытые 3,912023 0,000571
промышленности 0,579818 0,000169
промышленность 0,693147 0,000405
промышленный 1,203973 0,000352
промышленным 1,660731 0,000243
просмотры -0,009950 -0,000001
проспект 1,021651 0,001044
проспекта 1,347074 0,000984
проспекте 1,427116 0,000208
проспектом 2,659260 0,000777
протекающую 3,912023 0,000571
протестантские 2,525729 0,000369
протяженность 0,941609 0,000138
профессионально-педагогический 2,995732 0,000438
профессионально-педагогического 3,912023 0,000571
профессионального 1,427116 0,000208
профессор 1,660731 0,000243
профессору 3,506558 0,000512
профсоюзов 2,525729 0,000369
проходит 0,693147 0,000202
проходящей 3,912023 0,000571
прохоренко 3,912023 0,000571
прочее 0,653926 0,000096
прошел 0,994252 0,000145
прошли 1,309333 0,000191
прошлом 1,108663 0,000162
пруды 2,525729 0,000369
прямой 1,347074 0,000197
пугачев 2,813411 0,000411
пугачева 2,302585 0,001009
пугачи 3,912023 0,000571
пунктами 1,897120 0,000277
пунктов 0,653926 0,000669
пунктом 1,832581 0,000268
пункты 0,616186 0,000720
путеводитель 0,713350 0,000208
путей 0,916291 0,000134
путь 0,820981 0,000120
пуховый 3,506558 0,000512
пуховых 3,912023 0,001143
пушкин 2,407946 0,000352
пушкинский 2,659260 0,000388
пушкинской 2,659260 0,000388
пьедестале 3,218876 0,000470
пьеро 3,912023 0,000571
пьесы 2,813411 0,000411
пятерочка 1,832581 0,000268
пятый 1,427116 0,000208
пять 1,108663 0,000162
р-н 0,000000 0,000000
работает 0,755023 0,000110
работников 1,469676 0,000215
работу 0,693147 0,000101
равно 2,040221 0,000298
ради 2,525729 0,000738
радиатор 3,912023 0,001143
радио 0,891598 0,001953
радиосвязь 3,912023 0,000571
радонежского 2,525729 0,000369
радонежскому 3,912023 0,000571
радушиной 3,912023 0,000571
разбита 2,995732 0,000438
разведочной 3,912023 0,000571
развитие 0,314711 0,000046
развития 0,287682 0,000126
развиты 1,714798 0,000250
разделен 1,171183 0,000171
разделенный 2,659260 0,000388
разина 2,207275 0,000645
различного 1,714798 0,000250
различных 0,385662 0,000056
размещался 2,659260 0,000388
размещения 0,843970 0,000123
разные 1,139434 0,000333
разных 0,510826 0,000149
разработчики -0,009950 -0,000001
разрезанное 3,912023 0,000571
разрушенного 2,813411 0,000411
разу 2,525729 0,000369
района 0,673345 0,000197
районам 0,820981 0,000240
районах 0,941609 0,000138
районе 0,527633 0,000077
районов 0,562119 0,000739
районы 0,653926 0,000955
райффайзенбанк 2,813411 0,000411
райцентров 0,941609 0,000138
рамазан 3,506558 0,000512
ранее 0,430783 0,000063
рано 3,218876 0,000470
расковой 3,506558 0,000512
распада 1,714798 0,000250
располагается 0,994252 0,000290
располагались 1,966113 0,000287
расположен 0,733969 0,002358
расположена 0,916291 0,000268
расположены 0,673345 0,000098
расстояние 0,843970 0,000123
расстояний 1,469676 0,000215
расчет 1,386294 0,000202
расширение 0,527633 0,000077
рашитович 3,912023 0,000571
ргтэу 3,912023 0,000571
реалиях 3,912023 0,000571
революции 0,693147 0,000202
революционной 3,218876 0,000470
рег 3,912023 0,002857
региона 0,776529 0,000227
регионального 1,108663 0,003238
региональные 1,171183 0,000171
региональный 1,347074 0,000197
региональных 1,203973 0,000176
регионы 1,049822 0,000153
регистр 2,120264 0,000310
регистрации 2,207275 0,000322
регулярно 1,272966 0,000186
ред 0,235722 0,000034
реестре 3,218876 0,000470
резидентами 3,506558 0,000512
резко 0,967584 0,000283
результаты 1,237874 0,000181
рейтинг 1,272966 0,000186
рек 0,820981 0,000120
река 0,733969 0,000107
реке 0,713350 0,000729
реки 0,462035 0,000472
рекой 1,714798 0,000250
реконструкции 0,967584 0,000424
рекордом 3,506558 0,000512
реку 1,171183 0,001026
религиозные 1,609438 0,000235
религия 0,843970 0,000370
рен 1,660731 0,000243
репертуаре 2,995732 0,000438
республика 0,843970 0,000123
республикой 2,207275 0,000645
ресурсы 0,020203 0,000003
ретро 1,897120 0,000277
речными 2,813411 0,000411
решение 0,755023 0,000110
рженка 0,000000 0,000000
ржец 0,000000 0,000000
ржцы 0,000000 0,000000
риа 1,049822 0,000307
риад 3,912023 0,000571
ринг 3,912023 0,000571
ров 2,659260 0,000388
род 2,120264 0,002787
родившиеся 2,995732 0,000438
родимцева 3,506558 0,000512
родные 3,506558 0,000512
рождения 1,514128 0,000221
рожденным 3,912023 0,000571
рождества 1,714798 0,000250
роза 1,021651 0,000149
россельхозбанк 2,659260 0,000388
россети 3,912023 0,000571
россии 0,186330 0,000871
россиипереименованные 3,218876 0,000470
россиирайонные 2,659260 0,000388
российская 0,186330 0,000109
российский 0,634878 0,001020
российских 0,733969 0,000107
российского 0,634878 0,000464
российской 0,385662 0,001633
россия 0,371064 0,000867
росспэн 0,994252 0,000145
росстат 0,776529 0,000227
ростелеком 1,386294 0,000202
ростошах 3,912023 0,000571
ростоши 3,912023 0,001714
ростропович 3,218876 0,000940
ростроповичей 3,912023 0,001143
роща 1,514128 0,000221
рощин 3,912023 0,001143
рсфср 0,733969 0,000858
руб 1,171183 0,000171
рубин 2,659260 0,000388
руководит 2,407946 0,000352
руководителем 2,659260 0,000388
руководитель 1,966113 0,000287
руководителю 3,912023 0,000571
рус 0,162519 0,001116
русло 1,897120 0,000277
русские 0,544727 0,000239
русский -0,009950 -0,000001
русских 0,843970 0,000123
русское 0,755023 0,000221
русской 0,673345 0,000098
русь 1,966113 0,000287
рыбак 3,506558 0,000512
рынка 1,237874 0,000181
рычков 3,506558 0,000512
рэу 2,813411 0,000411
рябуха 3,912023 0,000571
рядом 0,733969 0,000107
ряду 1,832581 0,000268
рязань 1,049822 0,000153
с-в 0,000000 0,000000
с-з 0,000000 0,000000
сад 1,108663 0,001943
сайт 0,371064 0,000108
сайта 1,771957 0,000259
сайте 0,967584 0,000424
сайты 0,478036 0,000070
сакмара 3,912023 0,000571
сакмарегорода 3,912023 0,000571
сакмарский 3,912023 0,000571
сакмарского 3,912023 0,000571
сакмары 3,912023 0,001714
салават 2,813411 0,000411
салмин 3,912023 0,000571
салмышская 3,912023 0,001714
салмышского 3,912023 0,000571
салют 2,659260 0,000388
самара 0,891598 0,000260
самароков 3,912023 0,000571
самару 2,659260 0,000777
самгупс 3,912023 0,000571
самим 2,813411 0,000411
самородово 3,912023 0,000571
саморядов 3,912023 0,000571
самоуправление 2,040221 0,000596
самохина 3,912023 0,000571
самсонов 3,218876 0,000470
самый 0,579818 0,000085
самых 0,544727 0,000080
санкт-петербург 0,776529 0,000113
сантехники 3,912023 0,000571
саракташский 3,912023 0,000571
саратовской 2,659260 0,000388
сарматы 3,506558 0,001024
саровского 2,407946 0,000352
сарсаз 3,506558 0,000512
сатурн 2,659260 0,000388
сахаровка 3,218876 0,000470
сбербанк 1,966113 0,000287
сбербанка 2,302585 0,000336
сборник 0,653926 0,000191
свежий 2,995732 0,000438
свердлова 2,525729 0,000369
сверл 3,912023 0,000571
сверху 1,347074 0,000197
светлинский 3,912023 0,000571
свободной -0,009950 -0,000001
свод 2,407946 0,000352
своей 0,776529 0,000113
своем 1,560648 0,000228
свойство 0,653926 0,000191
свяжитесь -0,009950 -0,000001
связал 3,912023 0,000571
связанное 1,897120 0,000277
связи 0,235722 0,000138
связь 0,616186 0,000270
связь-банк 3,506558 0,000512
святому 3,912023 0,000571
северной 0,693147 0,000101
северный 0,820981 0,000839
сего 2,659260 0,000388
седьмого 1,609438 0,000235
сезон 1,347074 0,000197
сезонных 2,525729 0,000369
сельскими 2,813411 0,000411
сельских 0,776529 0,000907
семей 2,302585 0,000336
семикратный 3,912023 0,001143
семиметровом 3,912023 0,000571
семинария 1,469676 0,000215
семипалатинской 3,912023 0,000571
семьи 1,272966 0,000186
сената 3,218876 0,000470
сенатским 3,912023 0,000571
сент 0,843970 0,000123
сентябре 0,994252 0,000290
сентября 0,072571 0,000201
сер 3,218876 0,000940
серафима 2,407946 0,000352
сергеевич 2,302585 0,001345
сергей 0,967584 0,000707
сергию 3,912023 0,000571
сергия 2,525729 0,000369
серебряная 2,302585 0,000336
серебряный 1,386294 0,000607
сержант 3,506558 0,003585
серогодский 3,912023 0,000571
сетей 1,272966 0,000372
сибирь 1,469676 0,000215
сидящий 3,912023 0,000571
силами 1,309333 0,000191
сильно 0,776529 0,000113
сильных 1,771957 0,000259
символизировал 3,912023 0,000571
символика 1,272966 0,000372
символический 3,218876 0,000470
символов 1,560648 0,000228
синагога 1,609438 0,000470
сираева 3,912023 0,000571
системеобсуждениевкладсоздать -0,009950 -0,000001
ситцовка 3,912023 0,000571
сказки 2,659260 0,000388
скартел 2,995732 0,000438
скачать -0,009950 -0,000001
скачков 3,506558 0,000512
скб-банк 3,506558 0,000512
скважине 3,912023 0,000571
сквер 1,203973 0,004924
сквере 1,560648 0,000228
скверы 1,714798 0,000501
сколько 0,653926 0,000096
скорость 0,867501 0,000127
скорый 3,506558 0,000512
скульптор 1,427116 0,000208
скульптура 1,171183 0,000342
скульптуры 1,609438 0,000235
слабые 2,813411 0,000411
славы 1,078810 0,001733
слева 1,108663 0,000162
следующие 0,544727 0,000159
слияние 2,659260 0,000388
слияния 1,966113 0,000287
слободка 2,659260 0,002330
слобоцков 3,912023 0,000571
словари 0,116534 0,000017
словарь 0,274437 0,000040
слово 0,673345 0,000098
слову 2,995732 0,000438
сложились 2,525729 0,000369
сложным 0,867501 0,000127
служба 0,693147 0,000506
службы 0,798508 0,000233
случается 3,912023 0,000571
случаях -0,009950 -0,000001
слушать 2,659260 0,000388
смещение 0,798508 0,000117
сми 0,867501 0,000127
смирнов 2,302585 0,000336
снегири 3,218876 0,000470
снежный 1,660731 0,000243
снята 2,659260 0,000388
собой 0,328504 0,000096
собор 0,755023 0,000551
собора 1,108663 0,000162
соборная 1,272966 0,001115
собором 2,040221 0,000298
событияпожертвовать -0,009950 -0,000001
совершили 3,218876 0,000470
совет 0,916291 0,000134
совета 0,798508 0,000583
советов 0,820981 0,000240
советская 0,371064 0,000054
советский 0,755023 0,000110
советских 1,386294 0,000202
советского 0,776529 0,002722
советское 0,994252 0,000145
советской 0,755023 0,000331
совкомбанк 3,218876 0,000470
современного 0,653926 0,000191
современный 0,967584 0,000141
согласно 0,301105 0,000044
соглашение 1,139434 0,000166
содержание 0,010050 0,000001
соединение 2,302585 0,000336
соединенные 2,995732 0,000438
создан 0,693147 0,000101
созданный 1,560648 0,000228
сокол 2,302585 0,000336
сокуры 3,506558 0,000512
солнечный 0,843970 0,000247
солнце 1,714798 0,000250
солнцев 3,912023 0,000571
соловецких 3,912023 0,000571
соломонович 3,506558 0,000512
солунского 3,506558 0,000512
соль-илецк 3,912023 0,001143
соль-илецкий 3,912023 0,000571
сообщения 0,820981 0,000120
сообщить -0,009950 -0,000001
сооружений 1,078810 0,000158
соответственно 1,021651 0,000149
соответствии 0,446287 0,000130
соответствуют 2,302585 0,000336
сорочинск 3,912023 0,000571
сорочинский 3,912023 0,000571
сост 0,597837 0,000087
состав 0,400478 0,000409
составе 0,616186 0,000360
составил 0,916291 0,000134
составила 1,021651 0,000149
составлен 1,771957 0,000518
составлена 2,207275 0,000322
составляет 0,314711 0,000046
составляют 0,798508 0,000117
составляющий 3,506558 0,000512
составы 3,218876 0,000470
сохранением -0,009950 -0,000001
сохранилось 1,714798 0,000250
социально-экономического 1,237874 0,000181
социальных 0,941609 0,000138
союза 0,733969 0,002573
союзом 2,120264 0,000619
спектакли 2,813411 0,000822
спектакль 3,218876 0,000470
список 0,248461 0,000181
спорт 0,776529 0,000340
спортивные 1,078810 0,000158
спорткомплексы 3,912023 0,000571
справочник 0,916291 0,000134
спуск 2,813411 0,000411
сражались 3,506558 0,000512
среди 0,198451 0,000087
среднегодовая 1,078810 0,000473
среднегодовые 2,525729 0,000369
средний 0,494296 0,000217
средняя 0,510826 0,000149
средства 0,415515 0,000182
српски 0,000000 0,000000
сср 0,820981 0,000240
ссср 0,314711 0,000460
ссылка 0,274437 0,000361
ссылками 0,186330 0,000082
ссылкамивикипедия 1,609438 0,000235
ссылкасведения -0,009950 -0,000001
ссылки -0,009950 -0,000010
ссылкой 2,302585 0,000336
стабилизация 3,506558 0,000512
стабильно 2,407946 0,000352
ставший 1,832581 0,000268
стадиона 1,832581 0,000535
стадионы 1,714798 0,000250
стал 0,314711 0,000276
станицы 2,659260 0,000388
станкозавод 3,506558 0,000512
становится 0,527633 0,000077
станции 0,693147 0,000101
старая 0,430783 0,000126
старейшее 2,525729 0,000369
старейший 1,609438 0,000235
старого 1,347074 0,000197
стародубцев 3,506558 0,000512
старообрядцы 2,813411 0,000411
старший 2,813411 0,001233
старшина 3,506558 0,002049
статистика -0,009950 -0,000003
статистике 0,916291 0,000134
статистики 0,713350 0,000521
статистический 0,755023 0,001434
статистическое 0,994252 0,000145
статус 0,510826 0,000224
статусом 1,171183 0,000342
статьестатьи 0,843970 0,000123
статьи 0,072571 0,000117
статьислучайная -0,009950 -0,000001
статьисообществофорумсправкасвежие -0,009950 -0,000001
статья 0,105361 0,000092
статьяобсуждение -0,009950 -0,000001
статьятекущие -0,009950 -0,000001
стенчатая 3,912023 0,000571
степана 1,966113 0,000861
степанович 2,525729 0,001107
степей 2,407946 0,000352
степи 1,966113 0,000287
степной 2,207275 0,005480
стерлитамак 2,995732 0,000438
стоимость 1,237874 0,000181
стоит 1,237874 0,000181
столб 2,813411 0,000411
столицы 1,049822 0,000307
сторону 1,171183 0,000171
стороны 0,430783 0,000126
стояла 2,659260 0,000388
страна 0,462035 0,000135
страница -0,009950 -0,000001
страницасодержаниеизбранные -0,009950 -0,000001
страницецитировать -0,009950 -0,000001
страницуполучить -0,009950 -0,000001
страницы -0,009950 -0,000007
страницыслужебные -0,009950 -0,000001
страхования 2,995732 0,000438
стрела 3,912023 0,000571
стрепетова 3,912023 0,000571
строитель 1,897120 0,000277
строительный 1,897120 0,000277
строительства 0,673345 0,000098
строительство 0,510826 0,000075
стройландия 2,995732 0,000438
структуру 1,514128 0,000221
стс 1,714798 0,000250
стыке 1,966113 0,000287
субъект 0,820981 0,000120
субъектов 0,755023 0,000331
сударыня 3,912023 0,000571
судоргин 3,912023 0,000571
сулеймания 3,912023 0,000571
суперлига 2,120264 0,000929
суперлиге 2,207275 0,000322
суровые 2,995732 0,000438
суток 2,207275 0,000645
суточный 0,820981 0,000240
существовавшему 3,912023 0,001143
существуют 0,162519 0,000071
сцене 2,659260 0,000777
считаться 2,407946 0,000352
считающийся 3,506558 0,000512
сша 0,562119 0,000082
съезд 2,120264 0,000619
съезде 2,995732 0,000438
сырейная 3,912023 0,001143
сюдасвязанные -0,009950 -0,000001
табл 0,867501 0,000127
таблица 0,653926 0,000478
табличной 1,309333 0,000191
табынской 3,912023 0,000571
таджикистан 2,407946 0,000352
тайпак 3,912023 0,000571
также 0,000000 0,000000
тараков 3,912023 0,000571
тараса 3,912023 0,000571
тарашкев 0,000000 0,000000
тарханов 3,912023 0,000571
тасс 1,171183 0,000171
татарская 2,525729 0,000369
татарский 1,771957 0,000776
татарских 2,813411 0,000411
татарской 2,407946 0,000352
татарча 0,000000 0,000000
татары 0,798508 0,000233
татьянин 3,912023 0,001143
ташкент 3,218876 0,000470
ташкентской 3,912023 0,000571
ташлинский 3,912023 0,000571
тверь 1,514128 0,000221
театр 0,713350 0,001563
театра 1,021651 0,000597
театральная 2,207275 0,000967
театральной 1,832581 0,000268
театральный 1,660731 0,000485
театре 1,966113 0,000287
театры 0,941609 0,000275
текст -0,009950 -0,000001
текущем 0,544727 0,000080
теле 2,207275 0,000322
телевидение 0,967584 0,000283
телевидения 1,237874 0,000362
телекоммуникаций 2,525729 0,000369
телекомпания 2,302585 0,000336
телефонный 0,776529 0,000113
тематические 0,510826 0,000075
темах 2,040221 0,000298
температура 0,562119 0,000328
температуры 1,139434 0,000166
теней 3,506558 0,001024
тенниса 2,659260 0,000777
теннисный 2,407946 0,000352
теннису 2,995732 0,000438
терешковой 2,995732 0,000875
термина 0,400478 0,000117
терра-книжный 3,912023 0,000571
территориальные 1,897120 0,001108
территориальных 0,776529 0,000454
территории 0,400478 0,000058
технологического 2,813411 0,000411
течении 1,660731 0,000243
течению 1,714798 0,000501
тимофеевич 3,218876 0,000940
тип 0,356675 0,000208
типа 0,462035 0,000067
типография 1,203973 0,000176
тихая 2,813411 0,005753
тихвинской 3,218876 0,000470
ткачева 2,995732 0,000875
тнт 1,714798 0,000250
товарный -0,009950 -0,000001
толбазы 3,506558 0,000512
толчок 2,813411 0,000822
тонких 3,912023 0,000571
топ 1,347074 0,000197
топография 2,995732 0,000438
тополевский 3,912023 0,000571
тополя 2,813411 0,000411
топонима 1,386294 0,000202
топонимический 0,798508 0,000117
торговля 1,021651 0,000298
торгово-экономического 2,995732 0,000438
торговых 1,108663 0,000324
тоцкий 3,912023 0,000571
точки 1,049822 0,000307
традиционной 2,659260 0,000388
тракт 2,040221 0,000596
транскредитбанк 3,912023 0,000571
транспорт 0,693147 0,000405
траст 3,506558 0,000512
требованиям 2,525729 0,000369
трехкратный 2,813411 0,000411
трижды 2,120264 0,000310
триколор 3,506558 0,000512
троицкий 1,560648 0,000228
троллейбусных 1,347074 0,000197
трофей 3,912023 0,000571
труда 1,139434 0,000166
трудовой 1,237874 0,000181
труппы 2,995732 0,001313
тургайские 3,912023 0,000571
тургайской 3,912023 0,001714
туркестанской 3,912023 0,001714
турнир 2,302585 0,000336
тыла 1,897120 0,000277
тыс 0,430783 0,000126
тысяч 0,415515 0,000061
тысячи 0,597837 0,000087
тюльганский 3,912023 0,000571
тюркскому 3,506558 0,000512
увековечивающих 3,912023 0,000571
увеличил 2,995732 0,000438
углу 1,832581 0,000535
угрешского 3,912023 0,000571
угроза 2,120264 0,000310
удмуртукра 0,000000 0,000000
уезда 1,469676 0,000215
узел 0,891598 0,000130
узкоколейная 2,813411 0,000822
узкоколейную 3,912023 0,000571
узлу 3,506558 0,000512
указ 0,941609 0,000275
указавших 2,302585 0,000336
указан 0,139262 0,000041
указана 1,427116 0,000208
указанием -0,009950 -0,000001
указания 1,714798 0,000250
указанного 1,078810 0,000158
указано 0,733969 0,000214
указом 0,941609 0,000138
украинцы 0,891598 0,000130
украшал 3,912023 0,000571
улиц 0,891598 0,000521
улицами 1,897120 0,001385
улицах 1,660731 0,000243
улице 0,916291 0,000535
улицы 0,843970 0,001479
умвд 2,813411 0,000411
умеренно 1,021651 0,000298
универсальная 0,891598 0,000130
университет 0,562119 0,000493
университета 0,446287 0,000521
уникальное 2,813411 0,000411
упоминание 1,237874 0,000181
управлением 1,427116 0,000208
управленческую 3,506558 0,000512
упразднена 2,040221 0,000298
урал 1,560648 0,003875
урала 1,609438 0,000940
уралеобластные 3,912023 0,000571
уралнефтегазпром 3,912023 0,000571
уралрентген 3,912023 0,000571
уралсиб 3,218876 0,000470
уральск 2,302585 0,001345
уральские 2,302585 0,000673
уральский 2,302585 0,000336
уральским 2,995732 0,000438
уральской 2,302585 0,000673
уровня 0,634878 0,000185
уроженцы 2,995732 0,000875
условий -0,009950 -0,000001
условия -0,009950 -0,000003
услуги 0,994252 0,000290
успенский 1,514128 0,000221
успешного 2,207275 0,000322
устава 1,897120 0,000277
установлена 1,237874 0,000181
установленное 3,912023 0,000571
установлено 1,714798 0,000250
установлены 1,560648 0,000456
устройство 1,021651 0,000298
устье 0,994252 0,000290
устью 1,078810 0,000158
утвержден 1,171183 0,000342
утверждена 2,995732 0,000438
утверждениями 0,713350 0,000104
утверждены 2,813411 0,000411
утратил 2,407946 0,000352
уфа 0,967584 0,000424
уфанет 3,912023 0,001143
уфимского 2,995732 0,000438
уфимское 3,506558 0,000512
уфу 2,995732 0,000438
уходит 2,207275 0,000322
участие -0,009950 -0,000001
участник 1,609438 0,000470
участников 1,272966 0,000186
учебные 1,108663 0,000810
учеников 2,995732 0,000438
ученых 1,203973 0,000176
учетную -0,009950 -0,000001
учетом 0,755023 0,000221
училища 1,514128 0,000221
училище 1,021651 0,000149
учреждения 0,843970 0,000370
учрежденного 3,506558 0,000512
ушел 2,120264 0,000310
файзи 3,912023 0,001143
факел 2,995732 0,001313
фактов 1,386294 0,000202
факты 1,108663 0,000486
февр 0,820981 0,000120
феврале 1,203973 0,000176
февраля 0,051293 0,000105
федеральная 0,713350 0,000625
федерального 0,673345 0,000197
федеральной 0,891598 0,000130
федеральный 0,653926 0,000096
федеральных 0,776529 0,000454
федерации 0,544727 0,002228
федор 1,560648 0,000456
федорович 1,771957 0,000518
фестиваль 1,139434 0,000166
фиба 3,506558 0,002561
фигуру 3,506558 0,000512
физико-географическая 0,843970 0,000247
физико-математический 3,912023 0,000571
филармония 1,237874 0,000362
филателии 1,609438 0,000235
филатова 2,659260 0,000388
филиал 0,798508 0,001749
филиалов 1,347074 0,000197
филиалы 1,347074 0,000393
филимонов 3,506558 0,001024
финалист 2,813411 0,000411
финансово-экономический 2,659260 0,000388
финансовые 1,897120 0,000554
финансы 0,798508 0,000117
фирм 2,995732 0,000438
фирсова 3,912023 0,000571
флаг 0,673345 0,000393
флага 1,832581 0,000803
фокуслайф 3,912023 0,000571
фонд -0,009950 -0,000003
формирования 1,108663 0,000162
форштадт 3,218876 0,001410
франция 1,560648 0,000456
фрунзе 2,525729 0,000369
футбольный 1,203973 0,000176
хазрата 3,912023 0,000571
характеристика 0,713350 0,000313
химической 1,560648 0,000456
хит 2,659260 0,000388
хлебного 3,506558 0,000512
хлебный 3,506558 0,001536
хозяйства 0,755023 0,000110
хозяйство 0,713350 0,000313
хоккейная 2,040221 0,000298
хоккейной 1,966113 0,000287
хоккейный 1,660731 0,000485
хоккею 1,347074 0,000393
холода 2,525729 0,000369
холодная 2,040221 0,000298
холодные 2,525729 0,000369
холодов 3,506558 0,001024
хоментовского 3,912023 0,000571
хостелов 3,506558 0,000512
хотя 0,653926 0,000096
храм 0,843970 0,001479
храмы 1,049822 0,000153
хребту 3,912023 0,000571
христиан 1,771957 0,000776
хронос 3,218876 0,000470
худжанд 3,506558 0,000512
художественного 1,714798 0,000250
хусаиния 3,912023 0,001143
цвиллинга 3,912023 0,000571
цейхгауз 3,912023 0,000571
центр 0,400478 0,000468
центра 0,562119 0,000410
центральная 0,755023 0,000992
центрального 0,967584 0,000141
центральной 0,843970 0,000370
центральный 0,673345 0,000393
центром 0,713350 0,000625
центры 0,713350 0,000208
церкви 0,916291 0,000268
церковь 0,843970 0,000616
цибизов 3,912023 0,000571
цитаты 2,813411 0,000411
цифрового 1,832581 0,000535
цифровые 0,673345 0,000098
чайка 1,966113 0,000287
чапаев 3,912023 0,000571
часовня 1,771957 0,000259
часовой 0,755023 0,000441
частей 1,139434 0,000166
части 0,198451 0,000174
частных 1,108663 0,000162
частота 1,660731 0,000243
часть 0,105361 0,000138
чел 0,713350 0,000208
человек 0,400478 0,000351
человека 0,579818 0,000085
чемпион 1,660731 0,000485
чемпионата 1,309333 0,000765
чемпионов 1,966113 0,000287
чернореченская 3,912023 0,000571
черный 1,386294 0,000202
чернышев 2,813411 0,000411
черняев 3,506558 0,000512
черняева 3,912023 0,000571
честь 0,562119 0,000410
чехова 2,207275 0,000322
чеховская 3,912023 0,000571
чирпы 3,506558 0,000512
числе 0,248461 0,000073
численности 0,653926 0,000191
численность 0,653926 0,002865
численностью 1,049822 0,000153
чистополь 2,995732 0,000438
читатьправитьправить 0,494296 0,000072
чка 0,000000 0,000000
чкалов 3,218876 0,002351
чкалова 2,525729 0,002582
чкалове 3,912023 0,000571
чкаловом 3,912023 0,000571
чкаловской 3,506558 0,000512
чкаловскую 3,912023 0,000571
член-корреспондента 3,912023 0,000571
чулочный 3,912023 0,000571
шалей 3,912023 0,000571
шалты 3,506558 0,000512
шарифом 3,912023 0,000571
шарлыкский 3,912023 0,000571
шаталов 3,912023 0,000571
шевченко 2,302585 0,000673
шелкокомбинат 3,912023 0,000571
шеменев 3,912023 0,000571
шесть 1,272966 0,000372
школ 0,994252 0,000290
школы 0,673345 0,000098
шоколад 3,218876 0,000470
шоссе 1,427116 0,000208
шпалопропиточного 3,912023 0,000571
шпалопропиточному 3,912023 0,000571
шпильман 3,912023 0,000571
штаб 1,897120 0,000277
шуро 3,912023 0,000571
щербатовым 3,912023 0,000571
щит 1,609438 0,000470
щита 1,771957 0,001035
щите 2,207275 0,000322
эвакуация 2,659260 0,000388
эвакуированные 2,995732 0,000438
экология 0,693147 0,000101
экономика 0,510826 0,000298
экономики 0,713350 0,000104
экономического 1,386294 0,000202
экспедиции 1,771957 0,001035
экспорт -0,009950 -0,000001
экспресс 2,207275 0,000322
электронное 2,407946 0,000352
эльдорадо 1,966113 0,000287
эмбе 3,912023 0,000571
эмблем 3,912023 0,000571
эмблема 3,218876 0,000470
эмблемах 3,912023 0,000571
эмблемы 2,813411 0,000411
эмира 3,912023 0,000571
энергетик 2,995732 0,000438
энерджи 3,506558 0,000512
энциклопедии -0,009950 -0,000004
энциклопедия 0,210721 0,000123
эр-телеком 1,897120 0,000277
эрзянь 0,000000 0,000000
эрмитаж 2,407946 0,001055
эта 0,000000 0,000000
этнический 3,218876 0,000470
это 0,000000 0,000000
этому 0,755023 0,000110
ю-в 0,000000 0,000000
ю-з 0,000000 0,000000
юбилейный 0,820981 0,000360
юго-востоку 2,040221 0,000298
южно-уральского 3,912023 0,000571
южно-уральской 3,506558 0,000512
южном 1,237874 0,000362
южный 0,755023 0,000772
юльевич 3,912023 0,000571
юмадилов 3,912023 0,001143
юмор 1,966113 0,000287
юнг 3,506558 0,000512
юнистрим 3,912023 0,000571
юных 2,659260 0,000388
юридического 2,525729 0,000369
юрий 1,203973 0,000703
юрию 2,813411 0,000411
юрия 1,660731 0,000243
юрова 3,912023 0,000571
является 0,094311 0,000055
являлся 1,347074 0,000197
являются 0,248461 0,000073
язык 0,116534 0,000017
языках -0,009950 -0,000001
яик 3,912023 0,001714
яика 3,912023 0,001143
яикъ 3,912023 0,000571
яма 2,995732 0,000438
янв 0,820981 0,000120
январе 1,427116 0,000208
января 0,116534 0,000562
ясненский 3,912023 0,000571
ясный 3,218876 0,000470
ясных 2,995732 0,000438
