абагур-лесной 3,218876 0,000423
абсолютный 0,616186 0,000243
авг 0,820981 0,000108
август 0,072571 0,000277
авиационный 1,386294 0,000182
авиация 1,237874 0,000163
аврора 2,302585 0,000303
автобус 0,820981 0,000863
автобусный 1,021651 0,000403
автодорога 0,891598 0,000351
автомобилист 2,407946 0,000316
автомобиль 1,108663 0,000146
автомобильный 0,713350 0,000281
автомототранспорт 3,912023 0,000514
автономный 0,867501 0,000456
авторство -0,009950 -0,000001
автотранспортный 1,897120 0,000249
агентство 0,798508 0,000105
агломерация 0,798508 0,000315
аграрный 1,203973 0,000158
адамович 3,912023 0,000514
адм 2,525729 0,000332
административно-территориального 1,660731 0,000218
административно-территориальное 0,820981 0,000324
административно-территориальном 1,309333 0,000172
административно-территориальному 2,659260 0,000349
административный 0,597837 0,001178
администрация 0,755023 0,001885
адмирал 1,832581 0,000241
адрес 1,078810 0,000284
азиатский 1,609438 0,000211
аик 3,912023 0,001028
аиф-кузбасс 3,912023 0,001028
академик 1,203973 0,000158
академия 0,544727 0,000358
акаевой 3,912023 0,001028
акт 1,237874 0,000163
акционерный 1,832581 0,000241
алабугина 3,912023 0,000514
алдан 1,309333 0,000172
александр 0,462035 0,000061
александрович 1,609438 0,000211
алексея 1,514128 0,000398
алтай 2,407946 0,000316
алфавитувикипедия 0,776529 0,000102
алфавитунаселенные 0,867501 0,000114
американский 0,994252 0,000131
анатольевич 2,407946 0,000316
анатольевича 3,912023 0,000514
ангел 2,120264 0,000279
англ 0,174353 0,000023
андреев 2,040221 0,000268
анжеро-судженск 3,506558 0,000922
анжеро-судженский 3,506558 0,000461
анисимов 3,506558 0,000922
аннексия 0,941609 0,000124
аннулировать 3,912023 0,000514
антошка 3,912023 0,000514
апр 0,798508 0,000105
апрель 0,150823 0,000575
арен 1,237874 0,000651
аренда 1,832581 0,000241
арефьевич 3,912023 0,000514
аркадия 1,832581 0,000241
армия 0,916291 0,000120
армянин 1,021651 0,000134
арх 0,544727 0,000286
археология 1,171183 0,000462
архивировать 0,020203 0,000252
архивный 0,248461 0,000131
архитектор 0,916291 0,000120
архитектура 0,462035 0,000121
аст 0,820981 0,000216
астероид 1,771957 0,000233
астрахань 0,967584 0,000127
астрель 1,049822 0,000138
асфальт 2,525729 0,000332
атаманово 2,995732 0,000394
атлас 1,108663 0,000146
атмосфера 0,994252 0,000523
аттракцион 2,120264 0,000279
аэропорт 0,776529 0,001020
багровый 3,912023 0,000514
баз 0,371064 0,000049
базироваться 1,272966 0,000167
балибалов 3,912023 0,001028
балыкса 3,218876 0,000423
банк 0,693147 0,000729
банкрот 2,659260 0,000349
барабинка 3,218876 0,000423
барбараша 3,912023 0,000514
барнаул 1,203973 0,000158
бассейн 0,653926 0,000172
баш 3,506558 0,000461
безветренный 2,813411 0,000370
безналичный 2,302585 0,000303
безопасность 0,916291 0,000361
безруково 3,218876 0,000423
белка 2,040221 0,000268
белове 3,912023 0,000514
белово 3,218876 0,000846
беловский 3,218876 0,001269
белое 0,994252 0,000131
белочех 2,995732 0,000394
бельгии 3,912023 0,000514
берег 0,478036 0,000817
береговой 1,469676 0,000193
березовая 2,040221 0,000804
березовский 2,659260 0,001048
березовый 2,813411 0,000370
бесплатный 1,386294 0,000182
библиографический 0,083382 0,000011
библиотека 0,328504 0,000345
бизнес 0,820981 0,000216
благоприятный 1,660731 0,000218
благоустроить 1,560648 0,000205
благоустройство 1,560648 0,000205
близкий 0,820981 0,000108
боброва 3,506558 0,000461
богатство 1,771957 0,000466
бокс 2,040221 0,000268
бологое 1,347074 0,000177
больница 1,078810 0,001559
большой 0,040822 0,000075
бор 1,203973 0,000475
борисович 2,407946 0,000316
боровичи 1,347074 0,000177
боровой 2,813411 0,000739
борьба 0,820981 0,000108
брэ 2,040221 0,000268
будень 2,659260 0,000699
буланин 3,218876 0,000423
бумага 1,560648 0,000205
бурундук 2,813411 0,000370
бытовой 1,560648 0,000205
быть -0,009950 -0,000004
бюджет 1,171183 0,000154
бюджетный 1,514128 0,000199
важное 1,108663 0,000146
важный 0,494296 0,000065
валерий 1,714798 0,000451
ван 3,218876 0,000423
васильев 2,302585 0,000303
васильевич 1,609438 0,000211
ввести 0,634878 0,000083
вдоль 0,755023 0,000099
век 0,248461 0,000294
векенаселенные 2,813411 0,000370
великий 0,356675 0,000141
великодушие 2,995732 0,000394
венгерский 2,525729 0,000332
венгрии 2,813411 0,000370
венгрия 2,120264 0,000279
вениамин 2,525729 0,000332
вера 1,049822 0,000276
вержицкий 3,912023 0,001028
вержицкого 3,912023 0,000514
верность 2,659260 0,000349
вернуться 1,171183 0,000154
версия -0,009950 -0,000008
верста 2,302585 0,001513
верх-тайменка 3,218876 0,000423
верхний 0,494296 0,000130
верхо-томской 3,912023 0,000514
верховный 1,108663 0,000291
вершинино 3,218876 0,000423
веселов 3,218876 0,000846
вести 0,356675 0,000141
весь 0,301105 0,000040
ветер 0,713350 0,000187
вещество 0,994252 0,000131
взаимодействие 1,203973 0,000158
взгляд 1,309333 0,000172
взлетно-посадочный 2,302585 0,000303
вид 0,061875 0,000065
вики-разметкой 1,309333 0,000172
викигидвикипедия 1,427116 0,000188
викигиде 0,776529 0,000306
викиданные 0,776529 0,000102
викиданных -0,009950 -0,000001
викиданныхвикипедия 0,891598 0,000234
викимедиа -0,009950 -0,000001
википедии -0,009950 -0,000004
википедия -0,009950 -0,000013
викискладвикиновостивикигидэлемент 1,609438 0,000211
викискладе 0,174353 0,000023
викискладепутеводитель 0,713350 0,000094
викискладстатьи 0,891598 0,000117
виртуальный 1,139434 0,000150
вишня 2,995732 0,000787
включать 0,235722 0,000062
включаться 1,966113 0,000258
включая 0,527633 0,000208
владелец 1,660731 0,000218
владимир 0,653926 0,000859
владимирович 1,771957 0,000233
владислав 2,302585 0,000303
влажный 1,427116 0,000188
влас 3,506558 0,000461
власть 0,544727 0,001074
влиять 1,347074 0,000177
вместимость 1,897120 0,000249
вне 1,560648 0,000410
внести 1,021651 0,000134
внешний 0,051293 0,000013
вниз 1,171183 0,000154
вновь 0,755023 0,000198
вноситься 3,506558 0,000461
внутренний 0,314711 0,000041
внутригородской 0,867501 0,000342
внутриобластной 3,506558 0,000461
вода 0,527633 0,000277
водка 3,506558 0,000461
водозабор 2,120264 0,000279
водоснабжение 1,514128 0,000199
военный 0,494296 0,000130
возглавлять 1,203973 0,000316
воздух 0,616186 0,000243
воздушный 0,798508 0,000210
возникнуть 0,653926 0,000086
воину-освободителю 3,506558 0,000922
война 0,430783 0,000453
войти 0,634878 0,000167
вокзал 0,755023 0,000198
вокруг 0,693147 0,000273
волейбол 1,469676 0,000579
волейбольный 1,514128 0,000597
волкова 2,207275 0,000580
волкову 3,218876 0,000846
вологда 1,203973 0,000158
волостной 3,912023 0,000514
волость 2,659260 0,001398
волошина 2,995732 0,000394
волошиной 3,912023 0,000514
волшебный 0,030459 0,000004
вопрос 0,371064 0,000341
воркута 1,237874 0,000163
воспроизводить 2,659260 0,000349
воспротивиться 3,912023 0,000514
восстановить 0,967584 0,000127
восстановление 1,078810 0,000142
востнии 3,912023 0,000514
восток 0,494296 0,000065
восточный 0,430783 0,000057
восьмой 2,207275 0,000580
воткинск 1,309333 0,000172
впадение 1,139434 0,000299
впервые 0,385662 0,000152
вред 2,525729 0,000332
временивикипедия 2,407946 0,000316
временно 1,309333 0,000172
временной 0,967584 0,000254
время 0,020203 0,000024
вручение 2,120264 0,000279
все 0,040822 0,000005
всевозможный 3,218876 0,000423
всероссийский 0,634878 0,000751
всесоюзный 0,776529 0,000612
вставка 1,272966 0,000167
встать 2,659260 0,000349
вступать 2,659260 0,000349
всякий 1,832581 0,000241
втб 1,714798 0,000225
втора 0,274437 0,000108
вуз 0,820981 0,000108
вход 0,755023 0,000099
входить 0,287682 0,000076
вцик 1,832581 0,001926
вчера 2,525729 0,000664
въезд 1,897120 0,000249
выбор 0,634878 0,000250
выброс 1,347074 0,000708
выбросить 2,813411 0,000370
выделить 0,544727 0,000143
выделяться 0,941609 0,000124
вызывать 1,078810 0,000142
вынести 2,525729 0,000332
вынудить 1,514128 0,000199
вып 0,798508 0,000105
выпал 2,995732 0,000787
выпасть 2,659260 0,000349
выполнить 0,843970 0,000333
выполнять 0,867501 0,000228
выпустить 0,891598 0,000234
вырабатывать 2,407946 0,000316
высокий 0,139262 0,000091
высота 0,415515 0,000055
выставка 1,139434 0,000150
выступать 0,916291 0,000120
выходной 2,120264 0,000557
выше 0,616186 0,000081
вяземцева 3,912023 0,000514
газ 0,941609 0,000247
газета 0,579818 0,000229
газпромбанк 2,407946 0,000316
гайдара 2,525729 0,000332
галерея 1,049822 0,000276
галкин 3,912023 0,000514
гарант 2,813411 0,000370
гарь 3,218876 0,000423
гектар 1,609438 0,000211
генерал-майор 2,525729 0,000332
генплан 1,560648 0,000205
географ 2,040221 0,000536
географический 0,356675 0,000422
география 0,415515 0,000109
геодезия 2,659260 0,000349
геологический 1,139434 0,000299
георгий 1,139434 0,000150
геральдический 1,560648 0,000205
герб 0,798508 0,000735
герман 2,207275 0,000580
германий 0,843970 0,000111
героев-панфиловцев 3,912023 0,000514
герой 1,139434 0,000150
гимн 0,776529 0,000102
гимназия 1,108663 0,000146
гимнастика 1,966113 0,000258
гкб 3,506558 0,000922
гкгн 0,994252 0,000131
гкгнпро 0,916291 0,000120
глава 0,494296 0,000585
главный 0,210721 0,000138
год -0,009950 -0,000379
годавикипедия 0,616186 0,000324
годувикипедия 2,407946 0,000316
годугорода 1,714798 0,000225
годурайонные 3,506558 0,000461
голландский 2,659260 0,000699
горбуновой 3,912023 0,000514
горисполком 1,966113 0,000517
горка 1,897120 0,000748
горловка 1,309333 0,000172
горно-геологический 3,912023 0,000514
горностай 2,207275 0,000290
горнотехнический 3,912023 0,001028
горный 0,941609 0,000247
город 0,371064 0,009021
город-побратим 0,843970 0,000222
город-спутник 1,771957 0,000699
городецкий 1,560648 0,000205
городкемерово 3,912023 0,000514
городпро 0,867501 0,000114
городработ 3,506558 0,000461
городс 3,506558 0,000461
городской 0,544727 0,004581
горожанин 1,139434 0,000150
горсад 3,912023 0,000514
горсовет 1,897120 0,000748
горуездного 3,912023 0,001028
горячко 1,609438 0,000211
гос 1,609438 0,000423
госиздат 3,506558 0,000461
госкомстат 0,891598 0,000234
гостиница 0,843970 0,000111
государственный 0,261365 0,000962
грабеж 2,525729 0,000332
градостроительство 1,660731 0,000218
градус 1,514128 0,000199
гражданин 0,733969 0,000096
гражданский 0,733969 0,000193
гранат 1,386294 0,000182
граница 0,356675 0,000047
график 1,560648 0,000205
григорий 1,832581 0,000482
григория 2,407946 0,000316
гринвич 3,218876 0,000423
груз 1,309333 0,000172
группа 0,314711 0,000041
грэс 2,525729 0,000332
губернаторский 2,302585 0,000303
губерния 0,891598 0,000469
губернский 1,309333 0,001032
губревком 3,912023 0,000514
гурьевск 3,218876 0,001269
гурьевска 3,506558 0,000922
гурьевский 3,218876 0,001269
давыдова 3,218876 0,000423
давыдович 3,218876 0,000423
далее 0,693147 0,000091
даниэля 3,912023 0,000514
дата 0,030459 0,000504
датировать 1,966113 0,000517
датский 0,328504 0,000043
дать 0,072571 0,000095
даценко 3,912023 0,000514
дачный 2,040221 0,000268
два 0,150823 0,000099
движение 0,544727 0,000644
дворец 0,843970 0,000444
двужильный 3,912023 0,000514
двусторонний 3,912023 0,000514
двухсторонний 3,506558 0,000461
дева 2,995732 0,000394
девять 1,609438 0,000211
действовать -0,009950 -0,000008
дек 0,820981 0,000108
декабрь 0,094311 0,000198
декрет 2,302585 0,000303
делать 0,867501 0,000114
деление 0,579818 0,000381
дело 0,562119 0,000074
деловой 1,237874 0,000163
демоскоп 0,820981 0,000324
день 0,210721 0,000332
департамент 1,386294 0,000364
депутат 0,776529 0,001735
деревня 1,021651 0,001880
державность 3,912023 0,000514
держаться 2,040221 0,000268
десятка 1,139434 0,000150
десять 1,078810 0,000284
детская 0,653926 0,000086
деятельность 0,342490 0,000135
дзержинск 1,347074 0,000177
диагональ 3,506558 0,000461
дивизион 1,609438 0,000211
дикий 1,469676 0,000193
диплом 2,302585 0,000303
дислоцировать 2,813411 0,000370
диспансер 1,832581 0,000482
дитя 0,867501 0,000228
длина 0,579818 0,000229
дмитрий 0,967584 0,000381
дневник 2,659260 0,000699
днейвикипедия 0,967584 0,000127
добираться 2,659260 0,000349
доблестикемеровокемеровский 3,912023 0,000514
доблесть 1,309333 0,000688
добыча 1,386294 0,000547
довольный 2,995732 0,000394
дождь 1,469676 0,000193
документ 0,415515 0,000055
документальный 1,427116 0,000188
долгота 0,820981 0,000108
должен 1,078810 0,000284
должно 1,714798 0,000225
должность 1,049822 0,000138
дом 0,446287 0,000059
доп 0,597837 0,000079
дополнительный -0,009950 -0,000004
дополнить 1,714798 0,000451
допрашивать 3,506558 0,000461
дорога 0,527633 0,000416
дорожный 1,021651 0,000403
доставка 1,966113 0,000258
достаточно 0,820981 0,000108
достопримечательность 0,867501 0,000228
доступность 1,427116 0,000188
доступный -0,009950 -0,000001
доход 1,514128 0,000597
драма 1,469676 0,000193
драмтеатр 2,659260 0,000349
дробно -0,009950 -0,000001
другой -0,009950 -0,000013
дружба 1,171183 0,000308
дтп 2,995732 0,000394
думать 2,813411 0,000370
ево 3,218876 0,000423
евсеева 2,995732 0,000394
единица 0,478036 0,000377
единый 0,544727 0,000215
ежегодник 0,820981 0,001295
ежегодно 0,916291 0,000120
еженедельный 2,120264 0,000279
екатеринбург 0,843970 0,000222
епархия 0,967584 0,000381
ермаков 2,995732 0,000787
ерунаково 3,218876 0,000423
жарко 3,218876 0,000423
ждать 1,966113 0,000258
желание 1,966113 0,000258
железнодорожный 0,579818 0,000762
железный 0,616186 0,000162
желтый 1,609438 0,000423
женский 0,867501 0,000228
животное 0,798508 0,000105
жизнь 0,342490 0,000225
жилой 0,941609 0,000124
жилье 1,203973 0,000158
жиромская 1,021651 0,000134
житель 0,562119 0,000443
жительство 3,218876 0,000423
жить 0,820981 0,000108
жукова 2,302585 0,000303
журнал 0,301105 0,000079
заболевание 1,771957 0,000466
завод 0,693147 0,000364
заводский 1,966113 0,000517
завтра 2,207275 0,000580
заглавный -0,009950 -0,000001
загрязнение 0,891598 0,000234
загрязнять 1,514128 0,000199
задача 0,820981 0,000108
заискитимской 3,912023 0,001028
зайца-беляка 3,506558 0,000461
закон 0,462035 0,000121
закрепление 2,659260 0,000349
закрыть 0,798508 0,000105
закупить 2,995732 0,000394
зал 0,843970 0,000998
заложить 0,843970 0,000111
заменить 0,494296 0,000325
заместить 3,912023 0,000514
занимать 0,430783 0,000113
заниматься 0,634878 0,000250
занятость 2,207275 0,000290
занять 0,693147 0,000182
западно-сибирского 2,813411 0,001479
западно-сибирской 2,120264 0,000279
западный 0,462035 0,000182
запах 3,218876 0,000423
записьвойти -0,009950 -0,000001
заповедник 1,714798 0,000225
запустить 0,755023 0,000198
зарабатывать 3,218876 0,000423
зарегистрировать -0,009950 -0,000007
зарплата 1,966113 0,000775
заря 1,347074 0,000177
заседание 1,309333 0,000344
застроить 1,832581 0,000241
застройка 0,916291 0,000120
затон 1,427116 0,000188
заузелкова 3,912023 0,000514
зафиксировать 1,078810 0,000284
захватить 1,272966 0,000335
заявление -0,009950 -0,000003
звание 0,891598 0,000351
звездный 1,897120 0,000748
здание 0,673345 0,000265
здоровье 1,203973 0,000316
здравоохранение 0,843970 0,000555
зеленогорский 3,218876 0,000423
зеленодольск 1,237874 0,000163
зеленый 0,755023 0,000099
земельный 1,514128 0,000199
земля 0,400478 0,000211
земский 1,609438 0,000211
земство 2,813411 0,000370
зима 0,478036 0,000126
зимний 0,798508 0,000420
златоуст 1,347074 0,000177
знак -0,009950 -0,000003
знаменский 2,525729 0,000332
значение 0,061875 0,000033
значительно 0,510826 0,000201
золото 1,469676 0,000193
зона 0,400478 0,000105
зритель 1,108663 0,000146
иваново 1,139434 0,000150
идеалист 3,912023 0,000514
идеальный 2,525729 0,000332
идентификатор 0,693147 0,000091
идти 0,820981 0,000108
ижевск 1,139434 0,000150
ижморский 3,506558 0,000922
из-за 0,415515 0,000109
избирательный 1,609438 0,000211
избрать 0,967584 0,000127
известный 0,287682 0,000151
изд 0,314711 0,000124
изд-во 1,049822 0,000138
издание 0,415515 0,000164
издательство 0,494296 0,000130
издать 1,386294 0,000182
изделие 1,108663 0,000146
изменение 0,301105 0,000079
изменить 1,049822 0,000138
изображение 0,693147 0,000364
изобразительный 1,347074 0,000354
изобразить 1,386294 0,000547
изучать 1,427116 0,000188
иисус 2,207275 0,000290
илларион 3,912023 0,000514
ильинка 2,813411 0,000370
илья 2,040221 0,001072
иметь 0,094311 0,000012
иметься 0,385662 0,000051
император 1,139434 0,000150
имущество 1,660731 0,000436
имя 0,274437 0,000649
инвентарь 3,506558 0,000461
инвестирование 2,995732 0,000394
инвестиционный 1,514128 0,001194
инвестиция 1,237874 0,000813
инвестор 2,120264 0,000557
индекс 0,634878 0,000167
индустриальный 1,309333 0,000344
индустрия 1,514128 0,000199
инженерный 1,272966 0,000167
инициатива 1,171183 0,000154
иностранный 0,916291 0,000241
институт 0,371064 0,000244
инструмент -0,009950 -0,000003
интеллектуальный 1,897120 0,000249
интенсивный 1,237874 0,000325
интервал 2,407946 0,000316
интернет-журнал 3,506558 0,000461
интернет-портал 1,897120 0,000499
инфекционный 1,966113 0,000258
информационно-библиотечная 3,912023 0,000514
информационный 0,462035 0,000243
информация 0,162519 0,000107
инфорост 3,218876 0,000423
инфраструктура 0,891598 0,000469
иркутск 1,171183 0,000154
искитимке 3,912023 0,001028
искитимки 3,912023 0,002570
искитимку 3,912023 0,001028
ископаемое 1,560648 0,000410
искусственный 0,916291 0,000241
искусство 0,478036 0,000314
ислам 1,386294 0,000182
исполнительно-распорядительный 2,302585 0,000303
исполнительный 1,171183 0,000462
использование -0,009950 -0,000003
использовать 0,020203 0,000011
использоваться 0,223144 0,000029
исправить 1,347074 0,000177
исследование 0,462035 0,000121
исследовательский 1,237874 0,000325
исток 0,755023 0,000099
историко-культурное 3,506558 0,000461
исторический 0,314711 0,000041
история 0,051293 0,000101
источник -0,009950 -0,000024
исходный 1,714798 0,000225
исчисление 0,776529 0,000102
итог 0,494296 0,000520
ишанова 3,912023 0,000514
ишимбай 1,309333 0,000172
июль 0,116534 0,000413
июнь 0,116534 0,000429
йоханнеса 3,912023 0,000514
кадетский 1,897120 0,000499
каждый 0,261365 0,000034
казань 0,891598 0,000117
казначей 2,813411 0,000370
календарный 2,813411 0,000370
калтан 3,506558 0,000922
калтанский 3,506558 0,000461
каменноугольный 3,218876 0,000423
каменный 0,733969 0,000193
каменск-уральский 1,347074 0,000177
камень 0,994252 0,000392
канцелярия 1,832581 0,000241
капитал 1,469676 0,000193
капитальный 1,660731 0,000436
кардиологический 2,407946 0,000316
карт 0,301105 0,000158
карточкевикипедия 1,469676 0,000193
карточкивикипедия 1,309333 0,000172
каспийск 1,272966 0,000167
каталанский 0,527633 0,000069
каталог 0,094311 0,000012
катать 3,912023 0,000514
категория -0,009950 -0,000004
кафа 1,514128 0,000199
кафтанчиково 3,218876 0,000423
качество 0,287682 0,000189
квартал 0,994252 0,000261
квартирные 2,995732 0,000394
кедровка 2,813411 0,000739
кемвод 3,912023 0,000514
кемгу 3,506558 0,000461
кемер 3,912023 0,000514
кемерова 3,218876 0,007614
кемерове 3,912023 0,014394
кемерово 1,237874 0,021960
кемерово-пассажирская 3,912023 0,000514
кемеровогражданстрой 3,912023 0,000514
кемероводо 3,912023 0,000514
кемеровский 2,040221 0,027078
кемеровчанин 3,912023 0,001028
кемеровых 3,912023 0,000514
кеми 3,506558 0,000461
километр 0,693147 0,000091
кино 0,994252 0,000523
кинозал 2,040221 0,000268
кинотеатр 0,891598 0,000586
киноцентр 3,506558 0,000461
киргиз 1,386294 0,000182
киров 1,309333 0,000172
кирова 1,386294 0,000182
кировский 1,237874 0,000325
кировского 2,207275 0,000290
кировском 2,525729 0,000664
киселевск 3,218876 0,000846
киселевский 3,506558 0,000461
кладбище 1,237874 0,000163
класс 0,616186 0,000081
климат 0,446287 0,000528
климатический 1,049822 0,000138
клинический 1,386294 0,001640
клуб 0,798508 0,000735
ключевой 1,203973 0,000158
кмабакан 3,506558 0,000461
кманжеро-судженск 3,912023 0,000514
кмачинск 3,506558 0,000461
кмбарнаул 3,506558 0,000461
кмбелово 3,912023 0,000514
кмбийск 3,506558 0,000461
кмкиселевск 3,912023 0,000514
кмкрасноярск 2,995732 0,000394
кммеждуреченск 3,912023 0,000514
кммыски 3,912023 0,000514
кмновокузнецк 3,506558 0,000461
кмновосибирск 2,525729 0,000332
кмомск 2,813411 0,000370
кмосинники 3,912023 0,000514
кмпрокопьевск 3,912023 0,000514
кмташтагол 3,912023 0,000514
кмтомск 3,912023 0,000514
кмшерегеш 3,912023 0,000514
кмяшкино 3,912023 0,000514
книга 0,415515 0,000218
книжный 0,798508 0,000105
ковтун 3,912023 0,001028
код -0,009950 -0,000085
кодекс -0,009950 -0,000001
кодистория 0,116534 0,000015
козюлино 3,218876 0,000423
кокс 2,995732 0,001181
коксохимический 3,506558 0,000922
коксохимия 3,912023 0,000514
коларово 3,218876 0,000423
количество 0,210721 0,000138
колледж 1,108663 0,001748
коломна 1,272966 0,000167
колония 1,771957 0,000931
колос 2,525729 0,000664
колчак 2,302585 0,000303
кольчезас 3,218876 0,000423
кольчугинского 3,912023 0,001028
команда 0,798508 0,000210
комарова 2,302585 0,000605
комарово 3,218876 0,000423
комиссар 2,207275 0,000290
комиссия 0,967584 0,000127
комитет 0,653926 0,000258
коммунально-строительный 3,218876 0,000423
коммунальный 1,609438 0,000211
компания 0,371064 0,000195
комплекс 0,579818 0,000457
комплексный 1,078810 0,000851
комсомол 2,813411 0,000370
комсомольск-на-амуре 1,203973 0,000158
комсомольский 0,891598 0,000117
конец 0,198451 0,000104
конкретизациивикипедия 1,714798 0,000225
конкурентный 3,912023 0,000514
конкурентоспособность 3,912023 0,001028
конкурс 1,171183 0,000154
континентальный 0,527633 0,000139
контрольно-счетная 2,207275 0,000290
контрольно-счетный 2,813411 0,000370
конфиденциальность -0,009950 -0,000001
конфискация 2,813411 0,000370
концертный 1,108663 0,000146
кооперативный 2,407946 0,000316
координировать 2,659260 0,000699
копие 0,223144 0,000205
копикуз 3,912023 0,000514
копикуза 3,912023 0,000514
копь 3,912023 0,000514
короткий -0,009950 -0,000001
космонавтика 2,040221 0,000536
космос 1,237874 0,000163
кострома 1,171183 0,000154
котловина 1,897120 0,000499
котляков 2,813411 0,000370
который 0,000000 0,000000
кпг 3,912023 0,000514
кпссз 3,912023 0,000514
краеведческий 1,108663 0,000291
кража 2,207275 0,000580
край 0,544727 0,000501
крапивинский 3,218876 0,001692
красная 0,713350 0,000844
красноармейский 1,714798 0,000676
красноярск 0,967584 0,000127
красный 0,597837 0,000314
краткий 0,653926 0,000258
крашенинников 3,912023 0,001028
крестьянский 1,714798 0,000901
кровь 1,832581 0,000241
круглый 1,897120 0,000249
крупный 0,210721 0,000277
крыма 0,843970 0,000111
крыть 1,609438 0,000423
кузбасс 2,995732 0,018896
кузбасс-арена 3,912023 0,001542
кузбассвузиздат 3,912023 0,001028
кузбассвязьуголь 3,912023 0,000514
кузбасский 2,995732 0,007086
кузбасскино 3,912023 0,001028
кузбасско-венгерской 3,912023 0,000514
кузбассразрезуголь 3,912023 0,000514
кузбассхимбанк 3,912023 0,000514
кузгту 3,506558 0,001382
кузнецк 2,302585 0,000303
кузнецка 2,995732 0,000394
кузнецкий 2,813411 0,007024
куки -0,009950 -0,000001
кукла 0,891598 0,000117
культивироваться 3,912023 0,000514
культура 0,356675 0,000328
культурный 0,597837 0,000471
кур-искитим 3,912023 0,000514
курган 1,203973 0,000158
курлек 3,218876 0,000423
кцо 3,912023 0,000514
лазурный 2,040221 0,000536
ласка 2,659260 0,000349
лев 0,967584 0,000254
левашов 1,660731 0,000436
левина 3,912023 0,000514
левый 1,021651 0,000537
легкоатлетический 2,525729 0,000332
ледовый 1,078810 0,000992
лежать 0,994252 0,000131
лейтенант 2,302585 0,000303
ленин 0,755023 0,000298
ленинск-кузнецкий 1,347074 0,001062
ленинский 0,941609 0,000742
леонова 2,995732 0,001575
лес 0,733969 0,000193
лесной 0,843970 0,000665
лесостепной 1,771957 0,000233
лет 0,597837 0,000079
летие 1,309333 0,000344
летию 1,078810 0,000142
летия 1,108663 0,000146
летний 0,579818 0,000076
лето 0,891598 0,000234
летосчисление 3,912023 0,000514
летчик-космонавт 3,218876 0,000423
лечебный 1,771957 0,000233
лига 0,941609 0,000124
лизогуб 3,506558 0,000461
ликвидировать 1,309333 0,000172
ликвидироваться 3,506558 0,000461
лист 1,203973 0,000158
литература 0,051293 0,000020
литературный 0,867501 0,000114
лицей 1,347074 0,000177
лицензия -0,009950 -0,000001
личное 1,714798 0,000451
личность 1,897120 0,000249
ложа 2,995732 0,000394
локальный 0,673345 0,000088
лохема 3,912023 0,000514
луганск 1,203973 0,000158
лужба 3,218876 0,000423
луначарского 2,813411 0,000370
лучшее 1,427116 0,000375
лучший 0,776529 0,000714
лысьва 1,347074 0,000177
магадан 1,237874 0,000163
магистраль 0,867501 0,000114
магнитогорск 1,272966 0,000167
май 0,127833 0,000470
максимум 0,579818 0,000152
мало 0,579818 0,000152
малое 0,994252 0,000261
малоэтажный 2,302585 0,000303
малый 0,139262 0,000018
манеж 2,207275 0,000290
манифестация 3,506558 0,000461
марии 2,040221 0,000268
мариинск 3,218876 0,001692
мариинский 1,469676 0,000966
марк 2,120264 0,000279
марка 0,733969 0,000289
марковцев 3,912023 0,000514
март 0,116534 0,000245
маршрут 0,673345 0,000885
массив 0,891598 0,000234
массовый 0,494296 0,000130
масштабный 1,139434 0,000150
материал -0,009950 -0,000004
материальный 1,514128 0,000199
машиностроение 1,049822 0,000138
машиностроительный 1,347074 0,000354
медиафайлы 0,301105 0,000040
медицинский 0,653926 0,000344
междисциплинарный 2,525729 0,000332
международный 0,385662 0,000355
междуреченск 3,218876 0,001692
междуреченский 3,506558 0,001382
мемориал 1,514128 0,000398
мероприятие 0,916291 0,000120
мессершмидта 3,506558 0,001382
местный 0,478036 0,000126
место 0,139262 0,000403
место-поселения 3,912023 0,000514
месяц 0,415515 0,000055
месячный 2,659260 0,000349
металлплощадка 3,912023 0,000514
метр 0,653926 0,000172
механически 3,912023 0,000514
мечеть 0,994252 0,000131
миасс 1,309333 0,000172
микрорайон 0,916291 0,000361
миллер 2,995732 0,000787
миллиард 1,514128 0,000199
миллиметр 2,995732 0,000394
милосердие 2,659260 0,000349
минерал 2,525729 0,000332
минеральный 1,139434 0,000150
мини-футболу 2,995732 0,000394
минимум 0,653926 0,000172
министерство 0,653926 0,000086
министр 1,171183 0,000154
минута 1,272966 0,000335
мир 0,094311 0,000050
митинг 2,302585 0,000303
митрополия 1,660731 0,000218
михайле 3,912023 0,000514
михайлов 2,120264 0,000836
михайлович 1,386294 0,000182
мк-кузбасс 3,912023 0,000514
млн 0,462035 0,000182
многие 0,356675 0,000047
многий 1,237874 0,000163
многоэтажный 1,832581 0,000241
мобильный -0,009950 -0,000001
модернизация 1,660731 0,000655
модуль 0,562119 0,000148
мокрый 2,302585 0,000303
молодежный 1,078810 0,000284
молодежь 1,386294 0,000182
монета 0,994252 0,000261
монумент 1,272966 0,000335
монумент-ротонда 3,912023 0,000514
монументальный 1,714798 0,000225
мончегорск 1,347074 0,000177
моряковский 3,218876 0,000423
москва 0,400478 0,000368
москвы 0,653926 0,000086
московский 0,527633 0,000069
мост 0,713350 0,001875
мотоцикл 2,813411 0,000370
мочь -0,009950 -0,000005
мошенничество 2,207275 0,000290
мощный 1,021651 0,000134
мск 0,843970 0,000111
мтс 1,237874 0,000163
мужество 2,040221 0,000268
мужской 1,108663 0,000146
мужчина 1,347074 0,000177
музей 0,653926 0,001976
музей-заповедник 1,832581 0,000722
музыкальный 0,867501 0,000456
мунира 3,506558 0,000461
муниципально-территориального 3,506558 0,000461
муниципальный 0,713350 0,004406
мурзаев 2,995732 0,000787
мурзаева 3,912023 0,000514
мфк 2,995732 0,000394
мысковский 3,506558 0,000461
мысль 1,469676 0,000386
мысок 3,218876 0,001269
мэр 1,078810 0,000142
мяч 1,609438 0,000846
наблюдаться 0,755023 0,000099
навасардянц 3,912023 0,000514
навигация -0,009950 -0,000004
нагрузка 1,714798 0,000225
надзорный 2,995732 0,000394
надпись 1,660731 0,000218
название 0,105361 0,000222
назвать 0,371064 0,000341
называть 0,174353 0,000023
называться 0,328504 0,000130
наиболее 0,139262 0,000018
наименование 0,994252 0,000131
наличные 2,302585 0,000908
напиток 1,897120 0,000249
направить 0,867501 0,000342
направление 0,385662 0,000051
направо 1,560648 0,000205
напротив 1,237874 0,000163
народный 0,616186 0,001296
нарушать 1,714798 0,000225
население 0,462035 0,005100
населить 0,597837 0,001414
наследие 0,713350 0,000469
настоящее 0,287682 0,000038
настоящий 1,272966 0,000167
наступать 0,843970 0,000111
наука 0,235722 0,000186
научно 2,995732 0,000394
научный 0,248461 0,000229
находиться 0,174353 0,000367
находка 0,994252 0,000131
национализировать 2,813411 0,000370
национальность 0,867501 0,000114
национальный 0,342490 0,000180
начало 0,116534 0,000092
началось 0,616186 0,000081
начальник 1,660731 0,000218
начальный 0,967584 0,000127
начать 0,510826 0,000067
начаться 0,562119 0,000074
начинать 1,049822 0,000138
начинаться 0,527633 0,000069
начислить 2,207275 0,000290
нгс 2,813411 0,001848
небо 1,272966 0,000167
небольшой 0,494296 0,000065
негативный 1,347074 0,000177
негосударственный 1,386294 0,000182
недвижимое 3,218876 0,000423
недостаток 0,579818 0,000076
недоступный 0,446287 0,000235
незавершенный 2,525729 0,000664
незаконный 1,714798 0,000225
незрячий 3,506558 0,000461
неизвестное 2,207275 0,000290
некоммерческий -0,009950 -0,000001
некорректный 1,514128 0,000398
некоторые 0,127833 0,000017
немец 1,108663 0,000146
немецкий 0,798508 0,000210
немногочисленный 2,302585 0,000303
необходимо 1,237874 0,000163
необходимость 1,139434 0,000150
неопр 3,506558 0,000461
неопубликованный 3,912023 0,000514
неофициальный 1,139434 0,000150
непорочный 2,813411 0,000370
нерабочий 0,994252 0,000131
нераспознанный 3,506558 0,000461
несколько 0,116534 0,000077
нести 1,609438 0,000211
нефаз 2,407946 0,000633
нефтепродукт 1,660731 0,000218
неэнциклопедичен 2,995732 0,000394
нидерландов 2,813411 0,000370
ниже 0,693147 0,000091
нижний 0,494296 0,000195
нии 1,237874 0,000488
николаевич 1,309333 0,000344
николай 0,867501 0,000456
никонов 2,525729 0,000332
нко 3,218876 0,000423
новаковский 3,912023 0,000514
новгород 0,867501 0,000114
новое 0,287682 0,000038
новокузнецк 1,272966 0,001338
новокузнецкий 3,506558 0,001843
новомосковск 1,203973 0,000158
новороманово 3,218876 0,000423
новосиб 3,506558 0,000922
новосибирск 0,916291 0,000241
новосибирский 1,714798 0,000676
новость 0,544727 0,000429
новый 0,083382 0,000121
ноградская 3,912023 0,000514
ноградской 3,912023 0,000514
номер 0,634878 0,000167
номинал 1,771957 0,000233
номинальный 2,207275 0,000290
норвежский 0,248461 0,000033
норильск 1,203973 0,000158
норма 0,597837 0,000157
ночь 1,309333 0,000344
нояб 0,820981 0,000108
ноябрь 0,127833 0,000302
нужда 1,237874 0,000163
нужно 1,049822 0,000138
нуль 1,897120 0,000249
нумизматика 1,966113 0,000517
нынешний 1,021651 0,000134
нью-кемерово 3,912023 0,000514
оба 0,597837 0,000236
обеспечение 0,634878 0,000083
обеспечивать 0,415515 0,000055
обзор 1,078810 0,000142
обитать 1,469676 0,000193
обл 1,714798 0,000451
облагородить 3,218876 0,000423
обладать 0,843970 0,000111
областигородские 3,218876 0,000423
областиобластные 2,407946 0,000316
областискрытые 2,525729 0,000332
областной 0,994252 0,003266
область 0,150823 0,000614
областьгорода 1,309333 0,000172
облисполком 2,813411 0,000370
обновить 1,203973 0,000475
обновление 1,203973 0,000949
обновлениявикипедия 1,771957 0,000233
обогнать 2,407946 0,000316
обойти 2,207275 0,000290
обрабатывать 1,049822 0,000414
образ 0,287682 0,000038
образование 0,356675 0,002203
образовательный 0,891598 0,000234
образовать 0,385662 0,000304
обратиться 2,120264 0,000279
обращение 0,030459 0,000500
обрыв 3,218876 0,000423
обслуживание 0,941609 0,000247
обход 1,469676 0,000386
общее 0,301105 0,000119
общественно-политических 2,525729 0,000332
общественный 0,494296 0,000520
общество 0,415515 0,000109
общефизический 3,912023 0,000514
общий 0,186330 0,000073
объединить 0,867501 0,000114
объект 0,235722 0,000186
объем 0,400478 0,000053
объясняться 1,560648 0,000205
обыкновенный 1,966113 0,000258
обь 2,302585 0,000303
ово 3,912023 0,000514
один 0,051293 0,000034
однако 0,174353 0,000092
одновременно 0,776529 0,000102
одноименный 0,967584 0,000127
означать 0,798508 0,000105
оказывать 0,867501 0,000114
окато 0,820981 0,000216
окончание 1,309333 0,000344
окончательно 1,203973 0,000158
окончательный 1,897120 0,000249
окрисполкомом 3,912023 0,000514
округ 0,562119 0,001921
округпереименованные 3,912023 0,000514
окружать 0,755023 0,000099
окружной 1,609438 0,000423
окт 0,798508 0,000105
октмо 0,843970 0,000111
октябрь 0,072571 0,000639
октябрьский 0,776529 0,000102
олимпийский 1,108663 0,000146
омск 1,021651 0,000134
онкологический 1,897120 0,000249
онлайн 0,198451 0,000026
ооо 0,843970 0,000222
оперативно-профилактических 3,912023 0,000514
оператор 0,941609 0,000124
операция 0,776529 0,000102
опережение 3,912023 0,000514
описание -0,009950 -0,000003
оплата 1,609438 0,000634
опорный 1,560648 0,000205
определить 0,527633 0,000139
опросить 2,659260 0,000349
оптимальный 2,995732 0,000394
оптовый 1,966113 0,000258
опубликование 2,302585 0,000303
опускаться 1,714798 0,000451
оранжевый 3,506558 0,000461
орбита 2,407946 0,000633
орган 0,616186 0,001053
организация -0,009950 -0,000009
организовать 0,634878 0,000083
оригинал 0,139262 0,000348
оригинальное 2,302585 0,000303
орловка 2,995732 0,000394
орск 1,272966 0,000167
орфографический 2,813411 0,000370
осадка 1,237874 0,000163
осадок 0,544727 0,000143
освоение 1,309333 0,000516
осень 0,941609 0,000247
осинник 3,506558 0,000922
осинниковский 3,506558 0,000461
осиновый 2,407946 0,000316
осипов 0,527633 0,000069
основа 0,210721 0,000083
основание 0,494296 0,000260
основать 0,274437 0,000144
основное 0,235722 0,000124
основной 0,040822 0,000064
особо 1,237874 0,000163
особь 2,659260 0,000349
оставить 1,427116 0,000188
остаток 1,203973 0,000158
острог 1,897120 0,000499
осуществить 1,237874 0,000163
осуществлять 0,597837 0,000157
ответственность -0,009950 -0,000001
отгрузить 1,386294 0,000182
отдел 1,171183 0,000308
отделение 0,713350 0,000656
отдельно 2,120264 0,000279
отдельность 2,813411 0,000370
отдельный -0,009950 -0,000003
отдых 0,941609 0,000124
отечественный 0,634878 0,000250
отечество 1,966113 0,000258
отказ -0,009950 -0,000001
отказник 3,912023 0,000514
отклонить 3,218876 0,000423
открытие 0,616186 0,000405
открыто 1,078810 0,000284
открыть 0,150823 0,000317
открыться 0,820981 0,000539
отличаться 0,342490 0,000045
отметить 0,616186 0,000081
отнести 1,560648 0,000205
относительно 0,415515 0,000055
отношение 0,430783 0,000057
отрасль 0,653926 0,000172
отредактировать -0,009950 -0,000001
отставка 1,832581 0,000241
отстоять 2,995732 0,000394
отсутствовать 0,776529 0,000102
отходить 1,897120 0,000249
отчет 1,272966 0,000335
офис 1,560648 0,000205
официальный 0,356675 0,000375
оформление 1,609438 0,000211
офтальмологический 3,218876 0,000423
ох 1,347074 0,000177
охота 1,966113 0,000258
оценка 0,400478 0,000211
очень 0,494296 0,000065
ошибкекак -0,009950 -0,000001
палата 1,347074 0,000177
памятник 0,597837 0,000786
памятный 0,798508 0,000210
память 0,820981 0,000324
пао 1,427116 0,000188
парк 0,653926 0,001805
партизанка 3,912023 0,000514
патриот 2,659260 0,000349
педагогический 0,867501 0,000114
пенза 1,108663 0,000146
пенсионер 2,207275 0,000290
первенство 1,469676 0,000193
первое 0,150823 0,000119
первооткрыватель 2,995732 0,000394
первопереселенцев 3,912023 0,000514
первый 0,162519 0,000085
перебросить 2,813411 0,000370
перевести 0,994252 0,000131
передавать 1,560648 0,000205
переименование 1,469676 0,001159
переименовать 0,941609 0,000742
перейти -0,009950 -0,000003
перекрашивать 3,912023 0,000514
перекрашиваться 3,912023 0,000514
перекрывать 2,995732 0,000394
перекрыть 2,995732 0,000394
перепись 0,755023 0,001389
перераб 1,609438 0,000211
переработка 1,469676 0,000193
переход 0,653926 0,000086
переходить 1,237874 0,000163
перинатальный 2,040221 0,000268
период 0,274437 0,000180
пермь 0,994252 0,000131
персона 2,995732 0,000394
персональный -0,009950 -0,000003
петр 1,108663 0,000146
печатный 1,021651 0,000134
печать -0,009950 -0,000003
писаный 3,218876 0,000423
писать 0,820981 0,000108
письменный 1,660731 0,000436
питание 1,171183 0,000154
пищевой 0,916291 0,000361
план 0,527633 0,000139
планета 1,309333 0,000344
платный 1,469676 0,000193
плесо 3,218876 0,000423
плешка 3,912023 0,000514
плодородие 2,995732 0,000394
плотность 0,634878 0,000167
площадка 0,867501 0,000228
площадь 0,385662 0,000355
по-прежнему 1,966113 0,000258
победа 0,755023 0,000198
побеждать 3,912023 0,000514
поведение -0,009950 -0,000001
повестка 2,995732 0,000394
повод 1,897120 0,000249
повысить 1,021651 0,000134
повышение 1,078810 0,000567
погода 0,693147 0,000364
подвести 2,525729 0,000332
подвижной 1,832581 0,000241
подгорбунского 3,912023 0,000514
подготовка 0,916291 0,000241
поддержка 0,653926 0,000086
подземный 1,469676 0,000193
подмостового 3,912023 0,000514
поднять 1,609438 0,000211
подольск 1,272966 0,000167
подразделение 1,514128 0,000199
подтвердить 1,309333 0,000172
подтверждение 1,771957 0,000233
подчинение 1,237874 0,000813
подчинить 1,347074 0,000177
пожалуйста 1,469676 0,000193
пожар 1,171183 0,000154
позволять 0,462035 0,000061
поздно 0,713350 0,000094
поиск -0,009950 -0,000003
показатель 0,494296 0,000195
показать 0,891598 0,000117
покрытие 1,560648 0,000410
пол 0,446287 0,000235
полдень 0,916291 0,000120
поле 1,049822 0,000138
полезный 1,203973 0,000316
политехнический 1,560648 0,000410
политик -0,009950 -0,000005
политический 0,597837 0,000079
полиция 2,207275 0,000580
полномочие 1,203973 0,000158
полностью 0,400478 0,000316
половина 0,430783 0,000057
положение 0,415515 0,000437
полоса 0,916291 0,000482
полотнище 1,609438 0,000211
получить 0,150823 0,000079
полысаево 3,218876 0,000846
пользование 1,609438 0,000211
поляк 0,820981 0,000108
поляна 1,427116 0,000563
помимо 0,562119 0,000074
помогать 1,897120 0,000249
помочь 1,171183 0,000308
помощь 0,342490 0,000045
популяция 2,407946 0,000949
порт 0,733969 0,000386
портал 0,342490 0,000180
посвятить 0,634878 0,000083
поселение 0,634878 0,001418
поселковый 2,813411 0,000370
поселок 0,634878 0,000417
посетитель 1,771957 0,000233
поскольку 0,941609 0,000247
последний -0,009950 -0,000008
последующее 1,714798 0,000225
постамент 2,407946 0,000316
постановить 2,407946 0,001266
постановление 0,891598 0,001640
постепенно 0,867501 0,000114
постоянная 0,843970 0,000222
постоянно 1,108663 0,000146
постоянный 0,579818 0,000686
постоянство 2,995732 0,000394
построить 0,301105 0,000040
постройка 0,867501 0,000228
посчитать 3,218876 0,000423
потерять 1,386294 0,000182
поток 0,967584 0,000127
потреблять 2,407946 0,000316
почетный 0,820981 0,000108
почтовый 0,653926 0,000344
поэтому 0,616186 0,000081
появиться 0,248461 0,000131
пояс 0,597837 0,000314
пояснять 3,218876 0,000423
правило 0,478036 0,000063
правитель 1,771957 0,000233
правительство 0,510826 0,000604
править -0,009950 -0,000162
правка 0,274437 0,000036
правкиновые -0,009950 -0,000001
правкипостоянная -0,009950 -0,000001
правление 1,386294 0,000182
право 0,314711 0,000165
правовой 1,021651 0,000269
правонарушение 2,995732 0,000394
православие 1,386294 0,000364
православный 0,755023 0,000099
правый 0,798508 0,000105
практически 0,755023 0,000099
предел 0,400478 0,000105
предмет 0,713350 0,000094
предоставление 1,609438 0,000634
предпенсионеров 3,912023 0,000514
предпринимательский 2,659260 0,000349
предпринимательство 1,714798 0,000676
предприятие 0,527633 0,000555
председатель 0,916291 0,000722
представитель 0,653926 0,000086
представительный 1,237874 0,000325
представительство 0,994252 0,000131
представить 0,328504 0,000043
представиться -0,009950 -0,000001
представлять 0,328504 0,000173
предупреждение 2,659260 0,000349
прежний 1,021651 0,000269
президент 0,597837 0,000079
президентский 2,120264 0,000557
президиум 1,171183 0,001385
преимущество 1,514128 0,000199
прекратить 0,916291 0,000241
преобладать 0,713350 0,000187
преобразование 1,347074 0,000354
преобразовать 0,967584 0,000127
пресвятой 1,272966 0,000167
пресечь 3,506558 0,000461
пресс 1,272966 0,000167
пресс-релиз 2,525729 0,000332
пресс-служба 2,659260 0,000349
преступление 1,514128 0,001393
преступность 1,771957 0,000466
привести 0,356675 0,000047
пригородный 0,967584 0,000127
прижиться 2,995732 0,000394
признание 0,867501 0,000114
признать 0,494296 0,000260
прийтись 1,469676 0,000193
прикладной 1,078810 0,000142
прилагательное 2,659260 0,000349
приложение 0,733969 0,000096
применение 0,967584 0,000127
применять 0,510826 0,000134
примечание -0,009950 -0,000003
принадлежность 1,272966 0,000335
принять 0,248461 0,000163
приостановить 1,609438 0,000211
природный 0,510826 0,000067
присвоение 1,139434 0,000150
присвоить 0,798508 0,000105
присудить 2,813411 0,000370
приток 1,078810 0,000284
притомский 3,218876 0,000423
прифронтовой 2,813411 0,000370
приход 1,108663 0,000291
приходиться 0,693147 0,000182
причинение 3,218876 0,000423
проблема 0,274437 0,000072
проведение 0,673345 0,000265
проверить 0,478036 0,000063
провести 0,579818 0,000229
провинция 1,309333 0,000172
проводиться 0,653926 0,000344
программа 0,415515 0,000164
продолжительно 3,912023 0,000514
продолжительность 1,021651 0,000134
продолжиться 2,120264 0,000279
продукт 0,634878 0,000083
продукция 0,941609 0,000124
проезд 1,171183 0,000308
проект -0,009950 -0,000009
проектахмедиафайлы 2,525729 0,000332
прозвать 2,995732 0,000394
производительность 1,609438 0,000211
производить 0,916291 0,000120
производственный 1,078810 0,000284
производство 0,527633 0,000763
произойти 0,430783 0,000113
происходить 0,328504 0,000043
происхождение 0,776529 0,000102
пройти 0,544727 0,000215
прокат 2,120264 0,000279
прокопьевск 1,272966 0,000502
прокопьевский 3,506558 0,001382
пролить 3,912023 0,000514
променад 3,506558 0,000922
промстрой 3,912023 0,000514
промысл 1,966113 0,000258
промышленновский 3,506558 0,000922
промышленность 0,494296 0,000585
промышлять 0,462035 0,000546
просить 2,207275 0,000290
просмотр -0,009950 -0,000001
проспект 0,891598 0,000703
пространство 0,634878 0,000083
против 0,798508 0,000315
противоположное 2,302585 0,000303
протяженность 0,776529 0,000102
профессионально-педагогический 2,995732 0,000394
профессионально-технический 2,813411 0,000739
профессиональный 0,733969 0,000579
профилактика 2,525729 0,000664
проходить 0,462035 0,000121
процент 1,427116 0,000750
процесс 0,415515 0,000055
прочее 0,544727 0,000072
прочие 0,798508 0,000105
прямая 0,867501 0,000114
прямоугольный 1,560648 0,000205
психиатрический 1,966113 0,000258
пугачевский 2,995732 0,000394
пункт 0,494296 0,001364
пустить 1,514128 0,000398
путаница 2,995732 0,000394
путеводитель 0,713350 0,000094
путепровод 2,207275 0,000290
путь 0,261365 0,000034
пышма 1,309333 0,000172
пятница 1,427116 0,000188
пять 0,693147 0,000455
работа 0,127833 0,000151
работать 0,314711 0,000041
работник 1,108663 0,000146
рабочий 0,597837 0,000628
равнина 0,867501 0,000114
равно 2,040221 0,000268
радиотелевизионный 2,813411 0,000370
ражев 3,912023 0,000514
разбой 2,659260 0,000349
развивать 1,660731 0,000218
развитие 0,127833 0,000101
развить 0,616186 0,000324
разгрузить 3,218876 0,000423
раздел 0,342490 0,000270
разделамивикипедия 2,813411 0,000370
разделить 0,527633 0,000069
различный 0,116534 0,000061
разместить 1,108663 0,000146
размещение 0,673345 0,000088
разное 1,078810 0,000142
разночтение 3,912023 0,000514
разный 0,314711 0,000041
разработка 0,653926 0,000086
разработчик -0,009950 -0,000001
район 0,430783 0,002944
районирование 2,040221 0,000268
районный 1,171183 0,000462
райцентр 0,941609 0,000124
рамка 0,478036 0,000251
рамн 2,302585 0,000303
рана 0,776529 0,000102
ранний 0,733969 0,000096
рано 0,261365 0,000275
раскрыть 2,302585 0,000303
расписание 1,832581 0,000482
располагать 1,386294 0,000182
расположить 0,385662 0,000811
распоряжение 1,139434 0,000299
распределение 1,203973 0,000316
распределиться 2,995732 0,000394
рассматриваться 1,203973 0,000158
рассмотрение 2,040221 0,000268
рассмотреть 2,302585 0,000303
расстояние 0,713350 0,000187
рассчитать 1,514128 0,000199
растение 1,171183 0,000154
расширение 0,415515 0,000055
расширить 0,967584 0,000127
ргиси 3,912023 0,000514
реализация 0,798508 0,000105
реализовать 0,673345 0,000088
реверсивный 3,506558 0,000922
ревком 3,912023 0,001542
революция 0,562119 0,000074
регби 2,302585 0,000303
регион 0,385662 0,000304
региональный 0,634878 0,000334
регионмарт 3,912023 0,000514
ред 0,235722 0,000062
редактор 1,427116 0,000188
резко 0,967584 0,000254
рейс 1,171183 0,000308
рейтинг 0,967584 0,000381
река 0,446287 0,000704
рекламный 1,966113 0,000258
реконструкция 0,820981 0,000216
рекордный 1,966113 0,000258
религиозный 0,891598 0,000234
ремез 3,506558 0,000461
ремезова 2,659260 0,000349
ремезовым 3,218876 0,000423
ремонт 1,139434 0,000449
реновация 3,218876 0,001269
ресторан 1,469676 0,000193
ресурс 0,020203 0,000011
реторта 3,506558 0,000922
ретро-снимки 3,912023 0,000514
реформа 1,108663 0,000146
решение 0,328504 0,000130
решетовой 3,912023 0,000514
решительно 3,218876 0,000423
римско-католический 1,832581 0,000241
рио 2,407946 0,000633
рова 3,912023 0,000514
род 0,843970 0,000111
роддом 2,813411 0,000370
родина 1,108663 0,000146
родственный 0,579818 0,000076
рождение 1,078810 0,000142
роза 0,916291 0,000241
розничный 1,171183 0,000154
роса 2,207275 0,000290
росгосстрах 3,218876 0,000423
россиибывшие 2,995732 0,000394
россиигорода 1,309333 0,000172
российский 0,105361 0,000775
российско-украинской 1,108663 0,000146
россия 0,174353 0,000733
росспэн 0,994252 0,000131
росстат 0,776529 0,000612
рост 0,597837 0,000314
ростелеком 1,386294 0,000182
роща 1,469676 0,000579
рсфср 0,733969 0,001157
рубль 0,755023 0,000893
рубцовск 1,347074 0,000177
рудник 2,995732 0,002362
рудничный 3,912023 0,002570
рудознатец 3,912023 0,000514
рус 0,162519 0,001644
русский -0,009950 -0,000021
рыбинск 1,203973 0,000158
рынок 0,713350 0,000187
рэнкинг 3,506558 0,000461
ряд 0,223144 0,000088
рязань 1,049822 0,000138
сайт 0,210721 0,000194
салаир 3,506558 0,000922
салехард 1,347074 0,000177
салтымаково 3,218876 0,000423
сам 0,162519 0,000107
самара 0,891598 0,000117
самостоятельный 0,820981 0,000216
самоуправление 0,891598 0,000234
самусь 3,218876 0,000423
самый 0,174353 0,000069
санкционировать 3,506558 0,000461
санкция 2,995732 0,000394
саратов 0,967584 0,000127
сбербанк 1,714798 0,000225
сборник 0,597837 0,000157
сведение 0,579818 0,000076
сверху 1,347074 0,000177
светофорный 3,506558 0,000922
свидетельство 1,714798 0,000225
свидетельствовать 1,386294 0,000182
свобода 1,108663 0,000146
свободный -0,009950 -0,000001
свой 0,150823 0,000040
свойство 0,415515 0,000055
связать 0,174353 0,000046
связаться -0,009950 -0,000001
связь 0,174353 0,000160
святой 0,755023 0,000099
сгореть 1,660731 0,000436
сделать 0,616186 0,000162
себя 0,198451 0,000130
север 0,527633 0,000069
северный 0,385662 0,000152
северо-западный 1,078810 0,000284
северодвинск 1,171183 0,000154
северск 3,218876 0,000423
сегодня 0,616186 0,000162
сезон 0,916291 0,000120
сезонный 1,714798 0,000676
сей 0,693147 0,000091
секретарь 1,660731 0,000436
сектор 1,049822 0,000690
село 0,891598 0,000703
сельский 0,634878 0,001085
сельскохозяйственный 0,941609 0,000124
семенович 2,407946 0,001266
семеном 2,995732 0,000394
семь 0,820981 0,000108
семя 2,659260 0,000349
сент 0,843970 0,000111
сентябрь 0,072571 0,000343
сенчуров 3,912023 0,001028
сергеевича 3,218876 0,000423
сергоград 3,912023 0,000514
сердечно-сосудистых 3,218876 0,000846
сердце 1,714798 0,000225
серебряный 0,891598 0,000234
середюк 3,912023 0,001542
сероухов 3,912023 0,000514
сетевой 1,049822 0,000138
сеть 0,356675 0,000094
сибдепо 3,506558 0,000922
сибири 1,347074 0,003363
сибирский 1,049822 0,002345
сибирь 1,469676 0,000579
сибкрайисполкома 3,912023 0,000514
сила 0,494296 0,000390
сильный 0,544727 0,000143
символ 0,733969 0,000289
символизировать 1,469676 0,000772
символика 1,237874 0,000163
синема 1,771957 0,000233
синоптик 2,659260 0,000349
система 0,051293 0,000013
системеобсуждениевкладсоздать -0,009950 -0,000001
ситуация 0,693147 0,000364
сказать 1,714798 0,000225
сказка 1,660731 0,000218
скала 2,407946 0,000316
скачать -0,009950 -0,000001
сквер 0,941609 0,000990
сколько 0,653926 0,000172
скора 1,832581 0,000241
скульптура 0,916291 0,000120
слабовидящий 3,218876 0,000423
слава 0,941609 0,000124
слева 1,108663 0,000146
след 1,427116 0,000188
следовать 0,235722 0,000093
следствие 1,560648 0,000205
следует 0,755023 0,000099
слияние 1,609438 0,000423
словарь 0,094311 0,000087
словарь-справочник 1,560648 0,000410
слово 0,210721 0,000055
сложный 0,446287 0,000059
служба 0,527633 0,000763
случай -0,009950 -0,000003
смещение 0,733969 0,000096
сми 0,867501 0,000228
смог 2,207275 0,000580
смысловой 2,813411 0,000370
снег 1,386294 0,000547
снегопад 2,659260 0,000349
снести 1,347074 0,000177
снестись 3,912023 0,000514
снижение 1,171183 0,000154
снизить 1,560648 0,000205
снова 1,386294 0,000182
снос 1,897120 0,000499
сносить 3,218876 0,000423
собор 0,733969 0,000096
соборный 1,049822 0,000276
собрание 0,634878 0,000083
собственник 2,995732 0,000394
собственность 1,309333 0,000172
собственный 0,446287 0,000176
событияпожертвовать -0,009950 -0,000001
совершить 0,994252 0,000131
совет 0,462035 0,001639
советский 0,261365 0,000343
совокупный 1,832581 0,000241
современный 0,150823 0,000059
совхоз-техникум 3,912023 0,000514
согласно 0,301105 0,000079
согласование 2,207275 0,000290
содержание 0,010050 0,000001
содержаться 1,560648 0,000410
создавать 0,798508 0,000105
создаваться 1,078810 0,000284
создание 0,301105 0,000040
создать 0,210721 0,000138
сократиться 1,386294 0,000364
солдатский 1,832581 0,000482
солнечный 0,597837 0,000079
сообщить -0,009950 -0,000003
соответственно 1,021651 0,000134
соответствие 0,371064 0,000098
соревнование 1,108663 0,001020
соседствовать 3,506558 0,000461
сосновый 1,897120 0,001246
сост 0,597837 0,000157
состав 0,248461 0,000457
составить 0,400478 0,000263
составлять 0,198451 0,000183
состояние 0,248461 0,000098
состоять 0,385662 0,000152
состояться 0,713350 0,000281
сохранение -0,009950 -0,000001
социально-экономические 2,407946 0,000316
социально-экономическое 2,302585 0,000908
социальный 0,527633 0,000277
соцопрос 3,912023 0,000514
сочетать 2,040221 0,000268
союз 0,579818 0,000229
спб 0,385662 0,000051
специалист 0,755023 0,000099
специалистов-коммунистов 3,912023 0,000514
специальный 0,415515 0,000055
список 0,210721 0,000055
спорт 0,713350 0,001031
спортивный 0,891598 0,001406
спорткомплекс 2,407946 0,000316
способствовать 0,867501 0,000114
справедливость 2,525729 0,000332
справедливый 2,120264 0,000279
справка 1,203973 0,000158
справочник 0,798508 0,000210
спускаться 2,995732 0,000394
сравнение 0,733969 0,000193
среда 0,385662 0,000101
среди 0,198451 0,000130
среднее 0,342490 0,000360
среднесуточный 2,525729 0,000664
средний 0,371064 0,000341
средство 0,287682 0,000113
срок 0,798508 0,000105
сср 0,820981 0,000216
ссср 0,314711 0,000372
ссылка -0,009950 -0,000016
ссылкамивикипедия 1,609438 0,000211
ссылкасведения -0,009950 -0,000001
ссылкойвикипедия 1,660731 0,000218
стабильный 0,820981 0,000216
стадион 0,891598 0,000469
стандарт 0,867501 0,000114
становиться 0,415515 0,000109
станция 0,579818 0,000457
старое 0,941609 0,000124
стартовать 1,714798 0,000225
старый 0,314711 0,000083
статистик -0,009950 -0,000017
статистический 0,713350 0,001312
статус 0,430783 0,000566
стать 0,083382 0,000099
статьивикипедия 2,813411 0,000370
статьислучайная -0,009950 -0,000001
статьисообществофорумсправкасвежие -0,009950 -0,000001
статья 0,020203 0,000074
статьяобсуждение -0,009950 -0,000001
статьятекущие -0,009950 -0,000001
стационарный 1,108663 0,000583
стела 1,386294 0,000182
степан 2,407946 0,000316
степень 0,673345 0,000088
степной 1,609438 0,000211
стилизовать 2,207275 0,000870
стилистически 2,995732 0,000787
стилистический 2,525729 0,000332
стиль 0,673345 0,000088
стоимость 1,021651 0,000403
стоить 0,891598 0,000117
стойка 3,218876 0,000846
столица 0,755023 0,000496
сторона 0,235722 0,000124
стоять 1,386294 0,000182
страна 0,235722 0,000155
страница -0,009950 -0,000009
страницасодержаниеизбранные -0,009950 -0,000001
страницецитировать -0,009950 -0,000001
страницуполучить -0,009950 -0,000001
страницыслужебные -0,009950 -0,000001
страхование 2,525729 0,000332
строительство 0,462035 0,000546
строиться 0,693147 0,000091
структура 0,400478 0,000263
студент 1,237874 0,000163
ступино 1,347074 0,000177
субъект 0,597837 0,000550
суперлига 1,560648 0,000615
суточный 0,755023 0,000198
существование 0,693147 0,000091
существовать 0,020203 0,000005
суэк-кузбасс 3,912023 0,000514
сфера 0,562119 0,000222
сформировать 1,078810 0,000142
сцена 1,514128 0,000199
сценический 2,525729 0,000332
считать 0,597837 0,000079
считаться 0,385662 0,000051
считая 2,207275 0,000290
сша 0,562119 0,000074
съезд 1,560648 0,001025
сызрань 1,237874 0,000163
сюдасвязанные -0,009950 -0,000001
табак 2,659260 0,000349
табл 0,867501 0,000114
таблица 0,544727 0,000501
табличный 1,237874 0,000163
тагил 1,272966 0,000167
тайга 1,427116 0,000375
тайгинский 3,506558 0,000461
тайдон 3,912023 0,000514
такой 0,162519 0,000043
татарин 0,733969 0,000193
тахтамышево 3,218876 0,000423
таштагол 3,506558 0,000922
таштагольский 3,506558 0,000922
театр 0,713350 0,000844
теба 3,218876 0,000423
текст -0,009950 -0,000001
телефонный 0,776529 0,000408
тематический 0,510826 0,000067
температура 0,510826 0,000269
теплое 1,309333 0,000172
термин 0,198451 0,000078
террикон 3,912023 0,000514
территориальный 0,713350 0,001031
территория 0,356675 0,000891
техник 0,713350 0,000281
техникум 1,272966 0,002007
технический 0,462035 0,000243
технология 0,400478 0,000158
технопарк 2,525729 0,000664
течение 0,314711 0,000083
течь 0,274437 0,000036
тил 3,912023 0,000514
тип 0,072571 0,000057
тираж 1,560648 0,000205
тисуле 3,912023 0,000514
тисуль 3,912023 0,000514
тисульский 3,506558 0,000922
тобольский 2,525729 0,000996
товар 0,916291 0,000241
товарный -0,009950 -0,000003
той 0,994252 0,000131
токарев 2,995732 0,000394
толчок 2,040221 0,000268
томигорода 3,506558 0,000461
томить 3,218876 0,005076
томск 1,108663 0,000437
томская 2,407946 0,000633
томского 2,207275 0,000870
томской 2,659260 0,001398
томь 3,218876 0,001692
тонна 1,108663 0,000146
топ 1,347074 0,000177
топка 2,995732 0,001575
топкинский 3,506558 0,001382
топливный 2,995732 0,000394
топограф 3,218876 0,000423
топонимический 0,776529 0,000204
торговля 0,579818 0,000076
торгово-развлекательного 3,218876 0,000423
торговый 0,597837 0,000314
точка 0,478036 0,000063
точный 1,347074 0,000177
трамвай 0,891598 0,000117
трамвайный 1,139434 0,000299
транспорт 0,616186 0,001457
транспортный 0,616186 0,000648
транссибирский 1,714798 0,000225
трасс 0,941609 0,000124
тратить 2,659260 0,000349
требование 0,967584 0,000127
требовать 0,562119 0,000148
тренажерный 3,218876 0,000423
третий 0,616186 0,000162
треугольник 3,506558 0,002304
три 0,248461 0,000065
трибун 2,040221 0,000268
тридцать 2,207275 0,000290
троллейбус 0,867501 0,000570
троллейбусный 0,967584 0,000254
тротуар 3,218876 0,000423
труд 0,597837 0,000079
трудиться 1,560648 0,000205
трудовой 0,967584 0,000636
труженик 2,302585 0,000303
ттк-западная 3,506558 0,000461
турчин 3,912023 0,000514
тухачевского 3,912023 0,000514
тыл 1,771957 0,000233
тыловой 2,659260 0,000349
тыс 0,430783 0,000057
тысяча 0,371064 0,000390
тюмень 1,171183 0,000154
тюркский 1,386294 0,000182
тяжинский 3,506558 0,000922
тяжкий 2,407946 0,000949
убрать 1,609438 0,000423
увалисто-холмистой 3,912023 0,000514
увеличение 0,733969 0,000096
угледобыча 3,912023 0,000514
углепром 3,912023 0,000514
углехимия 3,912023 0,000514
уголь 1,714798 0,000901
угольная 2,525729 0,000664
угольный 3,506558 0,001382
угон 3,218876 0,000423
угостить 3,912023 0,000514
удаться 1,203973 0,000158
удобрение 2,407946 0,000316
удовлетворенность 3,506558 0,000461
удовлетворить 2,407946 0,000316
удовлетворять 2,407946 0,000316
уезд 1,272966 0,001338
уездный 1,469676 0,000386
узел 0,527633 0,000139
уйти 1,237874 0,000325
указ 0,733969 0,000289
указание -0,009950 -0,000001
указать 0,083382 0,000088
указываться 2,040221 0,000268
украина 0,527633 0,000069
украинец 0,867501 0,000228
укрупнить 3,912023 0,000514
улан-удэ 1,237874 0,000163
улица 0,776529 0,001020
улучшение 1,309333 0,000172
улучшить 1,049822 0,000276
ульяновича 3,912023 0,000514
ульяновск 1,078810 0,000142
уменьшиться 1,832581 0,000241
умыслить 3,218876 0,000423
универсальный 0,544727 0,000215
университет 0,328504 0,000302
университетский 1,771957 0,000233
упоминание 0,967584 0,000509
упомянуть 1,714798 0,000451
упр 2,813411 0,000370
управа 1,714798 0,000225
управление 0,248461 0,000163
упразднить 1,237874 0,000163
урала 1,609438 0,000211
уралом 1,609438 0,000211
уровень 0,150823 0,000059
усков 3,912023 0,000514
условие -0,009950 -0,000007
услуга 0,755023 0,000794
устав 0,843970 0,000555
установить 0,328504 0,000043
устареть 0,941609 0,000371
устройство 0,527633 0,000416
усть-искитимское 3,912023 0,001028
усть-нарык 3,218876 0,000423
устье 0,634878 0,000250
утвердить 0,755023 0,000595
утверждение 0,400478 0,000263
утес 2,407946 0,000316
утка 2,659260 0,001048
уточнение 1,469676 0,000193
утрата 2,659260 0,000349
уфа 0,967584 0,000127
участвовать 1,021651 0,000269
участие -0,009950 -0,000001
участник 0,510826 0,000134
участок 0,616186 0,000243
ученый 0,653926 0,000172
учет 0,597837 0,000157
учетный -0,009950 -0,000001
училище 0,967584 0,000381
учреждение 0,653926 0,000516
факт 0,634878 0,000083
фамилия 2,407946 0,000316
февр 0,820981 0,000108
февраль 0,051293 0,000209
федералпресс 3,506558 0,000461
федеральный 0,462035 0,001275
федерация 0,510826 0,002349
федорова 2,207275 0,000870
фигура 1,514128 0,000199
физико-географический 0,693147 0,000182
физкультура 2,040221 0,000804
филармония 1,049822 0,000276
филателия 1,469676 0,000386
филиал 0,755023 0,000397
финансовый 0,733969 0,000386
финансы 0,733969 0,000096
фитнес-зал 3,912023 0,000514
флаг 0,597837 0,000393
фон 1,203973 0,000158
фонд -0,009950 -0,000003
форма 0,287682 0,000076
фпк 3,912023 0,000514
фрагмент 1,469676 0,000193
французский 1,309333 0,000172
фронт 1,078810 0,000284
фундаментальный 1,560648 0,000205
функция 0,693147 0,000091
футбол 1,139434 0,000150
футбольный 0,941609 0,000124
ханты-мансийск 1,347074 0,000177
характеристика 0,415515 0,000109
химик 2,207275 0,000290
химический 0,867501 0,001140
хлеб 1,832581 0,000241
ход 0,510826 0,000134
ходатайство 2,407946 0,000949
хозяйство 0,579818 0,000381
хоккей 1,171183 0,000770
хоккейный 1,108663 0,000146
холодный 1,771957 0,000233
хорек 3,912023 0,000514
хореография 3,912023 0,001028
хорографическая 3,912023 0,001028
хороший 1,660731 0,000218
христос 1,897120 0,000249
художественный 0,653926 0,000172
цвет 0,941609 0,000742
цель 0,371064 0,000049
цемент 2,813411 0,000370
центр 0,287682 0,001663
центральный 0,400478 0,000789
церковь 0,673345 0,000265
цик 2,207275 0,000580
цирк 1,078810 0,000142
цифровой 0,562119 0,000148
часовой 0,713350 0,000375
частично 0,653926 0,000086
частник 3,506558 0,000461
частное 1,514128 0,000796
частность 0,462035 0,000061
частный 0,634878 0,000167
часть 0,061875 0,000114
чебоксары 1,171183 0,000154
чебулинский 3,506558 0,000922
чело 0,713350 0,000375
человек 0,186330 0,000220
челябинск 0,994252 0,000131
чемпионат 0,994252 0,000784
черное 1,237874 0,000488
черный 0,843970 0,000222
чертеж 1,660731 0,000218
чертежная 2,659260 0,001048
честь 0,562119 0,000222
численность 0,616186 0,004049
число 0,186330 0,000343
чита 1,203973 0,000158
читатьправитьправить 0,494296 0,000065
чудо 2,207275 0,000290
чурпита 3,912023 0,000514
шаблон 0,462035 0,000182
шаг 1,714798 0,000225
шалготарьян 3,912023 0,001542
шаповал 3,218876 0,000846
шахта 2,525729 0,000332
шахтер 3,506558 0,002304
шахтерский 3,218876 0,000423
шестерня 3,218876 0,000846
шестизначный 2,525729 0,000332
шесть 1,021651 0,000134
шестьдесят 2,813411 0,000370
ширина 0,916291 0,000120
широкий 0,494296 0,000065
школа 0,478036 0,000188
школьник 1,771957 0,000233
шкурко 3,912023 0,000514
штаб-квартира 1,832581 0,000241
штоколова 3,912023 0,000514
щеглакова 3,912023 0,000514
щеглаковой 3,912023 0,001028
щеглова 3,912023 0,002056
щегловдо 3,912023 0,000514
щеглово 3,912023 0,002056
щегловск 3,912023 0,006169
щегловска 3,912023 0,003598
щегловске 3,912023 0,001028
щегловский 3,506558 0,001382
щегловского 3,506558 0,004147
щегловской 3,912023 0,000514
щегловску 3,912023 0,000514
щегол 3,506558 0,000922
щит 1,171183 0,000616
эвакуировать 1,272966 0,000335
экземпляр 1,237874 0,000163
экологический 0,693147 0,000364
экология 0,562119 0,000222
экономика 0,400478 0,000579
экономический 0,478036 0,000251
экскурсия 2,040221 0,000268
эксплуатация 0,776529 0,000102
экспозиция 1,272966 0,000167
экспорт -0,009950 -0,000001
электронный 0,478036 0,000126
электротранспорт 2,302585 0,000605
электроэнергия 1,609438 0,000423
эмблема 2,407946 0,001266
энергетик 1,108663 0,000146
энергия 1,021651 0,000134
энциклопедия -0,009950 -0,000013
эпизодический 3,506558 0,000461
эрнста 3,218876 0,000423
этимология 0,616186 0,000162
этнография 1,966113 0,000517
эушта 3,218876 0,000423
эффективный 1,609438 0,000211
ээнберга 3,912023 0,000514
юбилейный 0,798508 0,000315
юг 0,693147 0,000091
юго-восток 1,171183 0,000154
южный 0,385662 0,000101
юношество 2,302585 0,000303
юрга 2,813411 0,001479
юргинский 3,218876 0,001269
юрий 1,203973 0,000158
юрия 1,660731 0,000218
являться 0,040822 0,000059
ягуновский 3,912023 0,000514
язык -0,009950 -0,000007
яйский 3,506558 0,000922
якутск 1,203973 0,000158
янв 0,820981 0,000108
январь 0,105361 0,000900
ярко-оранжевый 3,912023 0,000514
ярославль 1,078810 0,000142
ярское 3,218876 0,000423
ячменюха 3,218876 0,000423
яшкинский 3,506558 0,000922
