абагур-лесной 3,218876 0,000423
абсолютный 0,798508 0,000210
абсолютных 2,995732 0,000394
авг 0,820981 0,000108
августа 0,072571 0,000277
авиации 1,347074 0,000177
авиационный 1,771957 0,000233
аврора 2,302585 0,000303
автобус 1,021651 0,000537
автобуса 2,207275 0,000290
автобусные 1,966113 0,000258
автобусных 1,609438 0,000423
автобусом 2,659260 0,000349
автобусы 1,386294 0,000364
автодорога 1,427116 0,000188
автодорогам 1,078810 0,000284
автомобилей 1,272966 0,000167
автомобилистов 2,995732 0,000394
автомобильный 1,049822 0,000276
автомобильными 3,912023 0,000514
автомототранспорта 3,912023 0,000514
автономная 1,469676 0,000579
автономное 2,813411 0,000370
авторства -0,009950 -0,000001
автотранспортных 2,813411 0,000370
агентство 1,049822 0,000138
агломерации 0,916291 0,000241
агломерация 0,867501 0,000114
аграрный 1,386294 0,000182
адамович 3,912023 0,000514
адм 2,525729 0,000332
административно-территориального 1,660731 0,000218
административно-территориальное 0,820981 0,000324
административно-территориальном 1,309333 0,000172
административно-территориальному 2,659260 0,000349
административное 0,843970 0,000333
административный 0,843970 0,000776
административным 1,514128 0,000597
административных 1,309333 0,000344
администрации 0,843970 0,000665
администрация 0,941609 0,001609
адмирал 2,407946 0,000316
адрес 1,609438 0,000211
адресу 1,966113 0,000258
азиатского 2,995732 0,000394
аик 3,912023 0,001028
аиф-кузбасс 3,912023 0,001028
академии 0,693147 0,000364
академика 1,714798 0,000225
академия 0,798508 0,000105
акаевой 3,912023 0,001028
актов 1,897120 0,000249
акционерного 2,407946 0,000316
алабугина 3,912023 0,000514
алдан 1,309333 0,000172
александр 0,693147 0,000091
александрович 1,609438 0,000211
алексея 1,514128 0,000398
алтай 2,407946 0,000316
алфавитувикипедия 0,776529 0,000102
алфавитунаселенные 0,867501 0,000114
американские 2,659260 0,000349
анатольевич 2,407946 0,000316
анатольевича 3,912023 0,000514
ангелов 3,912023 0,000514
англ 0,174353 0,000023
андреев 2,040221 0,000268
анжеро-судженск 3,506558 0,000922
анжеро-судженский 3,506558 0,000461
анисимов 3,506558 0,000922
аннексия 0,994252 0,000131
аннулировало 3,912023 0,000514
антошка 3,912023 0,000514
апр 0,798508 0,000105
апреля 0,174353 0,000664
арена 1,427116 0,000563
аренда 2,659260 0,000349
арену 3,912023 0,000514
арефьевич 3,912023 0,000514
аркадия 2,659260 0,000349
армии 1,049822 0,000138
армяне 1,021651 0,000134
арх 0,544727 0,000286
археологии 1,309333 0,000172
археология 2,120264 0,000557
архивированная 1,560648 0,000615
архивировано 0,020203 0,000244
архивная 0,400478 0,000158
архивной 0,713350 0,000094
архитектора 1,469676 0,000193
архитектуры 0,755023 0,000198
аст 0,820981 0,000216
астероид 1,966113 0,000258
астрахань 0,967584 0,000127
астрель 1,049822 0,000138
асфальта 2,995732 0,000394
атаманово 2,995732 0,000394
атлас 1,272966 0,000167
атмосферу 1,514128 0,000597
атмосферы 1,469676 0,000193
аттракционами 3,912023 0,000514
аэропорт 0,843970 0,000887
аэропорта 1,049822 0,000138
аэропорте 3,506558 0,000461
багровой 3,912023 0,000514
база 0,916291 0,000120
базируются 1,966113 0,000258
балибалов 3,912023 0,001028
балыкса 3,218876 0,000423
банк 1,078810 0,000567
банка 0,941609 0,000247
банками 2,525729 0,000332
банков 1,272966 0,000167
банкротом 3,218876 0,000423
барабинка 3,218876 0,000423
барбараша 3,912023 0,000514
барнаул 1,203973 0,000158
бассейна 1,386294 0,000364
баш 3,506558 0,000461
безветренная 3,506558 0,000461
безналичной 2,813411 0,000370
безопасности 1,139434 0,000449
безруково 3,218876 0,000423
беларускаябългарскибуряад 0,000000 0,000000
белки 2,813411 0,000370
белове 3,912023 0,000514
белово 3,218876 0,000846
беловский 3,218876 0,001269
белочехи 3,506558 0,000461
белым 2,207275 0,000290
бельгии 3,912023 0,000514
берег 1,021651 0,000134
берега 0,916291 0,000120
берегах 1,386294 0,000729
береговая 1,966113 0,000258
берегу 0,616186 0,000567
березовая 2,525729 0,000996
березового 3,912023 0,000514
березовский 2,659260 0,001048
бесплатные 2,302585 0,000303
библиографических 0,094311 0,000012
библиотека 0,462035 0,000243
библиотеки 0,843970 0,000333
библиотекой 2,207275 0,000290
бизнеса 0,967584 0,000254
благоприятного 3,912023 0,000514
благоустроенное 2,813411 0,000370
благоустройству 2,525729 0,000332
ближайших 2,040221 0,000268
боброва 3,506558 0,000461
богатства 2,525729 0,000332
богатство 2,407946 0,000316
бокса 2,995732 0,000394
бологое 1,347074 0,000177
больница 1,469676 0,002124
большая 0,072571 0,000105
большой 0,328504 0,000130
бор 1,427116 0,000375
борисович 2,407946 0,000316
боровая 3,506558 0,000461
боровичи 1,347074 0,000177
боровой 3,912023 0,000514
бору 2,525729 0,000332
борьбы 1,386294 0,000182
брэ 2,040221 0,000268
будни 2,659260 0,000699
будущего 1,427116 0,000188
буланин 3,218876 0,000423
бумаге 2,040221 0,000268
бурундука 3,912023 0,000514
бывшего 1,021651 0,000134
бывшее 1,897120 0,000249
бытовых 2,302585 0,000303
бюджета 1,309333 0,000172
бюджетных 2,813411 0,000370
важнейшим 2,407946 0,000316
важного 3,218876 0,000423
валерий 1,714798 0,000451
ван 3,218876 0,000423
васильев 2,302585 0,000303
васильевич 1,609438 0,000211
вашла 0,000000 0,000000
ввели 2,525729 0,000332
вдоль 0,755023 0,000099
ведущим 2,659260 0,000349
ведущих 1,386294 0,000182
век 0,733969 0,000386
века 0,248461 0,000065
веке 0,597837 0,000236
векенаселенные 2,813411 0,000370
вела 2,813411 0,000370
великодушия 3,506558 0,000461
великой 0,653926 0,000258
венгерскими 3,912023 0,000514
венгрии 2,813411 0,000370
венгрия 2,120264 0,000279
вениамин 2,525729 0,000332
вера 1,560648 0,000205
вержицкий 3,912023 0,001028
вержицкого 3,912023 0,000514
верности 2,995732 0,000394
вернуться 2,525729 0,000332
версии 0,446287 0,000059
версия -0,009950 -0,000007
верстах 2,813411 0,001109
версте 3,506558 0,000461
версту 3,912023 0,000514
верх-тайменка 3,218876 0,000423
верхней 1,272966 0,000167
верхняя 1,108663 0,000146
верхо-томской 3,912023 0,000514
верховного 1,272966 0,000335
вершинино 3,218876 0,000423
веры 1,560648 0,000205
веселов 3,218876 0,000846
ветров 0,843970 0,000222
веществ 1,171183 0,000154
взаимодействие 1,897120 0,000249
взгляд 1,514128 0,000199
взлетно-посадочной 3,218876 0,000423
вид 0,494296 0,000130
видам 1,560648 0,000410
виде 0,235722 0,000062
видов 0,616186 0,000162
вики-разметкой 1,309333 0,000172
викигидвикипедия 1,427116 0,000188
викигиде 0,776529 0,000306
викиданные 0,776529 0,000102
викиданных -0,009950 -0,000001
викиданныхвикипедия 0,891598 0,000234
викимедиа -0,009950 -0,000001
википедии -0,009950 -0,000004
википедия -0,009950 -0,000013
викискладвикиновостивикигидэлемент 1,609438 0,000211
викискладе 0,174353 0,000023
викискладепутеводитель 0,713350 0,000094
викискладстатьи 0,891598 0,000117
виртуальный 2,302585 0,000303
вишня 3,912023 0,001028
включал 2,407946 0,000316
включались 3,912023 0,000514
включающий 1,771957 0,000233
включая 0,527633 0,000208
владелец 2,813411 0,000370
владимир 0,733969 0,000772
владимира 1,309333 0,000344
владимирович 1,771957 0,000233
владислав 2,302585 0,000303
влажное 2,407946 0,000316
власов 3,506558 0,000461
властей 1,714798 0,000225
власти 0,634878 0,000751
власть 0,733969 0,000386
властям 2,659260 0,000349
влияющие 3,912023 0,000514
вместимость 2,813411 0,000370
вне 1,560648 0,000410
внесенных 3,912023 0,000514
внешние 0,051293 0,000007
внешних 1,966113 0,000258
вниз 1,171183 0,000154
вновь 0,755023 0,000198
вносятся 3,506558 0,000461
внутреннее 0,733969 0,000096
внутригородским 0,967584 0,000127
внутригородских 1,514128 0,000398
внутриобластных 3,912023 0,000514
водкой 3,506558 0,000461
водозабора 2,813411 0,000370
водоснабжения 1,832581 0,000241
воду 1,386294 0,000182
воды 0,653926 0,000258
военной 1,347074 0,000354
возглавляет 2,120264 0,000279
возглавлял 2,040221 0,000268
воздуха 0,733969 0,000289
воздушный 1,514128 0,000398
возникшему 3,912023 0,000514
воину-освободителю 3,506558 0,000922
войны 0,478036 0,000503
вокзал 0,820981 0,000216
вокруг 0,693147 0,000273
волейбол 2,040221 0,000268
волейболу 2,207275 0,000580
волейбольной 2,813411 0,000370
волейбольный 1,966113 0,000517
волкова 2,207275 0,000580
волкову 3,218876 0,000846
вологда 1,203973 0,000158
волостей 3,912023 0,000514
волости 3,218876 0,001269
волостного 3,912023 0,000514
волошина 2,995732 0,000394
волошиной 3,912023 0,000514
волшебные 0,040822 0,000005
вопрос 0,967584 0,000509
вопроса 2,302585 0,000303
вопросом 2,813411 0,000370
вопросу 1,386294 0,000182
воркута 1,237874 0,000163
воспроизводящее 3,912023 0,000514
воспротивилось 3,912023 0,000514
восстановить 2,120264 0,000279
восстановлении 2,659260 0,000349
востнии 3,912023 0,000514
восток 1,021651 0,000134
восточном 1,897120 0,000249
восьмой 2,813411 0,000370
восьмом 3,912023 0,000514
воткинск 1,309333 0,000172
вошел 1,237874 0,000163
вошла 1,609438 0,000211
впадении 1,660731 0,000436
впервые 0,385662 0,000152
вреда 2,995732 0,000394
временами 2,995732 0,000394
временем 0,616186 0,000081
времени 0,186330 0,000098
временивикипедия 2,407946 0,000316
временно 1,309333 0,000172
временное 2,302585 0,000303
временным 2,813411 0,000370
время 0,030459 0,000012
вручением 2,995732 0,000394
всевозможные 3,506558 0,000461
всей 0,693147 0,000091
всем 0,891598 0,000117
всероссийская 0,843970 0,000333
всероссийских 2,407946 0,000316
всероссийского 1,347074 0,000177
всероссийской 0,713350 0,000375
всесоюзная 0,843970 0,000665
вставкой 1,309333 0,000172
встал 2,813411 0,000370
вступает 2,813411 0,000370
всяких 3,218876 0,000423
втб 1,714798 0,000225
второй 0,274437 0,000108
вузы 1,514128 0,000199
входит 0,653926 0,000086
входом 0,994252 0,000131
входят 0,713350 0,000094
вцик 1,832581 0,001926
вчера 2,525729 0,000664
въезде 2,120264 0,000279
выборах 1,514128 0,000199
выборы 1,347074 0,000354
выбросов 1,609438 0,000423
выбросы 1,771957 0,000466
выброшено 3,218876 0,000423
выделенная 2,995732 0,000394
выделенные 2,659260 0,000349
выделяется 1,832581 0,000241
вызывало 3,506558 0,000461
вынесен 3,912023 0,000514
вынуждены 2,659260 0,000349
вып 0,798508 0,000105
выпал 3,506558 0,000922
выпало 3,218876 0,000423
выполнен 2,407946 0,000316
выполненные 2,525729 0,000332
выполнено 2,120264 0,000279
выполняет 1,832581 0,000482
выпустил 2,040221 0,000268
выпущена 1,609438 0,000211
вырабатываемых 3,912023 0,000514
высокий 1,347074 0,000177
высота 0,562119 0,000074
выставка 1,966113 0,000258
выступающий 2,407946 0,000316
высшая 1,386294 0,000182
высшее 1,021651 0,000269
высших 1,078810 0,000142
выходные 2,302585 0,000605
выше 0,616186 0,000081
вяземцева 3,912023 0,000514
газа 1,309333 0,000344
газета 0,616186 0,000243
газпромбанк 2,407946 0,000316
гайдара 2,525729 0,000332
галерея 1,203973 0,000316
галкин 3,912023 0,000514
гарант 3,218876 0,000423
гари 3,506558 0,000461
гектаров 1,771957 0,000233
генерал-майор 2,659260 0,000349
генплан 2,120264 0,000279
географа 2,995732 0,000394
географические 0,713350 0,000094
географических 1,139434 0,000449
географическое 0,693147 0,000273
географической 0,798508 0,000210
география 0,462035 0,000121
географом 3,912023 0,000514
геодезии 2,813411 0,000370
геологический 2,120264 0,000557
георгий 1,560648 0,000205
геральдический 1,897120 0,000249
герб 0,820981 0,000647
герба 1,427116 0,000188
герман 2,302585 0,000605
германии 1,427116 0,000188
героев-панфиловцев 3,912023 0,000514
герои 2,207275 0,000290
гимн 0,820981 0,000108
гимназии 1,469676 0,000193
гимнастики 2,659260 0,000349
гкб 3,506558 0,000922
гкгн 0,994252 0,000131
гкгнпро 0,916291 0,000120
глав 1,897120 0,000249
глава 0,673345 0,000354
главного 1,237874 0,000163
главной 0,941609 0,000124
главные 1,660731 0,000436
главный 0,916291 0,000120
главы 0,967584 0,000509
год 0,235722 0,000712
года -0,009950 -0,000268
годавикипедия 0,616186 0,000324
годах 0,385662 0,000203
годов 0,356675 0,000141
годом 0,941609 0,000247
году 0,072571 0,000391
годувикипедия 2,407946 0,000316
годугорода 1,714798 0,000225
годурайонные 3,506558 0,000461
годы 0,356675 0,000187
голландская 3,218876 0,000423
голландского 3,912023 0,000514
горбуновой 3,912023 0,000514
горисполкома 2,120264 0,000557
горка 2,407946 0,000949
горловка 1,309333 0,000172
горно-геологический 3,912023 0,000514
горной 2,525729 0,000332
горностая 3,506558 0,000461
горнотехнический 3,912023 0,001028
горный 1,832581 0,000241
город 0,544727 0,002648
город-спутник 2,407946 0,000633
города 0,430783 0,006114
города-побратимы 0,891598 0,000234
городам 0,798508 0,000105
городами 0,916291 0,000120
городах 1,272966 0,000167
городе 0,693147 0,002004
городе-спутнике 3,506558 0,000461
городецкая 1,660731 0,000218
городкемерово 3,912023 0,000514
городов 0,579818 0,000838
городом 0,798508 0,000105
городпро 0,867501 0,000114
городработ 3,506558 0,000461
городс 3,506558 0,000461
городская 0,843970 0,000665
городским 0,798508 0,000210
городских 0,713350 0,002250
городского 0,693147 0,001640
городское 1,203973 0,000158
городской 0,755023 0,001091
городском 1,427116 0,000188
городскому 2,302585 0,000303
городу 0,798508 0,000315
горожан 1,309333 0,000172
горсад 3,912023 0,000514
горсовет 2,659260 0,000699
горсовета 2,120264 0,000279
горуездного 3,912023 0,001028
горячко 1,609438 0,000211
гос 1,609438 0,000423
госиздат 3,506558 0,000461
госкомстат 0,891598 0,000234
гостиницы 1,347074 0,000177
государственная 0,941609 0,000247
государственного 0,616186 0,000162
государственное 0,776529 0,000408
государственной 0,616186 0,000810
государственный 0,430783 0,000509
государственных 0,994252 0,000131
грабежей 3,218876 0,000423
градостроительства 1,966113 0,000258
градусов 1,897120 0,000249
граждан 1,309333 0,000172
гражданской 0,967584 0,000254
гранат 1,386294 0,000182
границах 1,078810 0,000142
графика 2,659260 0,000349
григорий 1,832581 0,000482
григория 2,407946 0,000316
гринвич 3,218876 0,000423
грузов 1,560648 0,000205
группы 0,634878 0,000083
грэс 2,525729 0,000332
губернаторский 2,525729 0,000332
губернии 0,994252 0,000392
губерния 1,427116 0,000188
губернская 2,207275 0,000290
губернский 1,832581 0,000963
губернским 2,407946 0,000316
губревком 3,912023 0,000514
гурьевск 3,218876 0,001269
гурьевска 3,506558 0,000922
гурьевский 3,218876 0,001269
давыдова 3,218876 0,000423
давыдович 3,218876 0,000423
дала 2,525729 0,000332
далее 0,693147 0,000091
даниэля 3,912023 0,000514
данному 1,966113 0,000258
данные 0,510826 0,000067
данный 0,713350 0,000187
данным 0,415515 0,000164
данных 0,616186 0,000081
дата 0,030459 0,000496
датировано 3,218876 0,000846
датой 2,120264 0,000557
датская 0,342490 0,000045
дать 2,407946 0,000316
даценко 3,912023 0,000514
дачного 3,506558 0,000461
две 0,527633 0,000069
движение 0,820981 0,000539
движения 0,733969 0,000386
дворец 0,967584 0,000509
двужильного 3,912023 0,000514
двумя 1,021651 0,000134
двустороннего 3,912023 0,000514
двух 0,462035 0,000182
двухстороннее 3,912023 0,000514
девы 2,995732 0,000394
девять 1,714798 0,000225
действовал 1,660731 0,000218
действовать -0,009950 -0,000003
действуют 0,867501 0,000342
дек 0,820981 0,000108
декабре 0,798508 0,000105
декабря 0,105361 0,000208
декреты 3,912023 0,000514
делал 3,218876 0,000423
делах 3,218876 0,000423
деление 0,673345 0,000442
деловой 1,560648 0,000205
демоскоп 0,820981 0,000324
день 0,562119 0,000443
департамента 1,832581 0,000241
департаментом 3,218876 0,000423
депутат 2,040221 0,000268
депутатов 0,891598 0,001875
деревень 2,207275 0,000290
деревне 2,525729 0,000332
деревней 3,218876 0,000846
деревни 1,660731 0,000436
деревню 2,813411 0,000739
деревня 1,609438 0,001269
державность 3,912023 0,000514
держится 2,525729 0,000332
десяти 1,560648 0,000205
десятки 1,347074 0,000177
десять 1,514128 0,000199
детей 0,941609 0,000247
детская 0,916291 0,000120
деятельности 0,446287 0,000117
деятельность 0,653926 0,000086
дзержинск 1,347074 0,000177
диагонали 3,506558 0,000461
дивизиона 2,659260 0,000349
диких 2,525729 0,000332
диплома 3,218876 0,000423
дислоцирует 3,912023 0,000514
диспансер 2,120264 0,000557
длине 1,660731 0,000218
длиной 1,272966 0,000167
длиною 3,912023 0,000514
дмитрий 0,967584 0,000381
дневнике 3,506558 0,000922
дней 0,446287 0,000176
днейвикипедия 0,967584 0,000127
днем 1,660731 0,000218
дня 0,478036 0,000126
добираться 2,813411 0,000370
доблести 1,347074 0,000708
доблестикемеровокемеровский 3,912023 0,000514
добыча 1,966113 0,000517
добычи 2,040221 0,000268
довольных 3,912023 0,000514
дождя 2,813411 0,000370
документальное 2,995732 0,000394
документов 0,653926 0,000086
долготой 0,941609 0,000124
должен 1,078810 0,000284
должно 1,714798 0,000225
должность 1,203973 0,000158
дом 0,562119 0,000074
доп 0,597837 0,000079
дополните 2,813411 0,000370
дополнительное 2,207275 0,000580
дополнительные -0,009950 -0,000001
дополнить 2,813411 0,000370
допрашивали 3,506558 0,000461
дорог 0,891598 0,000117
дорогами 2,120264 0,000836
дороги 0,713350 0,000187
дорожного 2,040221 0,000268
дорожном 3,912023 0,000514
дорожные 3,506558 0,000461
доставке 3,912023 0,000514
достаточно 0,820981 0,000108
достопримечательности 1,049822 0,000276
доступен -0,009950 -0,000001
доступности 1,714798 0,000225
доходов 2,040221 0,000268
доходы 1,966113 0,000517
драмтеатр 2,995732 0,000394
драмы 1,560648 0,000205
другие 0,030459 0,000016
других -0,009950 -0,000008
дружбы 1,560648 0,000410
дтп 2,995732 0,000394
думать 3,218876 0,000423
ево 3,218876 0,000423
евсеева 2,995732 0,000394
единая 1,469676 0,000193
единиц 0,673345 0,000442
единицы 1,386294 0,000182
единой 1,771957 0,000233
единый 1,469676 0,000193
ежегодник 0,820981 0,001295
ежегодно 0,916291 0,000120
еженедельному 2,525729 0,000332
екатеринбург 0,843970 0,000222
епархия 1,560648 0,000615
ермаков 2,995732 0,000787
ерунаково 3,218876 0,000423
жарко 3,506558 0,000461
ждет 2,525729 0,000332
желанию 2,659260 0,000349
железнодорожная 1,309333 0,000516
железнодорожной 1,347074 0,000531
железнодорожный 0,755023 0,000298
железнодорожным 1,771957 0,000233
железной 0,755023 0,000198
желтый 2,525729 0,000332
желтым 3,912023 0,000514
женский 1,309333 0,000172
женских 1,966113 0,000258
животных 1,203973 0,000158
живущих 3,506558 0,000461
жизни 0,562119 0,000369
жилых 1,237874 0,000163
жилья 1,514128 0,000199
жиромская 1,021651 0,000134
жителей 0,673345 0,000442
житель 1,714798 0,000225
жительства 3,218876 0,000423
жукова 2,302585 0,000303
журнала 1,427116 0,000188
журнале 2,813411 0,000370
заболеваний 2,207275 0,000580
завод 0,798508 0,000210
завода 0,941609 0,000124
заводов 1,203973 0,000158
заводский 3,912023 0,001028
завтра 2,207275 0,000580
заглавная -0,009950 -0,000001
загрязнение 1,309333 0,000172
загрязнении 3,506558 0,000461
загрязняющих 1,660731 0,000218
задачей 2,407946 0,000316
заискитимской 3,912023 0,001028
зайца-беляка 3,506558 0,000461
закон 0,616186 0,000162
закрепления 3,218876 0,000423
закрыт 1,386294 0,000182
закуплено 3,912023 0,000514
зал 1,021651 0,000940
зала 2,207275 0,000290
залов 1,771957 0,000233
заложенный 3,218876 0,000423
заменил 2,995732 0,000787
заменили 2,659260 0,000349
заменило 3,506558 0,000461
заменит 3,506558 0,000461
замещенных 3,912023 0,000514
занимавшегося 3,912023 0,000514
занимает 0,616186 0,000081
занимал 1,469676 0,000193
заниматься 2,302585 0,000303
занимаются 1,660731 0,000218
занял 1,139434 0,000299
занятости 2,302585 0,000303
западно-сибирского 2,813411 0,001479
западно-сибирской 2,120264 0,000279
западной 0,994252 0,000392
запаха 3,506558 0,000461
записьвойти -0,009950 -0,000001
заповедника 2,525729 0,000332
запустили 1,897120 0,000249
запущен 1,386294 0,000182
зарабатывают 3,506558 0,000461
зарегистрированный -0,009950 -0,000001
зарегистрированных 1,771957 0,000233
зарегистрировано 1,309333 0,000516
зарплата 2,525729 0,000664
зарплаты 2,659260 0,000349
заря 1,560648 0,000205
заседание 2,302585 0,000303
заседании 1,771957 0,000233
застроено 3,218876 0,000423
застройки 1,021651 0,000134
затон 1,560648 0,000205
заузелкова 3,912023 0,000514
зафиксировали 2,659260 0,000349
зафиксирован 2,207275 0,000290
захватили 2,525729 0,000332
захвачен 2,525729 0,000332
заявление -0,009950 -0,000003
збекча 0,000000 0,000000
звание 1,049822 0,000276
звания 1,203973 0,000158
звездному 3,912023 0,001028
звездный 2,302585 0,000303
здание 0,776529 0,000204
здания 0,867501 0,000114
здоровью 2,813411 0,000370
здоровья 1,771957 0,000233
здравоохранение 0,941609 0,000371
здравоохранения 1,203973 0,000316
зеленогорский 3,218876 0,000423
зеленодольск 1,237874 0,000163
зеленом 2,207275 0,000290
земельная 3,218876 0,000423
земле 0,994252 0,000261
земли 0,634878 0,000167
земским 3,218876 0,000423
земства 2,995732 0,000394
зимний 1,660731 0,000436
зимняя 2,407946 0,000633
зимой 0,713350 0,000094
зимы 1,609438 0,000211
златоуст 1,347074 0,000177
знак -0,009950 -0,000003
знаменский 2,525729 0,000332
значение 0,314711 0,000041
значения 0,105361 0,000042
значительно 0,510826 0,000201
золото 2,407946 0,000316
зоне 0,527633 0,000069
зоны 0,755023 0,000099
зрителей 1,714798 0,000225
иваново 1,139434 0,000150
идеалисты 3,912023 0,000514
идеальный 3,506558 0,000461
идентификаторы 0,693147 0,000091
ижевск 1,139434 0,000150
ижморский 3,506558 0,000922
из-за 0,415515 0,000109
избирательному 2,659260 0,000349
избран 1,386294 0,000182
известен 1,203973 0,000633
изд 0,314711 0,000124
изд-во 1,049822 0,000138
издание 0,776529 0,000204
изданием 2,659260 0,000349
изданные 2,813411 0,000370
издательство 0,510826 0,000134
изделий 1,309333 0,000172
изменений 1,272966 0,000167
изменения 0,562119 0,000074
изменено 3,218876 0,000423
изображен 1,771957 0,000466
изображена 2,659260 0,000349
изображение 1,427116 0,000563
изображении 1,272966 0,000167
изобразительных 1,771957 0,000466
изучаем 3,218876 0,000423
иисуса 2,407946 0,000316
илларион 3,912023 0,000514
ильинка 2,813411 0,000370
илья 2,040221 0,001072
именем 1,272966 0,000502
имени 0,462035 0,000850
имеются 0,843970 0,000111
имеющих 1,272966 0,000167
император 1,771957 0,000233
имуществом 2,407946 0,000633
имя 0,891598 0,000117
инвентаря 3,912023 0,000514
инвестирования 3,218876 0,000423
инвестиции 1,714798 0,000901
инвестиций 1,560648 0,000205
инвестиционного 2,995732 0,000787
инвестиционной 2,302585 0,000605
инвестиционный 2,659260 0,000699
инвестора 3,218876 0,000423
инвесторов 2,813411 0,000370
индексы 1,514128 0,000398
индустриальная 3,912023 0,001028
индустрии 1,771957 0,000233
инженерной 2,995732 0,000394
инициативе 1,427116 0,000188
иностранных 1,203973 0,000316
институт 0,478036 0,000251
института 0,755023 0,000099
инструменты -0,009950 -0,000003
интеллектуальных 3,506558 0,000461
интенсивное 2,120264 0,000279
интенсивному 3,506558 0,000461
интервалами 3,912023 0,000514
интернет-журнал 3,506558 0,000461
интернет-портал 1,897120 0,000499
инфекционная 2,813411 0,000370
информации 0,446287 0,000176
информационно-библиотечная 3,912023 0,000514
информационный 1,427116 0,000375
информационных 1,139434 0,000299
информация 0,446287 0,000117
инфорост 3,218876 0,000423
инфраструктура 1,347074 0,000354
инфраструктуры 1,272966 0,000335
иркутск 1,171183 0,000154
ирон 0,000000 0,000000
искитимке 3,912023 0,001028
искитимки 3,912023 0,002570
искитимку 3,912023 0,001028
ископаемых 1,714798 0,000451
искусств 0,916291 0,000482
искусства 0,733969 0,000096
искусственным 2,120264 0,000557
ислам 1,427116 0,000188
исполнительно-распорядительный 2,302585 0,000303
исполнительного 2,407946 0,000316
исполнительной 2,407946 0,000633
использования -0,009950 -0,000003
используемые 2,407946 0,000316
используется 0,616186 0,000081
используют 1,309333 0,000172
использующие 0,040822 0,000011
исправить 1,832581 0,000241
исследований 0,941609 0,000124
исследования 0,733969 0,000096
исследовательский 1,771957 0,000466
истока 1,021651 0,000134
истории 0,248461 0,000196
историко-культурное 3,506558 0,000461
исторического 1,049822 0,000138
история 0,051293 0,000061
источник -0,009950 -0,000008
источника 1,832581 0,000241
источниками 0,776529 0,000102
источники 0,415515 0,000055
источников 0,371064 0,000439
исходную 3,912023 0,000514
исчислении 0,843970 0,000111
итогам 1,139434 0,000299
итоги 0,713350 0,000469
итогов 0,891598 0,000117
ишанова 3,912023 0,000514
ишимбай 1,309333 0,000172
июле 0,967584 0,000127
июль 0,579818 0,000076
июля 0,116534 0,000383
июне 0,967584 0,000127
июнь 0,544727 0,000072
июня 0,116534 0,000398
йоханнеса 3,912023 0,000514
кадетское 3,218876 0,000846
каждый 0,733969 0,000096
казань 0,891598 0,000117
казначей 3,912023 0,000514
календарной 2,995732 0,000394
калтан 3,506558 0,000922
калтанский 3,506558 0,000461
каменноугольных 3,506558 0,000461
каменный 1,714798 0,000451
каменск-уральский 1,347074 0,000177
камень 1,714798 0,000451
камне 2,659260 0,000349
канцелярия 2,407946 0,000316
капитал 1,966113 0,000258
капитальном 3,506558 0,000461
капитальный 2,659260 0,000349
кардиологический 2,659260 0,000349
карта 0,776529 0,000102
картами 0,562119 0,000074
карте 1,108663 0,000291
карточкевикипедия 1,469676 0,000193
карточкивикипедия 1,309333 0,000172
каспийск 1,272966 0,000167
каталанская 0,527633 0,000069
каталогах 0,094311 0,000012
катают 3,912023 0,000514
категории -0,009950 -0,000004
кафе 1,609438 0,000211
кафтанчиково 3,218876 0,000423
качества 1,078810 0,000142
качеством 2,659260 0,000349
качеству 2,407946 0,000949
квартал 1,660731 0,000218
кварталов 1,897120 0,000249
квартирных 3,218876 0,000423
кедровка 2,813411 0,000739
кемвод 3,912023 0,000514
кемгу 3,506558 0,000461
кемер 3,912023 0,000514
кемерова 3,218876 0,007614
кемерове 3,912023 0,014394
кемерово 1,237874 0,021960
кемерово-пассажирская 3,912023 0,000514
кемеровогражданстрой 3,912023 0,000514
кемероводо 3,912023 0,000514
кемеровостатистика 0,000000 0,000000
кемеровская 2,407946 0,005379
кемеровские 3,912023 0,000514
кемеровский 3,506558 0,020274
кемеровского 2,995732 0,003543
кемеровское 3,506558 0,001843
кемеровской 2,659260 0,008387
кемеровском 3,912023 0,000514
кемеровскому 3,912023 0,000514
кемеровча 0,000000 0,000000
кемеровчан 3,912023 0,001028
кемеровых 3,912023 0,000514
кеми 3,506558 0,000461
километров 1,078810 0,000142
кино 0,994252 0,000523
кинозала 2,813411 0,000370
кинотеатр 1,108663 0,000146
кинотеатра 1,771957 0,000466
кинотеатры 1,078810 0,000284
киноцентра 3,912023 0,000514
киргизы 1,560648 0,000205
киров 1,309333 0,000172
кирова 1,386294 0,000182
кировский 1,237874 0,000325
кировского 2,207275 0,000290
кировском 2,525729 0,000664
киселевск 3,218876 0,000846
киселевский 3,506558 0,000461
кладбище 1,347074 0,000177
класса 1,203973 0,000158
климат 0,494296 0,000455
климата 0,733969 0,000193
климатического 2,995732 0,000394
клиническая 1,714798 0,001577
клинический 2,207275 0,000580
клуб 0,916291 0,000361
клубах 3,218876 0,000423
клубов 2,040221 0,000268
клубы 1,108663 0,000291
ключевые 2,302585 0,000303
кмабакан 3,506558 0,000461
кманжеро-судженск 3,912023 0,000514
кмачинск 3,506558 0,000461
кмбарнаул 3,506558 0,000461
кмбелово 3,912023 0,000514
кмбийск 3,506558 0,000461
кмкиселевск 3,912023 0,000514
кмкрасноярск 2,995732 0,000394
кммеждуреченск 3,912023 0,000514
кммыски 3,912023 0,000514
кмновокузнецк 3,506558 0,000461
кмновосибирск 2,525729 0,000332
кмомск 2,813411 0,000370
кмосинники 3,912023 0,000514
кмпрокопьевск 3,912023 0,000514
кмташтагол 3,912023 0,000514
кмтомск 3,912023 0,000514
кмшерегеш 3,912023 0,000514
кмяшкино 3,912023 0,000514
книга 0,843970 0,000222
книге 1,309333 0,000172
книгу 1,514128 0,000199
книжное 1,078810 0,000142
ковтун 3,912023 0,001028
код -0,009950 -0,000084
кода 0,798508 0,000105
кодекс -0,009950 -0,000001
кодистория 0,116534 0,000015
козюлино 3,218876 0,000423
кокс 3,218876 0,000423
кокса 3,218876 0,000846
коксохимии 3,912023 0,000514
коксохимический 3,912023 0,000514
коксохимического 3,506558 0,000461
коларово 3,218876 0,000423
количества 0,941609 0,000124
количество 0,328504 0,000130
количеству 1,309333 0,000172
колледж 1,386294 0,002186
коломна 1,272966 0,000167
колония 2,302585 0,001210
колосьев 3,912023 0,000514
колосья 3,218876 0,000423
колчака 2,302585 0,000303
кольчезас 3,218876 0,000423
кольчугинского 3,912023 0,001028
команд 1,660731 0,000218
командами 3,912023 0,000514
комарова 2,302585 0,000605
комарово 3,218876 0,000423
комиссаров 2,659260 0,000349
комиссия 1,609438 0,000211
комитет 0,755023 0,000198
комитета 1,203973 0,000158
коммунально-строительный 3,218876 0,000423
коммунальных 2,659260 0,000349
компанией 1,514128 0,000199
компаний 0,967584 0,000127
компания 0,653926 0,000172
комплекс 0,653926 0,000430
комплексного 2,120264 0,000836
комплексных 2,659260 0,001048
комплексов 1,386294 0,000182
комсомола 2,813411 0,000370
комсомольск-на-амуре 1,203973 0,000158
комсомольский 1,714798 0,000225
конкретизациивикипедия 1,714798 0,000225
конкурентными 3,912023 0,000514
конкурентоспособности 3,912023 0,001028
конкурса 1,660731 0,000218
континентальный 0,776529 0,000204
контрольно-счетная 2,207275 0,000290
контрольно-счетный 2,813411 0,000370
конфиденциальности -0,009950 -0,000001
конфискации 3,218876 0,000423
конце 0,430783 0,000226
концертными 3,912023 0,000514
кооперативный 2,659260 0,000349
координирующий 3,912023 0,000514
координирующим 3,912023 0,000514
копей 3,912023 0,000514
копии 0,653926 0,000086
копикуз 3,912023 0,000514
копикуза 3,912023 0,000514
копия 0,328504 0,000259
короткий -0,009950 -0,000001
космонавтики 2,207275 0,000580
космос 1,897120 0,000249
кострома 1,171183 0,000154
котловины 2,659260 0,000699
котляков 2,813411 0,000370
которого 0,301105 0,000079
которой 0,174353 0,000046
котором 0,301105 0,000040
которому 0,843970 0,000111
которые 0,162519 0,000043
который 0,105361 0,000125
которым 0,798508 0,000105
которых 0,094311 0,000050
кпг 3,912023 0,000514
кпссз 3,912023 0,000514
краеведческий 1,237874 0,000325
краж 2,813411 0,000739
крапивинский 3,218876 0,001692
красная 1,108663 0,000583
красноармейский 2,040221 0,000268
красноармейских 3,912023 0,001028
красного 1,272966 0,000167
красной 0,967584 0,000509
красноярск 0,967584 0,000127
красную 2,040221 0,000268
красный 0,941609 0,000247
красным 2,525729 0,000332
краткая 0,967584 0,000254
краткий 1,560648 0,000205
крашенинников 3,912023 0,001028
края 0,713350 0,000656
крестьянских 2,040221 0,001072
кровь 3,218876 0,000423
круглый 2,659260 0,000349
крупнейший 0,755023 0,000198
крупнейших 0,634878 0,000250
крупные 0,579818 0,000076
крупный 0,798508 0,000105
крупных 0,494296 0,000195
крыма 0,843970 0,000111
крытую 3,506558 0,000461
крытых 2,659260 0,000349
кузбасс 3,218876 0,008883
кузбасс-арена 3,912023 0,001542
кузбасса 3,218876 0,010997
кузбассвузиздат 3,912023 0,001028
кузбассвязьуголь 3,912023 0,000514
кузбассе 3,506558 0,000461
кузбасская 3,506558 0,001382
кузбасский 3,506558 0,004608
кузбасским 3,912023 0,000514
кузбасскино 3,912023 0,001028
кузбасско-венгерской 3,912023 0,000514
кузбасского 2,995732 0,000787
кузбасском 3,912023 0,000514
кузбасскую 3,506558 0,000461
кузбассразрезуголь 3,912023 0,000514
кузбассхимбанк 3,912023 0,000514
кузгту 3,506558 0,001382
кузнецк 2,302585 0,000303
кузнецка 2,995732 0,000394
кузнецкий 3,218876 0,001269
кузнецким 3,506558 0,000922
кузнецких 3,506558 0,000461
кузнецкого 3,218876 0,003384
кузнецкой 3,506558 0,001843
кузнецком 3,218876 0,000423
куки -0,009950 -0,000001
кукол 0,916291 0,000120
культивируется 3,912023 0,000514
культура 0,653926 0,000172
культурного 0,916291 0,000482
культурный 1,108663 0,000146
культурных 1,347074 0,000177
культуры 0,462035 0,000304
кур-искитим 3,912023 0,000514
курган 1,237874 0,000163
курлек 3,218876 0,000423
кцо 3,912023 0,000514
кыргызча 0,000000 0,000000
лазурный 2,407946 0,000633
ласки 3,506558 0,000461
левашов 1,660731 0,000436
левая 2,995732 0,000394
левина 3,912023 0,000514
левого 1,966113 0,000258
левой 2,525729 0,000664
левом 1,309333 0,000344
легкоатлетический 2,659260 0,000349
ледовая 2,995732 0,000394
ледовую 3,912023 0,000514
ледовый 1,560648 0,000820
ледовым 3,506558 0,000461
лежит 1,560648 0,000205
лейтенанта 2,995732 0,000394
ленина 0,867501 0,000342
ленинск-кузнецкий 1,347074 0,001062
ленинский 1,078810 0,000284
ленинского 1,771957 0,000233
ленинском 2,302585 0,000908
леонова 2,995732 0,001575
лес 1,514128 0,000199
леса 1,021651 0,000134
лесная 1,660731 0,000873
лесное 2,525729 0,000332
лесной 1,272966 0,000167
лесостепной 1,966113 0,000258
лет 0,223144 0,000205
лета 1,897120 0,000249
летие 1,309333 0,000344
летию 1,078810 0,000142
летия 1,108663 0,000146
летнего 1,771957 0,000233
лето 0,891598 0,000234
летом 0,597837 0,000079
летосчисления 3,912023 0,000514
летчика-космонавта 3,912023 0,000514
лечебных 2,407946 0,000316
лига 1,897120 0,000249
лизогуб 3,506558 0,000461
ликвидирован 2,120264 0,000279
ликвидируются 3,506558 0,000461
листов 3,912023 0,000514
литература 0,061875 0,000016
литературного 2,120264 0,000279
литературы 1,078810 0,000142
лицеи 3,218876 0,000423
лицензии -0,009950 -0,000001
личного 2,302585 0,000303
личное 3,506558 0,000461
личности 2,207275 0,000290
ложа 3,506558 0,000461
локальное 1,108663 0,000146
лохема 3,912023 0,000514
луганск 1,203973 0,000158
лужба 3,218876 0,000423
луначарского 2,813411 0,000370
лучшие 1,560648 0,000205
лучшим 1,514128 0,000398
лучшими 2,813411 0,000739
лучших 1,049822 0,000552
лысьва 1,347074 0,000177
людей 0,693147 0,000091
магадан 1,237874 0,000163
магистраль 1,427116 0,000188
магнитогорск 1,272966 0,000167
май 0,597837 0,000079
максимум 0,733969 0,000193
малого 1,427116 0,000375
малоэтажного 3,912023 0,000514
манеж 2,207275 0,000290
манифестаций 3,912023 0,000514
марии 2,040221 0,000268
мариинск 3,218876 0,001692
мариинская 2,407946 0,000316
мариинский 1,897120 0,000748
мариинского 3,218876 0,000423
мариймонгол 0,000000 0,000000
марк 2,120264 0,000279
марка 0,867501 0,000228
марке 2,995732 0,000394
марковцев 3,912023 0,000514
март 0,616186 0,000081
марта 0,139262 0,000274
маршрут 1,272966 0,000836
маршрута 1,469676 0,000193
маршруте 2,407946 0,000316
маршрутов 0,967584 0,000254
маршруты 1,272966 0,000167
массив 2,302585 0,000605
массовой 0,916291 0,000241
масштабная 2,813411 0,000370
материал -0,009950 -0,000001
материалов 0,755023 0,000099
материалы 0,843970 0,000111
материальных 2,659260 0,000349
машиностроение 1,560648 0,000205
машиностроительной 2,995732 0,000394
машиностроительную 3,506558 0,000461
мая 0,139262 0,000494
медиафайлы 0,301105 0,000040
медицинский 0,891598 0,000234
медицинских 1,427116 0,000188
медицинской 1,514128 0,000199
междисциплинарных 3,506558 0,000461
международно 1,139434 0,000150
международного 0,733969 0,000096
международный 0,713350 0,000375
международных 0,967584 0,000127
междуреченск 3,218876 0,001692
междуреченский 3,506558 0,001382
мемориал 1,609438 0,000423
менее 0,314711 0,000041
меньше 0,755023 0,000198
меровец 0,000000 0,000000
мерово 0,000000 0,000000
меровцы 0,000000 0,000000
мероприятий 1,514128 0,000199
мессершмидта 3,506558 0,001382
мест 0,713350 0,000281
места 0,579818 0,000152
местах 1,049822 0,000138
месте 0,544727 0,000501
местными 2,040221 0,000268
местных 1,108663 0,000146
место 0,371064 0,000341
место-поселения 3,912023 0,000514
местом 1,049822 0,000138
месту 2,659260 0,000349
месяца 1,347074 0,000177
месячная 2,995732 0,000394
металлплощадка 3,912023 0,000514
метров 0,776529 0,000204
механически 3,912023 0,000514
мечеть 1,078810 0,000142
миасс 1,309333 0,000172
микрорайонов 2,040221 0,000804
миллер 2,995732 0,000787
миллиарда 1,966113 0,000258
миллиметров 3,218876 0,000423
милосердия 2,995732 0,000394
минералов 2,995732 0,000394
минеральных 1,609438 0,000211
мини-футболу 2,995732 0,000394
минимум 0,693147 0,000182
министерство 1,108663 0,000146
министров 1,660731 0,000218
минут 1,386294 0,000364
мир 0,342490 0,000045
мира 0,415515 0,000164
митингов 3,912023 0,000514
митрополию 3,506558 0,000461
михайле 3,912023 0,000514
михайлов 2,120264 0,000836
михайлович 1,386294 0,000182
мк-кузбасс 3,912023 0,000514
млн 0,462035 0,000182
многие 0,356675 0,000047
многом 1,514128 0,000199
многоэтажного 3,506558 0,000461
мобильная -0,009950 -0,000001
мог 1,609438 0,000211
могут -0,009950 -0,000001
модернизации 1,966113 0,000258
модернизацию 2,659260 0,000349
модернизация 2,525729 0,000332
модулем 1,021651 0,000134
модуль 0,941609 0,000124
можете 0,653926 0,000172
мокрого 3,506558 0,000461
молодежи 1,469676 0,000193
молодежной 2,040221 0,000268
молодежный 1,309333 0,000172
монета 1,309333 0,000172
монету 2,040221 0,000268
монумент 1,560648 0,000205
монумент-ротонда 3,912023 0,000514
монументального 2,207275 0,000290
монументом 3,506558 0,000461
мончегорск 1,347074 0,000177
моряковский 3,218876 0,000423
москва 0,400478 0,000368
москвы 0,653926 0,000086
московской 1,237874 0,000163
мост 0,967584 0,000636
моста 1,139434 0,001048
мостами 2,813411 0,000370
мостов 1,560648 0,000615
мосту 2,040221 0,001072
мотоциклов 3,506558 0,000461
мошенничеств 3,912023 0,000514
мощный 2,207275 0,000290
мск 0,843970 0,000111
мтс 1,237874 0,000163
мужество 2,120264 0,000279
мужской 1,560648 0,000205
мужчин 1,609438 0,000211
музеи 0,820981 0,000324
музей 0,776529 0,001939
музей-заповедник 1,832581 0,000722
музея 1,021651 0,000134
музыкальное 2,207275 0,000290
музыкальной 1,832581 0,000241
музыкальный 1,469676 0,000386
мунира 3,506558 0,000461
муниципальная 2,407946 0,000316
муниципально-территориального 3,506558 0,000461
муниципального 0,891598 0,000703
муниципальное 1,139434 0,000299
муниципальные 1,309333 0,000516
муниципальным 0,776529 0,002551
муниципальными 1,660731 0,000218
муниципальных 0,776529 0,000918
мурзаев 2,995732 0,000787
мурзаева 3,912023 0,000514
мфк 2,995732 0,000394
мыски 3,218876 0,001269
мысковский 3,506558 0,000461
мысль 1,897120 0,000499
мэр 1,347074 0,000177
мячом 1,771957 0,000931
наблюдаются 1,966113 0,000258
навасардянц 3,912023 0,000514
навигации -0,009950 -0,000001
навигация -0,009950 -0,000003
нагрузку 2,659260 0,000349
надзорными 3,912023 0,000514
надпись 2,207275 0,000290
назван 1,078810 0,000284
названа 1,660731 0,000218
название 0,198451 0,000104
названием 0,820981 0,000108
названий 1,078810 0,000142
названию 1,966113 0,000517
названия 0,342490 0,000315
названиях 1,897120 0,000249
названной 2,813411 0,000739
названы 1,386294 0,000364
назывался 1,347074 0,000354
называют 0,916291 0,000120
называются 1,832581 0,000241
наиболее 0,139262 0,000018
наименование 1,714798 0,000225
наличными 3,218876 0,001269
нами -0,009950 -0,000001
напитки 2,207275 0,000290
направил 3,218876 0,000423
направлена 2,813411 0,000370
направления 0,755023 0,000099
направленном 3,912023 0,000514
направо 1,560648 0,000205
напротив 1,237874 0,000163
народная 0,713350 0,000094
народное 0,798508 0,000210
народных 1,203973 0,002057
нарушает 2,525729 0,000332
население 0,693147 0,000820
населением 0,776529 0,000306
населении 3,218876 0,000423
населения 0,494296 0,004612
населениягод 0,000000 0,000000
населенного 2,525729 0,000664
населенные 0,673345 0,000265
населенный 1,609438 0,000634
населенных 0,693147 0,000911
наследие 1,347074 0,000177
наследия 0,820981 0,000432
настоящее 0,328504 0,000043
настоящий 1,609438 0,000211
наступает 0,916291 0,000120
наук 0,693147 0,000273
наука 0,301105 0,000119
научная 0,798508 0,000210
научно 2,995732 0,000394
научный 0,941609 0,000371
научным 1,771957 0,000233
научных 0,776529 0,000102
находилась 1,514128 0,000199
находились 1,714798 0,000225
находился 0,776529 0,000204
находится 0,328504 0,000432
находка 1,171183 0,000154
находятся 0,527633 0,000069
находящимися 3,218876 0,000423
национализировано 3,506558 0,000461
национальном 2,659260 0,000349
национальности 0,867501 0,000114
национальный 0,597837 0,000236
начал 0,798508 0,000105
начала 0,314711 0,000041
началась 0,967584 0,000127
начале 0,314711 0,000083
начало 0,415515 0,000109
началось 0,616186 0,000081
начальника 2,120264 0,000279
начальной 2,659260 0,000349
начинает 1,771957 0,000233
начинается 0,755023 0,000099
начисленная 2,302585 0,000303
начнут 2,525729 0,000332
нгс 2,813411 0,001848
небольшой 1,427116 0,000188
небом 2,040221 0,000268
негативно 2,120264 0,000279
негосударственной 3,218876 0,000423
недвижимым 3,218876 0,000423
недостатков 0,653926 0,000086
недоступная 0,527633 0,000208
недоступные 0,755023 0,000099
незавершенными 2,813411 0,000739
незаконными 3,218876 0,000423
незрячих 3,506558 0,000461
неизвестного 2,813411 0,000370
некоммерческой -0,009950 -0,000001
некорректные 2,813411 0,000739
некоторые 0,301105 0,000040
нем 0,356675 0,000094
немецкого 2,207275 0,000580
немногочисленная 3,506558 0,000461
немцы 1,203973 0,000158
необходимо 1,237874 0,000163
необходимости 1,660731 0,000218
неопр 3,506558 0,000461
неопубликованные 3,912023 0,000514
неофициальные 2,040221 0,000268
непорочного 2,995732 0,000394
нерабочими 1,021651 0,000134
нераспознанным 3,506558 0,000461
нескольких 0,755023 0,000099
несколько 0,150823 0,000079
несут 2,995732 0,000394
нефаз 2,407946 0,000633
нефтепродуктов 1,966113 0,000258
неэнциклопедичен 2,995732 0,000394
нидерландов 2,813411 0,000370
ниже 0,693147 0,000091
нижний 0,673345 0,000177
нижняя 1,203973 0,000158
нии 1,237874 0,000488
николаевич 1,309333 0,000344
николай 0,867501 0,000456
никонов 2,659260 0,000349
нин 0,000000 0,000000
нка 0,000000 0,000000
нко 3,218876 0,000423
новаковский 3,912023 0,000514
новгород 0,867501 0,000114
новокузнецк 1,272966 0,001338
новокузнецкая 3,506558 0,000461
новокузнецкий 3,506558 0,001382
новомосковск 1,203973 0,000158
новороманово 3,218876 0,000423
новосиб 3,506558 0,000922
новосибирск 0,916291 0,000241
новосибирского 2,659260 0,000349
новосибирской 2,407946 0,000633
новости 0,579818 0,000457
новую 1,171183 0,000308
новые 0,342490 0,000045
новый 0,446287 0,000235
новым 1,049822 0,000138
новых 0,430783 0,000226
ноградская 3,912023 0,000514
ноградской 3,912023 0,000514
номер 0,820981 0,000108
номера 1,609438 0,000211
номиналом 1,966113 0,000258
номинальная 2,302585 0,000303
норвежская 0,248461 0,000033
норильск 1,203973 0,000158
норма 0,798508 0,000105
нормы 1,514128 0,000199
нохчийн 0,000000 0,000000
ночь 1,514128 0,000199
ночью 2,207275 0,000290
нояб 0,820981 0,000108
ноябре 0,994252 0,000131
ноября 0,127833 0,000286
нська 0,000000 0,000000
нужды 2,040221 0,000268
нужно 1,049822 0,000138
нуля 2,040221 0,000268
нумизматика 3,218876 0,000846
нынешнем 3,912023 0,000514
нью-кемерово 3,912023 0,000514
обеспечение 1,237874 0,000163
обеспечивающего 3,912023 0,000514
обзор 1,171183 0,000154
обитают 2,040221 0,000268
обл 1,714798 0,000451
облагороженные 3,912023 0,000514
обладает 1,171183 0,000154
области 0,223144 0,000733
областигородские 3,218876 0,000423
областиобластные 2,407946 0,000316
областискрытые 2,525729 0,000332
областная 1,309333 0,001376
областного 1,108663 0,000437
областной 1,078810 0,001701
областном 2,407946 0,000316
областных 2,207275 0,000290
область 0,385662 0,000304
областьгорода 1,309333 0,000172
облисполкома 3,218876 0,000423
обновив 1,832581 0,000482
обновление 2,120264 0,000557
обновления 1,514128 0,000796
обновлениявикипедия 1,771957 0,000233
обновленный 2,995732 0,000394
обогнал 2,659260 0,000349
обоих 1,469676 0,000579
обошел 3,912023 0,000514
обрабатывающие 2,120264 0,000836
образован 1,347074 0,000354
образована 1,427116 0,000188
образование 0,494296 0,000909
образований 1,386294 0,000547
образования 0,478036 0,000314
образованиям 0,776529 0,002449
образованиями 1,966113 0,000258
образованные 2,995732 0,000394
образовано 1,609438 0,000211
образовательное 2,302585 0,000303
образовательным 2,813411 0,000370
образом 0,371064 0,000049
образует 0,994252 0,000131
обратился 3,506558 0,000461
обращение 1,832581 0,000241
обращения 0,030459 0,000496
обрыв 3,506558 0,000461
обслуживание 1,832581 0,000241
обслуживания 1,469676 0,000193
обход 1,832581 0,000241
обхода 2,207275 0,000290
общего 0,713350 0,000094
общее 1,237874 0,000325
общества 0,776529 0,000102
общественно-политических 2,525729 0,000332
общественного 0,916291 0,000241
общественном 1,897120 0,000249
общественный 0,941609 0,000495
общественных 1,021651 0,000134
общество 0,713350 0,000094
общефизической 3,912023 0,000514
общие 0,673345 0,000177
общий 0,916291 0,000120
объединены 1,832581 0,000241
объекта 1,203973 0,000158
объектов 0,527633 0,000208
объекты 0,478036 0,000126
объема 1,237874 0,000163
объяснялось 3,912023 0,000514
обыкновенной 2,813411 0,000370
обь 2,302585 0,000303
ово 3,912023 0,000514
овостей 0,000000 0,000000
однако 0,174353 0,000092
одним 0,494296 0,000195
одновременно 0,776529 0,000102
одноименные 3,506558 0,000461
одной 0,371064 0,000049
одном 1,139434 0,000150
означая 3,912023 0,000514
оказывают 1,660731 0,000218
окато 0,820981 0,000216
около 0,000000 0,000000
окончанием 3,506558 0,000461
окончания 1,714798 0,000225
окончательно 1,203973 0,000158
окончательным 3,506558 0,000461
окрисполкомом 3,912023 0,000514
округ 0,673345 0,000442
округа 0,653926 0,000945
округов 0,776529 0,000918
округпереименованные 3,912023 0,000514
округу 1,714798 0,000225
окружающей 1,049822 0,000138
окружного 2,659260 0,000349
окружной 2,207275 0,000290
окт 0,798508 0,000105
октмо 0,843970 0,000111
октябре 0,967584 0,000254
октябрьской 1,078810 0,000142
октября 0,083382 0,000712
олимпийской 3,218876 0,000423
олык 0,000000 0,000000
омск 1,021651 0,000134
онкологический 2,120264 0,000279
онлайн 0,198451 0,000026
оно 0,000000 0,000000
ооо 0,843970 0,000222
оперативно-профилактических 3,912023 0,000514
оператором 2,207275 0,000290
операции 1,139434 0,000150
опережением 3,912023 0,000514
описание -0,009950 -0,000003
оплате 2,659260 0,001048
опорная 2,813411 0,000370
определена 3,218876 0,000423
определенную 3,506558 0,000461
опрошенных 2,813411 0,000370
оптимальных 3,506558 0,000461
оптовая 2,813411 0,000370
опубликование 2,525729 0,000332
опускается 2,040221 0,000268
опускалась 3,506558 0,000461
оранжевый 3,912023 0,000514
орбита 2,995732 0,000787
орган 1,203973 0,000949
органами 2,120264 0,000279
органах 2,659260 0,000349
организации -0,009950 -0,000005
организаций 0,776529 0,000102
организациями 2,120264 0,000557
организованы 2,040221 0,000268
органов 0,994252 0,000131
органом 1,514128 0,000199
органы 0,891598 0,000351
оригинала 0,162519 0,000406
оригинального 3,506558 0,000461
орловка 2,995732 0,000394
орск 1,272966 0,000167
ортсабеларуская 0,000000 0,000000
орфографический 2,813411 0,000370
осадки 1,832581 0,000241
осадков 0,544727 0,000143
освоение 1,966113 0,000258
освоения 1,897120 0,000499
осени 1,966113 0,000258
осенью 1,309333 0,000172
осинники 3,506558 0,000922
осинниковский 3,506558 0,000461
осиновое 3,218876 0,000423
осипов 0,527633 0,000069
основан 0,579818 0,000076
основания 0,713350 0,000375
основанные 0,776529 0,000306
основе 0,494296 0,000065
основная 0,116534 0,000092
основное 1,347074 0,000531
основной 0,653926 0,000258
основные 0,223144 0,000059
основным 0,616186 0,000081
основных 0,634878 0,000083
основу 1,203973 0,000316
особей 2,659260 0,000349
особо 1,237874 0,000163
оставила 3,506558 0,000461
остатки 1,469676 0,000193
острог 2,120264 0,000279
острога 2,302585 0,000303
осуществлена 2,813411 0,000370
осуществляемые 3,912023 0,000514
осуществляла 2,995732 0,000394
ответственности -0,009950 -0,000001
отгружено 2,813411 0,000370
отделение 1,139434 0,000150
отделения 1,021651 0,000403
отделениями 3,218876 0,001269
отделы 3,506558 0,000922
отдельно 2,120264 0,000279
отдельности 2,813411 0,000370
отдельные 1,078810 0,000142
отдельных -0,009950 -0,000001
отдыха 1,049822 0,000138
отечественной 0,673345 0,000265
отечество 3,218876 0,000423
отказ -0,009950 -0,000001
отказников 3,912023 0,000514
отклонено 3,506558 0,000461
откроют 2,659260 0,000349
открылась 1,309333 0,000172
открылись 2,659260 0,000349
открылся 0,941609 0,000371
открыт 0,798508 0,001259
открытие 0,941609 0,000495
открытия 0,916291 0,000120
открыто 1,078810 0,000284
открытого 1,771957 0,000233
открытый 1,049822 0,000138
открытым 1,309333 0,000172
отличается 0,579818 0,000076
отмечены 2,207275 0,000290
отнесена 3,506558 0,000461
относительно 0,415515 0,000055
отношением 2,659260 0,000349
отрасли 1,078810 0,000284
отредактирована -0,009950 -0,000001
отставка 3,218876 0,000423
отстоять 3,506558 0,000461
отсутствуют 1,897120 0,000249
отходящих 2,995732 0,000394
отчет 1,660731 0,000218
отчета 2,813411 0,000370
офис 1,966113 0,000258
официальное 1,771957 0,000233
официальный 0,510826 0,000403
официальным 1,272966 0,000167
оформление 2,525729 0,000332
офтальмологическая 3,506558 0,000461
оха 1,347074 0,000177
охота 2,302585 0,000303
оценка 0,693147 0,000364
очень 0,494296 0,000065
ошибкекак -0,009950 -0,000001
палата 1,660731 0,000218
памятная 1,660731 0,000218
памятник 0,693147 0,000273
памятника 1,078810 0,000284
памятниках 2,302585 0,000303
памятники 0,733969 0,000289
памятников 0,820981 0,000108
памятную 2,407946 0,000316
память 0,891598 0,000351
пао 1,427116 0,000188
парк 0,693147 0,001366
парка 1,021651 0,000269
парке 1,171183 0,000154
парки 1,272966 0,000335
парком 2,302585 0,000303
партизанка 3,912023 0,000514
патриоты 3,506558 0,000461
педагогический 1,078810 0,000142
пенза 1,108663 0,000146
пенсионеров 2,407946 0,000316
первенство 2,302585 0,000303
первого 0,733969 0,000096
первое 0,544727 0,000215
первооткрывателю 3,912023 0,000514
первопереселенцев 3,912023 0,000514
первые 0,494296 0,000130
первый 0,385662 0,000203
переброшены 3,912023 0,000514
переведена 2,659260 0,000349
передающего 2,995732 0,000394
переименовал 3,506558 0,000461
переименовали 2,302585 0,000303
переименован 1,347074 0,000354
переименовании 1,897120 0,000997
переименования 2,525729 0,000664
переименовать 2,813411 0,000739
перейти -0,009950 -0,000003
перекрашивается 3,912023 0,000514
перекрашивают 3,912023 0,000514
перекрывающей 3,912023 0,000514
перекрытым 3,506558 0,000461
переписи 0,755023 0,000397
перепись 0,820981 0,001079
перераб 1,609438 0,000211
переработки 2,525729 0,000332
переходе 2,659260 0,000349
переходит 2,302585 0,000303
перинатальный 2,207275 0,000290
период 0,342490 0,000135
периода 0,967584 0,000127
периодом 1,897120 0,000249
пермь 0,994252 0,000131
персон 3,218876 0,000423
персональные -0,009950 -0,000001
персональных 2,525729 0,000332
петр 1,108663 0,000146
печати -0,009950 -0,000001
печатных 1,609438 0,000211
печать -0,009950 -0,000001
писаная 3,218876 0,000423
письменное 2,659260 0,000699
питания 1,272966 0,000167
пишет 1,966113 0,000258
пищевая 1,560648 0,000410
пищевых 1,897120 0,000249
план 0,755023 0,000099
планах 2,040221 0,000268
планета 2,207275 0,000580
платные 2,525729 0,000332
плесо 3,218876 0,000423
плешки 3,912023 0,000514
плодородие 2,995732 0,000394
плотности 2,407946 0,000316
плотность 0,693147 0,000091
площади 0,510826 0,000134
площадками 2,813411 0,000370
площадки 1,714798 0,000225
площадь 0,478036 0,000314
по-прежнему 1,966113 0,000258
победы 0,916291 0,000241
побеждает 3,912023 0,000514
поведения -0,009950 -0,000001
повестке 3,506558 0,000461
поводу 2,207275 0,000290
повысить 2,995732 0,000394
повышении 3,506558 0,000461
повышению 2,302585 0,000303
повышения 2,207275 0,000580
погода 0,776529 0,000408
подвел 3,218876 0,000423
подвижного 2,120264 0,000279
подгорбунского 3,912023 0,000514
подготовки 1,309333 0,000344
поддержке 1,469676 0,000193
подземные 2,659260 0,000349
подмостового 3,912023 0,000514
поднят 2,813411 0,000370
подольск 1,272966 0,000167
подразделениями 3,912023 0,000514
подробнее -0,009950 -0,000001
подтвердил 3,218876 0,000423
подтверждения 2,813411 0,000370
подчинении 2,525729 0,000332
подчинения 1,386294 0,000729
подчиненный 3,218876 0,000423
пожалуйста 1,469676 0,000193
пожар 1,966113 0,000258
позволяет 0,755023 0,000099
позднее 0,798508 0,000105
поиск -0,009950 -0,000001
поиску -0,009950 -0,000001
показали 2,040221 0,000268
показателей 1,203973 0,000158
показатели 0,994252 0,000131
показатель 0,713350 0,000094
покрытием 2,040221 0,000536
полдень 0,916291 0,000120
полезных 1,660731 0,000436
политехнический 2,040221 0,000536
политика -0,009950 -0,000001
политики 1,237874 0,000488
политическая 0,843970 0,000111
полиции 2,407946 0,000633
полномочий 1,609438 0,000211
полностью 0,400478 0,000316
половине 0,634878 0,000083
положение 0,510826 0,000403
положении 2,040221 0,000268
положения 1,309333 0,000172
полоса 1,771957 0,000233
полосам 3,912023 0,000514
полосой 2,407946 0,000316
полосы 1,469676 0,000193
полотнище 1,609438 0,000211
полу 0,916291 0,000482
получил 0,713350 0,000187
получила 0,653926 0,000086
получит 2,525729 0,000332
полысаево 3,218876 0,000846
пользования 1,660731 0,000218
поля 1,427116 0,000188
поляков 0,916291 0,000120
поляна 1,660731 0,000655
помимо 0,562119 0,000074
помогало 3,912023 0,000514
помочь 1,560648 0,000410
помощи 0,843970 0,000111
популяцией 3,912023 0,000514
популяции 2,659260 0,000349
популяция 2,995732 0,000394
порт 0,941609 0,000495
портал 0,342490 0,000180
посвященная 1,714798 0,000225
поселение 1,309333 0,000172
поселении 2,995732 0,000787
поселений 0,798508 0,001154
поселения 0,941609 0,000124
поселениям 0,967584 0,000127
поселениях 2,813411 0,000370
поселкам 0,891598 0,000117
поселки 1,347074 0,000177
поселков 1,469676 0,000193
поселкового 3,912023 0,000514
поселок 1,108663 0,000291
посетителей 1,966113 0,000258
поскольку 0,941609 0,000247
последние 0,755023 0,000099
последний -0,009950 -0,000004
последних 1,347074 0,000177
последняя 0,342490 0,000045
последующим 2,407946 0,000316
постамента 3,218876 0,000423
постановил 2,659260 0,001048
постановила 3,506558 0,000461
постановление 1,139434 0,001048
постановлением 1,469676 0,001159
постановлений 3,218876 0,000423
постепенно 0,867501 0,000114
постоянная 2,813411 0,000370
постоянно 1,108663 0,000146
постоянного 0,693147 0,000820
постоянную 2,525729 0,000332
постоянства 3,506558 0,000461
построек 2,120264 0,000279
постройку 2,525729 0,000332
построят 2,407946 0,000316
посчитали 3,506558 0,000461
потерял 2,120264 0,000279
потоки 2,040221 0,000268
потребляет 3,218876 0,000423
почему 0,000000 0,000000
почетного 1,237874 0,000163
почтовая 1,078810 0,000284
почтовые 1,469676 0,000386
поэтому 0,616186 0,000081
появился 0,693147 0,000091
появится 1,832581 0,000482
появятся 2,813411 0,000370
пояс 0,693147 0,000273
пояса 1,560648 0,000205
поясняют 3,912023 0,000514
права 0,755023 0,000099
правилам 1,660731 0,000218
правительства 0,693147 0,000455
правительстве 1,966113 0,000517
правительство 0,843970 0,000111
правительством 1,832581 0,000241
правителя 3,218876 0,000423
править -0,009950 -0,000162
правка 0,328504 0,000043
правкиновые -0,009950 -0,000001
правкипостоянная -0,009950 -0,000001
правление 2,040221 0,000268
правовой 1,469676 0,000193
правовых 2,525729 0,000332
правой 2,302585 0,000303
правом 1,171183 0,000462
правонарушений 2,995732 0,000394
православия 2,813411 0,000739
православная 1,272966 0,000167
практически 0,755023 0,000099
пределах 0,510826 0,000134
предметов 1,660731 0,000218
предоставление 2,407946 0,000949
предпенсионеров 3,912023 0,000514
предпринимательских 3,912023 0,000514
предпринимательства 1,714798 0,000676
предприятие 1,237874 0,000163
предприятий 0,713350 0,000281
предприятия 0,713350 0,000187
предприятиям 2,302585 0,000303
предприятиях 1,832581 0,000241
председателем 1,469676 0,000386
председатели 2,813411 0,000739
председатель 1,347074 0,000177
председателя 1,514128 0,000199
представились -0,009950 -0,000001
представитель 1,897120 0,000249
представительный 1,771957 0,000233
представительным 2,207275 0,000290
представительств 2,040221 0,000268
представлен 0,891598 0,000117
представляет 0,446287 0,000176
представляют 1,237874 0,000163
предупреждению 3,912023 0,000514
прежние 1,171183 0,000308
президента 0,916291 0,000120
президентское 3,218876 0,000846
президиум 2,407946 0,000633
президиума 1,272966 0,001171
преимуществами 3,912023 0,000514
прекратят 3,912023 0,000514
прекращена 2,659260 0,000349
преобладает 2,120264 0,000279
преобладающим 2,813411 0,000370
преобразовании 2,813411 0,000370
преобразований 2,659260 0,000349
преобразовать 2,995732 0,000394
пресвятой 1,272966 0,000167
пресечено 3,912023 0,000514
пресс-релизы 3,506558 0,000461
пресс-служба 2,995732 0,000394
прессы 2,040221 0,000268
преступлений 2,040221 0,001340
преступления 2,040221 0,000536
преступность 1,897120 0,000499
привело 1,108663 0,000146
пригородного 2,813411 0,000370
прижилось 3,912023 0,000514
признан 1,427116 0,000563
признания 0,916291 0,000120
признанных 0,967584 0,000127
прикладные 2,040221 0,000268
прилагательные 3,506558 0,000461
приложением 2,525729 0,000332
применением 2,207275 0,000290
применяемого 0,843970 0,000111
применяемым 0,941609 0,000124
примечания -0,009950 -0,000003
принадлежность 1,609438 0,000423
принял 1,272966 0,000335
принята 1,714798 0,000225
принято 0,713350 0,000187
приостановлена 3,218876 0,000423
природных 1,108663 0,000146
присвоении 1,386294 0,000182
присвоено 1,078810 0,000142
присуждено 3,218876 0,000423
притока 2,120264 0,000557
притомский 3,218876 0,000423
прифронтовых 3,506558 0,000461
приход 1,832581 0,000241
прихода 2,120264 0,000279
приходится 0,776529 0,000204
причинения 3,506558 0,000461
пришлось 1,771957 0,000233
проблем 0,798508 0,000210
проведения 0,843970 0,000333
проведенного 2,302585 0,000605
проведено 2,207275 0,000290
проверенная 1,049822 0,000138
провинции 1,660731 0,000218
проводится 1,108663 0,000437
проводятся 1,203973 0,000158
программа 0,994252 0,000261
программе 1,771957 0,000233
продолжатся 3,912023 0,000514
продолжительнее 3,912023 0,000514
продолжительность 1,171183 0,000154
продуктов 1,237874 0,000163
продукции 1,021651 0,000134
проезда 1,560648 0,000410
проектам 2,040221 0,000268
проектах -0,009950 -0,000001
проектахмедиафайлы 2,525729 0,000332
проекте 2,407946 0,000316
проектом 2,040221 0,000536
проекту 1,049822 0,000276
прозванных 3,912023 0,000514
производимых 2,995732 0,000394
производительности 2,207275 0,000290
производства 0,616186 0,000405
производственной 2,302585 0,000303
производственные 2,407946 0,000316
производство 0,941609 0,000742
произошел 1,171183 0,000154
произошло 0,733969 0,000096
происходящих 2,813411 0,000370
происхождение 1,427116 0,000188
проката 2,659260 0,000349
прокопьевск 1,272966 0,000502
прокопьевский 3,506558 0,001382
пролитая 3,912023 0,000514
променад 3,506558 0,000922
промстрой 3,912023 0,000514
промыслов 2,813411 0,000370
промышленная 1,771957 0,000233
промышленновский 3,506558 0,000922
промышленного 1,171183 0,000308
промышленное 1,660731 0,000218
промышленности 0,579818 0,000381
промышленность 0,693147 0,000364
промышленный 1,203973 0,000316
промышленных 0,916291 0,000361
просить 3,218876 0,000423
просмотры -0,009950 -0,000001
проспект 1,021651 0,000403
проспекта 1,347074 0,000354
проспекте 1,427116 0,000188
пространства 1,049822 0,000138
против 0,798508 0,000315
противоположном 2,659260 0,000349
протяженность 0,941609 0,000124
профессионально-педагогический 2,995732 0,000394
профессионально-технический 3,912023 0,001028
профессиональное 2,040221 0,001340
профессиональными 3,218876 0,000423
профилактики 2,995732 0,000787
проходит 0,693147 0,000091
проходят 0,941609 0,000124
процент 2,302585 0,000908
проценты 2,995732 0,000394
процесса 1,714798 0,000225
прочее 0,653926 0,000086
прочих 1,560648 0,000205
прошел 0,994252 0,000131
прошли 1,309333 0,000344
прямой 1,347074 0,000177
прямоугольное 1,771957 0,000233
психиатрическая 2,525729 0,000332
пугачевского 3,506558 0,000461
пункт 1,203973 0,000475
пункта 1,514128 0,000398
пунктах 2,525729 0,000332
пунктов 0,653926 0,000859
пункты 0,616186 0,000405
путаницу 3,912023 0,000514
путеводитель 0,713350 0,000094
путей 0,916291 0,000120
путепроводов 3,218876 0,000423
пущен 2,120264 0,000279
пущена 2,659260 0,000349
пышма 1,309333 0,000172
пяти 1,203973 0,000475
пятница 1,771957 0,000233
пять 1,108663 0,000291
работ 0,941609 0,000124
работа 0,891598 0,000351
работают 0,673345 0,000088
работников 1,469676 0,000193
работу 0,693147 0,000273
работы 0,314711 0,000083
рабочего 1,897120 0,000249
рабочих 1,108663 0,001020
равнины 1,309333 0,000172
равно 2,040221 0,000268
радиотелевизионного 3,506558 0,000461
ражев 3,912023 0,000514
разбоев 3,506558 0,000461
развивали 3,506558 0,000461
развит 1,897120 0,000249
развитая 2,040221 0,000268
развитие 0,314711 0,000041
развитию 0,843970 0,000111
развития 0,287682 0,000151
развиты 1,714798 0,000451
разгрузил 3,506558 0,000461
раздел 0,891598 0,000234
раздела 1,514128 0,000199
разделами 0,891598 0,000117
разделамивикипедия 2,813411 0,000370
разделе 0,776529 0,000204
разделен 1,171183 0,000154
различного 1,714798 0,000225
различные 0,693147 0,000091
различных 0,385662 0,000101
размещена 2,525729 0,000332
размещения 0,843970 0,000111
разночтениями 3,912023 0,000514
разным 1,609438 0,000211
разных 0,510826 0,000067
разработке 1,560648 0,000205
разработчики -0,009950 -0,000001
район 0,597837 0,000550
района 0,673345 0,000796
районам 0,820981 0,000324
районами 1,347074 0,000177
районе 0,527633 0,000971
районирования 3,506558 0,000461
районная 2,659260 0,000349
районного 2,302585 0,000303
районных 2,120264 0,000279
районов 0,562119 0,001108
районы 0,653926 0,000258
райцентров 0,941609 0,000124
рамках 0,544727 0,000286
рамн 2,302585 0,000303
ран 0,776529 0,000102
ранее 0,430783 0,000453
раннее 2,659260 0,000349
раскрыто 2,995732 0,000394
расписание 1,966113 0,000517
располагает 1,609438 0,000211
расположен 0,733969 0,000579
расположена 0,916291 0,000120
расположенные 1,514128 0,000199
расположенный 1,203973 0,000158
расположено 0,916291 0,000120
расположены 0,673345 0,000531
распоряжение 1,609438 0,000211
распоряжении 2,995732 0,000394
распределение 1,560648 0,000410
распределились 3,218876 0,000423
рассматриваются 2,120264 0,000279
рассмотрела 3,218876 0,000423
рассмотрению 3,912023 0,000514
расстояние 0,843970 0,000222
рассчитанных 3,218876 0,000423
растений 1,386294 0,000182
расширение 0,527633 0,000069
расширит 3,912023 0,000514
ргиси 3,912023 0,000514
реализации 0,994252 0,000131
реализуемой 3,506558 0,000461
реверсивное 3,506558 0,000922
ревком 3,912023 0,000514
ревкома 3,912023 0,001028
революции 0,693147 0,000091
регби 2,302585 0,000303
регион 1,021651 0,000134
региона 0,776529 0,000102
регионального 1,108663 0,000146
региональные 1,171183 0,000154
региональный 1,347074 0,000177
региональных 1,203973 0,000158
регионмарт 3,912023 0,000514
регионов 0,941609 0,000371
регионы 1,049822 0,000138
ред 0,235722 0,000062
редактор 1,609438 0,000211
резко 0,967584 0,000254
рейс 2,525729 0,000332
рейсов 2,525729 0,000332
рейтинге 1,203973 0,000475
рек 0,820981 0,000108
реки 0,462035 0,000546
рекламных 2,995732 0,000394
реконструкции 0,967584 0,000127
реконструкцию 2,040221 0,000268
рекордный 3,506558 0,000461
реку 1,171183 0,000308
религиозные 1,609438 0,000423
ремезов 3,506558 0,000461
ремезова 2,659260 0,000349
ремезовым 3,218876 0,000423
ремонт 1,714798 0,000451
ремонте 2,995732 0,000394
реновация 3,506558 0,001382
рестораны 2,120264 0,000279
ресурс 1,514128 0,000199
ресурсов 0,798508 0,000210
ресурсы 0,020203 0,000003
реторты 3,912023 0,001028
ретро-снимки 3,912023 0,000514
реформы 1,609438 0,000211
решение 0,755023 0,000198
решением 1,078810 0,000142
решетовой 3,912023 0,000514
решительно 3,218876 0,000423
римско-католическая 3,218876 0,000423
рио 2,407946 0,000633
рова 3,912023 0,000514
роддом 2,995732 0,000394
родине 3,218876 0,000423
родом 3,218876 0,000423
родственных 0,755023 0,000099
рождение 2,207275 0,000290
роза 1,021651 0,000134
розничная 2,302585 0,000303
розы 3,506558 0,000461
рос 2,407946 0,000316
росгосстрах 3,218876 0,000423
россии 0,186330 0,000661
россиибывшие 2,995732 0,000394
россиигорода 1,309333 0,000172
российская 0,186330 0,000147
российский 0,634878 0,000918
российских 0,733969 0,000193
российско-украинской 1,108663 0,000146
российского 0,634878 0,000083
российской 0,385662 0,001824
россия 0,371064 0,000244
росспэн 0,994252 0,000131
росстат 0,776529 0,000612
рост 0,967584 0,000127
роста 1,386294 0,000182
ростелеком 1,386294 0,000182
росту 1,832581 0,000482
роща 1,514128 0,000597
рсфср 0,733969 0,001157
рублей 0,755023 0,000397
рубль 2,302585 0,000303
рубля 1,832581 0,000963
рубцовск 1,347074 0,000177
рудник 3,506558 0,001382
рудника 3,912023 0,001028
руднику 3,912023 0,000514
рудничное 3,912023 0,000514
рудничном 3,912023 0,001028
рудничный 3,912023 0,001028
рудознатца 3,912023 0,000514
рус 0,162519 0,001644
русская 0,867501 0,000114
русские 0,544727 0,000286
русский -0,009950 -0,000004
русским 1,560648 0,000205
русских 0,843970 0,000111
русского 0,494296 0,000260
русское 0,755023 0,000099
русской 0,673345 0,000088
рыбинск 1,203973 0,000158
рынках 2,659260 0,000349
рынок 1,021651 0,000134
рэнкинг 3,506558 0,000461
ряда 0,994252 0,000131
рядом 0,733969 0,000193
рязань 1,049822 0,000138
сайт 0,371064 0,000293
сайты 0,478036 0,000063
салаир 3,506558 0,000922
салехард 1,347074 0,000177
салтымаково 3,218876 0,000423
самара 0,891598 0,000117
самого 0,891598 0,000351
самое 0,994252 0,000261
самостоятельного 2,659260 0,000349
самостоятельную 2,207275 0,000290
самоуправления 0,994252 0,000261
самусь 3,218876 0,000423
самыми 1,832581 0,000482
самых 0,544727 0,000072
санкций 3,218876 0,000423
санкционировал 3,912023 0,000514
саратов 0,967584 0,000127
сбербанк 1,966113 0,000258
сборник 0,653926 0,000172
сведения 0,867501 0,000114
сверху 1,347074 0,000177
светофорные 3,912023 0,000514
светофорных 3,506558 0,000461
свидетельство 2,525729 0,000332
свидетельствует 1,771957 0,000233
свобода 1,771957 0,000233
свободной -0,009950 -0,000001
своими 1,427116 0,000188
своих 0,776529 0,000102
свойство 0,653926 0,000086
свяжитесь -0,009950 -0,000001
связанное 1,897120 0,000249
связаны 1,237874 0,000163
связи 0,235722 0,000093
связь 0,616186 0,000324
святых 1,427116 0,000188
сгоревшего 3,912023 0,000514
сгорело 2,659260 0,000349
сделано 2,995732 0,000394
сделают 3,218876 0,000423
севера 0,941609 0,000124
северной 0,693147 0,000182
северный 0,820981 0,000108
северо-западного 2,302585 0,000303
северо-западный 2,207275 0,000290
северодвинск 1,171183 0,000154
северск 3,218876 0,000423
сегодня 0,616186 0,000162
сезона 1,609438 0,000211
сезонные 2,302585 0,000303
сезонных 2,525729 0,000664
сей 1,660731 0,000218
секретари 2,995732 0,000787
сектор 1,714798 0,000225
сектора 1,832581 0,000963
села 1,203973 0,000475
село 1,469676 0,000579
сельским 3,218876 0,000423
сельских 0,776529 0,001122
сельское 1,427116 0,000188
сельскохозяйственная 2,207275 0,000290
семена 2,813411 0,000370
семенович 2,407946 0,001266
семеном 2,995732 0,000394
семи 1,386294 0,000182
сент 0,843970 0,000111
сентября 0,072571 0,000343
сенчуров 3,912023 0,001028
сергеевича 3,218876 0,000423
сергоград 3,912023 0,000514
сердечно-сосудистых 3,218876 0,000846
сердца 2,525729 0,000332
серебряная 2,302585 0,000303
серебряную 2,813411 0,000370
середюк 3,912023 0,001542
сероухов 3,912023 0,000514
сетевое 2,407946 0,000316
сети 0,494296 0,000065
сеть 0,616186 0,000081
сибдепо 3,506558 0,000922
сибири 1,347074 0,003363
сибирский 1,469676 0,001352
сибирским 2,813411 0,000370
сибирского 1,714798 0,001803
сибирское 1,832581 0,000241
сибирь 1,469676 0,000579
сибкрайисполкома 3,912023 0,000514
сила 2,407946 0,000316
силами 1,309333 0,000516
силу 1,021651 0,000134
силы 1,427116 0,000188
сильнейших 3,218876 0,000423
сильный 2,302585 0,000303
символ 1,203973 0,000158
символизирует 1,966113 0,000258
символизируют 2,659260 0,000699
символизирующего 3,912023 0,000514
символика 1,272966 0,000167
символы 1,386294 0,000364
синема 1,771957 0,000233
синоптики 2,813411 0,000370
система 0,235722 0,000062
системеобсуждениевкладсоздать -0,009950 -0,000001
ситуации 1,347074 0,000177
ситуация 1,469676 0,000579
сказал 3,218876 0,000423
сказка 2,120264 0,000279
скалу 3,506558 0,000461
скачать -0,009950 -0,000001
сквер 1,203973 0,000949
скверы 1,714798 0,000451
сколько 0,653926 0,000172
скорой 1,832581 0,000241
скульптура 1,171183 0,000154
слабовидящих 3,218876 0,000423
слава 2,302585 0,000303
слева 1,108663 0,000146
след 2,302585 0,000303
следствие 1,832581 0,000241
следует 0,755023 0,000099
следующая 2,525729 0,000332
следующей 2,525729 0,000332
следующим 1,386294 0,000182
слиянием 2,813411 0,000739
слова 0,562119 0,000074
словари 0,116534 0,000031
словарь 0,274437 0,000180
словарь-справочник 1,560648 0,000410
слово 0,673345 0,000088
сложным 0,867501 0,000114
служба 0,693147 0,000820
службе 2,525729 0,000332
службы 0,798508 0,000105
случаев 1,469676 0,000193
случаях -0,009950 -0,000001
смещение 0,798508 0,000105
сми 0,867501 0,000228
смог 2,302585 0,000303
смога 3,218876 0,000423
смысловую 3,912023 0,000514
снег 1,832581 0,000482
снега 1,771957 0,000233
снегопад 3,912023 0,000514
снесено 2,813411 0,000370
снестись 3,912023 0,000514
снижение 1,609438 0,000211
снижено 3,912023 0,000514
снова 1,386294 0,000182
снос 2,302585 0,000303
сноса 2,659260 0,000349
сносимого 3,912023 0,000514
собой 0,328504 0,000216
собор 0,755023 0,000099
соборной 2,120264 0,000557
собранием 2,813411 0,000370
собственниками 3,912023 0,000514
собственного 1,427116 0,000188
собственному 2,813411 0,000370
собственности 1,514128 0,000199
собственными 1,897120 0,000249
событияпожертвовать -0,009950 -0,000001
совершенных 2,407946 0,000316
совет 0,916291 0,001204
совета 0,798508 0,000839
советами 3,912023 0,000514
совете 2,525729 0,000332
советов 0,820981 0,000539
советом 1,897120 0,000499
советская 0,371064 0,000146
советские 1,347074 0,000177
советский 0,755023 0,000298
советского 0,776529 0,000102
советской 0,755023 0,000198
совокупному 2,407946 0,000316
современного 0,653926 0,000258
совхоз-техникум 3,912023 0,000514
согласно 0,301105 0,000079
согласование 3,506558 0,000461
содержание 0,010050 0,000001
содержится 1,966113 0,000517
создавалась 2,813411 0,000370
создан 0,693147 0,000182
создана 0,891598 0,000234
создание 0,733969 0,000096
созданного 2,659260 0,000349
создают 2,040221 0,000268
создающегося 3,912023 0,000514
сократилось 1,897120 0,000249
сократился 2,407946 0,000316
солдатских 2,207275 0,000580
солнечный 0,843970 0,000111
сообщила 2,995732 0,000394
сообщить -0,009950 -0,000001
соответственно 1,021651 0,000134
соответствии 0,446287 0,000117
соревнований 1,771957 0,001164
соревнования 1,514128 0,000199
соревнованиях 2,407946 0,000316
соседствующих 3,912023 0,000514
сосновом 2,995732 0,000394
сосновый 2,302585 0,001210
сост 0,597837 0,000157
состав 0,400478 0,000263
состава 1,171183 0,000308
составе 0,616186 0,000567
составил 0,916291 0,000241
составило 1,272966 0,000167
составленном 2,207275 0,000580
составляет 0,314711 0,000248
составляло 1,347074 0,000177
состоит 0,755023 0,000198
состоявшая 3,912023 0,000514
состоявшихся 3,218876 0,000423
состоялось 1,171183 0,000154
состоялся 1,237874 0,000163
состояние 0,733969 0,000096
состоянию 0,544727 0,000143
сохранением -0,009950 -0,000001
социально-экономические 2,407946 0,000316
социально-экономическое 2,302585 0,000908
социальное 2,207275 0,000290
социальной 1,386294 0,000182
социальных 0,941609 0,000247
соцопроса 3,912023 0,000514
сочетает 3,506558 0,000461
союз 1,203973 0,000158
союза 0,733969 0,000193
спб 0,385662 0,000051
специалистов 1,078810 0,000142
специалистов-коммунистов 3,912023 0,000514
специальная 1,771957 0,000233
списка 1,469676 0,000193
список 0,248461 0,000033
спорт 0,776529 0,000306
спорта 0,916291 0,000843
спортивного 2,659260 0,000349
спортивном 3,218876 0,000423
спортивные 1,078810 0,000284
спортивный 1,514128 0,000995
спортивных 1,108663 0,000437
спорткомплекс 2,525729 0,000332
спортом 2,995732 0,000394
способствующих 3,912023 0,000514
справедливая 2,525729 0,000332
справедливости 2,659260 0,000349
справки 3,218876 0,000423
справочник 0,916291 0,000241
спускавшийся 3,912023 0,000514
сравнению 1,078810 0,000284
среди 0,198451 0,000130
среднее 1,272966 0,000669
среднем 0,693147 0,000273
среднесуточная 2,659260 0,000349
среднесуточных 3,506558 0,000461
средний 0,494296 0,000195
средних 1,078810 0,000142
средняя 0,510826 0,000269
средств 0,597837 0,000079
средства 0,415515 0,000109
среды 0,755023 0,000198
срок 1,237874 0,000163
српски 0,000000 0,000000
српскохрватски 0,000000 0,000000
сср 0,820981 0,000216
ссср 0,314711 0,000372
ссылка 0,274437 0,000108
ссылками 0,186330 0,000049
ссылкамивикипедия 1,609438 0,000211
ссылкасведения -0,009950 -0,000001
ссылки -0,009950 -0,000009
ссылкойвикипедия 1,660731 0,000218
стабильная 0,994252 0,000131
стабильного 3,912023 0,000514
стадион 1,108663 0,000437
стадионах 3,218876 0,000423
стал 0,314711 0,000207
стало 0,494296 0,000065
стандарт 1,966113 0,000258
станет 1,309333 0,000172
становится 0,527633 0,000139
станции 0,693147 0,000182
станцию 1,897120 0,000249
станция 0,798508 0,000315
старая 0,430783 0,000057
старому 2,040221 0,000268
стартовала 2,995732 0,000394
старые 1,771957 0,000233
статистика -0,009950 -0,000003
статистике 0,916291 0,000120
статистики 0,713350 0,000937
статистический 0,755023 0,001290
статистическое 0,994252 0,000131
статус 0,510826 0,000336
статуса 1,309333 0,000344
статусе 1,560648 0,000205
статусом 1,171183 0,000154
статусу 2,659260 0,000349
стать 1,203973 0,000158
статьи 0,072571 0,000200
статьивикипедия 2,813411 0,000370
статьислучайная -0,009950 -0,000001
статьисообществофорумсправкасвежие -0,009950 -0,000001
статью 0,616186 0,000081
статья 0,105361 0,000097
статьяобсуждение -0,009950 -0,000001
статьятекущие -0,009950 -0,000001
стационарной 1,832581 0,000241
стационарные 3,506558 0,000461
стационарных 1,660731 0,000436
стела 1,469676 0,000193
степан 2,407946 0,000316
степени 0,843970 0,000111
степного 2,995732 0,000394
стилизованного 3,912023 0,000514
стилизованное 2,995732 0,000394
стилизованной 3,506558 0,000461
стилистически 2,995732 0,000787
стилистическим 2,813411 0,000370
стиль 1,714798 0,000225
стоек 3,912023 0,000514
стоимости 1,966113 0,000258
стоимость 1,237874 0,000163
стоимостью 2,207275 0,000290
стоит 1,237874 0,000163
стойки 3,218876 0,000423
столица 0,967584 0,000254
столице 2,120264 0,000279
столицей 1,171183 0,000154
столицы 1,049822 0,000138
стороне 1,139434 0,000449
стороны 0,430783 0,000057
стоял 2,302585 0,000303
стран 0,597837 0,000079
страна 0,462035 0,000121
стране 0,867501 0,000114
страница -0,009950 -0,000003
страницасодержаниеизбранные -0,009950 -0,000001
страницецитировать -0,009950 -0,000001
страницуполучить -0,009950 -0,000001
страницы -0,009950 -0,000007
страницыслужебные -0,009950 -0,000001
страны 0,634878 0,000083
страхование 2,995732 0,000394
строительства 0,673345 0,000265
строительство 0,510826 0,000403
строятся 1,714798 0,000225
структура 0,967584 0,000509
структуре 1,272966 0,000167
студентов 1,272966 0,000167
ступино 1,347074 0,000177
субъект 0,820981 0,000108
субъектов 0,755023 0,000595
суперлига 2,120264 0,000557
суперлиге 2,207275 0,000290
суточный 0,820981 0,000216
существовали 1,309333 0,000172
существовании 2,302585 0,000303
существуют 0,162519 0,000021
суэк-кузбасс 3,912023 0,000514
сфера 1,347074 0,000177
сферы 1,309333 0,000344
сформированный 2,813411 0,000370
сцена 2,302585 0,000303
сценических 2,995732 0,000394
считается 0,693147 0,000091
считать 0,994252 0,000131
считая 2,207275 0,000290
сша 0,562119 0,000074
съезд 2,120264 0,000836
съезда 2,659260 0,000699
сызрань 1,237874 0,000163
сюдасвязанные -0,009950 -0,000001
табака 2,995732 0,000394
табл 0,867501 0,000114
таблица 0,653926 0,000602
табличной 1,309333 0,000172
тагил 1,272966 0,000167
тайга 1,966113 0,000517
тайгинский 3,506558 0,000461
тайдон 3,912023 0,000514
также 0,000000 0,000000
такие 0,261365 0,000069
тарашкев 0,000000 0,000000
татарча 0,000000 0,000000
татары 0,798508 0,000210
тахтамышево 3,218876 0,000423
таштагол 3,506558 0,000922
таштагольский 3,506558 0,000922
театр 0,713350 0,000469
театра 1,021651 0,000134
театров 1,203973 0,000158
театры 0,941609 0,000247
теба 3,218876 0,000423
текст -0,009950 -0,000001
текущем 0,544727 0,000072
телефонной 1,714798 0,000451
телефонные 2,407946 0,000316
телефонный 0,776529 0,000102
тематические 0,510826 0,000067
температур 1,609438 0,000211
температура 0,562119 0,000222
теплое 1,832581 0,000241
термина 0,400478 0,000053
терминов 2,207275 0,000580
террикон 3,912023 0,000514
территориальная 2,995732 0,000787
территориальный 1,660731 0,000655
территориальными 2,995732 0,000787
территориальных 0,776529 0,000408
территории 0,400478 0,000789
территорий 1,049822 0,000138
территория 0,755023 0,000198
территориях 0,916291 0,000120
техники 0,867501 0,000342
техникум 1,714798 0,002704
технический 1,021651 0,000537
технологий 0,653926 0,000258
технопарк 2,659260 0,000349
технопарке 3,506558 0,000461
течении 1,660731 0,000436
тил 3,912023 0,000514
тип 0,356675 0,000141
типа 0,462035 0,000182
тиражу 2,525729 0,000332
тисуле 3,912023 0,000514
тисуль 3,912023 0,000514
тисульский 3,506558 0,000922
тобольским 3,506558 0,000461
тобольского 2,813411 0,000370
тобольской 3,218876 0,000423
товарный -0,009950 -0,000001
товарных 2,995732 0,000394
товаров 1,049822 0,000276
той 1,049822 0,000138
токарев 2,995732 0,000394
толчком 2,995732 0,000394
томи 3,218876 0,005076
томигорода 3,506558 0,000461
томск 1,108663 0,000437
томская 2,407946 0,000633
томского 2,207275 0,000870
томской 2,659260 0,001398
томь 3,218876 0,001692
тонн 1,108663 0,000146
топ 1,347074 0,000177
топки 3,506558 0,001843
топкинский 3,506558 0,001382
топливная 3,218876 0,000423
топографа 3,912023 0,000514
топонимический 0,798508 0,000105
топонимическом 3,912023 0,000514
торговля 1,021651 0,000134
торгово-развлекательного 3,218876 0,000423
торговом 2,407946 0,001266
точку 2,407946 0,000316
точные 2,407946 0,000316
трамвай 0,967584 0,000127
трамвайного 2,659260 0,000349
трамвайной 2,120264 0,000279
транспорт 0,693147 0,001093
транспорта 0,776529 0,000408
транспорте 1,514128 0,000199
транспортного 1,660731 0,000436
транспортное 2,040221 0,000268
транспортной 1,108663 0,000437
транспортные 1,609438 0,000211
транспортных 0,891598 0,000117
транспортом 1,469676 0,000193
транссибирская 2,207275 0,000290
трасса 1,427116 0,000188
тратят 3,506558 0,000461
требованию 2,995732 0,000394
требующие 1,347074 0,000354
тремя 1,609438 0,000211
тренажерный 3,506558 0,000461
третье 1,560648 0,000205
третьему 3,218876 0,000423
треугольник 3,506558 0,000461
треугольника 3,912023 0,002056
трех 0,713350 0,000094
трибунами 2,525729 0,000332
тридцать 2,659260 0,000349
троллейбус 0,994252 0,000392
троллейбуса 1,897120 0,000249
троллейбусного 2,207275 0,000290
троллейбусный 2,302585 0,000303
троллейбусов 1,832581 0,000241
тротуаров 3,912023 0,000514
труда 1,139434 0,000150
трудовой 1,237874 0,000813
трудящимися 2,207275 0,000290
труженикам 2,525729 0,000332
ттк-западная 3,506558 0,000461
турчин 3,912023 0,000514
тухачевского 3,912023 0,000514
тыла 1,897120 0,000249
тыловым 3,506558 0,000461
тыс 0,430783 0,000057
тысяч 0,415515 0,000273
тысячи 0,597837 0,000236
тюмень 1,171183 0,000154
тюркское 3,218876 0,000423
тяжинский 3,506558 0,000922
тяжких 2,659260 0,000699
тяжкого 2,995732 0,000394
убрав 2,040221 0,000536
увалисто-холмистой 3,912023 0,000514
увеличение 1,347074 0,000177
угледобычи 3,912023 0,000514
углепром 3,912023 0,000514
углехимии 3,912023 0,000514
угля 2,525729 0,000664
уголь 2,207275 0,000580
угольного 3,912023 0,001028
угольной 3,218876 0,000846
угольный 3,912023 0,000514
угонов 3,912023 0,000514
угостить 3,912023 0,000514
удалось 1,237874 0,000163
удмуртукра 0,000000 0,000000
удобрений 3,218876 0,000423
удовлетворенности 3,506558 0,000461
удовлетворить 3,218876 0,000423
удовлетворял 3,912023 0,000514
уезд 1,897120 0,000249
уезда 1,469676 0,000966
уездный 2,525729 0,000664
уездов 2,659260 0,000349
уезды 3,218876 0,000423
узел 0,891598 0,000117
узла 1,966113 0,000258
указ 0,941609 0,000124
указан 0,139262 0,000091
указана 1,427116 0,000188
указанием -0,009950 -0,000001
указанного 1,078810 0,000142
указано 0,733969 0,000096
указом 0,941609 0,000247
указывается 2,120264 0,000279
украинцы 0,891598 0,000234
украины 0,616186 0,000081
укрупненной 3,912023 0,000514
улан-удэ 1,237874 0,000163
улиц 0,891598 0,000117
улица 0,994252 0,000392
улицам 1,832581 0,000241
улицах 1,660731 0,000218
улицы 0,843970 0,000444
улучшения 1,966113 0,000258
улучшило 3,912023 0,000514
улучшите 1,897120 0,000249
ульяновича 3,912023 0,000514
ульяновск 1,078810 0,000142
уменьшились 3,218876 0,000423
умышленного 3,506558 0,000461
универсальный 2,407946 0,000949
университет 0,562119 0,000369
университета 0,446287 0,000059
университетом 2,040221 0,000268
университетский 2,525729 0,000332
упоминание 1,237874 0,000488
упоминания 1,966113 0,000258
упомянут 3,218876 0,000846
упр 2,813411 0,000370
управа 2,813411 0,000370
управление 0,527633 0,000139
управлению 2,659260 0,000349
управления 0,415515 0,000055
управлениями 3,506558 0,000461
упразднена 2,040221 0,000268
урала 1,609438 0,000211
уралом 1,609438 0,000211
уровень 0,579818 0,000076
уровней 2,659260 0,000349
уровня 0,634878 0,000083
усков 3,912023 0,000514
условий -0,009950 -0,000004
условия -0,009950 -0,000003
услуг 0,967584 0,000890
услуги 0,994252 0,000131
устав 0,941609 0,000371
уставом 1,966113 0,000258
уставу 2,302585 0,000303
установленного 2,407946 0,000316
устаревшего 2,995732 0,000394
устарела 2,040221 0,000536
устройства 1,309333 0,000344
устройстве 1,171183 0,000154
устройство 1,021651 0,000269
устройству 2,120264 0,000279
усть-искитимское 3,912023 0,001028
усть-нарык 3,218876 0,000423
устье 0,994252 0,000261
устью 1,078810 0,000142
утвердил 2,302585 0,000303
утвердить 3,506558 0,000461
утвержден 1,171183 0,000462
утверждена 2,995732 0,000394
утверждение 1,832581 0,000482
утверждения 2,525729 0,000664
утверждениями 0,713350 0,000094
утес 2,525729 0,000332
уток 3,218876 0,001269
уточнения 1,514128 0,000199
утратой 3,506558 0,000461
уфа 0,967584 0,000127
участвует 2,302585 0,000303
участвуют 2,207275 0,000290
участие -0,009950 -0,000001
участке 1,469676 0,000386
участников 1,272966 0,000335
участок 1,203973 0,000158
ученого 2,207275 0,000580
учетную -0,009950 -0,000001
учетом 0,755023 0,000198
училище 1,021651 0,000403
учреждение 1,237874 0,000325
учреждений 0,891598 0,000117
учреждения 0,843970 0,000333
ушло 2,995732 0,000787
факт 1,514128 0,000199
фамилии 3,218876 0,000423
февр 0,820981 0,000108
февраль 1,272966 0,000167
февраля 0,051293 0,000202
федералпресс 3,506558 0,000461
федеральная 0,713350 0,001031
федерального 0,673345 0,000177
федеральный 0,653926 0,000258
федеральными 1,966113 0,000258
федеральных 0,776529 0,000408
федерации 0,544727 0,002505
федорова 2,207275 0,000870
фигуры 2,525729 0,000332
физико-географическая 0,843970 0,000222
физкультурой 3,912023 0,000514
физкультуры 2,659260 0,000699
филармония 1,237874 0,000325
филателия 2,995732 0,000787
филиал 0,798508 0,000315
филиалы 1,347074 0,000177
финансовая 2,407946 0,000316
финансовый 1,609438 0,000211
финансовым 2,813411 0,000370
финансовых 1,560648 0,000205
финансы 0,798508 0,000105
фитнес-зал 3,912023 0,000514
флаг 0,673345 0,000442
фонд -0,009950 -0,000001
фондов 2,120264 0,000279
фоне 1,560648 0,000205
форм 1,347074 0,000177
формы 0,941609 0,000124
фпк 3,912023 0,000514
фрагменте 3,506558 0,000461
французской 2,407946 0,000316
фронт 1,714798 0,000225
фронта 1,514128 0,000199
фундаментальные 2,040221 0,000268
функции 1,049822 0,000138
футболу 1,560648 0,000205
футбольный 1,203973 0,000158
ханты-мансийск 1,347074 0,000177
характеристика 0,713350 0,000187
химик 2,525729 0,000332
химическая 1,714798 0,000225
химический 2,120264 0,000557
химических 2,120264 0,000279
химическое 2,207275 0,000290
химической 1,560648 0,000820
химическую 3,218876 0,000423
хлеба 2,659260 0,000349
ходатайство 2,995732 0,000787
ходатайством 3,912023 0,000514
ходе 0,562119 0,000148
хозяйство 0,713350 0,000375
хозяйством 3,218876 0,000423
хоккей 1,660731 0,000436
хоккейный 1,660731 0,000218
хоккею 1,347074 0,000531
холодный 1,771957 0,000233
хореографии 3,912023 0,001028
хорографическая 3,912023 0,001028
хорошей 2,995732 0,000394
хорька 3,912023 0,000514
христа 1,966113 0,000258
художественной 1,469676 0,000193
художественный 1,171183 0,000154
цвет 1,771957 0,000466
цвета 1,171183 0,000154
цветах 3,912023 0,000514
цветов 1,966113 0,000258
цветом 3,218876 0,000423
целью 0,733969 0,000096
цемент 2,995732 0,000394
центр 0,400478 0,000842
центра 0,562119 0,000295
центральная 0,755023 0,000099
центрального 0,967584 0,000127
центральной 0,843970 0,000444
центральном 1,714798 0,001577
центральный 0,673345 0,000177
центре 0,673345 0,000885
центров 0,776529 0,000306
центром 0,713350 0,000844
центры 0,713350 0,000187
церковь 0,843970 0,000333
цик 2,207275 0,000580
цирк 1,078810 0,000142
цифровые 0,673345 0,000088
цифровых 1,771957 0,000233
часовой 0,755023 0,000397
части 0,198451 0,000313
частично 0,653926 0,000086
частник 3,912023 0,000514
частного 2,207275 0,001160
частной 2,207275 0,000290
частности 0,462035 0,000061
частных 1,108663 0,000146
часть 0,105361 0,000014
частью 0,755023 0,000099
чебоксары 1,171183 0,000154
чебулинский 3,506558 0,000922
чел 0,713350 0,000375
человек 0,400478 0,000421
челябинск 0,994252 0,000131
чемпионат 1,237874 0,000325
чемпионата 1,309333 0,000688
черного 1,609438 0,000211
черной 2,120264 0,000279
черном 2,659260 0,000349
черный 1,386294 0,000182
черным 1,966113 0,000258
чертеже 2,995732 0,000394
чертежная 3,506558 0,000922
чертежной 2,813411 0,000370
честь 0,562119 0,000222
числа 0,891598 0,000117
числах 2,659260 0,000349
числе 0,248461 0,000294
численности 0,653926 0,000687
численность 0,653926 0,003609
число 0,478036 0,000188
чита 1,237874 0,000163
читатьправитьправить 0,494296 0,000065
чудес 3,218876 0,000423
чурпита 3,912023 0,000514
шаблон 1,660731 0,000436
шаблонами 0,634878 0,000083
шагов 2,813411 0,000370
шалготарьян 3,912023 0,001542
шаповалов 3,218876 0,000846
шахтер 3,506558 0,000461
шахтерам 3,506558 0,001843
шахтерского 3,506558 0,000461
шахты 2,995732 0,000394
шестерни 3,506558 0,000922
шести 1,966113 0,000258
шестизначные 3,218876 0,000423
шестьдесят 3,506558 0,000461
ширины 2,207275 0,000290
широких 3,912023 0,000514
школа 0,891598 0,000117
школы 0,673345 0,000177
школьников 1,966113 0,000258
шкурко 3,912023 0,000514
шли 2,120264 0,000279
штаб-квартиры 2,813411 0,000370
штоколова 3,912023 0,000514
щеглакова 3,912023 0,000514
щеглаковой 3,912023 0,001028
щеглов 3,506558 0,000922
щеглова 3,912023 0,002056
щегловдо 3,912023 0,000514
щеглово 3,912023 0,002056
щегловск 3,912023 0,006169
щегловска 3,912023 0,003598
щегловске 3,912023 0,001028
щегловский 3,506558 0,001382
щегловского 3,506558 0,004147
щегловской 3,912023 0,000514
щегловску 3,912023 0,000514
щит 1,609438 0,000423
щита 1,771957 0,000466
эвакуировано 2,525729 0,000332
эвакуированы 2,040221 0,000268
экземпляров 1,560648 0,000205
экологии 1,203973 0,000158
экологическая 1,560648 0,000615
экологической 1,560648 0,000205
экология 0,693147 0,000182
экономика 0,510826 0,000201
экономики 0,713350 0,000656
экономику 1,897120 0,000249
экономических 1,560648 0,000410
экономической 1,237874 0,000325
экскурсии 2,659260 0,000349
эксплуатацию 0,994252 0,000131
экспозиция 2,040221 0,000268
экспорт -0,009950 -0,000001
электронная 1,237874 0,000163
электронный 1,469676 0,000193
электротранспорт 2,813411 0,000739
электроэнергии 1,660731 0,000436
эмблема 3,218876 0,001692
энергетика 1,660731 0,000218
энергия 2,040221 0,000268
энциклопедии -0,009950 -0,000003
энциклопедия 0,210721 0,000222
эпизодические 3,506558 0,000461
эрзянь 0,000000 0,000000
эрнста 3,218876 0,000423
эта 0,000000 0,000000
этимология 0,616186 0,000162
этих 0,400478 0,000053
этнография 3,218876 0,000846
это 0,000000 0,000000
этому 0,755023 0,000198
эушта 3,218876 0,000423
эффективного 2,659260 0,000349
ээнберга 3,912023 0,000514
юбилейный 0,820981 0,000324
юге 1,078810 0,000142
юго-востоке 1,771957 0,000233
южной 0,733969 0,000096
южный 0,755023 0,000099
юношества 2,302585 0,000303
юрга 2,813411 0,001479
юргинский 3,218876 0,001269
юрий 1,203973 0,000158
юрия 1,660731 0,000218
является 0,094311 0,000112
являются 0,248461 0,000033
являющихся 2,120264 0,000279
ягуновский 3,912023 0,000514
язык 0,116534 0,000015
языка 0,798508 0,000210
языках -0,009950 -0,000001
языком 1,514128 0,000199
яйский 3,506558 0,000922
якутск 1,203973 0,000158
янв 0,820981 0,000108
январь 0,941609 0,000495
января 0,116534 0,000934
ярко-оранжевые 3,912023 0,000514
ярославль 1,078810 0,000142
ярское 3,218876 0,000423
ячменюха 3,218876 0,000423
яшкинский 3,506558 0,000922
