абазин 2,207275 0,000290
абдухамиду 3,912023 0,000514
абдыл-рахман 3,912023 0,000514
абсолютный 0,616186 0,000162
абхаз 1,771957 0,000233
авар 3,912023 0,000514
аварец 1,771957 0,000233
авг 0,820981 0,000108
август 0,072571 0,000133
авиакомпания 1,771957 0,000233
автобус 0,820981 0,000324
автовокзал 1,078810 0,000425
автодорога 0,891598 0,000234
автономный 0,867501 0,000114
автор 0,462035 0,000061
авторадио 1,897120 0,000249
автореферат 2,525729 0,000332
авторитет 2,813411 0,000370
авторитетный 0,891598 0,000351
авторство -0,009950 -0,000001
автостанция 1,714798 0,000225
ага 2,813411 0,001109
агентство 0,798508 0,000210
агломерация 0,798508 0,000210
агул 1,832581 0,000241
ад 1,966113 0,000258
аджи 3,506558 0,000921
административно-территориальное 0,820981 0,000539
административно-территориальном 1,309333 0,000172
административный 0,597837 0,000550
администрация 0,755023 0,001091
адмирал 1,832581 0,000963
адмиралтейский 2,659260 0,001398
адыгеец 1,897120 0,000249
адяш 3,912023 0,000514
аждархан 3,912023 0,000514
аждерха 3,912023 0,000514
аждерхан 3,912023 0,001028
аз 2,302585 0,000908
аз-торок-кань 3,912023 0,000514
азак 3,506558 0,000921
азгур 3,912023 0,001542
азербайджан 2,659260 0,001747
азербайджанец 1,139434 0,000150
азербайджанский 2,525729 0,000664
ази 3,912023 0,000514
азия 0,755023 0,000099
азкураканы 3,912023 0,000514
азовско-донского 3,912023 0,001028
азсторокань 3,912023 0,000514
азтаракань 3,912023 0,000514
азтарокань 3,912023 0,000514
азторакань 3,912023 0,000514
азтороканское 3,912023 0,000514
азторокань 3,912023 0,001028
азторохань 3,912023 0,000514
азтураканы 3,912023 0,000514
академик 1,203973 0,000316
аксарайская 3,912023 0,001028
аксарайское 3,912023 0,000514
актау 2,995732 0,001574
активно 0,733969 0,000193
активный 0,527633 0,000069
акционерный 1,832581 0,000241
аладжа 3,218876 0,000423
аладьина 3,912023 0,000514
алан 2,302585 0,000303
алг 3,912023 0,000514
алдан 1,309333 0,000172
александр 0,462035 0,000061
александрийский 2,525729 0,000332
александро-мариинская 3,912023 0,000514
александрова 2,525729 0,000996
александровск-сахалинский 3,218876 0,000423
алексеева 2,407946 0,000316
алена 2,995732 0,000394
алиева 3,506558 0,000461
аллея 1,347074 0,001770
алтаец 1,966113 0,000258
алфавитувикипедия 0,776529 0,000102
алфавитунаселенные 0,867501 0,000114
алят 3,218876 0,000423
амброджо 3,912023 0,000514
амдерма 2,995732 0,000394
американец 1,771957 0,000233
амирабад 3,218876 0,000423
амплитуда 1,966113 0,000258
анадырь 2,813411 0,000370
анапа 1,966113 0,000258
анатолия 2,407946 0,000949
анатольевич 2,407946 0,000316
англ 0,174353 0,000023
андиец 2,995732 0,000394
анкилоз 2,995732 0,000394
аннексия 0,941609 0,000371
анри 2,659260 0,000349
антибольшевистски 3,912023 0,000514
апр 0,798508 0,000105
апрель 0,150823 0,000178
араб 1,609438 0,000211
арабский 1,560648 0,000410
арба 3,912023 0,000514
арбуз 3,218876 0,000423
арена 2,120264 0,000279
арест 2,525729 0,000332
арестовать 1,897120 0,000249
арзамас 3,218876 0,000423
арк 1,966113 0,000258
аркада 3,506558 0,000461
аркадия 1,832581 0,000241
армада 3,912023 0,000514
армения 2,040221 0,000804
армия 0,916291 0,000361
армянин 1,021651 0,000134
армянский 1,347074 0,000531
арочный 3,912023 0,000514
арх 0,544727 0,000072
архангельск 1,771957 0,000233
археологически 3,912023 0,000514
археологический 1,309333 0,000172
архив 0,446287 0,000059
архивировать 0,020203 0,000234
архивный 0,248461 0,000294
архиерейский 2,525729 0,000332
архитектор 0,916291 0,000361
архитектура 0,462035 0,000121
архитектурный 1,078810 0,000142
аршанская 3,912023 0,001028
ас 3,218876 0,001692
ас-тархан 3,912023 0,001028
аскуракани 3,912023 0,000514
аспо 3,912023 0,000514
асра 3,912023 0,000514
ассириец 1,832581 0,000241
ассоциация 1,309333 0,000172
астан 2,813411 0,000370
астара 3,218876 0,000846
астаракан 3,912023 0,000514
астер-хан 3,912023 0,000514
асторогань 3,912023 0,000514
асторокань 3,912023 0,000514
асторохань 3,912023 0,000514
астра 3,218876 0,000846
астратекс 3,912023 0,000514
астраханец 3,912023 0,002056
астрахани 2,407946 0,026259
астраханка 3,506558 0,000461
астраханочка 3,912023 0,000514
астраханский 1,832581 0,023837
астрахань 0,967584 0,010933
астрахань-зиген 3,912023 0,000514
астраханьстекло 3,912023 0,001028
астраханью 3,218876 0,000423
астрохань 3,912023 0,000514
астсырпром 3,912023 0,000514
астурохани 3,912023 0,000514
атаман 1,966113 0,000517
атлантида 3,506558 0,000461
атрз 3,912023 0,000514
атырау 2,659260 0,001747
аудит-ит 3,912023 0,001028
афанасий 2,659260 0,000349
афанасия 2,525729 0,000332
афганец 1,966113 0,000258
ахмадабад 3,912023 0,000514
ахматовский 3,506558 0,000461
ахмеда 3,218876 0,000423
ахмеров 3,912023 0,000514
ахтубинск 3,506558 0,000461
ахтубинский 3,506558 0,000461
ахшарумова 3,912023 0,000514
ацкк 3,912023 0,001028
аштар-хан 3,912023 0,000514
аэродром 1,237874 0,000325
аэропорт 0,776529 0,000306
аэрофлот 2,813411 0,000370
бабаева 3,912023 0,000514
бабаевского 3,912023 0,000514
бабефа 3,912023 0,001028
бабольсер 3,218876 0,000423
бабушкин 2,813411 0,000370
баз 0,371064 0,000098
базар 2,207275 0,000290
базироваться 1,272966 0,000167
бак 2,120264 0,001671
бакинский 2,407946 0,000316
балаково 2,120264 0,000279
балахна 2,120264 0,000279
балет 1,469676 0,000386
балкарец 2,040221 0,000268
балластный 3,506558 0,000921
балтийский 1,514128 0,000199
банк 0,693147 0,000455
барбаро 3,912023 0,001028
барбюса 3,912023 0,000514
баренцева 2,659260 0,000349
бармин 3,912023 0,000514
барнаул 1,203973 0,000158
баррикада 2,040221 0,000268
бат 3,506558 0,000461
баттута 3,912023 0,000514
баттуты 3,912023 0,000514
баутино 3,218876 0,000423
баш 3,506558 0,000461
башкир 1,347074 0,000177
башня 1,139434 0,000599
безжалостный 3,506558 0,000461
безобразова 3,912023 0,000514
безчинский 2,995732 0,000394
беларусь 1,237874 0,000325
белев 2,995732 0,000394
белогвардеец 2,525729 0,000332
белое 0,994252 0,000261
белозерск 3,912023 0,000514
белокаменный 2,659260 0,000349
беломорск 3,218876 0,000423
белорус 1,171183 0,000154
белуга-терминал 3,912023 0,001028
белый 0,867501 0,000342
бендер-торкемен 3,218876 0,000423
бендер-энзели 3,218876 0,000423
бенин 3,218876 0,000423
берег 0,478036 0,000251
беринга 3,506558 0,000461
берингова 2,995732 0,000394
беринговский 3,218876 0,000423
бертюльская 3,912023 0,000514
беспокойный 3,912023 0,000514
беспошлинно 3,912023 0,000514
бесчетнова 3,912023 0,000514
библиографический 0,083382 0,000022
библиотека 0,328504 0,000216
битва 1,560648 0,000205
благовещенский 1,832581 0,000722
благоговение 3,912023 0,000514
благочестивцев 3,912023 0,000514
богатство 1,771957 0,000233
богатый 1,049822 0,000276
богородица 1,272966 0,000669
боевой 1,237874 0,000488
божий 1,272966 0,000167
бой 1,237874 0,000488
болгарин 1,427116 0,000375
болгария 1,272966 0,000167
болда 3,506558 0,000461
бологое 1,347074 0,000177
больница 1,078810 0,001984
большевик 1,347074 0,000177
большинство 0,342490 0,000045
большое 0,385662 0,000101
большой 0,040822 0,000070
бомба 2,813411 0,000370
бомбить 3,506558 0,000461
бор 1,203973 0,000158
борец 1,897120 0,000249
бориса 1,832581 0,000241
боровичи 1,347074 0,000177
боровск 3,912023 0,000514
босниец 3,506558 0,000461
бошняково 3,218876 0,000423
боярин 2,813411 0,000370
брат 1,272966 0,000669
братский 1,832581 0,000241
брест 2,525729 0,000332
британец 2,040221 0,000268
брокгауза 0,328504 0,000388
бронзовый 1,386294 0,000182
бронка 2,995732 0,000394
бугор 2,995732 0,001574
буква 1,427116 0,000188
бульвар 1,237874 0,000488
бульварный 2,813411 0,000370
бумажник 3,912023 0,001028
бунт 2,207275 0,000580
бурят 1,609438 0,000211
бухары 3,218876 0,000423
бухта 2,207275 0,000290
бывает 1,660731 0,000218
бывать 1,660731 0,000218
быстро 0,967584 0,000127
быть -0,009950 -0,000016
бюджет 1,171183 0,000154
бюст 2,302585 0,001210
важное 1,108663 0,000146
вал 1,514128 0,000199
валахии 3,912023 0,000514
вальковский 3,912023 0,000514
ванино 3,218876 0,000423
варандей 3,218876 0,000423
вариант 0,634878 0,000083
василий 1,078810 0,000567
васильева 2,207275 0,000580
васильевич 1,609438 0,000423
васильево 2,120264 0,000279
васильсурск 2,120264 0,000279
ватерпольный 3,218876 0,000423
введенский 2,659260 0,000349
вдоль 0,755023 0,000099
век 0,248461 0,000620
векеисторические 3,506558 0,000461
великий 0,356675 0,000281
великомученик 2,525729 0,000332
велимира 3,912023 0,000514
велосипедист 3,218876 0,000423
вельяминов 3,912023 0,000514
венгр 1,966113 0,000258
венецианец 3,218876 0,000423
венецианский 2,659260 0,000699
вера 1,049822 0,000414
верность 2,659260 0,001048
версия -0,009950 -0,000014
верфь 2,525729 0,000332
верхний 0,494296 0,000130
верхотурье 2,995732 0,000394
верхушка 3,218876 0,000423
весна 0,713350 0,000094
вести 0,356675 0,000328
вестись 0,673345 0,000177
весь 0,301105 0,000040
весьма 1,514128 0,000398
ветер 0,713350 0,000187
ветеран 1,832581 0,000482
вещание 1,108663 0,000146
взаимопомощь 3,912023 0,000514
взятка 3,506558 0,000461
взять 0,755023 0,000099
вид 0,061875 0,000024
видно 2,407946 0,000316
видный 1,660731 0,000218
викигиде 0,776529 0,000204
викигидепроект 3,218876 0,000423
викигидстатьи 2,120264 0,000279
викиданные 0,776529 0,000204
викиданных -0,009950 -0,000001
викиданныхвикипедия 0,891598 0,000234
викимапиипро 1,427116 0,000188
викимедиа -0,009950 -0,000001
википедии -0,009950 -0,000003
википедия -0,009950 -0,000016
викискладвикиновостивикицитатниквикигидэлемент 1,272966 0,000167
викискладе 0,174353 0,000023
викискладепутеводитель 0,713350 0,000094
викискладстатьи 0,891598 0,000117
викицитатник 1,272966 0,000167
викицитатникемедиафайлы 1,469676 0,000193
вильямса 3,912023 0,000514
витино 3,218876 0,000423
включать 0,235722 0,000093
включение 1,108663 0,000146
включить 0,634878 0,000083
владение 0,916291 0,000120
владивосток 1,897120 0,000249
владикавказ 2,120264 0,000279
владимир 0,653926 0,000344
влажность 1,108663 0,000146
власть 0,544727 0,001074
влияние 0,527633 0,000069
вместе 0,510826 0,000067
вместимость 1,897120 0,000249
вместо 0,798508 0,000105
внешний 0,051293 0,000020
внизу 2,302585 0,000303
внимание 1,108663 0,000146
вновь 0,755023 0,000099
внутренний 0,314711 0,000041
внутригородской 0,867501 0,000114
вобла-кормилица 3,912023 0,000514
вода 0,527633 0,000277
водный 0,562119 0,000074
водохранилище 1,139434 0,000299
воевода 1,714798 0,001127
военно-исторический 1,832581 0,000241
военное 0,916291 0,000120
военный 0,494296 0,000130
воз 3,218876 0,000423
возвести 1,139434 0,000150
возвращаться 1,897120 0,000249
возглавлять 1,203973 0,000316
воздух 0,616186 0,000081
возле 1,386294 0,000182
вознесенская 2,813411 0,000739
вознесенском 3,218876 0,000423
возникновение 0,941609 0,000124
возникнуть 0,653926 0,000086
воин 1,714798 0,000676
воинов-интернационалистов 3,912023 0,000514
воинский 1,469676 0,000386
война 0,430783 0,000509
войско 0,798508 0,000629
вокзал 0,755023 0,000099
вокруг 0,693147 0,000091
волга 1,347074 0,002478
волгарь 2,995732 0,000787
волгегорода 2,525729 0,000332
волго-каспийского 3,912023 0,000514
волговерховье 2,120264 0,000557
волгоград 1,139434 0,000449
волгореченск 2,120264 0,000279
волжск 2,120264 0,000279
волжский 1,897120 0,001246
волкова 2,207275 0,000290
волна 0,916291 0,000120
вологда 1,203973 0,000158
володарский 3,218876 0,000423
володарского 2,407946 0,000316
волшебный 0,030459 0,000004
вольск 2,120264 0,000557
вопрос 0,371064 0,000146
вор 2,813411 0,000370
воркута 1,237874 0,000163
воробьева 2,659260 0,000349
воронеж 1,203973 0,000316
ворот 1,078810 0,000283
воскресенье 1,771957 0,000233
восстание 1,237874 0,000488
восстановить 0,967584 0,000127
восстать 2,525729 0,000332
восток 0,494296 0,000065
восточно-европейской 1,832581 0,000241
восточно-сибирского 2,659260 0,000349
восточный 0,430783 0,000340
восход 2,120264 0,000279
восьмерик 3,912023 0,000514
воткинск 1,309333 0,000172
впустить 3,912023 0,000514
враждебно 3,912023 0,000514
вратарь 2,995732 0,000394
врачебно-физкультурный 3,506558 0,000461
врезка 2,525729 0,000332
временно 1,309333 0,000344
время 0,020203 0,000056
врио 2,302585 0,000303
все 0,040822 0,000005
всемирный 0,891598 0,000351
всеобщий 1,237874 0,000325
всероссийский 0,634878 0,000417
всесоюзный 0,776529 0,000612
вставка 1,272966 0,000167
встречаться 0,713350 0,000281
вступить 1,514128 0,000199
всякий 1,832581 0,000482
всячески 3,912023 0,000514
втора 0,274437 0,000036
вторичный 2,040221 0,000268
второе 0,653926 0,000086
второй 0,891598 0,000117
вход 0,755023 0,000298
входить 0,287682 0,000227
выбор 0,634878 0,000167
выборг 2,302585 0,000605
выгнать 3,912023 0,000514
выделить 0,544727 0,000143
выдержать 1,832581 0,000241
выдерживать 3,506558 0,000461
выдумать 3,506558 0,000461
выполнить 0,843970 0,000111
выпуск 0,693147 0,000091
вырабатываться 3,218876 0,000423
выродкова 3,912023 0,001028
выслать 3,506558 0,000461
высокий 0,139262 0,000091
высота 0,415515 0,000164
высоцк 3,218876 0,000423
выставка 1,139434 0,000150
выстроить 1,771957 0,000466
выступить 1,660731 0,000218
выше 0,616186 0,000081
вьетнамец 2,040221 0,000268
вязовые 2,120264 0,000279
вячеславовна 3,506558 0,000461
габдулле 3,506558 0,000461
габдуллы 3,506558 0,000461
гавань 1,966113 0,000258
гагауз 1,966113 0,000258
гаджи-тархань 3,912023 0,000514
газ 0,941609 0,000124
газовик 3,506558 0,000461
газоконденсатный 3,218876 0,000423
газпром 1,714798 0,000225
галера 3,218876 0,000423
галерея 1,049822 0,000414
галич 3,506558 0,000461
гандбольный 2,120264 0,000557
гарабогаз 3,218876 0,000423
гауптвахта 2,813411 0,000370
гвардия 1,897120 0,000499
геленджик 2,407946 0,000316
генерал-губернатор 2,207275 0,000290
генерал-губернаторский 3,912023 0,000514
генеральный 0,755023 0,000496
генерация 2,813411 0,000370
генуэзский 2,525729 0,000332
географический 0,356675 0,000234
география 0,415515 0,000164
геолог 2,302585 0,000303
геоморфология 3,912023 0,001028
герб 0,798508 0,000210
героизм 2,302585 0,000303
герой 1,139434 0,000299
гибель 2,207275 0,000290
гигиена 2,813411 0,000370
гидрометеорология 2,525729 0,000332
гидрометслужба 3,912023 0,000514
гильом 3,912023 0,001028
гильома 3,912023 0,000514
гимн 0,776529 0,000102
гинтрахань 3,912023 0,000514
гкгн 0,994252 0,000131
гкгнпро 0,916291 0,000120
глава 0,494296 0,000974
главный 0,210721 0,000138
глинобитный 3,912023 0,000514
глубина 1,139434 0,000150
глухой 2,813411 0,000370
гмелин 3,218876 0,000423
говорить 1,049822 0,000138
год -0,009950 -0,000326
годавикипедия 0,616186 0,000243
годовой 0,994252 0,000261
годупорты 3,218876 0,000423
голос 1,609438 0,000211
голосование 1,309333 0,000172
гончарный 2,995732 0,000394
гордость 1,966113 0,000258
горловка 1,309333 0,000172
город 0,371064 0,007362
город-побратим 0,843970 0,000665
городастрахань 3,912023 0,000514
городец 2,120264 0,000279
городишко 3,218876 0,000423
городище 1,469676 0,000579
городпро 0,867501 0,000114
городской 0,544727 0,002934
гороховец 2,525729 0,000332
горький 0,941609 0,000124
горюче-смазочный 3,912023 0,000514
гос 1,609438 0,000211
госкомстат 0,891598 0,000234
госпиталь 1,897120 0,000249
гостиная 3,218876 0,000423
государственный 0,261365 0,000652
государство 0,579818 0,000076
государь 2,040221 0,000268
гражданин 0,733969 0,000096
гражданский 0,733969 0,000193
грамота 1,427116 0,000188
гран-попо 3,912023 0,000514
граница 0,356675 0,000141
грань 1,966113 0,000258
грачевка 3,506558 0,000461
грек 1,560648 0,000205
грозный 1,272966 0,000502
грузин 1,560648 0,000205
грузовая 1,139434 0,000449
группа 0,314711 0,000124
грэс 2,525729 0,000332
гтрк 1,049822 0,001103
губанова 3,912023 0,000514
губастый 3,912023 0,000514
губернатор 0,967584 0,000381
губерния 0,891598 0,000703
губернский 1,309333 0,000172
губина 3,506558 0,000461
губиных 3,912023 0,000514
гужвина 3,912023 0,001542
далее 0,693147 0,000182
далекий 2,525729 0,000332
далеко 1,347074 0,000177
дама 2,995732 0,000394
даргинец 1,832581 0,000241
дархан 3,912023 0,000514
дасаев 3,912023 0,000514
дастархан 3,912023 0,000514
дата 0,030459 0,000364
дать 0,072571 0,000095
дача 1,469676 0,000193
два 0,150823 0,000059
двор 1,078810 0,000283
двухнедельный 3,912023 0,000514
де-кастри 3,218876 0,000423
действовать -0,009950 -0,000003
дек 0,820981 0,000108
декабрь 0,094311 0,000074
декор 3,218876 0,000846
деление 0,579818 0,000457
делиться 1,078810 0,000142
деловой 1,237874 0,000488
дельта 1,832581 0,000482
демидовское 3,912023 0,000514
демонологический 3,912023 0,000514
демоскоп 0,820981 0,000431
день 0,210721 0,000305
депо 1,771957 0,000233
депутат 0,776529 0,000306
дербент 2,525729 0,000664
дербентский 2,995732 0,000394
дербетовка 3,506558 0,000461
дербыш 3,912023 0,001028
дервиш-али 3,912023 0,001028
деревня 1,021651 0,000268
деревянный 0,941609 0,000619
десятидневный 3,912023 0,000514
десятилетие 1,203973 0,000158
детская 0,653926 0,000601
детский 0,967584 0,000127
деять 3,912023 0,000514
джалилю 3,506558 0,000461
джангар 3,912023 0,000514
джанибекова 3,912023 0,000514
джанибекову 3,912023 0,000514
дженкинсон 3,506558 0,000461
джигит 3,912023 0,000514
джон 2,120264 0,000279
дзержинск 1,347074 0,000177
дзержинский 2,302585 0,000303
дзержинского 1,660731 0,001091
дивизион 1,609438 0,000211
дивный 3,506558 0,000461
диксон 2,813411 0,000370
динамо 1,171183 0,000308
дипломат 2,995732 0,000394
диспансер 1,832581 0,001685
диссертация 2,040221 0,000268
дитя 0,867501 0,000114
длина 0,579818 0,000305
длинный 1,237874 0,000163
днейвикипедия 0,967584 0,000127
добавить 0,562119 0,000148
доблестиастраханьгорода 3,912023 0,000514
доблесть 1,309333 0,000688
добыча 1,386294 0,000364
догадина 3,912023 0,000514
договор 1,171183 0,000154
дождь 1,469676 0,000193
документ 0,415515 0,000055
долгий 1,021651 0,000134
долгота 0,820981 0,000108
должен 1,078810 0,000142
должностной 1,514128 0,000199
должность 1,049822 0,000552
должный 0,356675 0,000094
доля 0,544727 0,000143
дом 0,446287 0,000528
дом-музей 1,660731 0,000655
домашний 1,237874 0,000163
доминанта 2,659260 0,000349
домовой 2,302585 0,000303
дон 1,660731 0,000218
донской 1,714798 0,000451
доп 0,597837 0,000157
дополнительный -0,009950 -0,000003
дорога 0,527633 0,000208
дорожный 1,021651 0,000134
дорофей 3,912023 0,001028
досааф 2,407946 0,000316
достижение 1,139434 0,000150
достоинство 2,995732 0,000394
достопримечательность 0,867501 0,000456
доступный -0,009950 -0,000004
дочь 2,813411 0,000370
дошкольный 1,309333 0,000172
дракон 2,207275 0,001160
драконий 3,912023 0,000514
драматический 1,108663 0,000291
древность 1,203973 0,000316
дробно -0,009950 -0,000001
друг 0,916291 0,000241
другое 0,462035 0,000182
другой -0,009950 -0,000013
дружба 1,171183 0,000308
дуб 1,966113 0,000258
дубна 2,120264 0,000279
дубовка 2,040221 0,000268
дудинка 2,813411 0,000370
дума 0,916291 0,001204
дунай 2,813411 0,000370
дурно 3,912023 0,000514
духовенство 2,525729 0,000332
духовницкое 2,120264 0,000279
духосошественская 3,912023 0,000514
душанбе 2,659260 0,000349
дюбенди 3,218876 0,000423
евпатория 2,525729 0,000332
евразийский 1,966113 0,000258
евразия 1,347074 0,000177
еврей 1,203973 0,000316
еврейский 0,755023 0,000397
европа 0,301105 0,000119
европейский 0,494296 0,000130
егорова 2,659260 0,000699
единица 0,478036 0,000251
единоверческий 2,659260 0,000349
единогласно 2,813411 0,000370
единственно 2,995732 0,000394
единственный 0,891598 0,000117
единый 0,544727 0,000215
ежегодник 0,820981 0,001510
ежедневный 2,207275 0,000290
ездить 2,813411 0,000370
езид 1,771957 0,000233
ейск 2,659260 0,000349
екатеринбург 0,843970 0,000111
елабуга 2,813411 0,000370
елена 1,560648 0,000205
елец 2,407946 0,000316
ему-то 3,912023 0,000514
енисейск 2,813411 0,000370
енотаевский 3,912023 0,000514
енотаевской 3,506558 0,000461
епископ 1,966113 0,000258
ереван 2,120264 0,000279
ерик 3,912023 0,001028
ефрона 0,328504 0,000345
жар 2,040221 0,000268
ждать 1,966113 0,000258
железнодорожник 2,040221 0,000268
железнодорожный 0,579818 0,000076
железный 0,616186 0,000162
женский 0,867501 0,000228
женщина 1,171183 0,000154
жестокий 2,995732 0,000394
жигулевск 1,832581 0,000241
жизнь 0,342490 0,000090
жила 1,386294 0,000364
жилгородок 3,506558 0,000461
жилой 0,941609 0,000371
жиромская 1,021651 0,000134
житель 0,562119 0,000812
жить 0,820981 0,000216
журнал 0,301105 0,000040
журналист 1,660731 0,000218
забыть 1,966113 0,000258
заведение 0,867501 0,000228
завод 0,693147 0,000729
заводоуправление 2,995732 0,000394
завоевание 2,525729 0,000332
заволжск 2,120264 0,000279
заволжье 2,040221 0,000268
заглавный -0,009950 -0,000001
закавказье 2,040221 0,000268
закладка 1,966113 0,000258
заключить 1,309333 0,000172
закон 0,462035 0,000243
законодательный 1,347074 0,000177
закончиться 1,966113 0,000258
закрыть 0,798508 0,000210
залегать 2,995732 0,000394
заложить 0,843970 0,000111
заменить 0,494296 0,000065
замерзать 2,120264 0,000557
заместитель 1,514128 0,000199
замок 2,207275 0,000290
занимать 0,430783 0,000226
заниматься 0,634878 0,000083
занять 0,693147 0,000091
запад 0,634878 0,000167
западный 0,462035 0,000182
записать 1,609438 0,000211
записка 1,139434 0,000599
записьвойти -0,009950 -0,000001
зарайск 3,912023 0,000514
зарегистрировать -0,009950 -0,000001
зарубино 3,218876 0,000423
заря 1,347074 0,000177
заседание 1,309333 0,000172
засека 3,218876 0,000423
застать 3,218876 0,000846
застроить 1,832581 0,000482
засушливый 1,714798 0,000676
затем 0,527633 0,000416
зато 1,560648 0,000205
затон 1,427116 0,001313
захватить 1,272966 0,000167
заход 2,813411 0,000370
зачислить 3,912023 0,000514
защита 0,616186 0,000081
защитить 1,139434 0,000150
заявление -0,009950 -0,000001
заяц 1,897120 0,001246
заячий 3,218876 0,000423
звание 0,891598 0,000234
звезда 0,916291 0,000120
звездный 1,897120 0,000997
звенигово 2,120264 0,000279
зверинский 3,912023 0,000514
звук 2,040221 0,000268
звучание 3,218876 0,000846
здание 0,673345 0,001327
здравоохранение 0,843970 0,000222
зеленодольск 1,237874 0,000325
зеленый 0,755023 0,000099
земля 0,400478 0,000105
земляной 2,525729 0,000332
зилант 3,506558 0,000461
зима 0,478036 0,000188
зимний 0,798508 0,000315
зиря 3,218876 0,000423
зис 3,506558 0,000461
златоуст 1,347074 0,000354
злобный 3,912023 0,000514
змей 2,407946 0,000316
знак -0,009950 -0,000001
знаменск 3,506558 0,000461
знание 1,108663 0,000146
значение 0,061875 0,000049
значимостивикипедия 2,813411 0,000370
значимость 1,832581 0,000241
значит 1,560648 0,000205
значительно 0,510826 0,000067
значительный 0,328504 0,000043
зодчий 2,813411 0,000739
золотарев 3,912023 0,000514
золотой 0,597837 0,000393
золотоордынский 2,302585 0,000908
зона 0,400478 0,000158
зрение 1,203973 0,000158
зритель 1,108663 0,000291
зубец 1,771957 0,000233
ибн 2,659260 0,000699
ибн-баттута 3,912023 0,000514
иван 0,843970 0,000665
ивана 1,078810 0,000142
иванович 1,560648 0,000205
ивановна 2,813411 0,000370
иваново 1,139434 0,000299
иваньковского 2,120264 0,000279
игарка 2,813411 0,000370
игореве 2,813411 0,000370
игорь 1,714798 0,000225
игоря 2,659260 0,000349
играть 0,867501 0,000114
идентификатор 0,693147 0,000091
ижевск 1,139434 0,000150
из-за 0,415515 0,000055
избирательный 1,609438 0,000634
избирать 1,609438 0,000423
избрать 0,967584 0,000636
известие 0,994252 0,000131
известно 1,237874 0,000163
известный 0,287682 0,000038
извлечение 2,407946 0,000316
издание 0,415515 0,000109
издательский 1,272966 0,000167
издательство 0,494296 0,000195
изменение 0,301105 0,000040
изменить 1,049822 0,000138
изменяться 1,203973 0,000158
изразец 3,912023 0,000514
изъять 2,995732 0,000394
икона 1,309333 0,000172
икрянинский 3,912023 0,000514
ильинка 2,813411 0,000370
именно 0,544727 0,000215
именовать 1,560648 0,000205
иметь 0,094311 0,000025
иметься 0,385662 0,000152
империя 0,653926 0,000258
имущество 1,660731 0,000218
имя 0,274437 0,000433
иначе 0,733969 0,000193
инвестиционный 1,514128 0,000398
ингуш 1,897120 0,000249
индекс 0,634878 0,000083
индиец 2,120264 0,000279
индий 1,609438 0,000211
индийский 1,609438 0,000211
индустрия 1,514128 0,000199
инициатива 1,171183 0,000154
иной 0,867501 0,000228
институт 0,371064 0,000049
инструмент -0,009950 -0,000003
интенсивный 1,237874 0,000163
интерес 1,021651 0,000134
интересный 1,832581 0,000241
интернационал 2,659260 0,000349
инфекционный 1,966113 0,000258
информационный 0,462035 0,000061
информация 0,162519 0,000085
иоанна 1,469676 0,000193
иоанно-предтеченская 3,506558 0,000461
иоанно-предтеченский 3,912023 0,000514
иоано-златоустовский 3,912023 0,000514
иосафата 3,912023 0,000514
иосафато 3,912023 0,000514
иосифа 2,407946 0,000316
ипатово 3,506558 0,000461
иран 2,207275 0,001160
иранский 2,407946 0,000316
ирина 1,609438 0,000423
иркутск 1,171183 0,000308
исаак 3,218876 0,000423
искажение 2,525729 0,000332
искусство 0,478036 0,000063
ислам 1,386294 0,000364
исламский 1,771957 0,000233
испанец 2,120264 0,000279
испаряемость 3,506558 0,000461
исполнение 0,867501 0,000114
исполнительный 1,171183 0,000616
исполнять 1,108663 0,000146
использование -0,009950 -0,000001
использовать 0,020203 0,000005
исследование 0,462035 0,000061
исследовательский 1,237874 0,000163
исток 0,755023 0,000198
историко-архитектурный 2,407946 0,000316
историко-топографического 3,912023 0,000514
исторически 1,078810 0,000142
исторический 0,314711 0,000331
история 0,051293 0,000101
источник -0,009950 -0,000025
источниковвикипедия 1,966113 0,000258
истребить 2,813411 0,000739
исчисление 0,776529 0,000102
итальянец 1,714798 0,000225
итальянский 1,139434 0,000150
итиле 3,912023 0,000514
итилии 3,912023 0,000514
итог 0,494296 0,000455
итого 1,609438 0,000211
ихтиологический 3,218876 0,000423
ишимбай 1,309333 0,000172
июль 0,116534 0,000367
июнь 0,116534 0,000184
йошкар-ола 3,218876 0,000423
кабардинец 1,832581 0,000241
кавказ 1,771957 0,000233
кавказа 1,660731 0,000873
кавказе 2,207275 0,000290
каждый 0,261365 0,000034
казак 1,309333 0,000688
казани 1,771957 0,000233
казанский 1,049822 0,000276
казань 0,891598 0,000586
казах 1,427116 0,000750
казахстан 1,469676 0,001352
казахстана 1,966113 0,000258
казачество 2,407946 0,000316
казачий 1,469676 0,000386
каковой 3,506558 0,000461
какой 0,820981 0,000108
калинин 1,966113 0,000775
калининград 2,407946 0,000316
калмык 1,560648 0,000205
калмыцкий 2,995732 0,000787
калыханка 3,912023 0,000514
калязин 2,040221 0,000268
каменный 0,733969 0,000193
каменск-уральский 1,347074 0,000177
камский 1,714798 0,000225
камызяк 3,506558 0,000461
камызякский 3,912023 0,000514
камыш-бурун 2,995732 0,000394
камышина 2,120264 0,000279
канал 0,673345 0,000442
кандалакша 3,218876 0,000423
кандидат 1,272966 0,000335
капитан 1,897120 0,000249
капитанский 3,912023 0,001028
караван 2,659260 0,000699
караванный 2,995732 0,000394
каракалпак 2,120264 0,000279
карантин 2,995732 0,000394
карачаевец 1,966113 0,000258
каргополь 3,912023 0,000514
кардиологический 2,407946 0,000316
карел 1,897120 0,000249
карла 1,386294 0,000182
карон 3,912023 0,000514
карского 2,813411 0,000370
карт 0,301105 0,000119
картах-портоланах 3,912023 0,000514
картинный 2,120264 0,000557
карусель 1,771957 0,000233
карьер 2,207275 0,000290
касим-хан 3,912023 0,000514
касимов 2,813411 0,000739
каспийск 1,272966 0,000167
каспийский 1,514128 0,002188
каталог 0,094311 0,000012
категория -0,009950 -0,000003
католический 1,237874 0,000325
кафедральный 0,967584 0,000254
квадратный 1,660731 0,000218
кванъян 3,912023 0,001028
квас 2,995732 0,000394
кемерово 1,237874 0,000163
кемь 2,995732 0,000394
керчь 1,966113 0,000258
кианлы 3,218876 0,000423
кизань 3,912023 0,000514
кизлярский 3,218876 0,000423
километр 0,693147 0,000091
кимр 2,120264 0,000279
кинешма 2,120264 0,000557
кинотеатр 0,891598 0,000117
кинофестиваль 1,832581 0,000241
киргиз 1,386294 0,000182
кирилловский 3,912023 0,000514
киров 1,309333 0,000172
кирова 1,386294 0,001093
кировский 1,237874 0,000488
кирову 2,659260 0,000699
кирпич 2,207275 0,000290
кирха 1,832581 0,000241
кисловодск 3,218876 0,000423
китаец 1,609438 0,000211
клавдия 3,506558 0,000461
класс 0,616186 0,000081
классицизм 1,514128 0,000199
класть 3,912023 0,000514
климат 0,446287 0,000469
клинический 1,386294 0,002186
клуб 0,798508 0,000525
ключевой 1,203973 0,000158
книга 0,415515 0,000055
кнопка 2,120264 0,000557
княжество 1,714798 0,000225
князь 0,867501 0,000570
ковер 2,407946 0,000316
код -0,009950 -0,000048
кодекс -0,009950 -0,000001
кодистория 0,116534 0,000015
кожно-венерологический 3,218876 0,000423
козино 2,120264 0,000279
козловка 2,120264 0,000279
козьмодемьянск 2,120264 0,000279
количество 0,210721 0,000083
колокольня 2,040221 0,000804
коломна 1,272966 0,000335
колонизация 2,207275 0,000290
колония 1,771957 0,000233
комарова 2,302585 0,000303
комбинат 1,021651 0,000134
коми 1,514128 0,000199
коми-пермяк 1,966113 0,000258
комитет 0,653926 0,000086
комментарий 1,237874 0,000163
коммунистический 2,040221 0,001072
компания 0,371064 0,000341
комплекс 0,579818 0,000305
комсомольск-на-амуре 1,203973 0,000158
комсомольский 0,891598 0,000469
конаково 2,120264 0,000279
конвенция 2,407946 0,000316
конденсат 3,506558 0,000461
кондитерская 1,660731 0,000218
конец 0,198451 0,000104
коновалова 2,995732 0,000394
кононенко 3,506558 0,001843
консерватория 2,207275 0,000290
консервный 3,912023 0,000514
константиновский 1,966113 0,000258
консульство 1,771957 0,001164
консультация 2,525729 0,000332
контарини 3,912023 0,000514
контекст 1,427116 0,000188
континентальный 0,527633 0,000069
контроль 0,994252 0,000261
контрольно-счетная 2,207275 0,000290
конфессия 1,049822 0,000276
конфиденциальность -0,009950 -0,000001
координата 1,347074 0,000177
копие 0,223144 0,000264
корабль 1,469676 0,000193
кореец 1,514128 0,000199
корея 1,897120 0,000249
королев 1,897120 0,000499
короткий -0,009950 -0,000003
корсак 2,995732 0,000394
корчева 2,040221 0,000268
космонавт 1,514128 0,000398
кострома 1,171183 0,000462
который 0,000000 0,000000
кочевать 3,506558 0,000461
кочевой 2,302585 0,000303
кпрф 2,207275 0,000290
кравец 1,386294 0,000182
краевед 1,714798 0,000225
краеведческий 1,108663 0,000146
край 0,544727 0,000501
крапивна 3,912023 0,000514
красная 0,713350 0,000375
краснова 3,506558 0,000461
краснодар 1,386294 0,000364
красное-на-волге 2,120264 0,000279
краснослободск 2,120264 0,000279
красноярск 0,967584 0,000127
красноярский 1,609438 0,000211
красный 0,597837 0,000079
краткий 0,653926 0,000172
кремль 1,660731 0,002182
крепкий 2,995732 0,000394
крепость 0,994252 0,001437
крест 1,309333 0,000172
крестовоздвиженский 2,302585 0,000303
критерий 1,386294 0,000182
критик 1,560648 0,000205
круг 0,967584 0,000127
круизный 2,040221 0,000268
крупный 0,210721 0,000277
крупской 2,207275 0,000580
крым 1,660731 0,000218
крыма 0,843970 0,000111
крымом 2,995732 0,000394
крымские 1,771957 0,000233
крымско-османского 3,912023 0,000514
крымского 1,832581 0,000482
крымчак 2,659260 0,000349
крымчанин 3,912023 0,000514
кряшены 2,813411 0,000370
кстово 2,040221 0,000268
кубани 2,995732 0,000394
кубанский 2,302585 0,000605
кубинец 2,207275 0,000290
кубический 3,506558 0,000461
куйбышева 2,207275 0,000290
куйбышевский 1,771957 0,000233
куки -0,009950 -0,000001
кукла 0,891598 0,000234
культура 0,356675 0,000515
культурно-массовый 3,218876 0,000423
культурный 0,597837 0,000157
кумык 1,832581 0,000241
купец 1,078810 0,000425
курган 1,203973 0,000158
курд 2,040221 0,000268
курильский 2,659260 0,000349
курмангазы 3,912023 0,000514
курык 3,218876 0,000423
кусок 3,218876 0,000423
кустодиева 3,912023 0,001028
кутум 3,506558 0,001843
кушнерев 2,995732 0,000394
кяхта 3,912023 0,000514
лагань 2,813411 0,000370
лазарева 2,302585 0,000303
лайнер 2,995732 0,000394
лакец 1,832581 0,000241
лаптевой 2,302585 0,000303
латинский 2,040221 0,000268
латыш 1,660731 0,000218
латышева 3,506558 0,000461
лдпр 2,525729 0,000332
лебединый 3,218876 0,000846
левый 1,021651 0,000268
легенда 1,469676 0,001352
легендарный 1,897120 0,000249
лед 1,171183 0,000308
лежать 0,994252 0,000131
лезгин 1,771957 0,000233
лексикон 2,659260 0,000349
ленартович 3,912023 0,000514
ленин 0,755023 0,001488
ленинск-кузнецкий 1,347074 0,000177
ленинский 0,941609 0,000371
ленкорань 3,218876 0,000423
лет 0,597837 0,000314
летия 1,108663 0,000583
летний 0,579818 0,000152
лето 0,891598 0,000117
летом-осенью 3,912023 0,000514
летопись 1,237874 0,000488
лжедмитрий 3,506558 0,000461
лига 0,941609 0,000124
лидваль 3,912023 0,000514
лидер 1,237874 0,000163
ликвидировать 1,309333 0,000172
лиманский 3,506558 0,000461
линейный 1,714798 0,000225
линия 0,462035 0,000121
лист 1,203973 0,000158
литература 0,051293 0,000027
литературоведческий 3,912023 0,000514
литовец 1,897120 0,000249
лицензия -0,009950 -0,000001
лицо 0,673345 0,000177
лишиться 2,040221 0,000268
лобный 3,506558 0,000461
логистичекой 3,912023 0,000514
логистический 2,813411 0,000370
локальный 0,673345 0,000088
ломонос 1,966113 0,000258
лотос 3,218876 0,003383
луганск 1,203973 0,000158
лукойл-астраханьэнерго 3,912023 0,000514
лукойл-нижневолжскнефть 3,912023 0,000514
луначарского 2,813411 0,000370
лучший 0,776529 0,000204
лысково 2,040221 0,000268
лысьва 1,347074 0,000177
любительский 1,832581 0,000241
любляна 3,506558 0,000461
любовь 1,966113 0,000775
лютеранский 1,714798 0,000225
люфтваффе 3,506558 0,000461
магадан 1,237874 0,000325
магнитогорск 1,272966 0,000167
мае-сентябре 3,912023 0,000514
май 0,127833 0,000487
майна 2,040221 0,000268
макарьево 2,120264 0,000279
максаковой 3,912023 0,001028
максим 1,237874 0,000163
максимальный 0,867501 0,000570
максимум 0,579818 0,000152
мала 1,237874 0,000163
мало 0,579818 0,000076
малое 0,994252 0,000131
малой 0,776529 0,000204
малый 0,139262 0,000055
мальчик-чистильщик 3,912023 0,000514
маневренный 3,506558 0,000461
манси 2,813411 0,000370
мариец 1,609438 0,000211
марии 2,040221 0,000536
мариинский 1,469676 0,000193
марина 2,207275 0,000290
мария 1,832581 0,001204
маркс 1,309333 0,000344
март 0,116534 0,000291
маршрут 0,673345 0,000442
маршрутный 1,049822 0,000138
масса 0,916291 0,000120
мастер 1,171183 0,000154
масштаб 1,108663 0,000146
материал -0,009950 -0,000007
материальный 1,514128 0,000199
матч 1,108663 0,000146
мать 1,203973 0,000158
махачкала 2,813411 0,001109
махтумкули 3,912023 0,000514
машиностроительный 1,347074 0,000177
маяк 1,078810 0,000709
мгц 1,897120 0,006730
медиа 1,966113 0,000517
медиафайлы 0,301105 0,000040
медик 2,525729 0,000332
медико-санитарный 2,995732 0,000394
медицинский 0,653926 0,000172
межа 2,995732 0,000394
международный 0,385662 0,000304
мезень 3,218876 0,000423
менять 1,714798 0,000225
меняться 1,272966 0,000167
мероприятие 0,916291 0,000120
местность 1,049822 0,000138
местный 0,478036 0,000754
место 0,139262 0,000238
месторождение 1,427116 0,000375
месяц 0,415515 0,000164
месяцевикипедия 0,776529 0,000102
месячные 2,813411 0,000370
металлообработка 1,897120 0,000249
метеостанция 2,302585 0,000303
методический 3,218876 0,000846
метр 0,653926 0,000430
мефодия 1,966113 0,000258
мехоношина 3,912023 0,000514
меч 2,995732 0,000787
мечеть 0,994252 0,001045
миасс 1,309333 0,000172
микрорайон 0,916291 0,000120
милость 3,506558 0,000461
минеральный 1,139434 0,000150
минимум 0,653926 0,000172
министерство 0,653926 0,000086
минусинский 3,218876 0,000423
минута 1,272966 0,000335
мир 0,094311 0,000062
митрополит 1,832581 0,000241
михаил 0,916291 0,000241
михаила 1,171183 0,000154
млн 0,462035 0,000061
мнение 0,634878 0,000083
мнишек 3,218876 0,000423
много 0,150823 0,000040
многократный 2,040221 0,000268
многолюдный 3,506558 0,000461
многочисленный 0,693147 0,000091
множество 0,462035 0,000121
мобильный -0,009950 -0,000001
могилев 2,525729 0,000664
модерн 1,609438 0,000211
модуль 0,562119 0,000074
мой 0,733969 0,000096
молдаванин 1,714798 0,000225
молога 2,120264 0,000279
молодой 1,021651 0,000268
момент 0,527633 0,000069
монастырский 2,302585 0,000303
монастырь 0,867501 0,001368
монгол 1,660731 0,000436
монета 0,994252 0,000131
мониторинг 1,108663 0,000146
мончегорск 1,347074 0,000177
мор 1,021651 0,000134
мордва 1,309333 0,000172
море 0,562119 0,001329
морзии 3,912023 0,000514
морской 0,994252 0,000653
морямыс 3,218876 0,000423
моряроссия 3,218876 0,000423
мосина 3,218876 0,000846
москальво 3,218876 0,000423
москва 0,400478 0,000421
москваастрахань 3,912023 0,000514
москве 1,171183 0,000154
москву 1,139434 0,000150
москвы 0,653926 0,000172
московский 0,527633 0,000347
мост 0,713350 0,000187
мочь -0,009950 -0,000004
мощный 1,021651 0,000134
мск 0,843970 0,000111
муж 2,407946 0,000316
мужской 1,108663 0,000291
мужчина 1,347074 0,000354
муз-тв 1,966113 0,000258
музей 0,653926 0,000344
музей-заповедник 1,832581 0,000482
музыкальный 0,867501 0,000114
мультиплекс 1,514128 0,000398
муниципальный 0,713350 0,002343
мурадханова 3,912023 0,001028
мурманск 2,207275 0,000290
мурмолка 3,912023 0,000514
муромский 2,659260 0,000349
мусе 3,506558 0,000461
мусульманский 1,514128 0,000398
мухаммед 3,506558 0,000461
мыс 1,386294 0,000364
мышкин 2,120264 0,000279
мэр 1,078810 0,000992
мякишев 3,912023 0,001028
мясокомбинат 1,966113 0,000258
набережная 0,891598 0,001991
наблюдательный 3,218876 0,000423
наблюдаться 0,755023 0,000099
наблюдение 1,108663 0,000291
навигация -0,009950 -0,000004
наволок 2,120264 0,000279
нагайбак 2,813411 0,000370
награда 0,798508 0,000105
наградить 0,941609 0,000124
надвратный 3,218876 0,000423
надежда 1,469676 0,000193
назад 1,108663 0,000146
название 0,105361 0,000277
назвать 0,371064 0,000098
назначение 1,108663 0,000146
назначить 1,203973 0,000475
называть 0,174353 0,000023
наиболее 0,139262 0,000018
нальчик 2,407946 0,000316
нанаец 2,302585 0,000303
нападение 1,832581 0,000241
напасти 3,912023 0,000514
напасть 3,506558 0,000461
написание 1,514128 0,000398
направление 0,385662 0,000051
напротив 1,237874 0,000325
наращивать 3,218876 0,000423
нариманов 2,120264 0,000557
нариманово 3,912023 0,000514
наримановский 3,912023 0,000514
наркологический 2,995732 0,000394
народ 0,579818 0,000152
народный 0,616186 0,000567
нарьян-мар 2,995732 0,000394
население 0,462035 0,003824
населить 0,597837 0,000707
насмешка 3,912023 0,000514
настоящее 0,287682 0,000038
настроить 2,407946 0,000949
наступательный 2,302585 0,000303
наступать 0,843970 0,000111
наступить 2,407946 0,000316
наука 0,235722 0,000124
научный 0,248461 0,000131
нахимова 3,506558 0,001843
находиться 0,174353 0,000252
находка 0,994252 0,000261
национальность 0,867501 0,000570
национальный 0,342490 0,000585
начало 0,116534 0,000107
началовское 3,912023 0,001542
началось 0,616186 0,000081
начальник 1,660731 0,000218
начальный 0,967584 0,000127
начать 0,510826 0,000134
начаться 0,562119 0,000074
начинать 1,049822 0,000276
наш 0,527633 0,000139
небольшой 0,494296 0,000130
невельск 3,218876 0,000423
невероятный 2,813411 0,000370
невский 1,272966 0,000167
недавно 2,207275 0,000290
неделя 1,309333 0,000172
недостаток 0,579818 0,000076
недоступный 0,446287 0,000293
незнакомый 3,912023 0,000514
неизменный 2,302585 0,000605
нека 3,218876 0,000423
некий 2,207275 0,000580
некоммерческий -0,009950 -0,000001
некоторые 0,127833 0,000017
некрасовский 2,040221 0,000268
немало 1,966113 0,000258
немец 1,108663 0,000146
немецкий 0,798508 0,000210
неподалеку 2,040221 0,000804
непосредственно 0,478036 0,000063
несколько 0,116534 0,000107
несмотря 0,755023 0,000099
несомненно 3,218876 0,000423
несостоятельный 3,506558 0,000461
неупорядоченный 2,995732 0,001181
нефтедобыча 3,506558 0,000461
нефтяник 2,302585 0,000605
ниже 0,693147 0,000091
нижне-волжского 3,912023 0,000514
нижне-волжской 3,218876 0,000423
нижнее 0,916291 0,000361
нижний 0,494296 0,000455
низ 2,813411 0,000370
низка 1,714798 0,000225
низкий 0,843970 0,000111
низменность 1,714798 0,000451
низовье 1,966113 0,000258
никакой 1,609438 0,000211
никитин 2,302585 0,000303
никитина 2,302585 0,000303
николаевич 1,309333 0,000344
николаевна 2,659260 0,000699
николаевск 1,966113 0,000258
николаевск-на-амуре 2,525729 0,000332
николаю 2,407946 0,000316
николая 0,916291 0,000120
никольская 2,525729 0,000332
никто 2,120264 0,000279
ничоги 3,912023 0,000514
новгород 0,867501 0,000228
новодевичье 2,120264 0,000279
новое 0,287682 0,000113
новокузнецк 1,272966 0,000167
новокуйбышевск 2,120264 0,000279
новомосковск 1,203973 0,000158
новороссийск 1,966113 0,000258
новосибирск 0,916291 0,000120
новость 0,544727 0,000143
новоульяновск 2,120264 0,000279
новочебоксарск 2,120264 0,000279
новый 0,083382 0,000099
ногаец 1,771957 0,000233
ногайский 2,525729 0,000664
номер 0,634878 0,000083
норвежский 0,248461 0,000033
норильск 1,203973 0,000158
норма 0,597837 0,000157
нояб 0,820981 0,000108
ноябрь 0,127833 0,000756
нтв 1,427116 0,000188
ныне 0,653926 0,000172
нынешний 1,021651 0,000134
оао 0,916291 0,000241
обеспечение 0,634878 0,000083
обеспечиваться 2,040221 0,000268
обжечь 3,912023 0,000514
обилие 2,407946 0,000316
обитать 1,469676 0,000386
обладать 0,843970 0,000111
областигорода 2,407946 0,000316
областной 0,994252 0,002351
область 0,150823 0,000396
областьгорода 1,309333 0,000172
обнаружить 1,021651 0,000134
обнести 2,407946 0,000316
обновить 1,203973 0,000158
обобщать 2,525729 0,000332
обойтись 2,040221 0,000268
оборудование 0,653926 0,000086
обоснование 1,966113 0,000258
обосновать 2,525729 0,000664
образ 0,287682 0,000038
образование 0,356675 0,001078
образовать 0,385662 0,000101
образоваться 0,967584 0,000127
образцовая 3,218876 0,000423
обращение 0,030459 0,000356
обрести 2,407946 0,000316
обслуживание 0,941609 0,000371
обувь 2,525729 0,000332
обусловить 1,237874 0,000163
обустроить 2,813411 0,000370
обширный 1,078810 0,000142
общедоступный 1,347074 0,000354
общее 0,301105 0,000040
общеобразовательный 1,021651 0,000134
общепризнанный 2,407946 0,000316
общественный 0,494296 0,000195
общество 0,415515 0,000109
общий 0,186330 0,000049
объединение 0,776529 0,000204
объединить 0,867501 0,000342
объединять 1,108663 0,000146
объем 0,400478 0,000053
объявиться 3,912023 0,000514
объяснить 1,966113 0,000258
объяснять 1,832581 0,000241
объясняться 1,560648 0,000205
обыкновенно 3,912023 0,000514
обязанность 1,347074 0,000177
обязательный 1,427116 0,000375
огласовывали 3,912023 0,000514
огмв 3,218876 0,000846
ограда 2,302585 0,000303
один 0,051293 0,000040
однако 0,174353 0,000092
одномандатный 2,040221 0,000268
ожесточить 2,407946 0,000316
озеро 0,673345 0,000265
ознакомление 3,912023 0,000514
означать 0,798508 0,000105
ойконим 3,506558 0,000461
оказывать 0,867501 0,000114
окато 0,820981 0,000216
окрестность 0,941609 0,000247
округ 0,562119 0,000886
окружать 0,755023 0,000099
окружение 2,207275 0,000290
окт 0,798508 0,000105
октмо 0,843970 0,000111
октябрь 0,072571 0,000343
октябрьск 2,120264 0,000279
октябрьский 0,776529 0,000204
олеарий 3,912023 0,000514
олеария 2,813411 0,000739
олег 1,427116 0,000188
ольга 1,347074 0,000177
оля 2,995732 0,000787
омар 3,912023 0,000514
омск 1,021651 0,000134
омцнк 3,912023 0,000514
омывать 2,525729 0,000332
онега 2,995732 0,000394
онкологический 1,897120 0,000249
онлайн 0,198451 0,000026
оное 2,995732 0,000394
оон 1,560648 0,000205
ооо 0,843970 0,001552
опер 1,469676 0,000386
операция 0,776529 0,000102
описание -0,009950 -0,000001
оплот 3,506558 0,000921
опорный 1,560648 0,000205
определять 0,867501 0,000114
опубликовать 0,891598 0,000117
орган 0,616186 0,000567
организация -0,009950 -0,000007
орда 1,714798 0,001352
орден 0,891598 0,000117
оренбург 1,966113 0,001033
оренбурга 3,218876 0,000423
оренбургский 1,714798 0,000225
оригинал 0,139262 0,000329
орск 1,272966 0,000167
оружие 1,203973 0,000158
осада 1,897120 0,000499
осадить 2,995732 0,000394
осадка 1,237874 0,000976
осадок 0,544727 0,000286
освободить 1,832581 0,000241
осетин 1,771957 0,000233
осетр 2,207275 0,000290
осетровые 2,813411 0,000370
осипов 0,527633 0,000069
основа 0,210721 0,000055
основание 0,494296 0,000390
основать 0,274437 0,000216
основное 0,235722 0,000062
основной 0,040822 0,000043
основывать 2,525729 0,000332
особняк 1,771957 0,000698
особо 1,237874 0,000325
оставаться 0,544727 0,000072
остальное 1,897120 0,000249
остальной 0,616186 0,000081
останавливаться 2,407946 0,000316
остановиться 2,120264 0,000279
остаток 1,203973 0,000158
осташков 3,912023 0,000514
остров 0,820981 0,000539
острововпетропавловск-камчатскийчерного 3,218876 0,000423
островской 2,040221 0,002413
осуществление 1,427116 0,000188
осуществлять 0,597837 0,000236
осуществляться 0,616186 0,000162
осыпной 3,912023 0,000514
отв 0,755023 0,000099
отвергнуть 2,813411 0,000370
ответ 0,941609 0,000247
ответственность -0,009950 -0,000001
отвечать 1,609438 0,000211
отдать 2,407946 0,000633
отделение 0,713350 0,000187
отдельный -0,009950 -0,000004
отдых 0,941609 0,000247
отечественный 0,634878 0,000167
отказ -0,009950 -0,000001
открыть 0,150823 0,000099
открыться 0,820981 0,000324
отличаться 0,342490 0,000045
отложение 2,040221 0,000268
отметить 0,616186 0,000243
отмечать 1,078810 0,000283
отмечаться 0,994252 0,000131
относительно 0,415515 0,000055
относительный 1,560648 0,000205
относиться 0,328504 0,000043
оториноларингология 3,912023 0,000514
отправиться 2,040221 0,000268
отправляться 1,427116 0,000375
отпраздновать 2,407946 0,000316
отр 1,832581 0,000722
отражать 1,309333 0,000172
отредактировать -0,009950 -0,000004
отряд 1,272966 0,000167
отстроить 2,302585 0,000303
отходить 1,897120 0,000249
официально 0,693147 0,000182
официальный 0,356675 0,000375
ох 1,347074 0,000177
охватить 1,832581 0,000241
охотск 2,813411 0,000370
охотский 2,040221 0,000268
оценка 0,400478 0,000053
очередь 0,510826 0,000067
ошибка 0,994252 0,000131
ошибкекак -0,009950 -0,000001
павел 1,078810 0,000142
пакет 1,427116 0,000563
пакистанец 2,120264 0,000279
палата 1,347074 0,000177
палеография 3,912023 0,001028
паломник 3,218876 0,000423
памирец 2,525729 0,000332
памятник 0,597837 0,002435
памятник-мемориал 3,912023 0,000514
пантелеимона 2,659260 0,000349
параллель 2,302585 0,000303
парк 0,653926 0,001890
парковый 1,609438 0,000211
партия 1,514128 0,000398
пассажирский 0,941609 0,000124
пгу 3,218876 0,000846
певек 3,218876 0,000846
педагогический 0,867501 0,000114
пемброк-пайнс 3,912023 0,000514
пенза 1,108663 0,000146
первенство 1,469676 0,000386
первое 0,150823 0,000159
первоначальный 1,203973 0,000158
первый 0,162519 0,000107
перебить 3,912023 0,000514
перевалочный 2,995732 0,000394
перевод 0,941609 0,000124
передать 0,798508 0,000105
перейти -0,009950 -0,000004
перекинуть 2,659260 0,000349
переписной 1,714798 0,000225
перепись 0,755023 0,001686
пересечение 1,171183 0,000616
пересечь 2,407946 0,000316
пересказывать 3,506558 0,000461
перестроить 1,897120 0,000748
переть 1,108663 0,000291
переход 0,653926 0,000086
перечень 1,108663 0,000146
периметр 2,659260 0,000349
период 0,274437 0,000036
пермь 0,994252 0,000131
пермякова 3,506558 0,002304
перс 1,897120 0,000249
персидский 1,897120 0,000997
персонаж 2,407946 0,000316
персонал 2,040221 0,000268
персональный -0,009950 -0,000001
петербург 1,897120 0,000249
петербургом 2,659260 0,000349
петербургский 1,660731 0,000218
петр 1,108663 0,000146
петра 1,078810 0,000425
петрить 1,714798 0,000451
петровский 1,514128 0,000796
петропавловская 2,813411 0,000370
печать -0,009950 -0,000003
печенегская 3,912023 0,001542
пиканта 3,912023 0,000514
писатель 0,916291 0,000241
писать 0,820981 0,000539
письменный 1,660731 0,000218
пищевой 0,916291 0,000241
пкф 3,912023 0,001028
план 0,527633 0,000347
планета 1,309333 0,000172
планировка 1,427116 0,000375
пластун 3,218876 0,000423
плац-парадный 3,912023 0,000514
плейстоцен 3,218876 0,000423
племя 1,514128 0,000398
плес 1,832581 0,000482
плиоцен 3,506558 0,000461
плодоовощной 3,912023 0,000514
плоско 3,912023 0,000514
плотность 0,634878 0,000083
площадь 0,385662 0,000557
плюс 1,272966 0,000167
по-разному 2,407946 0,000316
победа 0,755023 0,000794
победить 1,609438 0,000211
побережье 1,171183 0,000308
побережьякамчатки 3,218876 0,000423
побратим 1,514128 0,000199
побывать 1,897120 0,000249
поведение -0,009950 -0,000001
повелеть 2,995732 0,000394
поволжье 1,832581 0,000482
поволжья 1,714798 0,000451
повторно 2,813411 0,000370
повторный 2,120264 0,000279
погибать 3,218876 0,000423
погибший 1,203973 0,000633
погода 0,693147 0,000273
пограничник 2,995732 0,000394
подарок 2,525729 0,000332
подать 1,714798 0,000225
подвергаться 1,609438 0,000211
подворье 2,659260 0,002096
поддержка 0,653926 0,000086
поджечь 2,995732 0,000394
подкупать 3,912023 0,000514
подозрение 3,218876 0,000423
подольск 1,272966 0,000167
подонье 3,506558 0,000921
подразделение 1,514128 0,000597
подступ 2,659260 0,000349
подходить 1,386294 0,000364
пожалуйста 1,469676 0,000193
поздно 0,713350 0,000187
поиск -0,009950 -0,000007
пока 0,843970 0,000111
показатель 0,494296 0,000260
покинуть 1,966113 0,000517
поклясться 3,912023 0,001542
покровская 2,302585 0,000605
покровский 1,771957 0,000233
пол 0,446287 0,000235
полагать 2,120264 0,000279
полдень 0,916291 0,000120
политик -0,009950 -0,000001
политический 0,597837 0,000157
полихромный 3,912023 0,000514
полк 1,469676 0,000193
полностью 0,400478 0,000053
полный 0,328504 0,000043
половина 0,430783 0,000170
положение 0,415515 0,000273
полужирный 1,966113 0,000258
полулегендарный 3,912023 0,000514
полумордвинов 3,912023 0,000514
полупустыня 2,302585 0,000605
получается 2,659260 0,000349
получать 0,916291 0,000120
получение 1,203973 0,000158
получить 0,150823 0,000159
поляк 0,820981 0,000216
помещать 2,407946 0,000316
помор 2,659260 0,000349
помянуть 3,912023 0,000514
поныне 2,813411 0,000370
попытка 1,272966 0,000167
пора 0,776529 0,000204
породнить 2,525729 0,000332
поронайск 3,218876 0,000423
порт 0,733969 0,001061
портал 0,342490 0,000135
портовый 2,040221 0,000268
поручение 1,832581 0,000241
порядка 1,139434 0,000150
посад 1,469676 0,000386
поселение 0,634878 0,001001
поселок 0,634878 0,000250
посетить 1,203973 0,000475
поскольку 0,941609 0,000371
послать 2,040221 0,000536
последний -0,009950 -0,000004
последующий 1,272966 0,000167
пособие 1,514128 0,000398
посол 2,813411 0,000739
поспешно 3,506558 0,000461
пост 1,078810 0,000425
поставить 1,021651 0,000134
постоянный 0,579818 0,000381
построить 0,301105 0,000237
постройка 0,867501 0,000114
поступать 1,609438 0,000423
посьет 2,995732 0,000394
потребность 1,514128 0,000199
поход 1,203973 0,000475
почетный 0,820981 0,000216
почтовый 0,653926 0,000086
пощада 3,912023 0,000514
поэт 1,049822 0,000138
появиться 0,248461 0,000163
пояс 0,597837 0,000236
правда 0,820981 0,000108
правдоподобность 3,912023 0,000514
правитель 1,771957 0,000233
правительство 0,510826 0,000067
править -0,009950 -0,000093
правка 0,274437 0,000036
правкиновые -0,009950 -0,000001
правкипостоянная -0,009950 -0,000001
правление 1,386294 0,000182
право 0,314711 0,000083
правовой 1,021651 0,000403
православный 0,755023 0,000198
праздник 1,203973 0,000316
праздничный 2,302585 0,000303
пребывать 2,659260 0,000699
превращение 2,207275 0,000290
предание 1,771957 0,000233
предводитель 3,218876 0,000423
предел 0,400478 0,000105
предкавказский 3,506558 0,000461
предложить 0,820981 0,000108
предмет 0,713350 0,000094
предмонгольское 3,912023 0,000514
предосторожность 3,912023 0,000514
предполагаться 1,078810 0,000142
предпочтительно 2,995732 0,000394
предприятие 0,527633 0,000347
председ 1,203973 0,000158
председатель 0,916291 0,000241
представитель 0,653926 0,000086
представить 0,328504 0,000043
представиться -0,009950 -0,000001
представление 0,776529 0,000102
представлять 0,328504 0,000129
представляться 2,407946 0,000316
прежде 1,049822 0,000276
прежний 1,021651 0,000134
президент 0,597837 0,000079
прекратить 0,916291 0,000361
преображение 1,897120 0,000249
преобразование 1,347074 0,000177
преобразовать 0,967584 0,000127
пресвятой 1,272966 0,000502
преследование 2,813411 0,000370
пречистенский 3,912023 0,001028
прибывать 2,207275 0,000290
прибыль 1,897120 0,000249
прибытие 1,897120 0,000249
прибыть 1,514128 0,000199
привезти 2,040221 0,000268
привести 0,356675 0,000094
привилегия 2,813411 0,000370
привлекать 1,609438 0,000211
приводить 0,776529 0,000102
привокзальный 1,832581 0,000241
приволжский 1,609438 0,002538
приволжье 3,218876 0,000423
пригородный 0,967584 0,000254
приготовить 3,506558 0,000461
придти 0,755023 0,000099
призвать 1,560648 0,000205
призер 1,514128 0,000398
признание 0,867501 0,000342
признать 0,494296 0,000065
приказывать 3,506558 0,000461
прикаспий 3,218876 0,001692
прикаспийский 2,659260 0,000699
приложить 3,218876 0,000423
применять 0,510826 0,000134
примерно 0,634878 0,000250
примечание -0,009950 -0,000004
приморск 2,995732 0,000394
приморско-ахтарск 2,659260 0,000349
принадлежать 0,755023 0,000099
принадлежность 1,272966 0,000669
принести 2,120264 0,000279
принять 0,248461 0,000065
приобрести 1,139434 0,000150
природа 0,653926 0,000258
природный 0,510826 0,000134
присвоить 0,798508 0,000210
приспосабливать 3,912023 0,000514
пристань 1,427116 0,000188
приступ 2,995732 0,000394
присутствие 1,514128 0,000199
присутствовать 1,021651 0,000134
присяга 2,659260 0,000349
притязание 3,506558 0,000461
приход 1,108663 0,000146
приходить 1,309333 0,000344
причал 1,897120 0,000499
причальный 3,506558 0,001843
причина 0,562119 0,000074
приютный 3,506558 0,000461
проверить 0,478036 0,000063
проверять 0,820981 0,000216
провидение 2,995732 0,000394
проводить 0,843970 0,000222
проводник 2,659260 0,000349
программа 0,415515 0,000164
продолжительность 1,021651 0,000134
продукция 0,941609 0,000124
проездной 2,525729 0,000332
проезжать 2,659260 0,000349
проект -0,009950 -0,000004
проектывикипедия 2,040221 0,000268
проживать 0,776529 0,000306
прозвище 2,995732 0,000394
прозоровского 3,506558 0,000921
прозываться 3,912023 0,000514
произведение 1,021651 0,000134
производитель 1,309333 0,000172
производить 0,916291 0,000241
производственный 1,078810 0,000283
производство 0,527633 0,000347
произойти 0,430783 0,000057
происходить 0,328504 0,000086
происхождение 0,776529 0,000816
пройти 0,544727 0,000143
прокопьевск 1,272966 0,000167
промосковски 3,912023 0,000514
промышленность 0,494296 0,000325
пронским 3,912023 0,000514
пропагандироваться 3,912023 0,000514
прорезь 3,912023 0,000514
просмотр -0,009950 -0,000001
проспект 0,891598 0,000117
пространство 0,634878 0,000083
против 0,798508 0,000105
противотуберкулезный 2,995732 0,000394
проток 1,660731 0,000436
протяженность 0,776529 0,000102
протянуть 3,506558 0,000461
протянуться 1,897120 0,000249
профессиональный 0,733969 0,000096
прохлада 3,506558 0,000461
проход 2,407946 0,000316
проходить 0,462035 0,000182
проходная 2,407946 0,000316
прочее 0,544727 0,000072
прочтение 3,912023 0,000514
прошлое 0,673345 0,000088
прямой 1,660731 0,000218
психиатрический 1,966113 0,000258
псрл 3,218876 0,000423
птолемея 3,218876 0,000423
пункт 0,494296 0,001039
путеводитель 0,713350 0,000281
путевой 2,525729 0,000664
путешественник 1,714798 0,001352
путешествие 1,469676 0,000965
путь 0,261365 0,000206
пучеж 2,120264 0,000279
пушка 2,120264 0,000279
пушкин 0,916291 0,000241
пышма 1,309333 0,000172
пятиглавый 2,659260 0,000349
пятигорск 2,813411 0,000739
пятнадцать 3,218876 0,000423
пятница 1,427116 0,000188
пятый 0,994252 0,000392
работа 0,127833 0,000050
работать 0,314711 0,000289
равнина 0,867501 0,000114
равнинный 2,120264 0,000279
равноапостольный 2,207275 0,000580
равный 1,203973 0,000158
радик 3,912023 0,000514
радио 0,891598 0,002109
радиовещание 1,714798 0,000901
радиоканал 1,897120 0,000249
радиостанция 1,021651 0,000403
раз -0,009950 -0,000001
разбить 1,514128 0,000398
разведка 2,525729 0,000332
развитие 0,127833 0,000034
развить 0,616186 0,000162
разгневаться 3,912023 0,000514
разгореться 3,912023 0,000514
разграбление 3,912023 0,000514
раздел 0,342490 0,000315
разделить 0,527633 0,000069
раздор 3,506558 0,000461
разина 2,207275 0,000580
разинаскрытые 2,525729 0,000332
различный 0,116534 0,000046
размер 0,755023 0,000099
разметка 2,407946 0,000316
размещение 0,673345 0,000088
разнести 2,659260 0,000349
разнообразный 1,139434 0,000449
разный 0,314711 0,000083
разрабатывать 1,609438 0,000211
разработка 0,653926 0,000086
разработчик -0,009950 -0,000001
разрушить 1,139434 0,000449
район 0,430783 0,001302
районный 1,171183 0,000154
райцентр 0,941609 0,000124
ранг 2,525729 0,000332
ранний 0,733969 0,000096
рано 0,261365 0,000069
раскопка 1,897120 0,000249
располагаться 0,544727 0,000358
расположить 0,385662 0,000253
распоряжение 1,139434 0,000299
распределение 1,203973 0,000158
распространить 0,616186 0,000243
расстояние 0,713350 0,000469
расформировать 2,407946 0,000316
расхожий 3,912023 0,000514
расчет 0,820981 0,000108
расширение 0,415515 0,000055
раудиновна 3,912023 0,000514
реальный 0,967584 0,000127
ребенок 2,120264 0,000279
революциинаселенные 2,120264 0,000279
революция 0,562119 0,000074
регион 0,385662 0,000152
региональный 0,634878 0,000584
регулярный 0,798508 0,000210
ред 0,235722 0,000031
редькин 3,912023 0,000514
резко 0,967584 0,000127
резко-континентальный 3,912023 0,000514
резня 3,506558 0,000461
результат 0,174353 0,000046
рейс 1,171183 0,000308
река 0,446287 0,000528
рекомендация 0,776529 0,000204
реконструировать 1,237874 0,000163
реконструкция 0,820981 0,000539
религиозный 0,891598 0,000351
религия 0,755023 0,000099
рельеф 0,798508 0,000105
ремесло 1,714798 0,000225
ремонт 1,139434 0,000150
рен 1,660731 0,000218
реорганизация 2,207275 0,000290
республика 0,527633 0,000139
реставрация 2,120264 0,000279
реставрировать 3,912023 0,000514
ресурс 0,020203 0,000003
ретро 1,897120 0,000249
реформа 1,108663 0,000146
речной 0,693147 0,000273
решение 0,328504 0,000086
решительно 3,218876 0,000423
решить 0,941609 0,000247
решт 3,506558 0,000921
ржд-медицина 3,912023 0,000514
ржев 1,771957 0,000233
рида 3,912023 0,000514
римско-католический 1,832581 0,000482
ринат 3,218876 0,000423
ровный 1,771957 0,000233
род 0,843970 0,000111
роднить 3,912023 0,000514
родное 1,966113 0,000775
родной 1,609438 0,000211
рождество 1,660731 0,000436
роза 0,916291 0,000120
роль 0,494296 0,000065
ропетовском 3,912023 0,000514
роскольникова 3,912023 0,000514
роскошный 3,506558 0,000461
россииазовского 3,218876 0,000423
россиибывшие 2,995732 0,000394
россиигорода 1,309333 0,000172
россииобластные 2,207275 0,000290
российский 0,105361 0,000609
российско-украинской 1,108663 0,000146
россия 0,174353 0,000916
росспэн 0,994252 0,000131
росстат 0,776529 0,000204
рост 0,597837 0,000079
ростов-на-дону 1,237874 0,000488
роща 1,469676 0,000193
рсфср 0,733969 0,000386
ртрс 1,514128 0,001592
рубрук 3,912023 0,001028
рубрука 3,912023 0,000514
рубцовск 1,347074 0,000177
рудный 2,407946 0,000316
рукав 2,120264 0,000279
руководство 0,544727 0,000143
румын 1,897120 0,000249
рус 0,162519 0,001025
русин 2,207275 0,000290
русло 1,386294 0,000182
русс 2,302585 0,000303
русский -0,009950 -0,000026
русскоязычный 1,966113 0,000258
русь 1,139434 0,000299
рутулец 1,897120 0,000249
рыбинск 1,203973 0,000316
рыбинский 1,966113 0,000258
рыбный 1,609438 0,000211
рыбоперерабатывающий 3,218876 0,000423
рынок 0,713350 0,000187
ряд 0,223144 0,000088
рязань 1,049822 0,000138
сабантуй 3,218876 0,000423
сабетта 2,995732 0,000394
савушкина 3,912023 0,001028
сад 0,843970 0,000554
садом-дендрарием 3,912023 0,000514
сайт 0,210721 0,000194
салехард 1,347074 0,000177
сам 0,162519 0,000064
самара 0,891598 0,000234
самарканд 2,813411 0,000370
саммит 2,040221 0,000536
самоотверженность 2,813411 0,000370
самоуправление 0,891598 0,000469
самый 0,174353 0,000069
сангачалы 3,218876 0,000423
санкт-петербург 0,616186 0,000243
сарай 2,995732 0,000787
сарай-хан 3,912023 0,000514
саратов 0,967584 0,000381
саратове 2,813411 0,000370
сартаку 3,912023 0,000514
сафаргалиев 3,912023 0,000514
сафинат 3,912023 0,001028
сахалинский 2,525729 0,000332
сборник 0,597837 0,000157
свап 3,912023 0,001028
сведение 0,579818 0,000152
свергнуть 2,659260 0,000349
свердлова 2,525729 0,000332
свержение 2,813411 0,000370
светлоград 3,506558 0,000461
светлый 1,386294 0,000364
свидетельство 1,714798 0,000451
свияжск 2,120264 0,000279
свободный -0,009950 -0,000001
свое 0,287682 0,000113
своеобразный 1,966113 0,000258
свой 0,150823 0,000059
свойство 0,415515 0,000109
связаться -0,009950 -0,000001
связывать 0,916291 0,000120
связь 0,174353 0,000115
свято-никольский 2,995732 0,000394
святой 0,755023 0,000298
сдать 1,427116 0,000375
сделать 0,616186 0,000081
сделаться 2,995732 0,000394
се 2,407946 0,000316
себя 0,198451 0,000078
севастиана 3,912023 0,000514
севастополь 1,771957 0,000698
севастополя 2,813411 0,000370
север 0,527633 0,000069
северный 0,385662 0,000203
северо-восточный 1,386294 0,000182
северо-западный 1,078810 0,000142
северодвинск 1,171183 0,000308
сегодня 0,616186 0,000243
сезон 0,916291 0,000241
сей 0,693147 0,000091
секуляризационный 3,912023 0,000514
селижарово 2,120264 0,000279
село 0,891598 0,000117
селькуп 2,995732 0,000394
сельский 0,634878 0,000584
семь 0,820981 0,000108
семья 0,843970 0,000333
сенгилей 2,120264 0,000279
сент 0,843970 0,000111
сентябрь 0,072571 0,000315
сера 2,302585 0,000303
серб 1,897120 0,000249
сергеев 2,302585 0,000303
сердечно-сосудистой 2,995732 0,000394
серебряный 0,891598 0,000117
серия 0,713350 0,000094
сероводород 2,813411 0,000370
сетка 2,407946 0,000316
сечь 2,813411 0,000370
сила 0,494296 0,000195
силищевой 3,912023 0,002056
сильно 0,755023 0,000099
сильный 0,544727 0,000072
символ 0,733969 0,000096
симеонова 3,912023 0,000514
симферополь 1,897120 0,000249
система 0,051293 0,000007
системеобсуждениевкладсоздать -0,009950 -0,000001
сити-менеджера 2,995732 0,000394
скачать -0,009950 -0,000001
сквер 0,941609 0,002969
скифский 2,525729 0,000332
сколько 0,653926 0,000172
скоморохову 3,912023 0,000514
скончаться 2,813411 0,000370
скрываться 3,912023 0,000514
скульптор 1,237874 0,000488
скульптура 0,916291 0,000361
скульптурный 1,966113 0,000258
слава 0,941609 0,000495
славянка 2,813411 0,000370
славянский 1,386294 0,000182
след 1,427116 0,000188
следовать 0,235722 0,000093
следствие 1,560648 0,000205
слепой 1,771957 0,000233
словак 2,813411 0,000370
словарь 0,094311 0,000037
словенец 2,995732 0,000394
словения 2,525729 0,000332
слово 0,210721 0,000111
сложиться 0,994252 0,000131
сложный 0,446287 0,000059
служба 0,527633 0,000347
служивый 3,218876 0,000423
служить 0,820981 0,000216
случай -0,009950 -0,000003
случиться 2,659260 0,000699
сменять 2,659260 0,000349
смещение 0,733969 0,000096
смоленск 2,040221 0,000268
смоляной 3,912023 0,000514
смута 2,659260 0,000699
снабдить 2,995732 0,000394
снести 1,347074 0,000885
снова 1,386294 0,000182
сноска 0,733969 0,000289
собачка 3,218876 0,000423
соблюдение 2,525729 0,000332
собор 0,733969 0,000675
соборный 1,049822 0,000138
собрание 0,634878 0,000083
собрать 1,386294 0,000182
собственность 1,309333 0,000172
собственный 0,446287 0,000059
событияпожертвовать -0,009950 -0,000001
совет 0,462035 0,000121
советский 0,261365 0,000515
совместно 1,427116 0,000188
совпадать 1,832581 0,000241
современный 0,150823 0,000099
согласно 0,301105 0,000119
согласовываться 3,506558 0,000461
содержание 0,010050 0,000001
содержать 0,634878 0,000083
содружество 3,218876 0,000423
соединить 0,994252 0,000392
создать 0,210721 0,000083
созыв 1,514128 0,000597
соискание 3,218876 0,000423
сокольское 2,040221 0,000268
сокращение 0,867501 0,000228
солнечный 0,597837 0,000157
солнце 1,347074 0,000354
солома 3,506558 0,000461
соль 1,660731 0,000218
сольвычегодск 3,912023 0,000514
сообщение 0,478036 0,000063
сообщить -0,009950 -0,000001
соорудить 1,897120 0,000249
сооружение 0,733969 0,000096
соответствие 0,371064 0,000146
соответствовать 0,371064 0,000049
соседствовать 3,506558 0,000461
сосредоточить 1,171183 0,000154
сост 0,597837 0,000079
состав 0,248461 0,000392
составлять 0,198451 0,000209
состояние 0,248461 0,000065
состоять 0,385662 0,000051
состояться 0,713350 0,000187
сохранение -0,009950 -0,000001
сохранить 1,171183 0,000154
сохраниться 0,820981 0,000216
сохранять 1,427116 0,000188
сочить 1,514128 0,000199
союз 0,579818 0,000305
спас 1,609438 0,000211
спаситель 2,659260 0,000349
спасо-преображенская 3,218876 0,000423
спасо-преображенского 3,218876 0,000846
спб 0,385662 0,000101
специя 3,218876 0,000423
спецназ 3,506558 0,000461
список 0,210721 0,000166
сплотиться 3,506558 0,000461
сплошной 2,120264 0,000279
спорный 1,514128 0,000199
спорт 0,713350 0,000187
спортивный 0,891598 0,000351
справедливый 2,120264 0,000279
справка 1,203973 0,000158
спускаться 2,995732 0,000394
спустя 1,609438 0,000211
среда 0,385662 0,000051
среди 0,198451 0,000052
среднеазиатский 2,525729 0,000332
средневековый 1,386294 0,000546
среднее 0,342490 0,000135
средний 0,371064 0,000293
срок 0,798508 0,000210
сср 0,820981 0,000216
ссср 0,314711 0,000413
ссылка -0,009950 -0,000029
ссылкасведения -0,009950 -0,000001
ставить 1,469676 0,000193
ставиться 2,207275 0,000290
ставка 2,120264 0,000557
ставрополь 2,207275 0,001160
стадион 0,891598 0,000117
сталинградский 2,813411 0,001479
сталь 0,415515 0,000109
станция 0,579818 0,000076
старинный 1,309333 0,000172
старица 1,897120 0,000249
староастраханская 3,912023 0,000514
старое 0,941609 0,000124
старомарьевка 3,506558 0,000461
старообрядческий 1,427116 0,000188
старочеркасск 3,506558 0,000461
старый 0,314711 0,000248
статистик -0,009950 -0,000010
статистический 0,713350 0,001500
статус 0,430783 0,000226
стать 0,083382 0,000142
статьестатьи 0,843970 0,000111
статьислучайная -0,009950 -0,000001
статьисообществофорумсправкасвежие -0,009950 -0,000001
статья 0,020203 0,000056
статьяобсуждение -0,009950 -0,000001
статьятекущие -0,009950 -0,000001
стекловолокно 3,506558 0,000921
стен 0,967584 0,000636
стена 2,302585 0,000303
стенка 3,218876 0,001692
стеньку 3,912023 0,000514
степана 1,966113 0,000517
степень 0,673345 0,000088
степь 1,469676 0,001159
стивидорная 3,912023 0,000514
стиль 0,673345 0,000354
стоить 0,891598 0,000117
столетие 1,469676 0,000193
столица 0,755023 0,000496
столицыгородские 3,912023 0,000514
столь 1,714798 0,000225
столяр 3,912023 0,000514
столярова 3,912023 0,000514
сторона 0,235722 0,000031
стоять 1,386294 0,000182
страленбергом 3,912023 0,000514
страна 0,235722 0,000186
страница -0,009950 -0,000007
страницасодержаниеизбранные -0,009950 -0,000001
страницецитировать -0,009950 -0,000001
страницуполучить -0,009950 -0,000001
страницыслужебные -0,009950 -0,000001
страхань 3,912023 0,001542
стрелец 2,302585 0,000303
стрелецкий 2,525729 0,000332
строитель 1,272966 0,000335
строительство 0,462035 0,000243
строиться 0,693147 0,000091
строка 1,078810 0,000142
структура 0,400478 0,000105
структурный 1,427116 0,000563
стс 1,714798 0,000225
студенческий 1,609438 0,000846
стужа 3,912023 0,001028
ступино 1,347074 0,000177
стычка 3,912023 0,000514
субъект 0,597837 0,000393
суд 0,693147 0,000638
судить 2,525729 0,000332
судостроитель 3,506558 0,000461
судостроительно-судоремонтный 3,912023 0,001542
судостроительный 1,966113 0,000517
суздаль 2,995732 0,000394
султан 2,525729 0,000996
сумгаит 3,218876 0,000423
суммеркента 3,912023 0,000514
сун 3,912023 0,001028
суточные 2,407946 0,000316
суточный 0,755023 0,000198
суховей 2,813411 0,000370
существование 0,693147 0,000273
существовать 0,020203 0,000024
сформировать 1,078810 0,000283
сформироваться 1,347074 0,000177
схема 0,916291 0,000120
счет 0,562119 0,000074
считаться 0,385662 0,000101
сша 0,562119 0,000148
сыграть 1,714798 0,000225
сызранов 3,912023 0,001028
сызрань 1,237874 0,000325
сын 1,660731 0,000655
сырцовый 3,912023 0,000514
сытина 1,560648 0,000205
сюда 1,108663 0,000146
сюдасвязанные -0,009950 -0,000001
табасаран 1,832581 0,000241
табл 0,867501 0,000114
таблица 0,544727 0,000429
таганрог 2,407946 0,000949
тагил 1,272966 0,000167
таджик 1,272966 0,000167
тайный 1,832581 0,000241
такое 0,328504 0,000043
такой 0,162519 0,000021
такси 1,021651 0,000134
талыш 1,897120 0,000249
тамань 2,813411 0,000739
танк 2,040221 0,000268
таны 3,912023 0,000514
тар 2,813411 0,001109
таракан 3,218876 0,000423
таркан 3,912023 0,000514
тархан 2,995732 0,001181
тарханный 3,912023 0,000514
тасс 1,171183 0,000154
тат 2,120264 0,000279
татар-мишарей 3,912023 0,000514
татарин 0,733969 0,000868
татарский 1,203973 0,000158
татищев 2,813411 0,001109
татищева 2,813411 0,004436
татищевым 3,218876 0,000846
тверь 1,514128 0,000199
твк 2,040221 0,000268
театр 0,713350 0,000937
театральный 1,049822 0,000552
тезики 3,912023 0,000514
текст -0,009950 -0,000003
телебашня 1,897120 0,000499
телевидение 0,820981 0,000647
телевизионный 1,078810 0,000283
телеканал 0,916291 0,001084
телепрограмма 2,995732 0,000394
телефонный 0,776529 0,000102
тематический 0,510826 0,000067
температура 0,510826 0,000201
темрюк 2,525729 0,000332
теория 1,049822 0,000138
тепловоз 3,218876 0,000846
тепловозоремонтный 3,506558 0,000921
теплоход 1,514128 0,000199
терлик 3,912023 0,000514
термин 0,198451 0,000026
терминал 1,347074 0,000354
территориальный 0,713350 0,000375
территория 0,356675 0,000469
тетюши 2,120264 0,000279
технико-экономический 2,995732 0,000394
технический 0,462035 0,000061
течение 0,314711 0,000041
течь 0,274437 0,000036
тикси 2,659260 0,000349
тимур 3,218876 0,000423
тимура 3,912023 0,000514
тинаки 3,912023 0,000514
тип 0,072571 0,000057
типография 1,171183 0,000616
тихоокеанский 2,040221 0,000268
тмутараканский 2,995732 0,000394
тмутаракань 3,912023 0,000514
тнт 1,714798 0,000225
товар 0,916291 0,000241
товарный -0,009950 -0,000001
тождественность 3,912023 0,000514
толстый 1,309333 0,000172
тольятти 1,514128 0,000199
томск 1,108663 0,000291
тонуть 3,506558 0,000461
топливно-энергетический 3,506558 0,000461
топоним 1,078810 0,000142
топонимика 1,897120 0,000249
тор 3,218876 0,000423
торговля 0,579818 0,000152
торгово-пассажирский 3,218876 0,000423
торгово-политический 3,912023 0,000514
торговый 0,597837 0,000550
торжественно 1,660731 0,000218
торжок 3,506558 0,000461
торопец 3,912023 0,000514
торопицын 3,912023 0,000514
тотчас 3,912023 0,000514
тотьма 3,912023 0,000514
точка 0,478036 0,000063
трава 1,609438 0,000211
трамвай 0,891598 0,000117
транзитный 1,237874 0,000163
транслитерация 3,506558 0,000461
трансляция 1,897120 0,000499
транспорт 0,616186 0,000486
трасс 0,941609 0,000124
требовать 0,562119 0,000148
тредиаковского 3,912023 0,002056
третий 0,616186 0,000243
трз 3,912023 0,000514
три 0,248461 0,000065
триумфальный 2,040221 0,000268
троицкий 1,560648 0,000410
троллейбус 0,867501 0,000114
трубопровод 3,218876 0,000846
труд 0,597837 0,000079
трудовой 0,967584 0,000763
трусова 3,912023 0,000514
трусовский 3,912023 0,002570
трусовском 3,912023 0,000514
трусову 3,912023 0,000514
туапсе 1,897120 0,000249
тувинец 1,966113 0,000258
туда 2,525729 0,000664
тукать 3,506558 0,000921
тур 1,609438 0,000423
турецкий 1,771957 0,000466
турецко-татарской 3,912023 0,000514
туристический 1,021651 0,000134
турка 1,469676 0,000193
туркмен 1,966113 0,000258
туркменбаши 3,218876 0,000423
туркменистан 2,813411 0,000739
туркменистана 3,506558 0,000921
туркменский 2,995732 0,000394
турции 2,407946 0,000316
тутаев 2,040221 0,000536
тыл 1,771957 0,000233
тысяча 0,371064 0,000439
тэц 1,272966 0,000335
тюльпан 3,912023 0,000514
тюмень 1,171183 0,000154
тюркский 1,386294 0,000911
убиение 3,912023 0,000514
убить 1,897120 0,000249
увеличиться 0,843970 0,000111
углегорск 3,218876 0,000423
углич 2,040221 0,000268
угода 3,506558 0,000461
удалить 0,579818 0,000152
удачный 2,207275 0,000290
удин 2,525729 0,000332
удмурт 1,660731 0,000436
уезд 1,272966 0,000502
узбек 1,347074 0,000177
узбек-ханом 3,912023 0,000514
узел 0,527633 0,000069
узнать 1,771957 0,000233
уйгур 2,040221 0,000268
уйти 1,237874 0,000163
указ 0,733969 0,000096
указание -0,009950 -0,000001
указатель 1,966113 0,000258
указать 0,083382 0,000077
указывать 1,272966 0,000167
украина 0,527633 0,000069
украинец 0,867501 0,000114
укрепить 1,427116 0,000375
укрепление 1,272966 0,000502
улан-удэ 1,237874 0,000163
улица 0,776529 0,000918
уличный 1,714798 0,000225
улов 3,506558 0,000461
ульдючины 3,506558 0,000461
ульянов 2,207275 0,000290
ульяновск 1,078810 0,000425
унести 2,813411 0,000370
университет 0,328504 0,000129
уникальный 0,776529 0,000102
уничтожить 1,203973 0,000158
упадок 2,040221 0,000268
упаковка 3,912023 0,001028
упасть 1,771957 0,000233
упоминание 0,967584 0,000381
упоминать 2,207275 0,000290
упоминаться 1,203973 0,000158
упомянуть 1,714798 0,000225
управление 0,248461 0,000065
упразднить 1,237874 0,000163
уровень 0,150823 0,000040
уроженец 1,660731 0,000218
усадебный 3,218876 0,000423
усердие 3,912023 0,000514
усиливаться 2,120264 0,000279
усилие 1,660731 0,000218
условие -0,009950 -0,000004
услышать 2,525729 0,000664
успение 2,207275 0,000580
успенский 1,237874 0,000488
устав 0,843970 0,000444
установить 0,328504 0,000043
установление 1,021651 0,000403
устроить 1,609438 0,000211
устройство 0,527633 0,000208
усть-луга 2,813411 0,000370
устье 0,634878 0,000167
устюг 3,506558 0,000461
утвердить 0,755023 0,000298
утверждение 0,400478 0,000105
уточнение 1,469676 0,000193
уточнить 1,714798 0,000225
утратить 1,272966 0,000167
уфа 0,967584 0,000254
уфсб 3,506558 0,000461
уходить 1,386294 0,000182
участвовать 1,021651 0,000134
участие -0,009950 -0,000001
участник 0,510826 0,000201
учеба 2,407946 0,000633
учебный 0,673345 0,000088
ученый 0,653926 0,000258
учет 0,597837 0,000157
учетный -0,009950 -0,000001
училище 0,967584 0,000127
учитывать 1,514128 0,000199
учреждение 0,653926 0,000344
ушакова 2,207275 0,000290
фабрика 1,021651 0,000403
факт 0,634878 0,000250
фактически 0,916291 0,000120
фактоввикипедия 3,506558 0,000461
фасад 1,897120 0,000249
фбуз 3,912023 0,000514
фгбу 2,659260 0,000349
февр 0,820981 0,000108
февраль 0,051293 0,000081
февронии 2,525729 0,000332
федеральный 0,462035 0,000850
федерация 0,510826 0,001477
федор 1,560648 0,000205
феодосия 1,966113 0,000258
физико-географический 0,693147 0,000182
фиксироваться 2,120264 0,000279
филармония 1,049822 0,000276
филиал 0,755023 0,000198
философ 2,120264 0,000279
финансы 0,733969 0,000096
финн 1,966113 0,000258
флаг 0,597837 0,000157
флеминга 3,912023 0,000514
фмба 2,995732 0,000394
фольклор 2,525729 0,000664
фонд -0,009950 -0,000001
формат 0,843970 0,000111
форпост 2,659260 0,000349
форт-лодердейл 3,912023 0,000514
форт-шевченко 3,218876 0,000423
фотогалерея 3,218876 0,000846
фотография 1,108663 0,000291
фраги 3,912023 0,000514
фракция 2,813411 0,000370
француз 1,660731 0,000218
фредерик 3,506558 0,000461
фронт 1,078810 0,000142
функционировать 0,798508 0,000315
функция 0,693147 0,000091
футбол 1,139434 0,000150
футбольный 0,941609 0,000247
хадж 2,813411 0,000739
хаджи-тархан 3,912023 0,004112
хаджи-тархана 3,912023 0,001542
хаджи-тархане 3,912023 0,000514
хаджитархану 3,912023 0,000514
хазар 2,813411 0,000370
хазторокань 3,912023 0,000514
хайяму 3,912023 0,000514
хакас 2,040221 0,000268
хан 1,897120 0,001994
ханен 3,912023 0,000514
ханство 1,771957 0,003259
ханты-мансийск 1,347074 0,000177
харабали 3,506558 0,000461
харабалинский 3,912023 0,000514
характер 0,653926 0,000086
характеристика 0,415515 0,000109
характерный 0,693147 0,000091
харисов 3,912023 0,000514
хатанга 3,218876 0,000423
хвалынск 2,120264 0,000279
хватать 0,820981 0,000216
хибинский 3,912023 0,000514
химический 0,867501 0,000114
хирургия 2,407946 0,000316
хит 2,407946 0,000316
хлебникова 3,912023 0,000514
хлебозавод 2,207275 0,000580
хмельницкого 3,218876 0,000423
ход 0,510826 0,000134
ходатайство 2,407946 0,000316
хожение 3,218876 0,000846
хозяйство 0,579818 0,000229
холм 1,386294 0,000364
холмск 3,218876 0,000423
хороший 1,660731 0,000218
хотеть 1,832581 0,000241
хотя 0,653926 0,000086
храм 0,733969 0,000964
христианство 1,660731 0,000218
христорождественская 3,912023 0,000514
христос 1,897120 0,000249
хрущева 3,218876 0,000423
хулхута 3,506558 0,000461
царев 2,407946 0,000633
царский 1,386294 0,000364
царство 1,237874 0,000488
царь 1,078810 0,000567
цахур 2,040221 0,000268
целитель 2,813411 0,000370
целый 1,108663 0,000146
цель 0,371064 0,000098
центр 0,287682 0,001058
центральный 0,400478 0,000263
церковь 0,673345 0,001858
цирк 1,078810 0,000142
цитархан 3,912023 0,000514
цитата 2,040221 0,000268
цитрахан 3,912023 0,000514
цитрахане 3,912023 0,000514
цифра 1,272966 0,000167
цифровой 0,562119 0,000295
цума 2,995732 0,000394
цыган 1,714798 0,000225
цытрахань 3,912023 0,000514
чалус 3,218876 0,000423
час 0,867501 0,000228
часовня 1,469676 0,000193
часовой 0,713350 0,000375
часто 0,415515 0,000055
частота 1,309333 0,000860
часть 0,061875 0,000081
чебоксары 1,171183 0,000308
чеканка 2,995732 0,000394
челеби 3,506558 0,000461
чело 0,713350 0,000281
человек 0,186330 0,000343
челябинск 0,994252 0,000131
чемпион 1,203973 0,000316
чемпионат 0,994252 0,000131
черемисин 3,912023 0,000514
черкес 1,771957 0,000233
черкесия 3,218876 0,000423
черкесск 3,218876 0,000423
чернобыльский 2,995732 0,000394
черное 1,237874 0,000163
черноморский 1,832581 0,000482
черноярский 3,912023 0,000514
черный 0,843970 0,000222
чернышевского 2,659260 0,000349
чернышеского 3,912023 0,000514
черский 2,995732 0,000394
честь 0,562119 0,000222
четверик 3,912023 0,000514
четко 1,897120 0,000249
чех 1,609438 0,000211
чехова 2,207275 0,000290
чеченец 1,714798 0,000225
чин 2,995732 0,000394
численность 0,616186 0,002672
числиться 2,407946 0,000316
число 0,186330 0,000073
чистополь 2,995732 0,000394
чита 1,203973 0,000158
читатьправитьправить 0,494296 0,000065
читаться 2,995732 0,000394
чкаловск 2,040221 0,000268
член 0,755023 0,000198
чуваш 1,237874 0,000163
чукотский 2,040221 0,000268
чукча 2,207275 0,000290
чум 3,506558 0,000461
чуркинский 3,912023 0,000514
шаблон 0,462035 0,000061
шапка 2,659260 0,000349
шареный 3,912023 0,001028
шатровый 2,659260 0,000349
шахтерск 3,218876 0,000423
шелк 2,995732 0,000394
школа 0,478036 0,000063
шлюмберже 3,912023 0,000514
шмидта 2,407946 0,000633
шнайдштейн 3,912023 0,000514
шоссе 1,427116 0,000563
шрифт 1,897120 0,000249
штат 1,560648 0,000205
шуя 3,912023 0,000514
эвен 2,302585 0,000303
эвенк 1,832581 0,000241
эвлии 3,912023 0,000514
эгвекинот 3,218876 0,000423
эгида 2,302585 0,000303
экерем 3,218876 0,000423
экз 0,415515 0,000109
экономика 0,400478 0,000158
экономический 0,478036 0,000063
экспорт -0,009950 -0,000001
электронный 0,478036 0,000063
электропоезд 1,609438 0,000211
электростанция 2,040221 0,000268
электротранспорт 2,302585 0,000303
электроэнергия 1,609438 0,000423
элемент 0,544727 0,000072
элиста 2,813411 0,000739
элисту 3,218876 0,000423
эльвира 3,218876 0,000846
эльга 3,218876 0,000423
энгельс 1,560648 0,000205
энергетик 1,108663 0,000146
энергия 1,021651 0,000134
энерджи 3,506558 0,000461
энтони 2,995732 0,000394
энтузиасты-астраханцы 3,912023 0,000514
энциклопедический 0,733969 0,000386
энциклопедия -0,009950 -0,000012
эпидемиология 3,218876 0,000423
эпидемия 2,207275 0,000290
эпоха 0,713350 0,000562
эспланадная 3,912023 0,000514
эспланадной 3,912023 0,000514
эстонец 1,771957 0,000233
этимология 0,616186 0,000162
этнограф 2,813411 0,000370
этнос 2,813411 0,000370
эфир 1,427116 0,000188
эфирный 1,427116 0,000375
эшелон 3,218876 0,000423
юбилей 1,560648 0,000205
юбилейный 0,798508 0,000210
ювелирный 2,525729 0,000332
юг-терминал 3,912023 0,001028
юго-восток 1,171183 0,000616
юго-восточный 1,108663 0,000146
южнокорейский 3,506558 0,000461
южный 0,385662 0,000101
юмор 1,966113 0,000258
юношеский 1,560648 0,000205
юный 1,309333 0,000344
юрием 2,302585 0,000303
юрино 2,120264 0,000279
юрьевец 2,120264 0,000279
юрьевна 2,813411 0,000370
яблоко 2,407946 0,000316
яблочкова 3,506558 0,000461
являться 0,040822 0,000091
явно 2,659260 0,000699
явный 2,302585 0,000303
ядро 1,171183 0,000154
язык -0,009950 -0,000010
якобы 2,995732 0,000394
якут 1,660731 0,000218
якутск 1,203973 0,000158
ялта 2,659260 0,000349
ямгурчеем 3,912023 0,000514
ямгурчей 3,912023 0,000514
ямгурчею 3,912023 0,000514
ямгурчея 3,912023 0,000514
ямка 3,506558 0,000461
янв 0,820981 0,000108
январь 0,105361 0,000485
японец 2,040221 0,000268
японский 1,469676 0,000193
яр 2,995732 0,000394
ярославль 1,078810 0,000425
ярус 2,120264 0,000279
яс 3,912023 0,000514
ят-сена 3,912023 0,001028
яшкуль 3,506558 0,000461
