абсолютный 0,616186 0,000179
авария 1,771957 0,000257
авг 0,820981 0,000119
август 0,072571 0,000169
авиакомпания 1,771957 0,000515
авиатренажеров 3,912023 0,000568
авиация 1,237874 0,000180
автобус 0,820981 0,000596
автовокзал 1,078810 0,000314
автодорога 0,891598 0,000518
автоматизация 1,897120 0,000276
автомобиль 1,108663 0,000161
автомобильный 0,713350 0,000207
автономный 0,867501 0,000630
автор 0,462035 0,000067
авторадио 1,897120 0,000276
авторство -0,009950 -0,000001
автотранспортный 1,897120 0,000276
агентство 0,798508 0,000232
агломерация 0,798508 0,000232
аграрный 1,203973 0,000525
агропромышленный 2,813411 0,000409
административно-территориальная 2,302585 0,000335
административно-территориальное 0,820981 0,000358
административно-территориальном 1,309333 0,000190
административный 0,597837 0,000434
администрация 0,755023 0,000987
адрес 1,078810 0,002978
академия 0,544727 0,000475
актив 2,040221 0,000593
алдан 1,309333 0,000190
александр 0,462035 0,000134
алексея 1,514128 0,000220
аллея 1,347074 0,000196
алпатов 3,912023 0,000568
алфавитунаселенные 0,867501 0,000126
ампир 2,302585 0,000335
аналоговый 1,609438 0,000234
анапу 2,995732 0,000435
ангарский 2,813411 0,001226
ангел 2,120264 0,000616
англ 0,174353 0,000025
аннексия 0,941609 0,000137
ансамбль 0,994252 0,000289
антонов 2,302585 0,001004
апр 0,798508 0,000116
апрель 0,150823 0,000197
аптека 2,120264 0,000308
арбеково 3,912023 0,001137
ардым 3,912023 0,000568
арена 2,120264 0,000308
арматура 3,506558 0,000510
арматурный 3,506558 0,000510
армейский 2,813411 0,000409
артерия 2,302585 0,000335
артиллерийский 1,609438 0,000468
артиллерия 2,659260 0,000773
арх 0,544727 0,000079
архангельский 1,832581 0,000266
архив 0,446287 0,000065
архивировать 0,020203 0,000358
архивный 0,248461 0,000253
архитектор 0,916291 0,000266
архитектура 0,462035 0,000134
аст 0,820981 0,000239
астрахань 0,967584 0,000141
асфальтирование 3,506558 0,000510
ахуны 3,912023 0,001137
аэропорт 0,776529 0,000226
аэс 3,218876 0,000468
баз 0,371064 0,000216
база 2,040221 0,000296
базовый 1,171183 0,000170
банк 0,693147 0,000101
барковка 3,912023 0,001137
барнаул 1,203973 0,000175
баскетбол 1,660731 0,000241
баскетбольный 1,714798 0,000249
бассейн 0,653926 0,000380
басулина 3,912023 0,000568
баш 3,506558 0,000510
башмаково 3,912023 0,000568
башмаковский 3,912023 0,000568
башня 1,139434 0,000166
беговой 3,506558 0,000510
безымянный 2,040221 0,000296
бекешская 3,912023 0,000568
бекешчаба 3,912023 0,000568
беково 3,912023 0,000568
бековский 3,912023 0,000568
беларусь 1,237874 0,000180
белемнит 3,912023 0,000568
белинский 3,506558 0,001529
белинского 2,659260 0,002318
белинскому 3,912023 0,000568
беляева 2,659260 0,000386
берег 0,478036 0,000208
береза 1,714798 0,000249
берет 1,966113 0,000286
берлин 2,302585 0,000669
беслан 3,912023 0,001137
бессоновка 3,912023 0,000568
бессоновский 3,912023 0,001705
библиографический 0,083382 0,000012
библиотека 0,328504 0,000048
бизнес 0,820981 0,000239
билайн 1,272966 0,000185
билайн-волга 3,912023 0,000568
благоверный 2,525729 0,000734
бланк 3,912023 0,000568
близкий 0,820981 0,000119
богатство 1,771957 0,000515
богословскийсельсовет 3,912023 0,000568
боевой 1,237874 0,000180
бой 1,237874 0,000180
бологое 1,347074 0,000196
болотистый 2,525729 0,000367
больница 1,078810 0,002351
большевик 1,347074 0,000196
большинство 0,342490 0,000050
большой 0,040822 0,000089
борец 1,897120 0,000276
бориса 1,832581 0,000266
борисович 2,407946 0,000350
боровичи 1,347074 0,000196
борьба 0,820981 0,000358
ботанический 1,427116 0,000415
бренд 1,660731 0,000241
брокгауза 0,328504 0,000095
бронзовый 1,386294 0,000201
бронницы 2,813411 0,000409
бумаги-основы 3,912023 0,000568
бурденко 3,506558 0,002038
буртас 3,912023 0,001137
бывш 2,525729 0,000367
бытовой 1,560648 0,000227
быть -0,009950 -0,000003
бюджетный 1,514128 0,000220
бюро 1,427116 0,000415
бюст 2,302585 0,001004
вадинск 3,912023 0,000568
вадинский 3,912023 0,000568
вал 1,514128 0,000440
васильевская 3,506558 0,000510
ввести 0,634878 0,000092
вдоль 0,755023 0,000110
ведомость 0,994252 0,000144
ведомство 2,207275 0,000321
век 0,248461 0,000072
векеобластные 3,218876 0,000468
великий 0,356675 0,000052
велотрек 2,995732 0,000871
венгрия 2,120264 0,000308
вера 1,049822 0,000153
верещагина 3,218876 0,000468
вероисповедание 2,407946 0,000350
версия -0,009950 -0,000010
версияправитьправить 1,237874 0,000180
вертикальный 2,207275 0,000321
верхневолжский 2,995732 0,000435
верхний 0,494296 0,000215
вести 0,356675 0,000104
вестись 0,673345 0,000098
весь 0,301105 0,000044
ветеран 1,832581 0,000533
ветка 1,427116 0,000207
вещание 1,108663 0,000161
вещать 1,609438 0,000468
взрослый 1,609438 0,000234
взять 0,755023 0,000219
вид 0,061875 0,000144
викигиде 0,776529 0,000226
викигидепортал 1,469676 0,000214
викигидстатьи 2,120264 0,000308
викиданные 0,776529 0,000226
викиданных -0,009950 -0,000001
викиданныхвикипедия 0,891598 0,000130
викимапиипро 1,427116 0,000207
викимедиа -0,009950 -0,000001
википедии -0,009950 -0,000003
википедия -0,009950 -0,000017
викискладвикиновостивикигидэлемент 1,609438 0,000234
викискладе 0,174353 0,000025
викискладепутеводитель 0,713350 0,000104
викискладстатьи 0,891598 0,000130
виктор 1,386294 0,000201
виноградный 3,912023 0,000568
виртуальный 1,139434 0,000331
витте 2,995732 0,000435
включать 0,235722 0,000137
включая 0,527633 0,000077
владеть 1,897120 0,000276
владимир 0,653926 0,000095
владимирович 1,771957 0,000515
власть 0,544727 0,000237
влияние 0,527633 0,000077
вместо 0,798508 0,000116
вмещать 2,120264 0,000308
внедрить 2,407946 0,000350
внеочередной 2,995732 0,000435
внешний 0,051293 0,000007
вниз 1,171183 0,000170
вновь 0,755023 0,000439
внутренний 0,314711 0,000046
внутригородской 0,867501 0,000378
внутрироссийский 3,912023 0,000568
вода 0,527633 0,000307
водный 0,562119 0,000653
водоем 1,139434 0,000166
водопровод 1,714798 0,000498
водохранилище 1,139434 0,000331
воейков 3,912023 0,001705
возвышенность 1,386294 0,000201
воздухоопорный 3,912023 0,000568
воздушный 0,798508 0,000116
возможность 0,314711 0,000046
возобновляться 2,813411 0,000409
воинам-пензенцам 3,912023 0,000568
воинский 1,469676 0,000427
война 0,430783 0,000313
войско 0,798508 0,000116
вокзал 0,755023 0,000439
вокзалпенза 3,912023 0,001137
вокруг 0,693147 0,000101
волга 1,347074 0,000196
волейбол 1,469676 0,000641
волк 1,771957 0,000257
вологда 1,203973 0,000175
володарского 2,407946 0,001400
волшебный 0,030459 0,000004
вооружить 1,609438 0,000234
воркута 1,237874 0,000180
воронов 2,813411 0,000818
воскресеновскийсельсовет 3,912023 0,000568
воспитание 2,120264 0,000308
воспроизведение 2,525729 0,000367
воспроизводить 2,659260 0,000386
восстание 1,237874 0,000360
восстановить 0,967584 0,000422
восток 0,494296 0,000431
восточный 0,430783 0,000063
воткинск 1,309333 0,000190
впадать 1,309333 0,000190
врач 1,347074 0,000196
временно 1,309333 0,000190
время 0,020203 0,000035
всеволода 3,218876 0,000468
всеобщий 1,237874 0,000360
всероссийский 0,634878 0,000277
всесоюзный 0,776529 0,000677
вскоре 1,309333 0,000190
втора 0,274437 0,000120
второе 0,653926 0,000095
второй 0,891598 0,000130
вход 0,755023 0,000219
входить 0,287682 0,000125
выбор 0,634878 0,000092
вывести 2,120264 0,000308
выделить 0,544727 0,000079
выдержать 1,832581 0,000266
выиграть 2,407946 0,000350
вымпелком 2,995732 0,000435
выпадать 1,139434 0,000166
выполнить 0,843970 0,000368
выполняться 1,272966 0,000555
выпуск 0,693147 0,000101
выпускать 1,237874 0,000180
вырубать 3,912023 0,000568
высокий 0,139262 0,000162
высота 0,415515 0,000121
выступление 1,272966 0,000185
вытянуть 2,207275 0,000321
выходит 1,427116 0,000207
выходить 1,309333 0,000190
вычислительный 1,514128 0,000220
выше 0,616186 0,000090
вячеславович 3,912023 0,000568
гагарина 1,427116 0,001244
газета 0,579818 0,000758
газовый 1,469676 0,000214
галерея 1,049822 0,000153
гастрольный 3,506558 0,000510
гбоу 3,218876 0,000935
гбу 3,218876 0,000468
гбуз 3,506558 0,001019
генеральный 0,755023 0,000110
генплан 1,560648 0,000454
географический 0,356675 0,000207
география 0,415515 0,000121
геральдический 1,560648 0,000227
герб 0,798508 0,001044
гербовник 2,995732 0,000435
гигантский 1,897120 0,000276
гидрография 1,427116 0,000415
гидроним 1,660731 0,000241
гимн 0,776529 0,000113
гимнастика 1,966113 0,000286
гипотеза 1,560648 0,000227
гкгн 0,994252 0,000144
гкгнпро 0,916291 0,000133
глава 0,494296 0,000862
главный 0,210721 0,000184
глазунова 3,218876 0,000468
глобус 2,659260 0,000386
год -0,009950 -0,000406
головной 2,120264 0,000616
голосование 1,309333 0,000190
голубь 2,525729 0,000367
гора 0,616186 0,000090
гордость 1,966113 0,000286
горловка 1,309333 0,000190
город 0,371064 0,005068
город-побратим 0,843970 0,000368
городецкий 1,560648 0,000454
городище 1,469676 0,000641
городищенский 3,506558 0,000510
городошный 3,912023 0,001137
городпенза 3,912023 0,000568
городпро 0,867501 0,000126
городской 0,544727 0,004828
горожанин 1,139434 0,000166
горький 0,941609 0,000274
госкомстат 0,891598 0,000259
госпиталь 1,897120 0,000551
гостиница 0,843970 0,000123
государственный 0,261365 0,001291
гоу 2,659260 0,000386
гоффмана 3,912023 0,000568
гпз 2,995732 0,001306
гражданский 0,733969 0,000107
гранит 2,659260 0,000386
граница 0,356675 0,000052
граф 1,832581 0,000266
грузонапряженный 3,912023 0,000568
группа 0,314711 0,000183
гряда 2,302585 0,000335
гтрк 1,049822 0,001525
губернатор 0,967584 0,000141
губерния 0,891598 0,001166
губернский 1,309333 0,000381
гуз 3,218876 0,006080
гуманитарный 0,994252 0,000144
давать 0,820981 0,000119
давыдову 3,912023 0,000568
дальний 0,446287 0,000065
дама 2,995732 0,000435
дамате 3,912023 0,000568
дамба 2,040221 0,000296
дарвина 3,912023 0,000568
дата 0,030459 0,000540
датский 0,328504 0,000048
дать 0,072571 0,000063
дача 1,469676 0,000214
два 0,150823 0,000022
дверь 2,120264 0,000308
движение 0,544727 0,000475
дворец 0,843970 0,002330
действовать -0,009950 -0,000006
дек 0,820981 0,000119
декабрь 0,094311 0,000397
декоративный 2,120264 0,000308
делать 0,867501 0,000126
деление 0,579818 0,000590
деловой 1,237874 0,000540
демография 2,120264 0,000308
демонтировать 2,040221 0,000593
демоскоп 0,820981 0,000358
дендрологический 3,912023 0,000568
денисов 3,218876 0,000468
денису 3,912023 0,000568
день 0,210721 0,000214
деньга 1,386294 0,000403
депо 1,771957 0,000515
депутат 0,776529 0,000226
детская 0,653926 0,000665
детский 0,967584 0,000844
дефицит 1,832581 0,000266
деятельность 0,342490 0,000100
джиэсэм 3,912023 0,000568
дзержинск 1,347074 0,000196
дзержинскому 2,659260 0,000386
диапазон 1,560648 0,000454
дивизион 1,609438 0,000468
дизайнерский 3,912023 0,000568
дизелист 3,912023 0,000568
дизель 3,218876 0,000468
дизель-арена 3,912023 0,002274
диспансер 1,832581 0,000799
дитя 0,867501 0,000252
длина 0,579818 0,000337
длительный 1,309333 0,000190
длиться 1,771957 0,000772
днейвикипедия 0,967584 0,000141
доблестинаселенные 3,218876 0,000468
доблесть 1,309333 0,000761
добрый 2,207275 0,000321
добый 3,912023 0,000568
договор 1,171183 0,000170
дод 3,506558 0,001019
дождь 1,469676 0,000214
документ 0,415515 0,000060
долгота 0,820981 0,000239
должность 1,049822 0,000763
дом 0,446287 0,000584
дом-музей 1,660731 0,000241
домашний 1,237874 0,000180
дополнительный -0,009950 -0,000001
дорога 0,527633 0,001150
дорожка 2,302585 0,000335
дорожный 1,021651 0,000148
достоверный 2,407946 0,000350
доступ 0,755023 0,000110
доступный -0,009950 -0,000003
досуг 2,407946 0,000350
дочерний 1,897120 0,000276
дпо 3,506558 0,000510
драматический 1,108663 0,000644
древко 3,218876 0,000935
древнемордовского 3,912023 0,000568
древние 0,967584 0,000141
древность 1,203973 0,000175
дробно -0,009950 -0,000003
друг 0,916291 0,000266
другой -0,009950 -0,000013
дружба 1,171183 0,000170
дубрава 2,813411 0,000409
дума 0,916291 0,001065
евграфов 3,912023 0,000568
евлашево 2,813411 0,000409
европа 0,301105 0,000044
европейский 0,494296 0,000144
единица 0,478036 0,000347
единоборство 2,120264 0,000924
ежегодник 0,820981 0,001551
екатеринбург 0,843970 0,000245
естественный 0,776529 0,000226
ефрона 0,328504 0,000095
железнодорожный 0,579818 0,000758
железнодорожныйрайон 3,506558 0,000510
железный 0,616186 0,000895
женщина 1,171183 0,000340
жертва 1,347074 0,000196
животноводство 2,407946 0,000700
жигулевск 1,832581 0,000266
жизнь 0,342490 0,000050
жилой 0,941609 0,000137
жилье 1,203973 0,000175
жиромская 1,021651 0,000148
житель 0,562119 0,000245
жить 0,820981 0,000119
журнал 0,301105 0,000219
жюльен 3,912023 0,000568
заболевание 1,771957 0,000257
заведение 0,867501 0,000504
завершить 0,867501 0,000126
завершиться 1,309333 0,000190
завод 0,693147 0,000403
завод-втуз 3,912023 0,000568
заглавный -0,009950 -0,000001
заимствовать 2,207275 0,000321
закон 0,462035 0,000134
закрепляться 3,912023 0,000568
закрытие 1,660731 0,000483
закрыть 0,798508 0,000232
зал 0,843970 0,001226
залегание 3,506558 0,000510
заложить 0,843970 0,000123
заменить 0,494296 0,000072
замостить 3,218876 0,000468
занести 1,714798 0,000249
заниматься 0,634878 0,000185
занятие 1,469676 0,000641
зао 1,514128 0,000880
запад 0,634878 0,000277
записьвойти -0,009950 -0,000001
заполнить 1,771957 0,000257
запретить 1,309333 0,000190
запустить 0,755023 0,000439
заработать 2,040221 0,000593
зарегистрировать -0,009950 -0,000006
заречный 2,120264 0,001849
засечный 2,813411 0,001635
застройка 0,916291 0,000133
затем 0,527633 0,000077
зато 1,560648 0,000227
затозаречный 3,912023 0,000568
затруднение 2,813411 0,000409
затянуться 2,813411 0,000409
захарьина 3,912023 0,000568
захватить 1,272966 0,000185
защита 0,616186 0,000090
заявление -0,009950 -0,000001
звание 0,891598 0,000259
звезда 0,916291 0,000266
здание 0,673345 0,000489
здешний 3,506558 0,000510
здоровье 1,203973 0,000350
здравоохранение 0,843970 0,000858
зеленовка 2,813411 0,000409
зеленодольск 1,237874 0,000180
зеленые 1,203973 0,000350
зеленый 0,755023 0,000439
зелень 2,659260 0,000386
земетчино 3,912023 0,000568
земетчинский 3,912023 0,000568
земледелие 2,207275 0,000321
земля 0,400478 0,000175
зенит 2,302585 0,000335
зеркало 2,659260 0,000386
зеркально 3,506558 0,000510
зима 0,478036 0,000139
зимина 3,506558 0,000510
зимний 0,798508 0,000232
златоуст 1,347074 0,000196
знак -0,009950 -0,000004
знаково-геральдической 3,912023 0,000568
знаменигорода 3,912023 0,000568
знамя 1,386294 0,000403
знание 1,108663 0,000161
знатный 2,995732 0,000435
значение 0,061875 0,000063
значительно 0,510826 0,000074
значок 3,218876 0,000468
золотистый 2,995732 0,000871
золото 1,469676 0,000214
золотой 0,597837 0,000869
зона 0,400478 0,000466
зоопарк 1,560648 0,000227
зоренька 3,912023 0,000568
зритель 1,108663 0,000322
зрительский 2,525729 0,000367
зубова 2,407946 0,000350
иван 0,843970 0,000123
иванович 1,560648 0,000227
иваново 1,139434 0,000166
игровой 1,832581 0,000266
идентификатор 0,693147 0,000101
ижавиа 3,506558 0,000510
ижевск 1,139434 0,000166
из-за 0,415515 0,000181
избирать 1,609438 0,000468
избираться 1,427116 0,000207
избрать 0,967584 0,000281
изд 0,314711 0,000046
издание 0,415515 0,000483
издательство 0,494296 0,000144
изделие 1,108663 0,000161
измайлова 3,912023 0,001137
изменение 0,301105 0,000044
изобилие 2,659260 0,000386
изображение 0,693147 0,000302
израиль 2,525729 0,000367
илл 2,813411 0,000818
именно 0,544727 0,000079
иметь 0,094311 0,000027
иметься 0,385662 0,000168
империя 0,653926 0,000095
имя 0,274437 0,000678
индекс 0,634878 0,000092
индустриальный 1,309333 0,000381
инженерный 1,272966 0,000370
институт 0,371064 0,000647
инструмент -0,009950 -0,000003
интенсивный 1,237874 0,000180
интернет 0,755023 0,000110
интернет-провайдера 3,506558 0,000510
инфекционный 1,966113 0,000286
информационно-аналитический 2,659260 0,000386
информационно-аналитическое 2,995732 0,000435
информационно-библиотечный 3,912023 0,000568
информационный 0,462035 0,000269
информация 0,162519 0,000118
инфраструктура 0,891598 0,000259
ипподром 1,966113 0,000286
ираэро 3,218876 0,000468
иркутск 1,171183 0,000170
исключительно 1,272966 0,000185
искусственный 0,916291 0,000399
искусство 0,478036 0,000208
ислам 1,386294 0,000403
исламский 1,771957 0,000257
исповедовать 2,659260 0,000386
исполнительный 1,171183 0,000170
исполнять 1,108663 0,000161
использование -0,009950 -0,000001
использовать 0,020203 0,000009
использоваться 0,223144 0,000032
исса 3,912023 0,000568
иссинский 3,912023 0,000568
исторический 0,314711 0,000183
история 0,051293 0,000067
источник -0,009950 -0,000020
исчисление 0,776529 0,000113
ит-колледж 3,912023 0,000568
итальянский 1,139434 0,000166
итог 0,494296 0,000215
ишимбай 1,309333 0,000190
июль 0,116534 0,000457
июнь 0,116534 0,001643
кабельный 1,514128 0,000440
каблучок 3,912023 0,000568
каждый 0,261365 0,000038
казанский 1,049822 0,000305
казань 0,891598 0,000259
казачий 1,469676 0,000641
калашников 2,525729 0,000367
калинин 1,966113 0,000857
каменка 2,659260 0,000773
каменск-уральский 1,347074 0,000196
каменский 2,659260 0,000386
камешкир 3,912023 0,000568
камешкирский 3,912023 0,000568
канадей 2,813411 0,000409
канал 0,673345 0,000587
канализация 1,966113 0,000571
канатный 2,207275 0,000321
кандидатура 2,407946 0,000350
карла 1,386294 0,000604
карт 0,301105 0,000175
картина 1,347074 0,000391
картинный 2,120264 0,000308
карусель 1,771957 0,000257
каспийск 1,272966 0,000185
каталанский 0,527633 0,000077
каталог 0,094311 0,000014
катание 1,966113 0,000857
катастрофа 1,514128 0,000220
категория -0,009950 -0,000003
катер 2,995732 0,000871
каток 2,302585 0,000335
католический 1,237874 0,000180
катюша 3,506558 0,000510
кафедральный 0,967584 0,000281
качаровского 3,912023 0,000568
качество 0,287682 0,000084
кбш 3,912023 0,000568
кемерово 1,237874 0,000180
киже-ватов-скийсель-совет 3,912023 0,000568
километр 0,693147 0,000101
кино 0,994252 0,000144
киноконцертный 2,995732 0,000435
кинотеатр 0,891598 0,000648
кириллица 3,506558 0,000510
киров 1,309333 0,000190
кирову 2,659260 0,000386
кирпичный 1,609438 0,000234
китай 0,776529 0,000113
кладбище 1,237874 0,000180
клапан 3,506558 0,000510
клары 3,506558 0,000510
клен 1,966113 0,000286
климат 0,446287 0,000454
клинический 1,386294 0,001410
ключевскому 3,912023 0,000568
код -0,009950 -0,000072
кодекс -0,009950 -0,000001
кодистория 0,116534 0,000017
колесо 2,407946 0,000350
количество 0,210721 0,000061
коллаж 3,912023 0,000568
колледж 1,108663 0,002739
коллектив 1,237874 0,000360
коллектор 2,120264 0,000308
коломна 1,272966 0,000370
колышлей 3,912023 0,000568
колышлейский 3,912023 0,000568
кольцевой 1,714798 0,000249
командный 1,347074 0,000391
комбинат 1,021651 0,000148
комитет 0,653926 0,000095
коммерция 2,525729 0,000367
коммерческий 1,021651 0,000148
коммунальный 1,609438 0,000234
компания 0,371064 0,000485
компания-транстелеком 3,912023 0,000568
комплекс 0,579818 0,001854
композиция 1,386294 0,000201
компрессор 3,218876 0,000468
компрессорный 2,995732 0,000435
комсомольск-на-амуре 1,203973 0,000175
комсомольский 0,891598 0,000130
кондитерская 1,660731 0,000483
кондоль 3,912023 0,000568
конек 2,207275 0,000962
конец 0,198451 0,000144
конституция 1,966113 0,000286
контакт 2,120264 0,000308
континентальность 2,407946 0,000350
континентальный 0,527633 0,000153
контроль 0,994252 0,000144
конференц-зал 3,506558 0,000510
конфессия 1,049822 0,000153
конфиденциальность -0,009950 -0,000001
копие 0,223144 0,000162
корея 1,897120 0,000276
короткий -0,009950 -0,000001
корпус 1,171183 0,000340
корт 2,659260 0,001159
костел 2,302585 0,000335
кострома 1,171183 0,000170
который 0,000000 0,000000
кошко 3,912023 0,000568
кравец 1,386294 0,000201
краеведческий 1,108663 0,000161
край 0,544727 0,000396
красивый 1,660731 0,000241
красная 0,713350 0,000207
краснова 3,506558 0,000510
красноярск 0,967584 0,000141
красный 0,597837 0,000347
крепость 0,994252 0,000578
кривов 3,506558 0,000510
кривозеровка 3,912023 0,000568
критик 1,560648 0,000227
кровопролитный 2,525729 0,000367
кровь 1,832581 0,000266
кром 0,235722 0,000034
круглогодичный 2,525729 0,000367
крупный 0,210721 0,000122
крупской 2,207275 0,000321
крутой 1,514128 0,000220
кубанский 2,302585 0,000335
кувайцев 3,912023 0,000568
кузнецк 2,302585 0,001338
кузнецка 2,995732 0,000435
кузнецкий 2,813411 0,000409
куйбышева 2,207275 0,000321
куйбышевского 2,525729 0,000367
куйбышевской 2,813411 0,000818
куки -0,009950 -0,000001
кукла 0,891598 0,000130
кукольный 2,525729 0,000367
культура 0,356675 0,000570
культурный 0,597837 0,000087
купальный 3,506558 0,000510
кураева 3,912023 0,000568
курган 1,203973 0,000175
курорт 1,560648 0,000227
курьер 2,525729 0,000734
лагуна-уор 3,912023 0,000568
ладожский 2,525729 0,000367
ланьчжоу 3,506558 0,000510
лариса 2,659260 0,000773
лев 0,967584 0,000281
левашов 1,660731 0,000483
левобережье 1,832581 0,000266
легкий 0,967584 0,000141
легкоатлетический 2,525729 0,000367
лед 1,171183 0,000340
ледовый 1,078810 0,000470
лекарственный 2,407946 0,000350
ленин 0,755023 0,000219
ленинец 2,995732 0,000435
ленинск-кузнецкий 1,347074 0,000196
ленинский 0,941609 0,000137
ленинскийрайон 3,506558 0,000510
леонидовскийсельсовет 3,912023 0,000568
лермонтова 2,525729 0,001835
лермонтову 3,506558 0,000510
лес 0,733969 0,000320
лесничество 2,995732 0,000435
лесной 0,843970 0,000123
лет 0,597837 0,000087
летию 1,078810 0,000157
летний 0,579818 0,000506
лето 0,891598 0,000130
летчик 2,207275 0,000321
лечебный 1,771957 0,000257
лига 0,941609 0,000684
ликвидация 1,609438 0,000234
ликвидировать 1,309333 0,000190
линия 0,462035 0,000537
липа 2,120264 0,000308
литературно-мемориальный 3,218876 0,000468
литературный 0,867501 0,000126
лицевой 2,659260 0,000386
лицензия -0,009950 -0,000001
лицо 0,673345 0,000098
личное 1,714798 0,000249
локальный 0,673345 0,000196
локомотив 1,714798 0,000748
локомотив-пенза 3,912023 0,000568
лом 2,525729 0,001101
лопатино 3,506558 0,000510
лопатинский 3,912023 0,000568
луганск 1,203973 0,000175
луначарского 2,813411 0,000818
лунино 3,912023 0,000568
лунинский 3,912023 0,000568
луховицы 2,659260 0,000386
лысьва 1,347074 0,000196
любое 1,139434 0,000166
люмен 3,506558 0,000510
маастрихтский 3,912023 0,001705
магадан 1,237874 0,000180
магистраль 0,867501 0,000126
магнитогорск 1,272966 0,000185
май 0,127833 0,000576
македония 2,813411 0,000409
макрорегион 3,912023 0,000568
максим 1,237874 0,000180
максимум 0,579818 0,000169
мало 0,579818 0,000084
малое 0,994252 0,000144
малой 0,776529 0,000113
малосердобинский 3,912023 0,000568
малый 0,139262 0,000040
мандат 3,218876 0,000468
манеж 2,207275 0,000321
марка 0,733969 0,000747
маркс 1,309333 0,000571
март 0,116534 0,000373
маршал 1,966113 0,000571
маршрут 0,673345 0,000587
маршрутный 1,049822 0,000153
массовый 0,494296 0,000359
материал -0,009950 -0,000004
матч 1,108663 0,000161
машина 0,713350 0,000207
маяк 1,078810 0,001097
мвд 1,309333 0,000190
мгуту 3,218876 0,000468
мгц 1,897120 0,001103
мебель 2,302585 0,000335
мегафон 1,237874 0,000540
медведь 1,660731 0,000241
медиафайлы 0,301105 0,000044
медико-санитарный 2,995732 0,001306
мединж 3,912023 0,000568
медицина 1,309333 0,000190
медицинский 0,653926 0,001425
международный 0,385662 0,000168
мейерхольда 3,912023 0,001705
мейерхольду 3,912023 0,000568
меловой 2,659260 0,000386
мемориальный 1,139434 0,000166
менеджмент 1,966113 0,000286
меридиан 2,207275 0,000321
мероприятие 0,916291 0,000133
местный 0,478036 0,000486
место 0,139262 0,000121
местоположение 1,660731 0,000241
месяц 0,415515 0,000060
месяцевикипедия 0,776529 0,000113
метро 1,272966 0,000370
механизм 1,347074 0,000196
мечеть 0,994252 0,000144
миасс 1,309333 0,000381
микрорайон 0,916291 0,000666
микрофауна 3,912023 0,000568
милицейский 2,995732 0,000435
милиционер 2,659260 0,000386
минздрава 2,813411 0,000409
мини-футбол 2,813411 0,000409
мини-футбола 3,506558 0,001019
минимум 0,653926 0,000190
министерство 0,653926 0,000190
министр 1,171183 0,000170
минута 1,272966 0,000370
мир 0,094311 0,000096
мироносицкого 3,912023 0,000568
михаила 1,171183 0,000170
михаилу 2,525729 0,000367
михайловича 2,525729 0,000367
мичуринскийсельсовет 3,912023 0,000568
мкад 2,407946 0,000350
млн 0,462035 0,000134
млрд 0,820981 0,000358
многие 0,356675 0,000052
многофункциональный 2,207275 0,000321
множество 0,462035 0,000067
мнэпу 3,912023 0,000568
мобайл 2,813411 0,000409
мобильный -0,009950 -0,000001
могилев 2,525729 0,000367
могилева 3,912023 0,000568
модуль 0,562119 0,000163
мозазавр 3,912023 0,000568
моисееву 3,912023 0,000568
мойка 3,218876 0,000468
мокшан-скийрайон 3,912023 0,000568
мокшанин 2,659260 0,000773
мокшанский 3,912023 0,000568
молком 3,912023 0,000568
молодежный 1,078810 0,000470
молодой 1,021651 0,000148
молочная 2,659260 0,000386
молочный 2,040221 0,000296
момент 0,527633 0,000077
монастырь 0,867501 0,000126
монета 0,994252 0,000144
монте-карло 2,407946 0,000350
монумент 1,272966 0,001295
мончегорск 1,347074 0,000196
мордва 1,309333 0,000190
мордовия 2,302585 0,000335
мордовский 2,659260 0,000386
море 0,562119 0,000163
морской 0,994252 0,000144
моршанск 3,912023 0,000568
моса 3,912023 0,000568
москва 0,400478 0,000582
москва-куйбышев 3,912023 0,000568
москвамосквамосковская 2,813411 0,000409
москвапенза 3,912023 0,000568
москвой 1,237874 0,000180
москву 1,139434 0,000166
москвы 0,653926 0,000095
московский 0,527633 0,000767
мост 0,713350 0,000207
мотокросс 3,218876 0,000935
мотостадион 3,912023 0,000568
мотостадионе 3,912023 0,000568
мотоцикл 2,813411 0,000409
мочь -0,009950 -0,000004
мск 0,843970 0,000123
мсч 3,912023 0,000568
мтс 1,237874 0,001799
мужской 1,108663 0,000161
муз-тв 1,966113 0,000286
муза 2,120264 0,004929
музей 0,653926 0,001615
музыкальный 0,867501 0,000252
мультиплекс 1,514128 0,000220
муниципальный 0,713350 0,002177
муп 1,897120 0,000276
муромский 2,659260 0,000773
мчс 2,120264 0,000308
мытищи 3,912023 0,000568
мэр 1,078810 0,000157
мэси 3,506558 0,000510
мясникова 3,218876 0,000935
мясное 3,912023 0,000568
мясоптицекомбинат 3,912023 0,000568
набережная 0,891598 0,000130
навигация -0,009950 -0,000004
награда 0,798508 0,000116
наградить 0,941609 0,000274
надежда 1,469676 0,000214
название 0,105361 0,000153
наземный 1,609438 0,000468
назначить 1,203973 0,000350
называть 0,174353 0,000025
называться 0,328504 0,000048
наиболее 0,139262 0,000020
наименование 0,994252 0,000144
найти 0,733969 0,000213
найтись 3,912023 0,000568
наместничество 1,514128 0,000220
наподобие 2,525729 0,000367
направление 0,385662 0,000112
направо 1,560648 0,000227
например 0,328504 0,000048
напротив 1,237874 0,000180
напряжение 3,218876 0,000935
наркологический 2,995732 0,000435
наровчат 3,912023 0,000568
наровчатский 3,912023 0,000568
народный 0,616186 0,000806
насаждение 1,469676 0,000214
население 0,462035 0,003357
населить 0,597837 0,000695
наследие 0,713350 0,000104
настоящее 0,287682 0,000209
наступать 0,843970 0,000123
насчитываться 0,967584 0,000281
научно-образовательный 0,967584 0,000141
научный 0,248461 0,000036
находиться 0,174353 0,000101
находка 0,994252 0,000289
национальность 0,867501 0,000126
начало 0,116534 0,000186
начать 0,510826 0,000223
начаться 0,562119 0,000082
начинаться 0,527633 0,000077
наш 0,527633 0,000077
небольшой 0,494296 0,000072
неверкино 3,912023 0,000568
неверкинский 3,912023 0,000568
негосударственный 1,386294 0,000201
недоступный 0,446287 0,000324
независимый 1,049822 0,000458
неизвестно 2,659260 0,000386
некоммерческий -0,009950 -0,000001
некорректно 1,897120 0,000276
некоторые 0,127833 0,000056
немного 1,309333 0,000190
немногочисленный 2,302585 0,000335
неподалеку 2,040221 0,000296
непрерывный 1,714798 0,000249
нерегулярный 3,912023 0,000568
несколько 0,116534 0,000051
нефтехимический 1,966113 0,000286
нехватка 1,966113 0,000286
неэлектрифицированная 3,912023 0,001137
нижегородский 1,832581 0,000533
нижегородско-харьковский 3,912023 0,000568
нижнеломовский 3,912023 0,000568
нижний 0,494296 0,000503
низкий 0,843970 0,000123
николаевич 1,309333 0,000190
никольск 3,506558 0,001019
никольский 2,207275 0,000321
нки 3,912023 0,000568
новгород 0,867501 0,000378
ново-тамбовская 3,912023 0,000568
новое 0,287682 0,000084
новокузнецк 1,272966 0,000185
новомосковск 1,203973 0,000175
новосибирск 0,916291 0,000133
новоспасское 2,659260 0,000386
новость 0,544727 0,000475
новый 0,083382 0,000085
ногаец 1,771957 0,000257
ногайско-черкесскую 3,912023 0,000568
нод 3,506558 0,000510
номер 0,634878 0,000092
норвежский 0,248461 0,000036
норильск 1,203973 0,000175
норма 0,597837 0,000174
нояб 0,820981 0,000119
ноябрь 0,127833 0,000372
нпп 3,218876 0,000935
нтв 1,427116 0,000207
нуз 3,912023 0,000568
ныне 0,653926 0,000190
оао 0,916291 0,000266
оба 0,597837 0,000174
обелиск 2,407946 0,000350
областигорода 2,407946 0,000350
областной 0,994252 0,003323
область 0,150823 0,001052
областьгорода 1,309333 0,000190
областьсеверноетатарстанбавлыбашкортостан 2,813411 0,000409
обнаружить 1,021651 0,000148
обновить 1,203973 0,000875
обозрение 1,897120 0,000276
обои 3,912023 0,000568
оборонительный 1,660731 0,000241
оборот 1,139434 0,000331
оборотный 2,995732 0,000435
оборудование 0,653926 0,000285
оборудовать 1,897120 0,000276
обоснование 1,966113 0,000286
обочина 3,506558 0,000510
обрабатывать 1,049822 0,000153
образец 1,203973 0,000175
образование 0,356675 0,000881
образовательный 0,891598 0,000130
образовать 0,385662 0,000112
образоваться 0,967584 0,000141
обращение 0,030459 0,000540
обслуживание 0,941609 0,000137
обучение 1,309333 0,000190
общее 0,301105 0,000044
общественный 0,494296 0,000503
общество 0,415515 0,000060
общий 0,186330 0,000135
объединение 0,776529 0,000339
объединить 0,867501 0,000126
объект 0,235722 0,000137
объем 0,400478 0,000058
объявить 0,798508 0,000116
объявление 1,966113 0,000286
объявлять 2,525729 0,000367
обязанность 1,347074 0,000196
обязательный 1,427116 0,000207
один 0,051293 0,000060
однако 0,174353 0,000203
одновременно 0,776529 0,000226
одноименный 0,967584 0,000281
однопутный 3,218876 0,000468
одоевского 3,506558 0,000510
означать 0,798508 0,000116
оказание 2,120264 0,000616
окаменелость 3,506558 0,000510
окато 0,820981 0,000239
окраина 1,049822 0,000305
окрестность 0,941609 0,000137
округ 0,562119 0,001062
окружной 1,609438 0,000234
окт 0,798508 0,000116
октмо 0,843970 0,000123
октябрь 0,072571 0,000200
октябрьский 0,776529 0,000451
октябрьскийрайон 3,912023 0,000568
олег 1,427116 0,000207
олимпийский 1,108663 0,001128
омск 1,021651 0,000297
онкологический 1,897120 0,000276
онлайн 0,198451 0,000058
онлайн-версией 3,912023 0,000568
онлайн-формат 3,912023 0,000568
ооо 0,843970 0,000245
оператор 0,941609 0,000958
описание -0,009950 -0,000001
оптический 1,897120 0,000276
опытный 1,108663 0,000161
орган 0,616186 0,000358
организация -0,009950 -0,000001
органный 1,966113 0,000286
орден 0,891598 0,000259
оренбургский 1,714798 0,000249
оригинал 0,139262 0,000465
оркестр 1,386294 0,000201
орск 1,272966 0,000185
ортпц 2,407946 0,000350
осада 1,897120 0,000276
осадок 0,544727 0,000158
осаждение 3,912023 0,000568
освещать 2,525729 0,000367
осина 2,813411 0,000409
осипов 0,527633 0,000077
основа 0,210721 0,000031
основание 0,494296 0,000072
основать 0,274437 0,000279
основное 0,235722 0,000103
основной 0,040822 0,000042
оставаться 0,544727 0,000079
остальной 0,616186 0,000090
остановка 1,514128 0,000220
осуществлять 0,597837 0,000087
осуществляться 0,616186 0,000179
отв 0,755023 0,000110
ответственность -0,009950 -0,000001
отгрузить 1,386294 0,000201
отделение 0,713350 0,000104
отделенческий 3,912023 0,000568
отдельный -0,009950 -0,000001
отдых 0,941609 0,000274
отечественный 0,634878 0,000092
отказ -0,009950 -0,000003
открытие 0,616186 0,000179
открыто 1,078810 0,000470
открыть 0,150823 0,000329
открыться 0,820981 0,000835
отличаться 0,342490 0,000100
отложение 2,040221 0,000593
отложить 2,407946 0,000700
относительно 0,415515 0,000060
относиться 0,328504 0,000048
отношение 0,430783 0,000063
отоми 3,912023 0,000568
отправляться 1,427116 0,000207
отр 1,832581 0,000266
отредактировать -0,009950 -0,000001
отследить 2,995732 0,000435
отставка 1,832581 0,000266
отсутствие 0,891598 0,000259
отходить 1,897120 0,000276
официальный 0,356675 0,000363
ох 1,347074 0,000196
охватить 1,832581 0,000266
оценка 0,400478 0,000058
ошибкекак -0,009950 -0,000001
павлин 1,714798 0,000249
пакет 1,427116 0,000415
палеонтология 3,218876 0,000935
памятник 0,597837 0,003562
памятный 0,798508 0,000348
память 0,820981 0,000119
панорама 1,203973 0,000175
пао 1,427116 0,002074
параметрамистатьи 3,218876 0,000468
парк 0,653926 0,000475
парковый 1,609438 0,000234
пассаж 2,659260 0,000386
пассажирский 0,941609 0,000684
пачелма 3,912023 0,000568
пачелмский 3,912023 0,000568
пачелмы 3,912023 0,000568
пашков 3,506558 0,000510
пгсха 3,912023 0,000568
пгу 3,218876 0,000468
пгуас 3,912023 0,001137
педагогический 0,867501 0,000252
пенза 1,108663 0,019170
пенза-онлайн 3,912023 0,000568
пензадизельмаш 3,912023 0,000568
пензаинформ 3,912023 0,000568
пензе 3,912023 0,025011
пензенец 3,912023 0,002274
пензенка 3,912023 0,000568
пензенская 2,207275 0,009943
пензенские 3,912023 0,000568
пензенский 3,506558 0,036176
пензенским 3,912023 0,000568
пензенского 3,506558 0,004076
пензенское 3,912023 0,002842
пензенской 2,813411 0,016761
пензенском 3,912023 0,001137
пензмаш 3,912023 0,000568
пензу 3,506558 0,001019
пензхиммаш 3,912023 0,001137
пензы 3,912023 0,028422
пензяк 3,912023 0,001705
пензяки 3,912023 0,001705
пензятка 3,912023 0,000568
пензячка 3,912023 0,000568
первенство 1,469676 0,000427
первое 0,150823 0,000066
первомайский 1,347074 0,000979
первомайскийрайон 3,912023 0,000568
первопоселенец 3,506558 0,000510
первый 0,162519 0,000189
перевести 0,994252 0,000144
перевозка 0,891598 0,000259
переволок 2,302585 0,000335
переименовать 0,941609 0,000137
перейти -0,009950 -0,000006
переливание 2,525729 0,000367
переменный 2,813411 0,000409
перепись 0,755023 0,001097
переработка 1,469676 0,000214
пересмотреть 2,995732 0,000435
перестать 1,714798 0,000249
перестройка 1,771957 0,000257
пересыхать 3,912023 0,000568
переулок 1,514128 0,000440
переход 0,653926 0,000095
период 0,274437 0,000120
пермь 0,994252 0,000144
персональный -0,009950 -0,000001
пертурбационный 3,506558 0,000510
петрить 1,714798 0,000498
петрович 1,897120 0,000276
печатный 1,021651 0,000297
печать -0,009950 -0,000003
печерский 2,302585 0,000335
пивная 3,912023 0,000568
пионерский 2,407946 0,000700
писчебумажный 3,912023 0,000568
питание 1,171183 0,000340
пищевой 0,916291 0,000133
пиянза 3,912023 0,000568
плавание 1,714798 0,000997
план 0,527633 0,000230
планетарий 1,832581 0,000533
планироваться 0,891598 0,000389
пластик 2,995732 0,000435
пластырь 3,912023 0,000568
плеханова 2,302585 0,000335
плотность 0,634878 0,000092
площадка 0,867501 0,000378
площадь 0,385662 0,000336
плюс 1,272966 0,000370
пляж 1,609438 0,000702
пляжный 2,207275 0,000641
победа 0,755023 0,000549
поведение -0,009950 -0,000001
поволжский 2,302585 0,000335
поволжье 1,832581 0,000266
поволжья 1,714798 0,000249
повторный 2,120264 0,000308
погибший 1,203973 0,000175
погода 0,693147 0,000101
погром 2,813411 0,000409
подведомственный 2,040221 0,000593
подвергнуться 1,714798 0,000249
подвижной 1,832581 0,000799
подготовка 0,916291 0,000932
подконтрольный 2,813411 0,000409
поднять 1,609438 0,000234
подольск 1,272966 0,000185
подрайон 3,912023 0,000568
подтвердить 1,309333 0,000190
подходить 1,386294 0,000201
подчинение 1,237874 0,000180
поезд 1,021651 0,000742
пожар 1,171183 0,000170
поздний 1,171183 0,000170
позже 0,733969 0,000107
поиск -0,009950 -0,000003
поискать 3,912023 0,000568
пока 0,843970 0,000123
показатель 0,494296 0,000215
покаяние 3,506558 0,000510
покинуть 1,966113 0,000286
покрытие 1,560648 0,000454
пол 0,446287 0,000519
полдень 0,916291 0,000133
поле 1,049822 0,000458
полеологовский 3,912023 0,000568
поликлиника 1,309333 0,001332
политехнический 1,560648 0,000454
политик -0,009950 -0,000006
политический 0,597837 0,000087
полк 1,469676 0,000427
полковой 3,506558 0,000510
полностью 0,400478 0,000058
полноценный 1,771957 0,000257
поло 2,995732 0,000435
половина 0,430783 0,000063
положение 0,415515 0,000181
положить 1,514128 0,000220
полон 3,506558 0,000510
полоса 0,916291 0,000266
полотнище 1,609438 0,000702
полубояров 3,912023 0,000568
получить 0,150823 0,000044
польский 1,347074 0,000196
поляк 0,820981 0,000119
поляна 1,427116 0,000207
помимо 0,562119 0,000082
помощь 0,342490 0,000199
поправка 2,407946 0,000700
портал 0,342490 0,000149
порталвикипедия 2,120264 0,000308
порядка 1,139434 0,000166
посад 1,469676 0,000427
посадочный 2,813411 0,000409
посвятить 0,634878 0,000092
поселение 0,634878 0,000830
поселок 0,634878 0,000185
посетитель 1,771957 0,000772
послевоенный 1,309333 0,000190
последний -0,009950 -0,000003
последствие 1,427116 0,000207
последующий 1,272966 0,000370
пост 1,078810 0,000157
постановка 2,120264 0,000308
постоянный 0,579818 0,000674
построить 0,301105 0,000394
потребительский 1,832581 0,000533
похоронить 2,040221 0,000296
почетный 0,820981 0,000119
почтовый 0,653926 0,000095
поэтапный 2,995732 0,000435
появиться 0,248461 0,000108
пояс 0,597837 0,000261
ппо 3,912023 0,001137
пра-финно-угорского 3,912023 0,000568
правда 0,820981 0,000239
правитель 1,771957 0,000257
правительство 0,510826 0,000223
править -0,009950 -0,000136
правка 0,274437 0,000080
правкиновые -0,009950 -0,000001
правкипостоянная -0,009950 -0,000001
право 0,314711 0,000183
правобережье 1,966113 0,000286
правопреемник 2,813411 0,000409
православный 0,755023 0,000110
прамарийского 3,912023 0,000568
пребывание 1,832581 0,000266
превращаться 1,660731 0,000241
предел 0,400478 0,000058
предоставить 1,714798 0,000249
предоставлять 0,713350 0,000207
предоставляться 2,207275 0,000321
предприниматель 1,609438 0,000234
предпринимательство 1,714798 0,000249
предприятие 0,527633 0,000537
председ 1,203973 0,000175
председатель 0,916291 0,000266
представительство 0,994252 0,000144
представить 0,328504 0,000239
представиться -0,009950 -0,000001
представление 0,776529 0,000113
представлять 0,328504 0,000095
предусмотреть 1,427116 0,000207
президент 0,597837 0,000174
преимущественно 0,776529 0,000113
прекратить 0,916291 0,000133
прекращение 1,771957 0,000257
преобразовать 0,967584 0,000281
прибор 1,660731 0,000241
приборостроительный 1,966113 0,000286
приверженец 2,995732 0,000435
приводной 3,912023 0,000568
приволжский 1,609438 0,000702
пригородный 0,967584 0,000422
придти 0,755023 0,000110
признание 0,867501 0,000126
признать 0,494296 0,000144
приложение 0,733969 0,000213
применять 0,510826 0,000148
примет 2,207275 0,000321
примечание -0,009950 -0,000003
принадлежать 0,755023 0,000219
принимать 0,634878 0,000092
приобрести 1,139434 0,000331
присвоение 1,139434 0,000166
присвоить 0,798508 0,000116
присоединение 1,469676 0,000214
пристань 1,427116 0,000207
присутствие 1,514128 0,000220
приход 1,108663 0,000161
причал 1,897120 0,000551
причина 0,562119 0,000082
проблема 0,274437 0,000080
пробыть 3,506558 0,000510
провайдер 2,120264 0,000308
проведение 0,673345 0,000391
проверить 0,478036 0,000069
проверка 0,843970 0,000123
проверяться 1,714798 0,000249
провести 0,579818 0,000084
провинция 1,309333 0,000190
провод 2,995732 0,000435
проводиться 0,653926 0,000570
прогулочный 2,525729 0,000734
продажа 1,514128 0,000440
продление 2,525729 0,000734
продлить 2,120264 0,000308
продолжительность 1,021651 0,000148
продукция 0,941609 0,000137
проезд 1,171183 0,000170
проект -0,009950 -0,000012
проектахмедиафайлы 2,525729 0,000367
производство 0,527633 0,000613
произойти 0,430783 0,000125
происходить 0,328504 0,000143
происхождение 0,776529 0,000113
пройти 0,544727 0,000396
прокоп 3,912023 0,000568
прокопьевск 1,272966 0,000185
проломный 3,506558 0,000510
промышленность 0,494296 0,000359
промышлять 0,462035 0,000269
просмотр -0,009950 -0,000001
просп 3,218876 0,001403
проспект 0,891598 0,000259
просяной 3,912023 0,000568
протекать 1,108663 0,000483
противотуберкулезный 2,995732 0,000435
прототип 2,040221 0,000296
протяженность 0,776529 0,000226
профессиональный 0,733969 0,000320
профилактика 2,525729 0,000734
профилакторий 3,506558 0,000510
профиль 1,427116 0,000207
проходить 0,462035 0,000336
прохоров 1,078810 0,000157
прочее 0,544727 0,000079
прошение 2,995732 0,000435
прыжковый 3,912023 0,000568
прыжок 2,302585 0,001338
прямоугольный 1,560648 0,000227
психиатрический 1,966113 0,000286
птицефабрика 2,995732 0,000435
птк 3,912023 0,000568
публикация 1,272966 0,000185
публичный 1,078810 0,000157
пугачевагорода 3,218876 0,000468
пугачеву 3,912023 0,000568
пункт 0,494296 0,000718
пусан 3,506558 0,000510
пустить 1,514128 0,000220
путеводитель 0,713350 0,000207
путь 0,261365 0,000190
путятино 2,813411 0,000409
пушкин 0,916291 0,000799
пшеничный 3,218876 0,000468
пышма 1,309333 0,000190
пьянза 3,912023 0,000568
пятилетка 1,897120 0,000276
пятница 1,427116 0,000207
пятый 0,994252 0,000144
пять 0,693147 0,000101
работа 0,127833 0,000130
работать 0,314711 0,000549
радио 0,891598 0,002202
радиовещательный 1,897120 0,000276
радиоканал 1,897120 0,000551
радиостанция 1,021651 0,000594
радиотелецентр 2,995732 0,000435
радость 2,302585 0,000335
разветвить 2,813411 0,000409
развитие 0,127833 0,000056
развлекательный 1,714798 0,000249
разделить 0,527633 0,000230
разина 2,207275 0,000321
разинаскрытые 2,525729 0,000367
различный 0,116534 0,000034
размещение 0,673345 0,000098
разный 0,314711 0,000046
разорвать 1,897120 0,000276
разработать 0,616186 0,000090
разработчик -0,009950 -0,000001
разумовского 3,506558 0,000510
район 0,430783 0,001440
районный 1,171183 0,000681
райцентр 0,941609 0,000137
рамат-ган 3,912023 0,000568
рамзайскийсельсовет 3,912023 0,000568
рамка 0,478036 0,000069
рано 0,261365 0,000228
расписание 1,832581 0,000799
располагать 1,386294 0,000201
располагаться 0,544727 0,000396
расположить 0,385662 0,000672
рассматривать 1,237874 0,000180
рассматриваться 1,203973 0,000175
растение 1,171183 0,000511
растительность 1,309333 0,000381
расширение 0,415515 0,000060
расширить 0,967584 0,000141
рахманинова 3,218876 0,000468
ргсу 3,506558 0,000510
ргуитп 3,912023 0,000568
реализация 0,798508 0,000116
реализовать 0,673345 0,000196
ребенок 2,120264 0,000308
революционный 1,386294 0,000201
революция 0,562119 0,000163
ревунова 3,912023 0,000568
регби 2,302585 0,000335
регбийный 2,813411 0,000818
регион 0,385662 0,000280
региональный 0,634878 0,000461
регулярный 0,798508 0,000116
ред 0,235722 0,000069
режиссер 1,660731 0,000241
резерв 1,514128 0,001100
резервный 2,525729 0,000367
резонанс 2,659260 0,000386
результат 0,174353 0,000051
рейс 1,171183 0,000511
река 0,446287 0,000519
реквизит 3,912023 0,000568
реконструировать 1,237874 0,000180
реконструкция 0,820981 0,000716
рекорд 1,427116 0,000207
религиозный 0,891598 0,000259
религия 0,755023 0,000329
рельсовый 2,525729 0,001101
ремонт 1,139434 0,000166
рен 1,660731 0,000241
реорганизация 2,207275 0,000641
репрессия 1,897120 0,000276
рептилия 2,659260 0,000386
республика 0,527633 0,000077
ресурс 0,020203 0,000003
ретро 1,897120 0,000276
реформа 1,108663 0,000161
речка 1,427116 0,000207
речной 0,693147 0,000302
решение 0,328504 0,000143
ржд 1,832581 0,000266
рисунок 1,560648 0,000227
ритэйл 3,912023 0,000568
рманпо 3,912023 0,000568
роддом 2,813411 0,000409
родильный 2,525729 0,000367
родное 1,966113 0,000286
родственный 0,579818 0,000084
розничный 1,171183 0,000170
роман 1,237874 0,000180
россиигородские 2,302585 0,000335
российский 0,105361 0,000628
российско-украинской 1,108663 0,000161
россия 0,174353 0,001191
росспэн 0,994252 0,000144
росстат 0,776529 0,000113
рост 0,597837 0,000087
ростелеком 1,386294 0,001007
росток 2,813411 0,001635
рсфср 0,733969 0,000427
ртищево 3,218876 0,000935
ртк 3,506558 0,000510
ртрс 1,514128 0,001320
руб 1,171183 0,000681
рубин 2,659260 0,000773
рубль 0,755023 0,000110
рубцовск 1,347074 0,000196
рузаевка 3,912023 0,000568
рузаевки 3,912023 0,000568
руководство 0,544727 0,000079
рус 0,162519 0,001393
русский -0,009950 -0,000013
ручей 1,771957 0,000772
рыбинск 1,203973 0,000175
рынок 0,713350 0,000311
рябихина 3,912023 0,001137
ряд 0,223144 0,000097
ряжск 3,218876 0,000468
ряжская 3,912023 0,000568
рязанский 1,966113 0,000286
рязань 1,049822 0,000458
савицкого 3,912023 0,001137
сад 0,843970 0,000123
сайт 0,210721 0,000153
салехард 1,347074 0,000196
саловскийсельсовет 3,912023 0,000568
салют 2,525729 0,001101
сам 0,162519 0,000024
самара 0,891598 0,000130
самарская 2,207275 0,000321
самарского 2,659260 0,000386
самолет 1,237874 0,000360
самоуправление 0,891598 0,000518
самый 0,174353 0,000127
санаторий 1,714798 0,000498
санкт-петербург 0,616186 0,000179
санти 3,506558 0,000510
сантонского 3,912023 0,000568
саратов 0,967584 0,000281
саратовский 1,966113 0,000286
сатурн 2,659260 0,000386
сборная 1,897120 0,000276
сборник 0,597837 0,000174
сборный 2,813411 0,000409
свердлова 2,525729 0,000367
свердловского 2,995732 0,000435
сверху 1,347074 0,000196
светлый 1,386294 0,000403
свободный -0,009950 -0,000001
сводной 2,525729 0,000367
свое 0,287682 0,000084
свой 0,150823 0,000066
свойство 0,415515 0,000121
свыше 0,891598 0,000130
связать 0,174353 0,000076
связаться -0,009950 -0,000001
связь 0,174353 0,000228
сга 3,912023 0,000568
сделать 0,616186 0,000090
сдюсшор 2,659260 0,000773
себя 0,198451 0,000058
север 0,527633 0,000153
северный 0,385662 0,000056
северо-восток 1,237874 0,000180
северодвинск 1,171183 0,000170
сегодня 0,616186 0,000090
сезон 0,916291 0,000133
сей 0,693147 0,000101
сектор 1,049822 0,000305
село 0,891598 0,000130
сельский 0,634878 0,000830
сельскохозяйственный 0,941609 0,000274
сельсовет 2,659260 0,001159
семашко 3,506558 0,000510
семейный 2,120264 0,000616
семь 0,820981 0,000119
семья 0,843970 0,000245
сенат 2,207275 0,000321
сент 0,843970 0,000123
сентябрь 0,072571 0,000169
серафимович 3,218876 0,000468
сергеев 2,302585 0,000335
сергей 0,967584 0,000141
сердоба 3,912023 0,000568
сердобск 3,912023 0,001137
сердобский 3,912023 0,000568
сердце 1,714798 0,000249
серебряный 0,891598 0,000130
серия 0,713350 0,000104
сертификация 2,813411 0,000409
сессия 2,207275 0,000641
сеть 0,356675 0,000363
сжечь 2,407946 0,000350
сибирский 1,049822 0,000153
сила 0,494296 0,000072
символ 0,733969 0,000107
символизировать 1,469676 0,000214
символика 1,237874 0,000540
симферополь 1,897120 0,000551
синагога 1,347074 0,000196
синема 1,771957 0,000257
синтетический 2,302585 0,000335
система 0,051293 0,000015
систематический 2,040221 0,000296
системеобсуждениевкладсоздать -0,009950 -0,000001
сити-менеджера 2,995732 0,000435
скачать -0,009950 -0,000001
сквер 0,941609 0,000137
сколько 0,653926 0,000095
скопье 3,218876 0,000468
скора 1,832581 0,000799
скоро 1,560648 0,000227
скоростной 1,309333 0,000190
скульптура 0,916291 0,000266
слава 0,941609 0,000410
слева 1,108663 0,000161
следование 2,120264 0,000308
следовать 0,235722 0,000103
слепцову 3,912023 0,000568
слобода 1,347074 0,000391
словарь 0,094311 0,000014
словарь-справочник 1,560648 0,000454
слово 0,210721 0,000061
сложный 0,446287 0,000065
слой 1,272966 0,000370
служба 0,527633 0,000460
случай -0,009950 -0,000001
смартс 3,218876 0,000935
смешать 1,309333 0,000190
смещение 0,733969 0,000107
сми 0,867501 0,000378
снг 1,714798 0,000249
снова 1,386294 0,000201
сноп 3,506558 0,001529
собачка 3,218876 0,000468
собор 0,733969 0,000213
соборный 1,049822 0,000153
собственность 1,309333 0,000190
собственный 0,446287 0,000130
событияпожертвовать -0,009950 -0,000001
совет 0,462035 0,000134
советский 0,261365 0,000152
современник 1,609438 0,000234
современный 0,150823 0,000044
согласно 0,301105 0,000088
содержание 0,010050 0,000001
соединять 1,108663 0,000161
соединяться 2,120264 0,000308
создать 0,210721 0,000061
созыв 1,514128 0,000220
соколова 2,525729 0,000367
сокращение 0,867501 0,000126
солнечный 0,597837 0,000087
солнышко 3,506558 0,000510
сообщать 1,966113 0,000286
сообщение 0,478036 0,000347
сообщить -0,009950 -0,000001
соответствие 0,371064 0,000162
соревнование 1,108663 0,001450
сортировочная 2,659260 0,000386
соседний 1,203973 0,000175
сосново-широколиственными 3,912023 0,000568
сосновоборск 3,218876 0,000468
сосновоборский 3,912023 0,000568
сосновскийсельсовет 3,912023 0,000568
сост 0,597837 0,000087
состав 0,248461 0,000144
составить 0,400478 0,000175
составлять 0,198451 0,000115
состояние 0,248461 0,000036
состояться 0,713350 0,000104
сосуществовать 3,506558 0,000510
сотовый 1,309333 0,000571
сотрудник 1,386294 0,000201
сохранение -0,009950 -0,000001
сохранить 1,171183 0,000170
сохранять 1,427116 0,000207
сохраняться 1,108663 0,000161
социалистический 1,272966 0,000185
социально-педагогический 2,995732 0,000435
социально-экономическом 2,525729 0,000367
социальный 0,527633 0,000460
сочить 1,514128 0,000440
союз 0,579818 0,000506
спартак 1,771957 0,000515
спартакиада 2,659260 0,003091
спас 1,609438 0,000234
спасск 2,813411 0,001226
спасский 2,207275 0,000641
спбагз 3,912023 0,000568
специализировать 0,994252 0,000578
специализироваться 1,966113 0,000286
специалист 0,755023 0,000110
специальный 0,415515 0,000181
спид 2,813411 0,000409
список 0,210721 0,000153
спорт 0,713350 0,003732
спортивно-зрелищного 3,912023 0,000568
спортивно-зрелищный 3,506558 0,001019
спортивно-оздоровительные 3,912023 0,000568
спортивно-оздоровительный 2,659260 0,001159
спортивный 0,891598 0,003368
спортсмен 1,771957 0,000772
справедливость 2,525729 0,000367
справка 1,203973 0,000175
справочник 0,798508 0,000116
спрыгина 3,506558 0,000510
среди 0,198451 0,000058
средне-волжской 2,995732 0,000435
средневолжский 3,506558 0,000510
среднегодовой 0,776529 0,000113
среднее 0,342490 0,000100
среднестатистический 3,506558 0,000510
средний 0,371064 0,000485
средство 0,287682 0,000251
срок 0,798508 0,000116
сср 0,820981 0,000239
ссср 0,314711 0,000366
ссылка -0,009950 -0,000020
ссылкасведения -0,009950 -0,000001
став 1,771957 0,000257
стадион 0,891598 0,003109
сталина 2,040221 0,000296
сталинский 1,514128 0,000440
сталь 0,415515 0,000121
стальной 2,525729 0,000367
становиться 0,415515 0,000242
станция 0,579818 0,000674
старое 0,941609 0,000137
старый 0,314711 0,000320
стасова 3,912023 0,000568
статистик -0,009950 -0,000012
статистический 0,713350 0,001555
статус 0,430783 0,000250
стать 0,083382 0,000121
статьислучайная -0,009950 -0,000001
статьисообществофорумсправкасвежие -0,009950 -0,000001
статья 0,020203 0,000038
статьяобсуждение -0,009950 -0,000001
статьятекущие -0,009950 -0,000001
сте-панов-скийсель-совет 3,912023 0,000568
стекать 3,218876 0,000935
стела 1,386294 0,000201
степана 1,966113 0,000286
степанщино 2,813411 0,000409
стиль 0,673345 0,000294
стоить 0,891598 0,000259
столица 0,755023 0,000110
стоматологический 2,040221 0,000593
сторона 0,235722 0,000274
стр 1,309333 0,000381
страна 0,235722 0,000137
страница -0,009950 -0,000010
страницасодержаниеизбранные -0,009950 -0,000001
страницецитировать -0,009950 -0,000001
страницуполучить -0,009950 -0,000001
страницыслужебные -0,009950 -0,000001
страхование 2,525729 0,000367
стрельбищенская 3,912023 0,000568
строитель 1,272966 0,001295
строительный 0,891598 0,000130
строительство 0,462035 0,000336
структура 0,400478 0,000058
стс 1,714798 0,000249
студия 1,560648 0,000227
ступино 1,347074 0,000196
субъект 0,597837 0,000434
суворова 2,659260 0,000773
суворовский 2,525729 0,000734
судебно 3,912023 0,000568
суперлига 1,560648 0,000227
сура 2,995732 0,007400
сурск 3,912023 0,000568
сурский 3,506558 0,001019
сурского 3,912023 0,000568
сурскоеводохр 3,912023 0,000568
сутки 1,427116 0,000207
суточный 0,755023 0,000219
суходол 2,525729 0,000367
существовать 0,020203 0,000006
сцб 3,912023 0,000568
счетмаш 3,506558 0,000510
считая 2,207275 0,000321
сызрано-вяземской 3,912023 0,000568
сызранский 2,995732 0,000435
сызрань 1,237874 0,000719
сюдасвязанные -0,009950 -0,000001
табл 0,867501 0,000126
таблица 0,544727 0,000396
тагил 1,272966 0,000185
такси 1,021651 0,000148
тамала 3,912023 0,000568
тамалинский 3,912023 0,000568
тамбов 2,302585 0,000669
тамбовский 2,659260 0,000386
татарин 0,733969 0,000107
тв-экспресс 3,912023 0,000568
твой 2,207275 0,000321
творческий 1,309333 0,000190
творчество 1,021651 0,000297
театр 0,713350 0,001348
театральный 1,049822 0,000763
текст -0,009950 -0,000001
телевещание 1,966113 0,000286
телевидение 0,820981 0,000477
телевизионный 1,078810 0,000470
телегид 3,506558 0,000510
телек 2,302585 0,000335
телеканал 0,916291 0,000533
телепрограмма 2,995732 0,000435
телесемь 2,813411 0,000409
телефонный 0,776529 0,000226
тема 0,693147 0,000101
тематика 1,897120 0,000276
тематический 0,510826 0,000074
темп 1,347074 0,000587
температура 0,510826 0,000297
теннис 2,040221 0,000889
теннисный 2,207275 0,000962
тепловоз 3,218876 0,000468
теплое 1,309333 0,000190
терновка 3,912023 0,000568
территориальный 0,713350 0,000622
территория 0,356675 0,000518
техник 0,713350 0,000311
техникум 1,272966 0,000370
технический 0,462035 0,000067
технологический 1,272966 0,000370
технология 0,400478 0,000407
течение 0,314711 0,000046
течь 0,274437 0,000160
тип 0,072571 0,000053
титова 2,995732 0,000871
тнт 1,714798 0,000249
товар 0,916291 0,000266
товарный -0,009950 -0,000001
ток 2,813411 0,001226
токарь 3,506558 0,000510
толстопятый 3,912023 0,001137
тольятти 1,514128 0,000220
томск 1,108663 0,000161
топкий 3,218876 0,000468
топоним 1,078810 0,000314
топонимика 1,897120 0,000276
торговля 0,579818 0,000253
торгово-развлекательных 2,659260 0,000386
торговый 0,597837 0,000521
торжественно 1,660731 0,000241
точка 0,478036 0,000208
точный 1,347074 0,000196
трамвай 0,891598 0,000518
трансляция 1,897120 0,000276
транспорт 0,616186 0,000895
транспортный 0,616186 0,000269
транссиб 2,040221 0,000296
требовать 0,562119 0,000082
трек 3,218876 0,000468
тренажерный 3,218876 0,000468
тренировка 2,995732 0,000871
тренировочный 2,813411 0,000409
третий 0,616186 0,000090
трехлетний 2,813411 0,000409
три 0,248461 0,000108
триатлон 3,912023 0,000568
трибун 2,040221 0,000296
триумфальный 2,040221 0,000296
трк 1,771957 0,000257
троллейбус 0,867501 0,000630
троллейбусный 0,967584 0,000562
труба 2,207275 0,000321
трубопроводный 2,525729 0,000367
труд 0,597837 0,000174
трудовой 0,967584 0,001265
трц 1,660731 0,001207
ттк 2,525729 0,000734
турнир 1,771957 0,000772
туронского 3,912023 0,000568
тыс 0,430783 0,000063
тысяча 0,371064 0,000162
тюмень 1,171183 0,000170
тюстин 3,912023 0,000568
угол 1,108663 0,000161
удовлетворить 2,407946 0,000350
уезд 1,272966 0,000555
уездный 1,469676 0,000214
узел 0,527633 0,000230
узкоколейный 2,659260 0,000386
указ 0,733969 0,000533
указание -0,009950 -0,000001
указать 0,083382 0,000097
указывать 1,272966 0,000185
укладка 3,912023 0,000568
украина 0,527633 0,000077
улан-удэ 1,237874 0,000180
улица 0,776529 0,000903
улично-дорожной 2,207275 0,000321
ульянов 2,207275 0,000641
ульяновск 1,078810 0,000157
ульяновский 1,966113 0,000286
умеренно 1,021651 0,000445
умет 2,659260 0,000386
университет 0,328504 0,000811
уничтожить 1,203973 0,000175
упоминание 0,967584 0,000141
управление 0,248461 0,000181
упразднение 2,407946 0,000350
упразднить 1,237874 0,000180
урал 1,560648 0,000680
урицкого 2,525729 0,000367
уровень 0,150823 0,000044
усеинов 3,912023 0,001705
усеинова 3,912023 0,001705
усеинович 3,912023 0,000568
условие -0,009950 -0,000009
услуга 0,755023 0,000439
усовершенствование 2,995732 0,000435
успешно 1,771957 0,000257
устав 0,843970 0,000613
устрица 3,506558 0,000510
устройство 0,527633 0,000153
утвердить 0,755023 0,000439
утверждение 0,400478 0,000058
уфа 0,967584 0,000281
участие -0,009950 -0,000001
участник 0,510826 0,000223
участок 0,616186 0,000448
учебный 0,673345 0,000391
ученик 2,120264 0,000308
учет 0,597837 0,000174
учетный -0,009950 -0,000001
училище 0,967584 0,000984
учитель 1,427116 0,000207
учительский 2,659260 0,000386
учиться 1,272966 0,000925
учреждение 0,653926 0,002090
фабрика 1,021651 0,000891
фгбоу 3,506558 0,001019
февр 0,820981 0,000119
февраль 0,051293 0,000209
февронии 2,525729 0,000734
федеральный 0,462035 0,001007
федерация 0,510826 0,001633
фигура 1,514128 0,000220
физико-географический 0,693147 0,000201
физический 0,798508 0,000116
физкультурно-оздоровительные 3,506558 0,000510
физкультурно-оздоровительный 3,912023 0,001705
филармония 1,049822 0,001068
филатова 2,659260 0,000386
филиал 0,755023 0,002523
финал 2,120264 0,000308
финансирование 1,714798 0,000498
финансовый 0,733969 0,000427
финансы 0,733969 0,000107
флаг 0,597837 0,000261
флор 1,021651 0,000445
флот 1,347074 0,000196
фок 3,218876 0,000468
фонд -0,009950 -0,000003
форма 0,287682 0,000042
формат 0,843970 0,000123
фото 1,203973 0,000175
фотография 1,108663 0,000161
фрагментарный 3,218876 0,000468
францевич 3,912023 0,000568
франций 1,139434 0,000166
франциском 3,912023 0,000568
фронтовой 3,506558 0,000510
функционировать 0,798508 0,000464
функция 0,693147 0,000101
футбол 1,139434 0,000166
футбольный 0,941609 0,000410
ханты-мансийск 1,347074 0,000196
характеристика 0,415515 0,000121
характерный 0,693147 0,000101
химический 0,867501 0,000252
ход 0,510826 0,000371
хозрасчетный 3,912023 0,000568
хозяйство 0,579818 0,000590
хозяйствовать 2,659260 0,000386
хоккей 1,171183 0,000851
хоккейный 1,108663 0,000483
холдинг 2,040221 0,000593
холм 1,386294 0,000403
холодная 1,139434 0,000166
холодный 1,771957 0,000257
хореографический 2,659260 0,000773
хотя 0,653926 0,000095
христианский 1,897120 0,000276
христианство 1,660731 0,000483
художественный 0,653926 0,000285
царство 1,237874 0,000180
царь 1,078810 0,000157
цвет 0,941609 0,000410
цветочно-декоративный 3,912023 0,000568
цель 0,371064 0,000054
центр 0,287682 0,001630
центральный 0,400478 0,000291
церковь 0,673345 0,000098
цеткин 3,506558 0,001019
циолковского 2,525729 0,000367
цирк 1,078810 0,000157
цифровой 0,562119 0,000327
цпкио 2,659260 0,000386
чаадаевка 2,813411 0,000409
чаек 1,660731 0,000483
час 0,867501 0,000252
часовой 0,713350 0,000415
частично 0,653926 0,000095
частный 0,634878 0,000369
частота 1,309333 0,000381
часть 0,061875 0,000081
чебаркуль 2,659260 0,000386
чебоксары 1,171183 0,000170
чело 0,713350 0,000726
человек 0,186330 0,000135
челябинск 0,994252 0,000289
челябинска 2,302585 0,000335
челябинская 2,302585 0,000335
чемода-новскийсельсовет 3,912023 0,000568
чемодановка 2,813411 0,000409
чемпионат 0,994252 0,000289
череп 2,995732 0,000435
черкизово 3,506558 0,001019
чернобыльский 2,995732 0,000435
чернов 2,813411 0,000409
чернова 2,995732 0,000435
черноморский 1,832581 0,000266
черт 0,916291 0,000266
черта 0,994252 0,000144
четвертый 0,994252 0,000289
четыре 0,597837 0,000174
чех 1,609438 0,000234
чехословацкий 2,407946 0,000350
численность 0,616186 0,002686
число 0,186330 0,000081
чита 1,203973 0,000175
читатьтекущая 1,237874 0,000180
член 0,755023 0,000110
чуваш 1,237874 0,000180
чугунолитейный 2,525729 0,000367
чулково 2,659260 0,000386
шайба 1,966113 0,001143
шацк 2,813411 0,000409
шемышейка 3,912023 0,000568
шемышейский 3,912023 0,000568
шествие 3,218876 0,000468
ширина 0,916291 0,000266
широкий 0,494296 0,000144
широколиственные 2,207275 0,000321
широкополосный 2,407946 0,000350
школа 0,478036 0,000417
школьник 1,771957 0,000257
штат 1,560648 0,000227
щит 1,171183 0,000170
эвакуировать 1,272966 0,000185
эвт 3,912023 0,001137
экз 0,415515 0,000181
эколого-политологический 3,912023 0,000568
экономика 0,400478 0,000291
экономический 0,478036 0,000139
экспертиза 2,525729 0,000367
эксплуатироваться 2,207275 0,000321
экспорт -0,009950 -0,000001
экспресс 2,120264 0,000616
электрификация 3,506558 0,000510
электрифицировать 2,813411 0,000409
электричество 2,207275 0,000321
электромеханик 3,506558 0,000510
электронный 0,478036 0,000208
электрооборудование 2,120264 0,000308
электротяга 3,912023 0,000568
эмблема 2,407946 0,000700
энергетик 1,108663 0,000161
энерджи 3,506558 0,000510
энциклопедия -0,009950 -0,000013
эр-телеком 1,897120 0,000276
эра 1,514128 0,000220
эрозия 2,302585 0,000335
этимология 0,616186 0,000179
эфирный 1,427116 0,000829
юбилейный 0,798508 0,000232
ювелир 3,912023 0,000568
юг 0,693147 0,000101
юго-восток 1,171183 0,000170
юго-восточный 1,108663 0,000483
юго-запад 1,309333 0,000190
южный 0,385662 0,000112
юмор 1,966113 0,000286
юность 1,660731 0,000965
юный 1,309333 0,000190
юридический 0,994252 0,000289
юрий 1,203973 0,000350
юрьевна 2,813411 0,000409
юрюзань 2,813411 0,000409
являться 0,040822 0,000059
язык -0,009950 -0,000003
якуб 3,912023 0,001137
якутск 1,203973 0,000175
ямбирно 2,813411 0,000409
янв 0,820981 0,000119
январь 0,105361 0,000429
ярославль 1,078810 0,000157
ячменный 3,912023 0,000568
