абсолютный 0,798508 0,000232
аварии 2,120264 0,000308
авг 0,820981 0,000119
августа 0,072571 0,000169
авиакомпаниями 3,506558 0,001019
авиатренажеров 3,912023 0,000568
авиации 1,347074 0,000196
автобус 1,021651 0,000148
автобуса 2,207275 0,000641
автобусами 1,469676 0,000214
автобусы 1,386294 0,000201
автовокзал 1,427116 0,000415
автодорога 1,427116 0,000415
автодороге 2,525729 0,000367
автодороги 1,609438 0,000234
автоматизации 2,207275 0,000321
автомобиль 2,207275 0,000321
автомобильная 1,897120 0,000276
автомобильной 1,832581 0,000266
автономное 2,813411 0,002044
авторадио 1,897120 0,000276
автором 1,966113 0,000286
авторства -0,009950 -0,000001
автотранспортное 2,995732 0,000435
агентство 1,049822 0,000305
агломерации 0,916291 0,000133
агломерация 0,867501 0,000126
аграрного 2,120264 0,000308
аграрный 1,386294 0,000403
агропромышленный 3,218876 0,000468
административно-территориальная 2,302585 0,000335
административно-территориальное 0,820981 0,000358
административно-территориальном 1,309333 0,000190
административное 0,843970 0,000368
административный 0,843970 0,000245
администрации 0,843970 0,000858
администрация 0,941609 0,000274
адрес 1,609438 0,003742
адресу 1,966113 0,000857
академии 0,693147 0,000101
академия 0,798508 0,000580
актив 3,218876 0,000468
актива 3,218876 0,000468
алдан 1,309333 0,000190
александр 0,693147 0,000201
алексея 1,514128 0,000220
аллея 1,832581 0,000266
алпатов 3,912023 0,000568
алфавитунаселенные 0,867501 0,000126
ампира 2,813411 0,000409
аналоговом 2,407946 0,000350
анапу 2,995732 0,000435
ангарская 3,912023 0,000568
ангарский 2,995732 0,000435
ангарской 3,912023 0,000568
ангел 2,525729 0,000734
англ 0,174353 0,000025
аннексия 0,994252 0,000144
ансамбль 1,203973 0,000350
антонова 2,995732 0,001306
апр 0,798508 0,000116
апреля 0,174353 0,000228
аптеки 3,218876 0,000468
арбеково 3,912023 0,001137
ардым 3,912023 0,000568
ареной 2,120264 0,000308
арматура 3,912023 0,000568
арматурный 3,506558 0,000510
армейских 3,912023 0,000568
артерии 3,218876 0,000468
артиллерии 2,813411 0,000818
артиллерийский 3,506558 0,000510
артиллерийское 2,659260 0,000386
арх 0,544727 0,000079
архангельского 3,218876 0,000468
архив 0,462035 0,000067
архивировано 0,020203 0,000358
архивная 0,400478 0,000233
архивной 0,713350 0,000104
архивные 2,813411 0,000818
архитектора 1,469676 0,000214
архитектором 2,407946 0,000350
архитектуры 0,755023 0,000219
аст 0,820981 0,000239
астрахань 0,967584 0,000141
асфальтирование 3,506558 0,000510
ахуны 3,912023 0,001137
аэропорт 0,843970 0,000245
аэс 3,218876 0,000468
база 0,916291 0,000399
базовый 2,207275 0,000321
базой 2,040221 0,000296
базы 1,108663 0,000161
банка 0,941609 0,000137
барковка 3,912023 0,001137
барнаул 1,203973 0,000175
баскетбол 1,897120 0,000276
баскетбольным 3,506558 0,000510
бассейн 1,078810 0,000470
бассейна 1,386294 0,000201
басулина 3,912023 0,000568
баш 3,506558 0,000510
башмаково 3,912023 0,000568
башмаковский 3,912023 0,000568
башня 1,469676 0,000214
беговая 3,912023 0,000568
безымянный 2,813411 0,000409
бекешская 3,912023 0,000568
бекешчаба 3,912023 0,000568
беково 3,912023 0,000568
бековский 3,912023 0,000568
беларускаябългарски 0,000000 0,000000
беларусь 1,237874 0,000180
белемниты 3,912023 0,000568
белинский 3,506558 0,001529
белинского 2,659260 0,002318
белинскому 3,912023 0,000568
беляева 2,659260 0,000386
берегам 1,897120 0,000276
берегах 1,386294 0,000201
берегу 0,616186 0,000090
березой 3,506558 0,000510
берет 1,966113 0,000286
берлин 2,813411 0,000818
беслан 3,912023 0,001137
бессоновка 3,912023 0,000568
бессоновский 3,912023 0,001705
библиографических 0,094311 0,000014
библиотека 0,462035 0,000067
бизнеса 0,967584 0,000141
бизнесе 3,218876 0,000468
билайн 1,272966 0,000185
билайн-волга 3,912023 0,000568
благоверным 3,912023 0,001137
бланк 3,912023 0,000568
близок 2,813411 0,000409
богатства 2,525729 0,000367
богатство 2,407946 0,000350
богословскийсельсовет 3,912023 0,000568
боевая 2,995732 0,000435
бой 2,659260 0,000386
бологое 1,347074 0,000196
болотистая 3,506558 0,000510
больница 1,469676 0,002776
больницы 1,347074 0,000391
большая 0,072571 0,000095
большевикам 2,995732 0,000435
большинство 0,597837 0,000087
больших 1,272966 0,000185
большой 0,328504 0,000239
бориса 1,832581 0,000266
борисович 2,407946 0,000350
боровичи 1,347074 0,000196
борцам 2,407946 0,000350
борьбе 1,469676 0,000214
борьбы 1,386294 0,000403
ботаническая 3,506558 0,000510
ботанический 1,609438 0,000234
брендом 3,506558 0,000510
брокгауза 0,328504 0,000095
бронзовая 3,218876 0,000468
бронницы 2,813411 0,000409
бумаги-основы 3,912023 0,000568
бурденко 3,506558 0,002038
буртасы 3,912023 0,001137
буряад 0,000000 0,000000
бывш 2,525729 0,000367
бывшее 1,897120 0,000551
бытовой 2,407946 0,000350
бюджетное 2,302585 0,000335
бюро 1,427116 0,000415
бюст 2,407946 0,001050
вадинск 3,912023 0,000568
вадинский 3,912023 0,000568
вал 2,207275 0,000321
валы 2,407946 0,000350
васильевская 3,506558 0,000510
вашла 0,000000 0,000000
введены 1,897120 0,000276
вдоль 0,755023 0,000110
ведется 0,994252 0,000144
ведомости 1,049822 0,000153
ведомством 3,912023 0,000568
века 0,248461 0,000036
векеобластные 3,218876 0,000468
веков 0,713350 0,000104
великой 0,653926 0,000095
велотрек 2,995732 0,000871
венгрия 2,120264 0,000308
вера 1,560648 0,000227
верещагина 3,218876 0,000468
вероисповеданий 2,813411 0,000409
версии 0,446287 0,000130
версия -0,009950 -0,000007
версияправитьправить 1,237874 0,000180
вертикальной 2,995732 0,000435
верхневолжский 3,218876 0,000468
верхней 1,272966 0,000185
верхнем 1,771957 0,000257
верхняя 1,108663 0,000161
вести 0,843970 0,000245
весь 0,755023 0,000110
ветеран 2,659260 0,000386
ветеранов 2,407946 0,000350
ветке 2,813411 0,000409
вещает 2,120264 0,000616
вещание 1,203973 0,000175
взрослых 1,897120 0,000276
взят 1,897120 0,000276
взятые 2,407946 0,000350
вид 0,494296 0,000215
вида 1,386294 0,000201
видам 1,560648 0,000454
видами 1,469676 0,000214
виде 0,235722 0,000034
видов 0,616186 0,000627
виды 0,798508 0,000116
викигиде 0,776529 0,000226
викигидепортал 1,469676 0,000214
викигидстатьи 2,120264 0,000308
викиданные 0,776529 0,000226
викиданных -0,009950 -0,000001
викиданныхвикипедия 0,891598 0,000130
викимапиипро 1,427116 0,000207
викимедиа -0,009950 -0,000001
википедии -0,009950 -0,000003
википедия -0,009950 -0,000017
викискладвикиновостивикигидэлемент 1,609438 0,000234
викискладе 0,174353 0,000025
викискладепутеводитель 0,713350 0,000104
викискладстатьи 0,891598 0,000130
виктор 1,386294 0,000201
виноградный 3,912023 0,000568
виртуальный 2,302585 0,000669
витте 2,995732 0,000435
включает 0,462035 0,000269
включая 0,527633 0,000077
владело 3,506558 0,000510
владимир 0,733969 0,000107
владимирович 1,771957 0,000515
власти 0,634878 0,000185
власть 0,733969 0,000107
влияние 0,776529 0,000113
вместо 0,798508 0,000116
вмещают 3,506558 0,000510
внедрена 3,506558 0,000510
внеочередной 3,506558 0,000510
внешние 0,051293 0,000007
вниз 1,171183 0,000170
вновь 0,755023 0,000439
внутреннее 0,733969 0,000107
внутригородская 3,218876 0,000468
внутригородским 0,967584 0,000141
внутригородского 2,407946 0,000350
внутрироссийского 3,912023 0,000568
водного 1,171183 0,000681
водной 2,120264 0,000308
водному 2,995732 0,000435
водных 1,347074 0,000391
водоем 2,302585 0,000335
водопровод 2,302585 0,000335
водопровода 2,207275 0,000321
водохранилища 1,272966 0,000185
водохранилище 1,609438 0,000234
воду 1,386294 0,000806
воейков 3,912023 0,001705
возвышенности 1,714798 0,000249
воздухоопорный 3,912023 0,000568
воздушные 1,771957 0,000257
возможность 0,616186 0,000090
возобновляются 3,506558 0,000510
воинам-пензенцам 3,912023 0,000568
воинской 1,660731 0,000483
войн 1,897120 0,000276
войнах 2,813411 0,000409
войны 0,478036 0,000208
войском 2,302585 0,000335
вокзал 0,820981 0,000119
вокзала 0,967584 0,000281
вокзалпенза 3,912023 0,001137
вокзалы 1,771957 0,000257
вокруг 0,693147 0,000101
волга 1,660731 0,000241
волейбола 3,218876 0,000468
волейболом 3,912023 0,001137
волков 2,525729 0,000367
вологда 1,203973 0,000175
володарского 2,407946 0,001400
волшебные 0,040822 0,000006
вооруженной 3,506558 0,000510
воркута 1,237874 0,000180
воронова 3,218876 0,000935
воскресеновскийсельсовет 3,912023 0,000568
воспитании 3,912023 0,000568
воспроизведением 3,218876 0,000468
воспроизводит 3,218876 0,000468
восстанием 2,407946 0,000350
восстания 1,660731 0,000241
восстановили 2,995732 0,000435
восстановлен 1,771957 0,000257
восстановлено 2,525729 0,000367
восток 1,021651 0,000742
востоку 1,514128 0,000220
восточной 0,693147 0,000101
воткинск 1,309333 0,000190
впадает 1,771957 0,000257
врачей 1,897120 0,000276
временем 0,616186 0,000090
времени 0,186330 0,000081
временно 1,309333 0,000190
время 0,030459 0,000035
всеволода 3,218876 0,000468
всеобщим 2,813411 0,000409
всеобщих 2,995732 0,000435
всероссийская 0,843970 0,000123
всероссийской 0,713350 0,000207
всесоюзная 0,843970 0,000736
вскоре 1,309333 0,000190
вторая 0,994252 0,000144
второго 1,139434 0,000166
второй 0,274437 0,000120
вход 1,897120 0,000276
входит 0,653926 0,000285
входом 0,994252 0,000144
выборах 1,514128 0,000220
выведен 3,506558 0,000510
выделить 1,386294 0,000201
выдержала 2,659260 0,000386
выиграла 3,218876 0,000468
вымпелком 2,995732 0,000435
выпадает 1,203973 0,000175
выполнен 2,407946 0,000350
выполнена 2,302585 0,000335
выполнено 2,120264 0,000308
выполнялись 3,218876 0,000468
выполняются 1,660731 0,000483
выпуск 0,916291 0,000133
выпускаемые 3,912023 0,000568
вырубать 3,912023 0,000568
высота 0,562119 0,000163
выступления 1,897120 0,000276
высшая 1,386294 0,000604
высшее 1,021651 0,000148
высшие 1,386294 0,000403
высшим 1,609438 0,000234
вытянутом 3,912023 0,000568
выходит 1,427116 0,000207
выходить 2,525729 0,000367
вычислительной 2,207275 0,000321
выше 0,616186 0,000090
вячеславович 3,912023 0,000568
гагарина 1,427116 0,001244
газета 0,616186 0,000448
газеты 0,994252 0,000578
газовые 2,995732 0,000435
галерея 1,203973 0,000175
гастрольное 3,912023 0,000568
гбоу 3,218876 0,000935
гбу 3,218876 0,000468
гбуз 3,506558 0,001019
генеральному 2,302585 0,000335
генпланом 2,995732 0,000435
генплану 3,506558 0,000510
географического 1,386294 0,000201
географическое 0,693147 0,000201
географической 0,798508 0,000116
география 0,462035 0,000134
геральдическом 3,506558 0,000510
герб 0,820981 0,000716
герба 1,427116 0,000207
гербе 1,609438 0,000234
гербов 2,813411 0,000409
гербовник 3,506558 0,000510
гигантской 3,912023 0,000568
гидрография 1,427116 0,000415
гидронима 2,207275 0,000321
гимн 0,820981 0,000119
гимнастики 2,659260 0,000386
гипотез 2,302585 0,000335
гкгн 0,994252 0,000144
гкгнпро 0,916291 0,000133
глава 0,673345 0,000196
главная 1,078810 0,000157
главного 1,237874 0,000360
главной 0,941609 0,000137
главный 0,916291 0,000133
главным 0,967584 0,000141
главой 1,309333 0,000761
главы 0,967584 0,000844
глазунова 3,218876 0,000468
глобус 2,659260 0,000386
год 0,235722 0,000548
года -0,009950 -0,000282
годах 0,385662 0,000056
годов 0,356675 0,000052
году 0,072571 0,000612
годупензагорода 0,000000 0,000000
годы 0,356675 0,000363
головной 2,525729 0,000734
голосованием 2,207275 0,000321
голубь 3,218876 0,000468
гора 1,139434 0,000166
гордость 2,120264 0,000308
горловка 1,309333 0,000190
город 0,544727 0,001821
города 0,430783 0,003067
города-побратимы 0,891598 0,000259
городам 0,798508 0,000116
городами-побратимами 1,714798 0,000249
городе 0,693147 0,001108
городецкая 1,660731 0,000483
городище 1,609438 0,000702
городищенский 3,506558 0,000510
городов 0,579818 0,000337
городом 0,798508 0,000464
городошному 3,912023 0,001137
городпенза 3,912023 0,000568
городпро 0,867501 0,000126
городская 0,843970 0,001840
городские 0,941609 0,000547
городским 0,798508 0,000232
городских 0,713350 0,002073
городского 0,693147 0,000806
городской 0,755023 0,001317
городу 0,798508 0,000232
горожанин 3,506558 0,000510
горького 1,139434 0,000166
горькому 2,302585 0,000335
госкомстат 0,891598 0,000259
госпитали 2,995732 0,000435
госпиталь 2,659260 0,000386
гостиницу 2,659260 0,000386
государственная 0,941609 0,000684
государственного 0,616186 0,000090
государственное 0,776529 0,000677
государственной 0,616186 0,000537
государственному 2,813411 0,000409
государственные 1,514128 0,000440
государственный 0,430783 0,000751
государственных 0,994252 0,000144
гоу 2,659260 0,000386
гоффмана 3,912023 0,000568
гпз 2,995732 0,001306
гражданской 0,967584 0,000141
граните 3,912023 0,000568
граница 1,139434 0,000166
графом 3,506558 0,000510
грузонапряженным 3,912023 0,000568
группа 0,693147 0,000101
группу 1,897120 0,000551
группы 0,634878 0,000092
гряды 2,525729 0,000367
гтрк 1,049822 0,001525
губернатором 1,966113 0,000286
губернии 0,994252 0,000722
губерний 1,714798 0,000748
губерния 1,427116 0,000207
губернские 2,120264 0,000308
губернским 2,407946 0,000350
гуз 3,506558 0,006624
гуманитарная 2,659260 0,000386
давыдову 3,912023 0,000568
дает 1,203973 0,000175
дальнего 1,514128 0,000220
дама 3,218876 0,000468
дамате 3,912023 0,000568
дамбы 3,218876 0,000468
данная 2,207275 0,000321
данного 1,714798 0,000249
данное 1,966113 0,000286
данный 0,713350 0,000104
данных 0,616186 0,000179
дарвина 3,912023 0,000568
дата 0,030459 0,000540
датская 0,342490 0,000050
дача 1,832581 0,000266
две 0,527633 0,000077
двери 2,659260 0,000386
движение 0,820981 0,000358
движения 0,733969 0,000320
дворец 0,967584 0,002109
дворце 2,525729 0,000734
дворцы 2,120264 0,000616
действовал 1,660731 0,000241
действовать -0,009950 -0,000001
действует 0,634878 0,000092
действующим 2,302585 0,000335
дек 0,820981 0,000119
декабре 0,798508 0,000116
декабрь 1,108663 0,000483
декабря 0,105361 0,000383
декоративного 3,912023 0,000568
делают 2,120264 0,000308
деление 0,673345 0,000685
деловая 2,813411 0,000818
деловой 1,560648 0,000227
демография 2,407946 0,000350
демонтирован 2,525729 0,000734
демоскоп 0,820981 0,000358
дендрологический 3,912023 0,000568
денег 1,560648 0,000454
денисов 3,218876 0,000468
денису 3,912023 0,000568
день 0,562119 0,000082
депо 1,771957 0,000515
депутатов 0,891598 0,000130
депутаты 1,347074 0,000196
детей 0,941609 0,000274
детская 0,916291 0,000666
детские 1,660731 0,000241
детский 1,171183 0,000681
детское 2,120264 0,000616
детской 2,040221 0,000296
дефицит 2,207275 0,000321
деятельности 0,446287 0,000065
деятельность 0,653926 0,000095
джиэсэм 3,912023 0,000568
дзержинск 1,347074 0,000196
дзержинскому 2,659260 0,000386
диапазоне 2,302585 0,000669
дивизион 2,207275 0,000641
дизайнерской 3,912023 0,000568
дизелист 3,912023 0,000568
дизель 3,506558 0,000510
дизель-арена 3,912023 0,002274
диспансер 2,120264 0,000616
диспансеры 2,995732 0,000435
длился 3,218876 0,000468
длине 1,660731 0,000241
длиной 1,272966 0,000370
длины 2,040221 0,000296
длительная 2,813411 0,000409
длится 2,040221 0,000593
дней 0,446287 0,000259
днейвикипедия 0,967584 0,000141
дня 0,478036 0,000139
доблести 1,347074 0,000783
доблестинаселенные 3,218876 0,000468
добрый 2,659260 0,000386
добый 3,912023 0,000568
договор 1,771957 0,000257
дод 3,506558 0,001019
дождь 2,407946 0,000350
документов 0,653926 0,000095
долготой 0,941609 0,000137
долготы 1,832581 0,000266
должности 1,771957 0,001030
должность 1,203973 0,000175
дом 0,562119 0,000653
дом-музей 1,660731 0,000241
домашний 1,660731 0,000241
домов 1,078810 0,000157
дополнительные -0,009950 -0,000001
дорог 0,891598 0,000259
дорога 0,798508 0,000696
дороги 0,713350 0,000622
дорогу 1,609438 0,000234
дорожка 3,218876 0,000468
дорожное 1,771957 0,000257
достоверным 3,506558 0,000510
доступа 1,309333 0,000190
доступен -0,009950 -0,000001
доступна 2,302585 0,000335
досуга 2,813411 0,000409
дочерняя 2,995732 0,000435
дпо 3,506558 0,000510
драматический 1,203973 0,000525
драматического 2,525729 0,000367
древка 3,218876 0,000935
древнемордовского 3,912023 0,000568
древних 1,469676 0,000214
древности 1,469676 0,000214
друг 1,108663 0,000161
другие 0,030459 0,000031
других -0,009950 -0,000003
другом 1,514128 0,000220
дружбы 1,560648 0,000227
дубравы 3,912023 0,000568
дума 1,108663 0,000483
думы 1,078810 0,000784
евграфова 3,912023 0,000568
евлашево 2,813411 0,000409
европа 0,941609 0,000137
европейской 0,891598 0,000259
единиц 0,673345 0,000391
единица 1,609438 0,000234
единоборств 2,525729 0,001101
ежегодник 0,820981 0,001551
екатеринбург 0,843970 0,000245
естественные 1,897120 0,000276
естественным 2,120264 0,000308
ефрона 0,328504 0,000095
железная 1,171183 0,000681
железнодорожного 0,967584 0,000281
железнодорожное 2,040221 0,000296
железнодорожный 0,755023 0,000549
железнодорожныйрайон 3,506558 0,000510
железнодорожным 1,771957 0,000257
железной 0,755023 0,000658
женщин 1,386294 0,000201
женщины 1,714798 0,000249
жертв 2,120264 0,000308
животноводство 2,813411 0,000818
живут 1,771957 0,000257
жигулевск 1,832581 0,000266
жизни 0,562119 0,000082
жилых 1,237874 0,000180
жилья 1,514128 0,000220
жиромская 1,021651 0,000148
жителей 0,673345 0,000294
журнал 0,510826 0,000148
журналы 1,609438 0,000702
жюльен 3,912023 0,000568
заболеваниями 2,995732 0,000435
заведения 1,108663 0,000644
завершились 3,218876 0,000468
завершить 2,525729 0,000367
завод 0,798508 0,000116
завод-втуз 3,912023 0,000568
завода 0,941609 0,000137
заводов 1,203973 0,000350
заглавная -0,009950 -0,000001
заимствовано 2,525729 0,000367
закон 0,616186 0,000179
закрепляться 3,912023 0,000568
закрытия 2,120264 0,000616
закрытые 2,302585 0,000669
зал 1,021651 0,000891
зале 2,302585 0,000335
залегания 3,506558 0,000510
залов 1,771957 0,000257
заложена 2,120264 0,000308
залы 1,469676 0,000427
заменить 0,562119 0,000082
замощенных 3,506558 0,000510
занесены 2,525729 0,000367
занимаются 1,660731 0,000483
занятий 2,525729 0,001101
зао 1,514128 0,000880
запад 1,427116 0,000207
запада 1,021651 0,000297
записьвойти -0,009950 -0,000001
заполненными 1,966113 0,000286
запретило 3,912023 0,000568
запущен 1,386294 0,000201
запущена 1,714798 0,000748
заработал 3,506558 0,001019
зарегистрированный -0,009950 -0,000001
зарегистрированных 1,771957 0,000515
зарегистрировано 1,309333 0,000190
заречный 2,525729 0,002202
засечного 3,912023 0,000568
засечное 3,912023 0,000568
засечном 3,912023 0,000568
засечный 3,912023 0,000568
застройки 1,021651 0,000148
затем 0,527633 0,000077
зато 1,560648 0,000227
затозаречный 3,912023 0,000568
затруднениями 3,912023 0,000568
затянулся 3,912023 0,000568
захарьина 3,912023 0,000568
захвачена 2,407946 0,000350
защиты 0,941609 0,000137
заявление -0,009950 -0,000001
збекча 0,000000 0,000000
звание 1,049822 0,000153
звания 1,203973 0,000175
звезда 1,237874 0,000360
здание 0,776529 0,000339
зданий 1,049822 0,000153
здания 0,867501 0,000126
здешней 3,912023 0,000568
здоровье 1,609438 0,000468
здравоохранение 0,941609 0,000410
здравоохранения 1,203973 0,000700
зеленовка 2,813411 0,000409
зеленого 2,302585 0,000335
зеленодольск 1,237874 0,000180
зеленой 2,040221 0,000296
зеленом 2,207275 0,000641
зеленым 2,813411 0,000409
зеленых 1,347074 0,000196
зелень 3,218876 0,000468
земетчино 3,912023 0,000568
земетчинский 3,912023 0,000568
земле 0,994252 0,000289
земледелие 2,995732 0,000435
земли 0,634878 0,000092
зенит 2,302585 0,000335
зеркале 3,218876 0,000468
зеркально 3,506558 0,000510
зима 1,021651 0,000148
зимина 3,506558 0,000510
зимним 2,995732 0,000871
зимой 0,713350 0,000104
златоуст 1,347074 0,000196
знак -0,009950 -0,000004
знаково-геральдической 3,912023 0,000568
знамени 1,832581 0,000533
знаменигорода 3,912023 0,000568
знаний 1,660731 0,000241
знатное 3,912023 0,000568
значение 0,314711 0,000091
значением 1,966113 0,000286
значения 0,105361 0,000061
значительно 0,510826 0,000074
значок 3,912023 0,000568
золотая 1,560648 0,001361
золотистого 3,912023 0,000568
золотистом 3,912023 0,000568
золото 2,407946 0,000350
золотой 0,843970 0,000245
золотых 2,407946 0,000700
зон 1,309333 0,000190
зона 0,891598 0,000389
зоне 0,527633 0,000077
зоной 2,302585 0,000669
зоны 0,755023 0,000110
зоопарк 1,771957 0,000257
зоренька 3,912023 0,000568
зрителей 1,714798 0,000249
зрительские 3,506558 0,000510
зрителя 1,427116 0,000207
зубова 2,407946 0,000350
иван 0,843970 0,000123
иванович 1,560648 0,000227
иваново 1,139434 0,000166
игровой 2,995732 0,000435
идентификаторы 0,693147 0,000101
ижавиа 3,506558 0,000510
ижевск 1,139434 0,000166
из-за 0,415515 0,000181
избираемая 3,912023 0,000568
избирает 3,506558 0,000510
избирался 2,407946 0,000350
избран 1,386294 0,000403
изд 0,314711 0,000046
издание 0,776529 0,000226
изданий 1,469676 0,000214
издания 1,049822 0,000763
издательство 0,510826 0,000148
изделия 2,120264 0,000308
измайлова 3,912023 0,001137
изменения 0,562119 0,000082
изобилие 3,506558 0,000510
изображение 1,427116 0,000622
израиль 2,525729 0,000367
илл 2,813411 0,000818
имеет 0,235722 0,000034
имеется 0,653926 0,000095
имелся 2,813411 0,000409
именем 1,272966 0,000370
имени 0,462035 0,001007
именно 0,544727 0,000079
имеются 0,843970 0,000123
имеющих 1,272966 0,000185
империя 2,040221 0,000296
индекс 0,941609 0,000137
индустриальному 3,506558 0,000510
индустриальный 1,966113 0,000286
инженерное 2,659260 0,000386
инженерный 2,813411 0,000409
институт 0,478036 0,000695
института 0,755023 0,000110
институте 1,832581 0,000266
инструменты -0,009950 -0,000003
интенсивное 2,120264 0,000308
интернет 0,916291 0,000133
интернет-провайдера 3,506558 0,000510
инфекционными 2,995732 0,000435
информации 0,446287 0,000195
информационно-аналитический 2,659260 0,000386
информационно-аналитическое 2,995732 0,000435
информационно-библиотечный 3,912023 0,000568
информационное 1,469676 0,000427
информационный 1,427116 0,000207
информационных 1,139434 0,000166
информация 0,446287 0,000130
инфраструктуре 3,218876 0,000935
ипподром 2,040221 0,000296
ираэро 3,218876 0,000468
иркутск 1,171183 0,000170
ирон 0,000000 0,000000
исключительно 1,272966 0,000185
искусств 0,916291 0,000133
искусства 0,733969 0,000213
искусственным 2,120264 0,000924
ислам 1,427116 0,000415
исламская 3,218876 0,000468
исповедует 3,218876 0,000468
исполнительным 2,302585 0,000335
исполнять 2,995732 0,000435
использовавшийся 3,506558 0,000510
использования -0,009950 -0,000001
используемой 2,813411 0,000409
использующие 0,040822 0,000012
исса 3,912023 0,000568
иссинский 3,912023 0,000568
историческая 1,237874 0,000180
исторический 0,653926 0,000190
исторической 1,171183 0,000170
история 0,051293 0,000067
источник -0,009950 -0,000009
источников 0,371064 0,000431
исчислении 0,843970 0,000123
ит-колледж 3,912023 0,000568
итальянским 3,218876 0,000468
итоги 0,713350 0,000207
итогов 0,891598 0,000130
ишимбай 1,309333 0,000190
июле 0,967584 0,000141
июль 0,579818 0,000084
июля 0,116534 0,000423
июне 0,967584 0,000281
июнь 0,544727 0,000079
июня 0,116534 0,001592
кабельные 2,525729 0,000734
каблучок 3,912023 0,000568
каждый 0,733969 0,000107
казанской 1,469676 0,000427
казань 0,891598 0,000259
казачий 2,120264 0,000924
калашников 2,659260 0,000386
калинина 2,207275 0,000962
каменка 2,659260 0,000773
каменск-уральский 1,347074 0,000196
каменский 2,659260 0,000386
камешкир 3,912023 0,000568
камешкирский 3,912023 0,000568
канадей 2,813411 0,000409
канал 0,843970 0,000613
канализации 2,207275 0,000321
канализация 2,813411 0,000409
каналов 1,427116 0,000207
канатная 2,525729 0,000367
кандидатурам 3,506558 0,000510
карла 1,560648 0,000227
карлу 3,506558 0,001019
карт 1,514128 0,000440
картами 0,562119 0,000082
картинная 2,207275 0,000321
картины 2,120264 0,000616
карты 0,941609 0,000137
карусель 1,832581 0,000266
каспийск 1,272966 0,000185
каталанская 0,527633 0,000077
каталогах 0,094311 0,000014
катания 2,813411 0,001226
катастроф 2,120264 0,000308
категории -0,009950 -0,000003
катеров 3,506558 0,000510
катером 3,912023 0,000568
катки 3,218876 0,000468
католический 1,714798 0,000249
катюша 3,506558 0,000510
кафедральный 1,021651 0,000297
качаровского 3,912023 0,000568
качества 1,078810 0,000157
качестве 0,478036 0,000069
кбш 3,912023 0,000568
кемерово 1,237874 0,000180
киже-ватов-скийсель-совет 3,912023 0,000568
километрах 1,514128 0,000220
кино 0,994252 0,000144
киноконцертный 2,995732 0,000435
кинотеатр 1,108663 0,000161
кинотеатров 1,237874 0,000180
кинотеатры 1,078810 0,000470
кириллица 3,912023 0,000568
киров 1,309333 0,000190
кирову 2,659260 0,000386
кирпичная 2,995732 0,000435
китай 0,867501 0,000126
кладбища 1,560648 0,000227
клапанов 3,506558 0,000510
клары 3,506558 0,000510
кленом 3,912023 0,000568
климат 0,494296 0,000431
климата 0,733969 0,000107
клиническая 1,714798 0,001495
клинический 2,207275 0,000321
ключевскому 3,912023 0,000568
код -0,009950 -0,000071
кода 0,798508 0,000116
кодекс -0,009950 -0,000001
кодистория 0,116534 0,000017
колеса 3,506558 0,000510
количестве 1,714798 0,000249
количество 0,328504 0,000048
коллаж 3,912023 0,000568
колледж 1,386294 0,003424
коллективы 2,120264 0,000616
коллекторах 3,506558 0,000510
коломна 1,272966 0,000370
колышлей 3,912023 0,000568
колышлейский 3,912023 0,000568
кольцевая 2,659260 0,000386
командный 2,995732 0,000871
комбинат 1,171183 0,000170
комитет 0,755023 0,000110
коммерции 2,659260 0,000386
коммерческий 2,207275 0,000321
коммунального 2,659260 0,000386
компании 0,579818 0,000337
компаний 0,967584 0,000141
компанию 2,302585 0,000335
компания 0,653926 0,000285
компания-транстелеком 3,912023 0,000568
комплекс 0,653926 0,001330
комплекса 1,272966 0,000185
комплексе 2,207275 0,000641
комплексом 1,966113 0,000571
комплексы 1,514128 0,000660
композицию 2,995732 0,000435
компрессорный 3,218876 0,000468
компрессоры 3,506558 0,000510
комсомольск-на-амуре 1,203973 0,000175
комсомольская 1,171183 0,000170
кондитерская 2,040221 0,000296
кондитерские 2,995732 0,000435
кондоль 3,912023 0,000568
конец 0,798508 0,000464
конституции 2,120264 0,000308
контакты 2,659260 0,000386
континентальность 3,218876 0,000468
континентальный 0,776529 0,000226
контроля 1,560648 0,000227
конференц-зал 3,912023 0,000568
конфессии 1,237874 0,000180
конфиденциальности -0,009950 -0,000001
конца 0,562119 0,000082
коньках 2,995732 0,001306
копии 0,653926 0,000095
копия 0,328504 0,000191
корея 1,897120 0,000276
короткий -0,009950 -0,000001
корпус 1,272966 0,000185
корпуса 1,560648 0,000227
кортами 3,912023 0,000568
кортах 3,912023 0,000568
корты 2,995732 0,000435
костела 2,995732 0,000435
кострома 1,171183 0,000170
которая 0,287682 0,000042
которого 0,301105 0,000044
которой 0,174353 0,000101
котором 0,301105 0,000044
который 0,105361 0,000015
которых 0,094311 0,000014
кошко 3,912023 0,000568
кравец 1,386294 0,000201
крае 1,514128 0,000220
краеведческий 1,237874 0,000180
край 0,891598 0,000259
красивых 2,525729 0,000367
красная 1,108663 0,000322
краснова 3,506558 0,000510
красного 1,272966 0,000370
красноярск 0,967584 0,000141
красный 0,941609 0,000274
края 0,713350 0,000207
крепости 1,203973 0,000175
крепость 1,078810 0,000470
кривов 3,506558 0,000510
кривозеровка 3,912023 0,000568
критики 2,407946 0,000350
крови 1,966113 0,000286
кровопролитный 3,912023 0,000568
кроме 0,235722 0,000034
круглогодичные 3,912023 0,000568
крупнейшие 0,776529 0,000113
крупнейших 0,634878 0,000092
крупным 1,021651 0,000148
крупных 0,494296 0,000072
крупской 2,207275 0,000321
крутом 2,995732 0,000435
кубанского 2,813411 0,000409
кувайцев 3,912023 0,000568
кузнецк 2,302585 0,001338
кузнецка 2,995732 0,000435
кузнецкий 3,218876 0,000468
куйбышева 2,207275 0,000321
куйбышевского 2,525729 0,000367
куйбышевской 2,813411 0,000818
куки -0,009950 -0,000001
кукол 0,916291 0,000133
кукольный 2,995732 0,000435
культура 0,653926 0,000285
культурного 0,916291 0,000133
культуры 0,462035 0,000537
купальной 3,912023 0,000568
кураева 3,912023 0,000568
курган 1,237874 0,000180
курортами 3,506558 0,000510
курьер 2,659260 0,000773
кыргызча 0,000000 0,000000
лагуна-уор 3,912023 0,000568
ладожской 3,506558 0,000510
ланьчжоу 3,506558 0,000510
лариса 2,659260 0,000773
лев 1,832581 0,000266
левашов 1,660731 0,000483
левобережье 2,207275 0,000321
левом 1,309333 0,000190
легким 3,218876 0,000468
легкоатлетический 2,659260 0,000386
ледовой 2,995732 0,000435
ледовые 2,813411 0,000409
ледовый 1,560648 0,000227
лекарственных 2,813411 0,000409
ленина 0,867501 0,000126
ленинец 3,218876 0,000468
ленинск-кузнецкий 1,347074 0,000196
ленинский 1,078810 0,000157
ленинскийрайон 3,506558 0,000510
ленину 1,272966 0,000185
леонидовскийсельсовет 3,912023 0,000568
лермонтова 2,525729 0,001835
лермонтову 3,506558 0,000510
лес 1,514128 0,000220
лесами 2,302585 0,000669
лесничество 3,218876 0,000468
лесные 1,560648 0,000227
лет 0,223144 0,000097
летию 1,078810 0,000157
летней 2,120264 0,000924
летний 1,108663 0,000161
летняя 2,302585 0,000669
лето 0,891598 0,000130
летом 0,597837 0,000087
летчиков 2,525729 0,000367
лечебное 3,912023 0,000568
либо 0,000000 0,000000
лига 1,897120 0,000827
лиги 1,386294 0,000403
ликвидации 1,609438 0,000234
ликвидирован 2,120264 0,000308
линии 0,755023 0,000219
линия 0,891598 0,000648
линиях 2,659260 0,000386
липой 3,912023 0,000568
литературно-мемориальных 3,912023 0,000568
литературный 1,427116 0,000207
лицами 2,525729 0,000367
лицевой 2,813411 0,000409
лицензии -0,009950 -0,000001
личного 2,302585 0,000335
локальное 1,108663 0,000161
локальных 2,207275 0,000321
локомотив 1,771957 0,000515
локомотив-пенза 3,912023 0,000568
локомотиве 3,912023 0,000568
ломов 2,813411 0,001226
лопатино 3,506558 0,000510
лопатинский 3,912023 0,000568
луганск 1,203973 0,000175
луначарского 2,813411 0,000818
лунино 3,912023 0,000568
лунинский 3,912023 0,000568
луховицы 2,659260 0,000386
лысьва 1,347074 0,000196
льдом 2,207275 0,000321
льду 2,040221 0,000296
любого 2,120264 0,000308
люмен 3,506558 0,000510
маастрихтских 3,912023 0,000568
маастрихтского 3,912023 0,001137
магадан 1,237874 0,000180
магистрали 1,078810 0,000157
магнитогорск 1,272966 0,000185
мае 0,867501 0,000126
май 0,597837 0,000087
македония 2,813411 0,000409
макрорегион 3,912023 0,000568
максиму 2,659260 0,000386
максимум 0,733969 0,000213
малая 1,469676 0,000214
малое 1,897120 0,000276
малосердобинский 3,912023 0,000568
малый 0,371064 0,000108
мандат 3,506558 0,000510
манеж 2,207275 0,000321
мариймонгол 0,000000 0,000000
марка 0,867501 0,000756
марки 2,040221 0,000296
маркса 1,609438 0,000234
марксу 3,218876 0,000935
март 0,616186 0,000090
марта 0,139262 0,000425
маршала 2,302585 0,000669
маршрут 1,272966 0,000185
маршрутными 2,120264 0,000308
маршрутов 0,967584 0,000422
маршруты 1,272966 0,000370
массовой 0,916291 0,000399
массовые 2,207275 0,000641
материал -0,009950 -0,000001
материалов 0,755023 0,000110
материалы 0,843970 0,000123
матч 1,347074 0,000196
машин 1,139434 0,000166
машины 1,514128 0,000220
мая 0,139262 0,000587
маяк 1,108663 0,001128
мвд 1,309333 0,000190
мгуту 3,218876 0,000468
мгц 1,897120 0,001103
мебели 2,813411 0,000409
мегафон 1,237874 0,000540
медведь 2,207275 0,000321
медиафайлы 0,301105 0,000044
медико-санитарная 3,218876 0,000935
медико-санитарные 3,912023 0,000568
мединж 3,912023 0,000568
медицинская 2,040221 0,000593
медицинские 1,897120 0,000276
медицинский 0,891598 0,000518
медицинских 1,427116 0,000622
медицинского 1,714798 0,000249
медицинской 1,514128 0,000880
медицины 1,514128 0,000220
международно 1,139434 0,000166
международного 0,733969 0,000107
международный 0,713350 0,000104
мейерхольда 3,912023 0,001705
мейерхольду 3,912023 0,000568
меловой 3,912023 0,000568
мемориальный 1,469676 0,000214
менеджмента 2,302585 0,000335
меньше 0,755023 0,000110
меридиан 2,525729 0,000367
мероприятия 1,272966 0,000185
мест 0,713350 0,000311
места 0,579818 0,000084
местная 2,120264 0,000308
местного 0,941609 0,000547
местные 1,049822 0,000305
место 0,371064 0,000054
местом 1,049822 0,000153
местоположение 2,040221 0,000296
месяц 1,272966 0,000185
месяцевикипедия 0,776529 0,000113
метро 1,272966 0,000370
механизмов 2,995732 0,000435
мечеть 1,078810 0,000157
миасс 1,309333 0,000381
микрорайон 1,660731 0,000483
микрорайона 1,771957 0,000257
микрорайоне 1,771957 0,000257
микрорайоны 1,609438 0,000234
микрофауны 3,912023 0,000568
милицейскому 3,912023 0,000568
милиционерам 3,506558 0,000510
минздрава 2,813411 0,000409
мини-футбол 2,813411 0,000409
мини-футбола 3,506558 0,001019
минимум 0,693147 0,000201
министерства 0,891598 0,000130
министерство 1,108663 0,000161
министров 1,660731 0,000241
минут 1,386294 0,000201
минуты 2,525729 0,000367
мир 0,342490 0,000100
мира 0,415515 0,000302
мироносицкого 3,912023 0,000568
михаила 1,171183 0,000170
михаилу 2,525729 0,000367
михайловича 2,525729 0,000367
мичуринскийсельсовет 3,912023 0,000568
мкад 2,407946 0,000350
млн 0,462035 0,000134
млрд 0,820981 0,000358
многие 0,356675 0,000052
многофункциональным 3,218876 0,000468
множество 0,597837 0,000087
мнэпу 3,912023 0,000568
мобайл 2,813411 0,000409
мобильная -0,009950 -0,000001
могилев 2,525729 0,000367
могилева 3,912023 0,000568
могла 2,207275 0,000321
могло 2,120264 0,000308
могут -0,009950 -0,000001
модулем 1,021651 0,000148
модуль 0,941609 0,000137
мозазавра 3,912023 0,000568
моисееву 3,912023 0,000568
мойка 3,506558 0,000510
мокшан 2,659260 0,000773
мокшан-скийрайон 3,912023 0,000568
мокшанский 3,912023 0,000568
мокшеньолык 0,000000 0,000000
молком 3,912023 0,000568
молодежная 2,407946 0,000350
молодежной 2,040221 0,000296
молодежный 1,309333 0,000190
молодой 1,832581 0,000266
молочная 3,506558 0,000510
молочный 2,040221 0,000296
момент 0,597837 0,000087
монастырей 2,120264 0,000308
монета 1,309333 0,000190
монте-карло 2,407946 0,000350
монумент 1,560648 0,001587
мончегорск 1,347074 0,000196
мордва 1,309333 0,000190
мордовия 2,302585 0,000335
мордовских 3,912023 0,000568
морской 1,309333 0,000190
моршанск 3,912023 0,000568
моря 0,579818 0,000169
моса 3,912023 0,000568
москва 0,400478 0,000582
москва-куйбышев 3,912023 0,000568
москвамосквамосковская 2,813411 0,000409
москвапенза 3,912023 0,000568
москвой 1,237874 0,000180
москву 1,139434 0,000166
москвы 0,653926 0,000095
московская 1,609438 0,000468
московский 0,891598 0,000389
московского 0,867501 0,000252
московское 1,347074 0,000196
московской 1,237874 0,000180
московскому 2,207275 0,000321
мост 0,967584 0,000141
моста 1,139434 0,000166
мотокроссу 3,912023 0,001137
мотостадион 3,912023 0,000568
мотостадионе 3,912023 0,000568
мотоциклу 3,912023 0,000568
мск 0,843970 0,000123
мсч 3,912023 0,000568
мтс 1,237874 0,001799
мужского 2,302585 0,000335
муз 2,659260 0,006183
муз-тв 1,966113 0,000286
музеев 1,309333 0,000571
музеи 0,820981 0,000239
музей 0,776529 0,001354
музыкальные 1,966113 0,000286
музыкальный 1,469676 0,000214
мультиплекса 1,897120 0,000276
муниципальное 1,139434 0,000331
муниципальному 2,995732 0,000435
муниципальные 1,309333 0,000190
муниципальным 0,776529 0,001354
муниципальных 0,776529 0,000564
муп 1,897120 0,000276
муромским 3,218876 0,000935
мчс 2,120264 0,000308
мытищи 3,912023 0,000568
мышленникъ 0,000000 0,000000
мэра 1,347074 0,000196
мэси 3,506558 0,000510
мясникова 3,218876 0,000935
мясного 3,912023 0,000568
мясоптицекомбинат 3,912023 0,000568
набережные 2,040221 0,000296
навигации -0,009950 -0,000001
навигация -0,009950 -0,000003
награды 0,867501 0,000126
награжден 1,514128 0,000220
награжденные 1,021651 0,000148
надежду 3,912023 0,000568
название 0,198451 0,000231
названия 0,342490 0,000100
наземного 2,525729 0,000367
наземное 2,995732 0,000435
назначен 1,386294 0,000403
называемый 1,514128 0,000220
называется 0,916291 0,000133
наиболее 0,139262 0,000020
наивысшая 2,995732 0,000435
наименований 1,832581 0,000266
найдена 3,506558 0,000510
найдены 1,714798 0,000249
наместничества 1,660731 0,000241
нами -0,009950 -0,000001
наподобие 2,525729 0,000367
направление 1,203973 0,000175
направлением 2,120264 0,000308
направо 1,560648 0,000227
например 0,328504 0,000048
напротив 1,237874 0,000180
напряжением 3,912023 0,001137
наркологическая 3,912023 0,000568
наровчат 3,912023 0,000568
наровчатский 3,912023 0,000568
народная 0,713350 0,000104
народного 1,171183 0,000340
народное 0,798508 0,000464
народные 1,832581 0,000266
народный 1,469676 0,000214
насаждения 2,407946 0,000350
население 0,693147 0,000705
населением 0,776529 0,000226
населения 0,494296 0,002945
населениягод 0,000000 0,000000
населенные 0,673345 0,000196
населенных 0,693147 0,000604
наследия 0,820981 0,000119
настоящее 0,328504 0,000239
наступает 0,916291 0,000133
насчитывается 1,427116 0,000415
научно-образовательный 0,967584 0,000141
научное 0,891598 0,000130
находится 0,328504 0,000191
находка 1,171183 0,000340
национальности 0,867501 0,000126
начал 0,798508 0,000464
начала 0,314711 0,000137
началась 0,967584 0,000141
начале 0,314711 0,000046
начало 0,415515 0,000181
начато 1,469676 0,000427
начинается 0,755023 0,000110
начнет 2,207275 0,000321
наша 2,302585 0,000335
нашлось 3,912023 0,000568
небольшой 1,427116 0,000207
неверкино 3,912023 0,000568
неверкинский 3,912023 0,000568
негосударственной 3,218876 0,000468
недоступная 0,527633 0,000307
недоступные 0,755023 0,000110
независимая 1,966113 0,000286
независимые 2,302585 0,000335
независимый 2,659260 0,000386
неизвестно 2,659260 0,000386
некоммерческой -0,009950 -0,000001
некорректно 1,897120 0,000276
некоторые 0,301105 0,000131
нем 0,356675 0,000207
немногих 2,120264 0,000308
немногочисленны 3,506558 0,000510
неподалеку 2,040221 0,000296
непрерывного 2,525729 0,000367
нерегулярное 3,912023 0,000568
нескольких 0,755023 0,000110
несколько 0,150823 0,000044
нефтехимической 2,813411 0,000409
нехватка 3,218876 0,000468
неэлектрифицированная 3,912023 0,001137
нза 0,000000 0,000000
нижегородская 2,302585 0,000335
нижегородский 2,813411 0,000409
нижегородско-харьковский 3,912023 0,000568
нижнеломовский 3,912023 0,000568
нижний 0,673345 0,000685
низкая 1,660731 0,000241
николаевич 1,309333 0,000190
никольск 3,506558 0,001019
никольский 2,207275 0,000321
нки 3,912023 0,000568
новая 0,634878 0,000277
новгород 0,867501 0,000378
ново-тамбовская 3,912023 0,000568
нового 0,579818 0,000084
новое 0,755023 0,000110
новокузнецк 1,272966 0,000185
новомосковск 1,203973 0,000175
новосибирск 0,916291 0,000133
новоспасское 2,659260 0,000386
новости 0,579818 0,000506
новые 0,342490 0,000100
новый 0,446287 0,000065
новых 0,430783 0,000063
ногайско-черкесскую 3,912023 0,000568
ногайцами 3,506558 0,000510
нод 3,506558 0,000510
номер 0,820981 0,000119
норвежская 0,248461 0,000036
норильск 1,203973 0,000175
норма 0,798508 0,000232
нохчийн 0,000000 0,000000
нояб 0,820981 0,000119
ноября 0,127833 0,000372
нпп 3,218876 0,000935
нська 0,000000 0,000000
нтв 1,427116 0,000207
нуз 3,912023 0,000568
ныне 0,653926 0,000190
оао 0,916291 0,000266
оба 1,386294 0,000201
обелиск 2,525729 0,000367
области 0,223144 0,001200
областигорода 2,407946 0,000350
областная 1,309333 0,001332
областного 1,108663 0,000483
областное 2,302585 0,000335
областной 1,078810 0,001568
областным 2,207275 0,000321
областными 2,813411 0,000409
область 0,385662 0,000616
областьгорода 1,309333 0,000190
областьсеверноетатарстанбавлыбашкортостан 2,813411 0,000409
обнаружен 2,659260 0,000386
обновить 3,218876 0,000468
обновлен 3,506558 0,001019
обновленному 3,912023 0,000568
обновят 3,506558 0,000510
обоев 3,912023 0,000568
обозрения 2,995732 0,000435
обоих 1,469676 0,000214
оборонительный 3,218876 0,000468
оборот 1,309333 0,000381
оборотной 3,506558 0,000510
оборудование 1,347074 0,000196
оборудования 1,049822 0,000305
оборудованной 3,912023 0,000568
обоснование 3,506558 0,000510
обочине 3,912023 0,000568
обрабатывающим 3,506558 0,000510
образовался 2,407946 0,000350
образование 0,494296 0,000215
образований 1,386294 0,000201
образования 0,478036 0,000069
образованиям 0,776529 0,001354
образованной 2,525729 0,000367
образовательных 1,427116 0,000207
образует 0,994252 0,000144
образцом 2,813411 0,000409
обращения 0,030459 0,000540
обслуживанию 2,659260 0,000386
обучение 1,714798 0,000249
общая 0,673345 0,000294
общего 0,713350 0,000104
общей 0,597837 0,000087
общественного 0,916291 0,000266
общественный 0,941609 0,000547
общественных 1,021651 0,000148
общество 0,713350 0,000104
общие 0,673345 0,000098
объединений 2,040221 0,000296
объединения 1,203973 0,000350
объединенная 3,218876 0,000468
объектом 1,560648 0,000454
объекты 0,478036 0,000139
объем 0,616186 0,000090
объявлена 3,506558 0,000510
объявления 2,525729 0,000367
объявляет 3,218876 0,000468
обязанности 1,427116 0,000207
обязательного 2,995732 0,000435
однако 0,174353 0,000203
одним 0,494296 0,000215
одно 0,693147 0,000101
одновременно 0,776529 0,000226
одного 0,544727 0,000079
одноименного 1,771957 0,000257
одноименной 2,207275 0,000321
одной 0,371064 0,000162
однопутная 3,912023 0,000568
одоевского 3,506558 0,000510
означающих 3,912023 0,000568
оказания 2,659260 0,000773
окаменелость 3,912023 0,000568
окато 0,820981 0,000239
около 0,000000 0,000000
окраине 1,966113 0,000571
окрестностей 1,714798 0,000249
округ 0,673345 0,000196
округа 0,653926 0,000380
округов 0,776529 0,000790
окружная 2,813411 0,000409
окт 0,798508 0,000116
октмо 0,843970 0,000123
октябрьская 1,897120 0,000276
октябрьский 1,078810 0,000314
октябрьскийрайон 3,912023 0,000568
октябрьской 1,078810 0,000157
октября 0,083382 0,000230
олег 1,427116 0,000207
олимпийский 2,120264 0,000616
олимпийского 1,714798 0,001246
омск 1,021651 0,000297
онкологический 2,120264 0,000308
онлайн 0,198451 0,000058
онлайн-версией 3,912023 0,000568
онлайн-формат 3,912023 0,000568
ооо 0,843970 0,000245
оператор 1,609438 0,001403
операторов 1,347074 0,000196
описание -0,009950 -0,000001
оптического 2,407946 0,000350
опытными 1,714798 0,000249
организации -0,009950 -0,000001
органный 2,302585 0,000335
органом 1,514128 0,000440
органы 0,891598 0,000259
орденом 1,021651 0,000297
оренбургская 2,040221 0,000296
оригинала 0,162519 0,000543
оркестр 1,660731 0,000241
орск 1,272966 0,000185
ортпц 2,407946 0,000350
ортсабеларуская 0,000000 0,000000
осадков 0,544727 0,000158
осаду 2,207275 0,000321
осаждению 3,912023 0,000568
освещающая 3,912023 0,000568
осиной 3,912023 0,000568
осипов 0,527633 0,000077
основ 2,659260 0,000386
основан 0,579818 0,000253
основания 0,713350 0,000104
основанного 2,207275 0,000321
основанные 0,776529 0,000226
основано 1,966113 0,000286
основная 0,116534 0,000102
основное 1,347074 0,000196
основном 0,510826 0,000074
основные 0,223144 0,000032
основным 0,616186 0,000090
остается 0,891598 0,000130
остальных 1,660731 0,000241
остановку 2,813411 0,000409
осуществляется 0,776529 0,000226
осуществляющим 2,995732 0,000435
отв 0,755023 0,000110
ответственности -0,009950 -0,000001
отгруженных 2,040221 0,000296
отделение 1,139434 0,000166
отделенческая 3,912023 0,000568
отдельных -0,009950 -0,000001
отдыха 1,049822 0,000305
отечественной 0,673345 0,000098
отказ -0,009950 -0,000001
отказа 2,813411 0,000409
открывший 3,218876 0,000468
открылась 1,309333 0,000381
открыли 1,237874 0,000360
открылось 1,966113 0,000286
открылся 0,941609 0,000547
открыт 0,798508 0,000812
открыта 0,967584 0,000141
открытая 1,771957 0,000515
открытие 0,941609 0,000137
открытия 0,916291 0,000133
открыто 1,078810 0,000470
открытый 1,049822 0,000305
отличается 0,579818 0,000084
отличаться 1,560648 0,000227
отложена 3,912023 0,000568
отложениях 2,995732 0,000871
отложено 2,995732 0,000435
относительно 0,415515 0,000060
относится 0,733969 0,000107
отношением 2,659260 0,000386
отоми 3,912023 0,000568
отправляются 1,771957 0,000257
отр 1,832581 0,000266
отредактирована -0,009950 -0,000001
отследить 2,995732 0,000435
отставке 2,659260 0,000386
отсутствие 1,347074 0,000196
отсутствия 1,714798 0,000249
отходят 3,506558 0,000510
официальная 1,609438 0,000468
официальное 1,771957 0,000257
официальный 0,510826 0,000297
оха 1,347074 0,000196
охваченные 2,525729 0,000367
оценка 0,693147 0,000101
ошибкекак -0,009950 -0,000001
павлинов 1,771957 0,000257
пакет 1,714798 0,000498
палеонтология 3,506558 0,001019
памятная 1,660731 0,000241
памятник 0,693147 0,003424
памятники 0,733969 0,000320
памятников 0,820981 0,000477
памятный 2,207275 0,000641
память 0,891598 0,000130
панорамы 2,040221 0,000296
пао 1,427116 0,002074
параметрамистатьи 3,218876 0,000468
парк 0,693147 0,000403
парков 1,514128 0,000220
парковая 2,525729 0,000367
пассажа 2,995732 0,000435
пассажирская 2,407946 0,000350
пассажирские 1,427116 0,000207
пассажирский 1,514128 0,000220
пассажирских 1,609438 0,000234
пассажирского 1,609438 0,000234
пачелма 3,912023 0,000568
пачелмский 3,912023 0,000568
пачелмы 3,912023 0,000568
пашков 3,506558 0,000510
пгсха 3,912023 0,000568
пгу 3,218876 0,000468
пгуас 3,912023 0,001137
педагогический 1,078810 0,000314
пенза 1,108663 0,019170
пенза-онлайн 3,912023 0,000568
пензадизельмаш 3,912023 0,000568
пензаинформ 3,912023 0,000568
пензастатистика 0,000000 0,000000
пензе 3,912023 0,025011
пензенец 3,912023 0,000568
пензенка 3,912023 0,000568
пензенская 2,207275 0,009943
пензенские 3,912023 0,000568
пензенский 3,506558 0,036176
пензенским 3,912023 0,000568
пензенского 3,506558 0,004076
пензенское 3,912023 0,002842
пензенской 2,813411 0,016761
пензенском 3,912023 0,001137
пензенцы 3,912023 0,001705
пензмаш 3,912023 0,000568
пензу 3,506558 0,001019
пензхиммаш 3,912023 0,001137
пензы 3,912023 0,028422
пензяк 3,912023 0,001705
пензяки 3,912023 0,001705
пензятка 3,912023 0,000568
пензячка 3,912023 0,000568
первая 0,430783 0,000125
первенства 2,207275 0,000321
первенство 2,302585 0,000335
первое 0,544727 0,000158
первой 0,462035 0,000067
первомайский 1,660731 0,001207
первомайскийрайон 3,912023 0,000568
первопоселенец 3,912023 0,000568
первый 0,385662 0,000280
первым 0,597837 0,000087
переведен 2,040221 0,000296
перевозок 1,469676 0,000427
переволоки 2,407946 0,000350
переименовали 2,302585 0,000335
перейти -0,009950 -0,000003
переливания 2,525729 0,000367
переменном 3,506558 0,000510
переписи 0,755023 0,000219
перепись 0,820981 0,000954
переработки 2,525729 0,000367
пересмотрела 3,912023 0,000568
перестал 2,659260 0,000386
перестройки 2,407946 0,000350
пересыхающая 3,912023 0,000568
переулков 2,813411 0,000409
переулок 2,302585 0,000335
переход 1,427116 0,000207
перешла 1,660731 0,000241
перешли 1,771957 0,000257
период 0,342490 0,000149
пермь 0,994252 0,000144
персональные -0,009950 -0,000001
пертурбационная 3,506558 0,000510
петрович 1,897120 0,000276
петру 1,771957 0,000515
печати -0,009950 -0,000001
печатные 1,514128 0,000440
печать -0,009950 -0,000001
печерское 2,813411 0,000409
пивной 3,912023 0,000568
пионерская 3,506558 0,001019
писчебумажная 3,912023 0,000568
питание 2,659260 0,000386
питания 1,272966 0,000185
пищевой 1,514128 0,000220
пиянза 3,912023 0,000568
плаванию 3,506558 0,002038
план 0,755023 0,000110
плана 1,272966 0,000185
планетарий 1,832581 0,000533
планировалось 1,832581 0,000533
планируется 1,021651 0,000148
плану 1,386294 0,000201
пластика 3,506558 0,000510
пластырь 3,912023 0,000568
плеханова 2,302585 0,000335
плотность 0,693147 0,000101
площадей 1,897120 0,000276
площади 0,510826 0,000074
площадка 1,514128 0,000220
площадками 2,813411 0,000409
площадке 2,207275 0,000321
площадь 0,478036 0,000278
плюс 1,386294 0,000403
пляж 2,207275 0,000321
пляжа 2,995732 0,000871
пляжного 3,912023 0,000568
пляжной 3,912023 0,000568
победы 0,916291 0,000666
поведения -0,009950 -0,000001
поволжский 2,659260 0,000386
поволжье 1,832581 0,000266
поволжья 1,714798 0,000249
повторному 3,506558 0,000510
погибшим 1,832581 0,000266
погода 0,776529 0,000113
погрома 3,218876 0,000468
подведомственные 2,995732 0,000871
подверглись 2,995732 0,000435
подвижного 2,120264 0,000308
подвижной 2,659260 0,000773
подготовка 1,771957 0,000257
подготовки 1,309333 0,001142
подконтрольную 3,912023 0,000568
поднята 3,912023 0,000568
подольск 1,272966 0,000185
подрайона 3,912023 0,000568
подробнее -0,009950 -0,000003
подтвердивший 3,912023 0,000568
подходит 2,207275 0,000321
подчинения 1,386294 0,000201
поезд 1,560648 0,000227
поезда 1,272966 0,000740
пожар 1,966113 0,000286
позднего 2,207275 0,000321
позже 0,733969 0,000107
поиск -0,009950 -0,000001
поиску -0,009950 -0,000001
поищут 3,912023 0,000568
пока 0,843970 0,000123
показателей 1,203973 0,000175
показатель 0,713350 0,000104
показателю 1,897120 0,000276
покаяние 3,506558 0,000510
покинули 2,813411 0,000409
покрытием 2,040221 0,000593
полдень 0,916291 0,000133
поле 0,798508 0,000464
полеологовский 3,912023 0,000568
поликлиника 2,302585 0,002007
поликлиники 1,966113 0,000286
политехнический 2,040221 0,000296
политехническом 3,218876 0,000468
политика -0,009950 -0,000004
политике 2,120264 0,000308
политическая 0,843970 0,000123
полка 2,040221 0,000296
полков 2,813411 0,000409
полкового 3,912023 0,000568
полностью 0,400478 0,000058
полноценное 3,912023 0,000568
поло 2,995732 0,000435
половину 1,660731 0,000241
положение 0,510826 0,000148
положении 2,040221 0,000296
положило 2,995732 0,000435
полон 3,506558 0,000510
полосами 2,659260 0,000386
полосы 1,469676 0,000214
полотнища 2,525729 0,000734
полотнище 1,609438 0,000234
полу 0,916291 0,000533
полубояров 3,912023 0,000568
получила 0,653926 0,000190
польского 2,525729 0,000367
поля 1,427116 0,000207
поляков 0,916291 0,000133
полями 3,506558 0,000510
поляна 1,660731 0,000241
полях 2,813411 0,000409
помимо 0,562119 0,000082
помощи 0,843970 0,000491
поправками 3,912023 0,000568
поправок 3,506558 0,000510
портал 0,342490 0,000149
порталвикипедия 2,120264 0,000308
порядка 1,139434 0,000166
посад 1,660731 0,000483
посадочных 2,995732 0,000435
посвященная 1,714798 0,000249
поселений 0,798508 0,000928
поселениям 0,967584 0,000141
поселка 1,309333 0,000190
поселкам 0,891598 0,000130
посетителей 1,966113 0,000571
посетителям 3,506558 0,000510
послевоенных 3,218876 0,000468
последний -0,009950 -0,000001
последняя 0,342490 0,000050
последствий 2,207275 0,000321
последующей 2,995732 0,000435
последующие 1,660731 0,000241
пост 1,514128 0,000220
постановках 3,912023 0,000568
постоянного 0,693147 0,000604
постоянном 3,506558 0,000510
постоянный 2,040221 0,000296
построен 0,798508 0,000348
построена 0,916291 0,000133
построенная 1,897120 0,000276
построенный 1,237874 0,000360
построено 0,867501 0,000126
построили 1,832581 0,000266
потребительских 2,525729 0,000367
потребительского 3,912023 0,000568
похороненные 3,912023 0,000568
почетного 1,237874 0,000180
почтовый 1,108663 0,000161
поэтапного 3,912023 0,000568
появились 0,579818 0,000169
появится 1,832581 0,000266
пояс 0,693147 0,000302
ппо 3,912023 0,001137
пр-д 0,000000 0,000000
пр-т 0,000000 0,000000
пра-финно-угорского 3,912023 0,000568
права 0,755023 0,000219
правда 0,891598 0,000259
правителей 2,659260 0,000386
правительства 0,693147 0,000201
правительстве 1,966113 0,000286
править -0,009950 -0,000136
правка 0,328504 0,000048
правкиновые -0,009950 -0,000001
правкипостоянная -0,009950 -0,000001
право 1,469676 0,000427
правобережье 2,407946 0,000350
правок 2,407946 0,000350
правопреемником 3,218876 0,000468
православных 1,427116 0,000207
прамарийского 3,912023 0,000568
пребывания 2,120264 0,000308
превращается 2,040221 0,000296
пределах 0,510826 0,000074
предоставленным 3,912023 0,000568
предоставляет 1,347074 0,000391
предоставляются 3,218876 0,000468
предпринимательства 1,714798 0,000249
предпринимателях 3,912023 0,000568
предприятие 1,237874 0,000360
предприятий 0,713350 0,000311
предприятия 0,713350 0,000104
предприятиями 1,660731 0,000241
председ 1,203973 0,000175
председателем 1,469676 0,000214
председателя 1,514128 0,000220
представились -0,009950 -0,000001
представительство 1,514128 0,000220
представлен 0,891598 0,000259
представлена 1,171183 0,000170
представление 1,514128 0,000220
представлено 1,560648 0,000227
представлены 0,867501 0,000126
представляет 0,446287 0,000130
предусмотрено 2,302585 0,000335
президента 0,916291 0,000266
преимущественно 0,776529 0,000113
прекратили 2,040221 0,000296
прекращения 2,813411 0,000409
преобразована 2,120264 0,000308
преобразованный 3,506558 0,000510
приборостроительный 2,302585 0,000335
приборы 2,995732 0,000435
приверженцы 3,506558 0,000510
приводные 3,912023 0,000568
приволжского 1,832581 0,000266
приволжской 2,207275 0,000641
пригородного 2,813411 0,000409
пригородные 1,469676 0,000214
пригородных 1,609438 0,000234
признана 2,040221 0,000296
признания 0,916291 0,000133
признанных 0,967584 0,000141
приложение 1,309333 0,000190
приложениях 2,659260 0,000386
применяемого 0,843970 0,000123
применяемым 0,941609 0,000137
примет 2,525729 0,000367
примечания -0,009950 -0,000003
принадлежит 1,203973 0,000350
принимает 1,469676 0,000214
приобрела 2,659260 0,000773
присвоении 1,386294 0,000201
присвоено 1,078810 0,000157
присоединении 2,813411 0,000409
пристань 1,714798 0,000249
присутствии 2,207275 0,000321
приход 1,832581 0,000266
причал 3,218876 0,000468
причала 2,995732 0,000435
причин 1,897120 0,000276
пришла 2,120264 0,000308
проблем 0,798508 0,000232
пробыл 3,506558 0,000510
провайдерами 3,506558 0,000510
проведена 1,832581 0,000266
проведения 0,843970 0,000491
проверенной 1,771957 0,000257
проверки 0,994252 0,000144
проверялась 1,771957 0,000257
провинции 1,660731 0,000241
проводились 1,771957 0,000257
проводится 1,108663 0,000161
проводы 3,912023 0,000568
проводятся 1,203973 0,000700
прогулочных 3,218876 0,000935
продаже 2,407946 0,000350
продажи 3,218876 0,000468
продление 2,995732 0,000435
продления 3,218876 0,000468
продлить 3,218876 0,000468
продолжительность 1,171183 0,000170
продукции 1,021651 0,000148
проездов 2,813411 0,000409
проект 0,400478 0,000291
проекта 0,616186 0,000090
проектах -0,009950 -0,000001
проектахмедиафайлы 2,525729 0,000367
проекты 1,108663 0,000161
производства 0,616186 0,000090
производствам 3,506558 0,000510
производстве 2,302585 0,000335
производство 0,941609 0,000684
произошел 1,171183 0,000170
произошло 0,733969 0,000107
происходит 0,634878 0,000185
происходить 3,218876 0,000468
происхождении 1,514128 0,000220
пройдут 2,813411 0,000409
прокоп 3,912023 0,000568
прокопьевск 1,272966 0,000185
проломная 3,506558 0,000510
промышленная 1,771957 0,000257
промышленной 1,309333 0,000190
промышленности 0,579818 0,000253
промышленность 0,693147 0,000201
промышленных 0,916291 0,000266
просмотры -0,009950 -0,000001
просп 3,218876 0,001403
проспект 1,021651 0,000148
проспекта 1,347074 0,000196
просяного 3,912023 0,000568
протекает 1,609438 0,000234
протекают 2,407946 0,000700
противотуберкулезный 2,995732 0,000435
прототип 2,525729 0,000367
протяженность 0,941609 0,000274
профессионального 1,427116 0,000207
профессиональный 1,897120 0,000551
профилактике 3,218876 0,000468
профилактику 3,912023 0,000568
профилактории 3,506558 0,000510
профиля 1,966113 0,000286
проходит 0,693147 0,000302
проходят 0,941609 0,000274
прохоров 1,078810 0,000157
прочее 0,653926 0,000095
прошел 0,994252 0,000289
прошение 3,506558 0,000510
прошла 1,560648 0,000227
прошло 2,040221 0,000296
прыжкам 2,525729 0,001468
прыжковым 3,912023 0,000568
прямоугольное 1,771957 0,000257
психиатрическая 2,525729 0,000367
птицефабрика 3,218876 0,000468
птк 3,912023 0,000568
публикации 1,832581 0,000266
публичная 1,966113 0,000286
пугачевагорода 3,218876 0,000468
пугачеву 3,912023 0,000568
пунктов 0,653926 0,000570
пункты 0,616186 0,000358
пусан 3,506558 0,000510
пустить 3,506558 0,000510
путеводитель 0,713350 0,000207
путей 0,916291 0,000133
пути 0,693147 0,000302
путь 0,820981 0,000119
путятино 2,813411 0,000409
пушкина 1,139434 0,000828
пушкину 1,897120 0,000276
пшеничного 3,912023 0,000568
пышма 1,309333 0,000190
пьянза 3,912023 0,000568
пятилеток 2,659260 0,000386
пятница 1,771957 0,000257
пятый 1,427116 0,000207
пять 1,108663 0,000161
работ 0,941609 0,000137
работа 0,891598 0,000130
работает 0,755023 0,000439
работало 1,660731 0,000241
работать 1,108663 0,000322
работают 0,673345 0,000489
работе 1,237874 0,000180
работу 0,693147 0,000403
радио 0,891598 0,002202
радиовещательная 2,207275 0,000321
радиоканалов 3,506558 0,000510
радиоканалы 2,995732 0,000435
радиостанции 1,347074 0,000783
радиотелецентр 2,995732 0,000435
радость 2,525729 0,000367
разветвленной 3,912023 0,000568
развитие 0,314711 0,000046
развития 0,287682 0,000084
развлекательные 2,525729 0,000367
разделена 2,040221 0,000296
разделенный 2,659260 0,000386
разделены 2,207275 0,000321
разина 2,207275 0,000321
разинаскрытые 2,525729 0,000367
различные 0,693147 0,000101
различными 1,609438 0,000234
размещения 0,843970 0,000123
разных 0,510826 0,000074
разорванная 3,912023 0,000568
разработанный 1,966113 0,000286
разработчики -0,009950 -0,000001
разумовского 3,506558 0,000510
район 0,597837 0,000347
района 0,673345 0,000294
районам 0,820981 0,000239
районе 0,527633 0,000307
районные 1,966113 0,000571
районным 3,218876 0,000468
районными 3,218876 0,000468
районов 0,562119 0,000653
районы 0,653926 0,000190
райцентров 0,941609 0,000137
рамат-ган 3,912023 0,000568
рамзайскийсельсовет 3,912023 0,000568
рамках 0,544727 0,000079
ранее 0,430783 0,000376
расписание 1,966113 0,000286
расписании 3,506558 0,001019
располагает 1,609438 0,000234
располагается 0,994252 0,000578
располагался 1,660731 0,000241
расположен 0,733969 0,000427
расположена 0,916291 0,000266
расположенной 2,302585 0,000335
расположено 0,916291 0,000266
расположены 0,673345 0,000294
рассматривает 2,525729 0,000367
рассматривалась 3,218876 0,000468
растений 1,386294 0,000604
растительность 1,427116 0,000415
расширение 0,527633 0,000077
расширила 3,912023 0,000568
рахманинова 3,218876 0,000468
ргсу 3,506558 0,000510
ргуитп 3,912023 0,000568
реализация 1,560648 0,000227
реализован 1,660731 0,000241
реализовано 2,995732 0,000435
ребенка 2,407946 0,000350
революции 0,693147 0,000201
революционной 3,218876 0,000468
ревунова 3,912023 0,000568
регби 2,302585 0,000335
регбийных 3,912023 0,001137
региона 0,776529 0,000226
региональное 1,660731 0,000483
региональные 1,171183 0,000170
региональный 1,347074 0,000196
региональных 1,203973 0,000175
регионах 1,771957 0,000257
регионов 0,941609 0,000137
регионы 1,049822 0,000153
регулярных 2,120264 0,000308
ред 0,235722 0,000069
режиссера 2,525729 0,000367
резерва 1,714798 0,001246
резервного 3,506558 0,000510
резонанса 3,506558 0,000510
результате 0,342490 0,000100
рейсы 1,427116 0,000622
река 0,733969 0,000213
реквизиты 3,912023 0,000568
реке 0,713350 0,000104
реки 0,462035 0,000201
реконструирован 2,207275 0,000321
реконструкции 0,967584 0,000562
реконструкция 1,203973 0,000350
рекорд 1,771957 0,000257
реку 1,171183 0,000340
религиозных 1,469676 0,000427
религия 0,843970 0,000368
рельсовые 3,912023 0,000568
рельсовый 3,506558 0,000510
рельсовых 3,912023 0,000568
ремонта 1,897120 0,000276
рен 1,660731 0,000241
реорганизации 2,659260 0,000773
репрессий 2,120264 0,000308
рептилии 3,218876 0,000468
республик 1,609438 0,000234
ресурсы 0,020203 0,000003
ретро 1,897120 0,000276
реформы 1,609438 0,000234
речкой 3,506558 0,000510
речная 2,659260 0,000386
речного 1,139434 0,000166
речной 0,916291 0,000133
решение 0,755023 0,000219
решением 1,078810 0,000157
ржд 1,832581 0,000266
рисунок 2,995732 0,000435
ритэйл 3,912023 0,000568
рманпо 3,912023 0,000568
роддом 2,995732 0,000435
родильный 3,218876 0,000468
родное 3,912023 0,000568
родственных 0,755023 0,000110
розничной 1,514128 0,000220
роман 1,771957 0,000257
россии 0,186330 0,000948
россиигородские 2,302585 0,000335
российская 0,186330 0,000217
российский 0,634878 0,001199
российско-украинской 1,108663 0,000161
российской 0,385662 0,001121
россия 0,371064 0,000647
росспэн 0,994252 0,000144
росстат 0,776529 0,000113
ростелеком 1,386294 0,001007
росток 3,218876 0,001871
росту 1,832581 0,000266
рсфср 0,733969 0,000427
ртищево 3,218876 0,000935
ртк 3,506558 0,000510
ртрс 1,514128 0,001320
руб 1,171183 0,000681
рубин 2,659260 0,000773
рублей 0,755023 0,000110
рубцовск 1,347074 0,000196
рузаевка 3,912023 0,000568
рузаевки 3,912023 0,000568
руководством 0,941609 0,000137
рус 0,162519 0,001393
русиньскый 0,000000 0,000000
русская 0,867501 0,000126
русские 0,544727 0,000237
русский -0,009950 -0,000004
русского 0,494296 0,000072
русское 0,755023 0,000110
ручей 2,040221 0,000296
ручьи 3,506558 0,000510
ручья 3,218876 0,000468
рыбинск 1,203973 0,000175
рынка 1,237874 0,000360
рынках 2,659260 0,000386
рябихина 3,912023 0,001137
ряд 0,385662 0,000112
ряду 1,832581 0,000266
ряжск 3,218876 0,000468
ряжская 3,912023 0,000568
рязанская 2,407946 0,000350
рязань 1,049822 0,000458
савицкого 3,912023 0,001137
сад 1,108663 0,000161
сайт 0,371064 0,000162
сайте 0,967584 0,000141
сайты 0,478036 0,000069
салехард 1,347074 0,000196
саловскийсельсовет 3,912023 0,000568
салют 2,659260 0,001159
самара 0,891598 0,000130
самарская 2,207275 0,000321
самарского 2,659260 0,000386
самая 0,798508 0,000116
самой 0,916291 0,000133
самолет 1,897120 0,000551
самоуправления 0,994252 0,000578
самый 0,579818 0,000084
самым 0,653926 0,000190
самых 0,544727 0,000079
санатории 2,525729 0,000367
санаторий 2,302585 0,000335
санкт-петербург 0,776529 0,000226
санти 3,506558 0,000510
сантонского 3,912023 0,000568
саратов 0,967584 0,000281
саратовской 2,659260 0,000386
сатурн 2,659260 0,000386
сборник 0,653926 0,000190
сборной 2,525729 0,000367
сборный 2,813411 0,000409
свердлова 2,525729 0,000367
свердловского 2,995732 0,000435
сверху 1,347074 0,000196
светлая 2,813411 0,000818
свободной -0,009950 -0,000001
сводная 2,995732 0,000435
свое 0,616186 0,000090
своем 1,560648 0,000227
свои 0,755023 0,000110
своих 0,776529 0,000113
свой 0,653926 0,000095
свойство 0,653926 0,000190
свыше 0,891598 0,000130
свяжитесь -0,009950 -0,000001
связанный 2,525729 0,000367
связано 1,078810 0,000314
связи 0,235722 0,000206
связь 0,616186 0,000269
сга 3,912023 0,000568
сделана 2,813411 0,000409
сдюсшор 2,659260 0,000773
север 1,171183 0,000170
севера 0,941609 0,000137
северная 1,078810 0,000157
северо-восток 2,525729 0,000367
северодвинск 1,171183 0,000170
сегодня 0,616186 0,000090
сезон 1,347074 0,000196
секторам 3,912023 0,000568
сектором 3,218876 0,000468
села 1,203973 0,000175
сельских 0,776529 0,000790
сельское 1,427116 0,000415
сельскохозяйственная 2,207275 0,000321
сельскохозяйственной 2,207275 0,000321
сельсовет 2,813411 0,001226
семашко 3,506558 0,000510
семейный 3,218876 0,000935
семи 1,386294 0,000201
семья 1,897120 0,000551
сенатом 3,506558 0,000510
сент 0,843970 0,000123
сентября 0,072571 0,000169
серафимович 3,218876 0,000468
сергеева 2,813411 0,000409
сергей 0,967584 0,000141
сердоба 3,912023 0,000568
сердобск 3,912023 0,001137
сердобский 3,912023 0,000568
сердца 2,525729 0,000367
серебряный 1,386294 0,000201
серии 1,386294 0,000201
сертификации 2,995732 0,000435
сессии 2,659260 0,000773
сети 0,494296 0,000144
сеть 0,616186 0,000358
сетью 1,714798 0,000249
сибирский 1,469676 0,000214
силами 1,309333 0,000190
сим 2,525729 0,000367
символ 1,203973 0,000175
символизирует 1,966113 0,000286
символика 1,272966 0,000555
симферополь 1,897120 0,000551
синагога 1,609438 0,000234
синема 1,771957 0,000257
синтетическая 3,912023 0,000568
система 0,235722 0,000034
систематический 3,218876 0,000468
системеобсуждениевкладсоздать -0,009950 -0,000001
системы 0,342490 0,000050
сити-менеджера 2,995732 0,000435
скачать -0,009950 -0,000001
скверов 2,302585 0,000335
сколько 0,653926 0,000095
скопье 3,218876 0,000468
скорее 1,966113 0,000286
скорой 1,832581 0,000799
скоростного 1,897120 0,000276
скульптура 1,171183 0,000340
славы 1,078810 0,000470
слева 1,108663 0,000161
следования 2,302585 0,000335
следуют 2,207275 0,000321
следующем 2,813411 0,000409
следующими 1,966113 0,000286
слепцову 3,912023 0,000568
слободы 2,040221 0,000593
слов 1,560648 0,000227
слова 0,562119 0,000082
словари 0,116534 0,000017
словарь-справочник 1,560648 0,000454
сложным 0,867501 0,000126
слоях 2,407946 0,000700
служба 0,693147 0,000604
случаях -0,009950 -0,000001
смартс 3,218876 0,000935
смешанный 2,813411 0,000409
смещение 0,798508 0,000116
сми 0,867501 0,000378
снг 1,714798 0,000249
снова 1,386294 0,000201
снопов 3,912023 0,001705
собачкой 3,218876 0,000468
собой 0,328504 0,000095
собор 0,755023 0,000219
соборная 1,272966 0,000185
собственного 1,427116 0,000207
собственности 1,514128 0,000220
собственными 1,897120 0,000276
событияпожертвовать -0,009950 -0,000001
совет 0,916291 0,000133
советов 0,820981 0,000119
советская 0,371064 0,000054
советских 1,386294 0,000201
советской 0,755023 0,000219
современная 1,108663 0,000161
современник 2,813411 0,000409
современных 0,713350 0,000104
согласно 0,301105 0,000088
содержание 0,010050 0,000001
соединяются 2,995732 0,000435
соединяющая 2,525729 0,000367
сожжены 2,995732 0,000435
создан 0,693147 0,000201
созыва 1,609438 0,000234
соколова 2,525729 0,000367
сокращение 1,714798 0,000249
солнечный 0,843970 0,000123
солнышко 3,506558 0,000510
сообщает 2,207275 0,000321
сообщение 1,049822 0,000458
сообщением 2,659260 0,000386
сообщения 0,820981 0,000119
сообщить -0,009950 -0,000001
соответствии 0,446287 0,000195
соревнований 1,771957 0,000257
соревнования 1,514128 0,001760
сортировочным 3,912023 0,000568
соседними 2,659260 0,000386
сосново-широколиственными 3,912023 0,000568
сосновоборск 3,218876 0,000468
сосновоборский 3,912023 0,000568
сосновскийсельсовет 3,912023 0,000568
сост 0,597837 0,000087
состав 0,400478 0,000175
состава 1,171183 0,000170
составил 0,916291 0,000266
составлены 2,813411 0,000409
составляет 0,314711 0,000137
составляла 1,272966 0,000185
состоялись 2,120264 0,000308
состоянию 0,544727 0,000079
сосуществуют 3,912023 0,000568
сотовой 1,469676 0,000641
сотрудников 1,966113 0,000286
сохранением -0,009950 -0,000001
сохранено 3,912023 0,000568
сохраняет 2,207275 0,000321
сохранялось 3,506558 0,000510
социалистических 2,659260 0,000386
социальная 1,514128 0,000220
социально-педагогический 2,995732 0,000435
социально-экономическом 2,525729 0,000367
социального 1,966113 0,000571
социальной 1,386294 0,000403
социальный 2,120264 0,000308
сочи 1,514128 0,000440
союз 1,203973 0,000525
союза 0,733969 0,000320
спартак 1,771957 0,000515
спартакиада 2,995732 0,000871
спартакиаде 3,506558 0,001019
спартакиады 3,218876 0,001871
спас 1,897120 0,000276
спасск 2,813411 0,001226
спасский 2,207275 0,000641
спбагз 3,912023 0,000568
специализированные 2,120264 0,000616
специализированным 3,506558 0,000510
специализированных 1,514128 0,000220
специализируется 2,659260 0,000386
специалистов 1,078810 0,000157
специальном 3,506558 0,000510
специальные 1,660731 0,000483
спид 2,995732 0,000435
списки 1,714798 0,000249
список 0,248461 0,000144
спорт 0,776529 0,001467
спорта 0,916291 0,002796
спортивная 2,040221 0,000296
спортивно-зрелищного 3,912023 0,000568
спортивно-зрелищный 3,506558 0,001019
спортивно-оздоровительные 3,912023 0,000568
спортивно-оздоровительный 2,659260 0,001159
спортивной 2,040221 0,002075
спортивные 1,078810 0,001254
спортивный 1,514128 0,001540
спортивным 2,659260 0,001159
спортсменам 3,218876 0,000935
спортсменов 2,302585 0,000335
спорту 1,897120 0,000551
справедливости 2,659260 0,000386
справка 1,272966 0,000185
справочник 0,916291 0,000133
спрыгина 3,506558 0,000510
среди 0,198451 0,000058
средне-волжской 2,995732 0,000435
средневолжского 3,912023 0,000568
среднегодовая 1,078810 0,000157
средней 0,867501 0,000252
среднестатистический 3,506558 0,000510
средние 0,941609 0,000274
средний 0,494296 0,000287
средняя 0,510826 0,000223
средств 0,597837 0,000087
средства 0,415515 0,000302
сроком 1,966113 0,000286
српски 0,000000 0,000000
српскохрватски 0,000000 0,000000
сср 0,820981 0,000239
ссср 0,314711 0,000366
ссылка 0,274437 0,000160
ссылками 0,186330 0,000081
ссылкасведения -0,009950 -0,000001
ссылки -0,009950 -0,000010
став 1,771957 0,000257
ставший 1,832581 0,000266
стадион 1,108663 0,003222
стадионе 1,966113 0,000571
стадионом 2,659260 0,000386
стадионы 1,714798 0,000249
стал 0,314711 0,000274
стала 0,462035 0,000134
стали 0,430783 0,000125
сталина 2,040221 0,000296
сталинских 3,218876 0,000468
сталинского 2,525729 0,000367
стальные 3,912023 0,000568
становится 0,527633 0,000307
станции 0,693147 0,000504
станция 0,798508 0,000232
станциях 2,302585 0,000335
старая 0,430783 0,000125
старейших 1,309333 0,000571
старой 1,514128 0,000220
старому 2,040221 0,000296
старых 1,560648 0,000227
стасова 3,912023 0,000568
статистика -0,009950 -0,000003
статистике 0,916291 0,000133
статистики 0,713350 0,000518
статистический 0,755023 0,001536
статистическое 0,994252 0,000144
статус 0,510826 0,000297
стать 1,203973 0,000175
статье 0,941609 0,000137
статьи 0,072571 0,000063
статьислучайная -0,009950 -0,000001
статьисообществофорумсправкасвежие -0,009950 -0,000001
статья 0,105361 0,000092
статьяобсуждение -0,009950 -0,000001
статьятекущие -0,009950 -0,000001
сте-панов-скийсель-совет 3,912023 0,000568
стекает 3,912023 0,000568
стекающего 3,912023 0,000568
стела 1,469676 0,000214
степана 1,966113 0,000286
степанщино 2,813411 0,000409
стиле 0,994252 0,000289
стилю 1,832581 0,000266
столицы 1,049822 0,000153
стоматологическая 3,506558 0,001019
стороне 1,139434 0,000166
сторону 1,171183 0,000681
стороны 0,430783 0,000188
стоящих 2,995732 0,000871
стр 1,309333 0,000381
страна 0,462035 0,000201
страница -0,009950 -0,000001
страницасодержаниеизбранные -0,009950 -0,000001
страницецитировать -0,009950 -0,000001
страницуполучить -0,009950 -0,000001
страницы -0,009950 -0,000009
страницыслужебные -0,009950 -0,000001
страны 0,634878 0,000092
страхования 2,995732 0,000435
стрельбищенская 3,912023 0,000568
строителей 2,040221 0,002075
строительный 1,897120 0,000276
строительства 0,673345 0,000196
строительство 0,510826 0,000223
структуры 1,171183 0,000170
стс 1,714798 0,000249
студия 1,966113 0,000286
ступино 1,347074 0,000196
субъект 0,820981 0,000119
субъектов 0,755023 0,000439
суворова 2,659260 0,000773
суворовский 2,995732 0,000871
судебно 3,912023 0,000568
суперлига 2,120264 0,000308
сура 3,506558 0,004586
суре 3,218876 0,000468
сурск 3,912023 0,000568
сурский 3,506558 0,001019
сурского 3,912023 0,000568
сурскоеводохр 3,912023 0,000568
суру 3,912023 0,000568
суры 3,506558 0,003057
сутки 1,771957 0,000257
суточный 0,820981 0,000239
суходол 2,813411 0,000409
существовало 1,427116 0,000207
существует 0,446287 0,000065
сцб 3,912023 0,000568
счетмаш 3,506558 0,000510
считая 2,207275 0,000321
сызрано-вяземской 3,912023 0,000568
сызранская 3,912023 0,000568
сызрань 1,237874 0,000719
сюдасвязанные -0,009950 -0,000001
табл 0,867501 0,000126
таблица 0,653926 0,000475
тагил 1,272966 0,000185
также 0,000000 0,000000
такси 1,021651 0,000148
тамала 3,912023 0,000568
тамалинский 3,912023 0,000568
тамбов 2,302585 0,000669
тамбовской 3,218876 0,000468
тарашкев 0,000000 0,000000
татарча 0,000000 0,000000
татары 0,798508 0,000116
тв-экспресс 3,912023 0,000568
твой 2,407946 0,000350
творческие 2,302585 0,000335
творчества 1,514128 0,000440
театр 0,713350 0,000933
театра 1,021651 0,000148
театральная 2,207275 0,000321
театрального 2,207275 0,000321
театральное 2,302585 0,000335
театральные 2,525729 0,000367
театральный 1,660731 0,000241
театров 1,203973 0,000175
театры 0,941609 0,000274
текст -0,009950 -0,000001
текущая 1,609438 0,000234
текущее 3,506558 0,001019
текущем 0,544727 0,000079
телевещание 1,966113 0,000286
телевидение 0,967584 0,000562
телевизионная 1,714798 0,000249
телевизионный 2,040221 0,000593
телегид 3,506558 0,000510
телеканалов 1,386294 0,000403
телеканалы 1,966113 0,000571
телеком 2,302585 0,000335
телепрограмму 3,912023 0,000568
телесемь 2,813411 0,000409
телефонная 2,120264 0,000308
телефонный 0,776529 0,000113
тема 1,897120 0,000276
тематика 2,659260 0,000386
тематические 0,510826 0,000074
темп 2,302585 0,001004
температура 0,562119 0,000245
температурой 1,966113 0,000286
тенниса 2,659260 0,000386
теннисные 2,813411 0,000409
теннисными 3,912023 0,000568
теннисных 3,912023 0,000568
теннисом 3,506558 0,001019
тепловоз 3,506558 0,000510
теплое 1,832581 0,000266
терновка 3,912023 0,000568
территориальный 1,660731 0,000483
территориальных 0,776529 0,000451
территории 0,400478 0,000524
территориях 0,916291 0,000133
техника 1,660731 0,000241
техники 0,867501 0,000252
техникум 1,714798 0,000498
технический 1,021651 0,000148
технологий 0,653926 0,000665
технологическая 3,506558 0,000510
технологический 1,966113 0,000286
течение 0,527633 0,000077
тип 0,356675 0,000207
типа 0,462035 0,000067
титова 2,995732 0,000871
тнт 1,714798 0,000249
товарный -0,009950 -0,000001
товаров 1,049822 0,000305
ток 3,218876 0,000468
токарю 3,912023 0,000568
токе 3,506558 0,001019
толстопятый 3,912023 0,001137
тольятти 1,514128 0,000220
томск 1,108663 0,000161
топкая 3,912023 0,000568
топонима 1,386294 0,000201
топонимики 2,995732 0,000435
топонимов 2,659260 0,000386
торговая 1,660731 0,001448
торговли 0,867501 0,000126
торговля 1,021651 0,000297
торгово-развлекательных 2,659260 0,000386
торжественно 1,660731 0,000241
точка 1,309333 0,000381
точки 1,049822 0,000153
точное 2,207275 0,000321
трамваев 1,897120 0,000276
трамвай 0,967584 0,000141
трамвая 1,347074 0,000391
трансляция 2,525729 0,000367
транспорт 0,693147 0,000806
транспорта 0,776529 0,000226
транспортной 1,108663 0,000322
транспортных 0,891598 0,000130
транссиба 2,407946 0,000350
требуют 1,609438 0,000234
треки 3,506558 0,000510
тренажерный 3,506558 0,000510
тренировки 3,218876 0,000468
тренировок 3,506558 0,000510
тренировочная 3,506558 0,000510
третья 1,609438 0,000234
трех 0,713350 0,000311
трехлетнего 3,506558 0,000510
триатлону 3,912023 0,000568
трибуны 3,506558 0,000510
триумфальное 3,506558 0,000510
трк 1,771957 0,000257
троллейбус 0,994252 0,000289
троллейбуса 1,897120 0,000276
троллейбусами 1,897120 0,000276
троллейбусного 2,207275 0,000321
троллейбусное 2,302585 0,000669
троллейбусных 1,347074 0,000196
троллейбусы 1,714798 0,000249
трубопроводная 3,912023 0,000568
трубы 2,813411 0,000409
труд 1,660731 0,000483
трудового 1,966113 0,000571
трудовой 1,237874 0,001259
трц 1,660731 0,001207
ттк 2,525729 0,000734
турнира 2,525729 0,000734
турниры 2,813411 0,000409
туронского 3,912023 0,000568
тыс 0,430783 0,000063
тысяч 0,415515 0,000121
тысячи 0,597837 0,000087
тюмень 1,171183 0,000170
тюстин 3,912023 0,000568
углу 1,832581 0,000266
удмуртукра 0,000000 0,000000
удовлетворили 3,912023 0,000568
уезда 1,469676 0,000427
уездным 2,407946 0,000350
уездов 2,659260 0,000386
узел 0,891598 0,000130
узкоколейная 2,813411 0,000409
узлом 1,609438 0,000468
указ 0,941609 0,000137
указа 2,995732 0,000435
указан 0,139262 0,000101
указанием -0,009950 -0,000001
указанного 1,078810 0,000157
указано 0,733969 0,000213
указом 0,941609 0,000137
указу 1,714798 0,000498
указывающий 3,912023 0,000568
укладка 3,912023 0,000568
украины 0,616186 0,000090
улан-удэ 1,237874 0,000180
улиц 0,891598 0,000389
улица 0,994252 0,000289
улице 0,916291 0,000133
улицу 1,966113 0,000286
улицы 0,843970 0,000123
улично-дорожной 2,207275 0,000321
ульянова 2,302585 0,000335
ульяновск 1,078810 0,000157
ульяновская 2,207275 0,000321
ульянову 3,506558 0,000510
умеренно 1,021651 0,000445
умет 2,659260 0,000386
университет 0,562119 0,001062
университета 0,446287 0,000259
уничтожил 2,659260 0,000386
упоминание 1,237874 0,000180
управление 0,527633 0,000153
управления 0,415515 0,000181
упразднена 2,040221 0,000296
упразднения 3,218876 0,000468
урал 1,560648 0,000680
урицкого 2,525729 0,000367
уровнем 0,798508 0,000232
усеинов 3,912023 0,001705
усеинова 3,912023 0,001705
усеинович 3,912023 0,000568
условий -0,009950 -0,000003
условия -0,009950 -0,000006
услуг 0,967584 0,000422
услуги 0,994252 0,000144
усовершенствования 3,218876 0,000468
успешно 1,832581 0,000266
устав 0,941609 0,000547
уставом 1,966113 0,000286
устрицы 3,506558 0,000510
устройства 1,309333 0,000190
устройстве 1,171183 0,000170
утвердил 2,302585 0,000335
утвержден 1,171183 0,000170
утверждениями 0,713350 0,000104
утвержденный 2,040221 0,000296
утвержденным 3,218876 0,000468
уфа 0,967584 0,000281
участие -0,009950 -0,000001
участка 1,609438 0,000234
участке 1,469676 0,000214
участникам 2,813411 0,000409
участниками 1,309333 0,000381
участок 1,203973 0,000525
учащихся 1,714798 0,001246
учебные 1,108663 0,000644
ученики 3,506558 0,000510
учетную -0,009950 -0,000001
учетом 0,755023 0,000219
училища 1,514128 0,000220
училище 1,021651 0,000891
учительский 2,813411 0,000409
учителя 2,813411 0,000409
учреждение 1,237874 0,001439
учреждении 2,407946 0,000700
учреждений 0,891598 0,000777
учреждения 0,843970 0,000736
фабрика 1,272966 0,000370
фабрики 1,832581 0,001065
фгбоу 3,506558 0,001019
февр 0,820981 0,000119
февраль 1,272966 0,000185
февраля 0,051293 0,000201
февронии 2,525729 0,000734
федеральная 0,713350 0,000829
федеральной 0,891598 0,000259
федеральный 0,653926 0,000095
федеральных 0,776529 0,000451
федерации 0,544727 0,001662
федерация 1,714798 0,000249
фигур 2,525729 0,000367
физико-географическая 0,843970 0,000245
физическими 3,218876 0,000468
физкультурно-оздоровительные 3,506558 0,000510
физкультурно-оздоровительный 3,912023 0,001705
филармонии 1,469676 0,000427
филармония 1,237874 0,000899
филатова 2,659260 0,000386
филиал 0,798508 0,002553
филиалы 1,347074 0,000196
финал 2,407946 0,000350
финансировании 3,506558 0,000510
финансирования 2,120264 0,000308
финансового 1,897120 0,000276
финансовый 1,609438 0,000234
финансовыми 2,995732 0,000435
финансовых 1,560648 0,000227
финансы 0,798508 0,000116
флаг 0,673345 0,000294
флора 1,171183 0,000511
флот 1,832581 0,000266
фок 3,218876 0,000468
фонд -0,009950 -0,000003
формате 1,427116 0,000207
форме 0,941609 0,000137
фото 1,203973 0,000175
фотографии 1,203973 0,000175
фрагментарный 3,912023 0,000568
францевич 3,912023 0,000568
франциском 3,912023 0,000568
франция 1,560648 0,000227
фронтовых 3,912023 0,000568
функционировавшее 3,506558 0,000510
функционировала 3,506558 0,000510
функционирует 1,203973 0,000350
функция 1,832581 0,000266
футбол 1,714798 0,000249
футбольное 2,813411 0,000818
футбольные 2,120264 0,000308
хальмг 0,000000 0,000000
ханты-мансийск 1,347074 0,000196
характеристика 0,713350 0,000207
характерной 2,302585 0,000335
химическое 2,207275 0,000321
химической 1,560648 0,000227
ход 2,040221 0,000593
ходе 0,562119 0,000245
хозрасчетная 3,912023 0,000568
хозяйства 0,755023 0,000110
хозяйство 0,713350 0,000518
хозяйством 3,218876 0,000468
хозяйствующих 2,995732 0,000435
хоккей 1,660731 0,000241
хоккейная 2,040221 0,000593
хоккейной 1,966113 0,000286
хоккею 1,347074 0,000587
хоккея 2,525729 0,000367
холдинг 2,040221 0,000593
холмах 2,040221 0,000296
холме 2,407946 0,000350
холодная 2,040221 0,000296
холодный 1,771957 0,000257
хореографический 3,506558 0,000510
хореографического 3,506558 0,000510
хотя 0,653926 0,000095
христианская 2,995732 0,000435
христианство 1,832581 0,000533
художественное 2,040221 0,000296
художественной 1,469676 0,000214
художественные 2,120264 0,000308
царства 1,469676 0,000214
царя 1,469676 0,000214
цвета 1,171183 0,000340
цвете 2,995732 0,000435
цветочно-декоративный 3,912023 0,000568
целях 1,171183 0,000170
центр 0,400478 0,001106
центра 0,562119 0,000163
центральная 0,755023 0,000110
центральной 0,843970 0,000123
центральный 0,673345 0,000196
центральных 1,427116 0,000207
центрами 1,469676 0,000427
центрах 2,407946 0,000350
центре 0,673345 0,000294
центров 0,776529 0,000113
центром 0,713350 0,000829
центры 0,713350 0,000311
церквей 1,560648 0,000227
цеткин 3,506558 0,001019
циолковского 2,525729 0,000367
цирк 1,078810 0,000157
цифровое 1,514128 0,000660
цифровые 0,673345 0,000098
цпкио 2,659260 0,000386
чаадаевка 2,813411 0,000409
чайка 1,966113 0,000571
часов 1,078810 0,000314
часовой 0,755023 0,000439
части 0,198451 0,000144
частично 0,653926 0,000095
частная 2,120264 0,000308
частные 1,514128 0,000220
частных 1,108663 0,000322
частота 1,660731 0,000483
часть 0,105361 0,000061
чебаркуль 2,659260 0,000386
чебоксары 1,171183 0,000170
чел 0,713350 0,000726
человек 0,400478 0,000291
челябинск 0,994252 0,000289
челябинска 2,302585 0,000335
челябинская 2,302585 0,000335
чемода-новскийсельсовет 3,912023 0,000568
чемодановка 2,813411 0,000409
чемпионат 1,237874 0,000360
череп 3,912023 0,000568
черкизово 3,506558 0,001019
чернобыльской 3,218876 0,000468
чернов 2,813411 0,000409
чернова 2,995732 0,000435
черноморскими 3,218876 0,000468
черте 1,272966 0,000370
чертой 2,813411 0,000409
четвертая 2,302585 0,000669
четыре 0,713350 0,000207
чехи 2,040221 0,000296
чехословацкого 2,813411 0,000409
числа 0,891598 0,000130
числе 0,248461 0,000072
численности 0,653926 0,000190
численность 0,653926 0,002566
численностью 1,049822 0,000153
чита 1,237874 0,000180
читатьтекущая 1,237874 0,000180
членов 1,272966 0,000185
чуваши 1,237874 0,000180
чугунолитейный 3,218876 0,000468
чулково 2,659260 0,000386
шайба 3,912023 0,001705
шайбой 1,966113 0,000286
шацк 2,813411 0,000409
шемышейка 3,912023 0,000568
шемышейский 3,912023 0,000568
шествие 3,506558 0,000510
шириной 1,966113 0,000286
ширины 2,207275 0,000321
широким 2,302585 0,000335
широкого 2,040221 0,000296
широколиственными 3,506558 0,000510
широкополосного 2,659260 0,000386
школы 0,673345 0,000587
школьников 1,966113 0,000286
штате 2,995732 0,000435
щите 2,207275 0,000321
эвакуированы 2,040221 0,000296
эвт 3,912023 0,001137
экз 0,415515 0,000181
эколого-политологический 3,912023 0,000568
экономика 0,510826 0,000223
экономики 0,713350 0,000207
экономическая 1,660731 0,000241
экономический 1,139434 0,000166
экспертизы 3,218876 0,000468
эксплуатируются 2,813411 0,000409
экспорт -0,009950 -0,000001
экспресс 2,207275 0,000641
электрификация 3,912023 0,000568
электрифицирован 3,912023 0,000568
электричества 2,525729 0,000367
электромеханика 3,912023 0,000568
электронного 1,897120 0,000276
электронные 1,714798 0,000498
электрооборудования 2,120264 0,000308
электротягу 3,912023 0,000568
эмблемы 2,813411 0,000818
энергетика 1,660731 0,000241
энерджи 3,506558 0,000510
энциклопедии -0,009950 -0,000003
энциклопедия 0,210721 0,000214
эр-телеком 1,897120 0,000276
эра 2,995732 0,000435
эрзянь 0,000000 0,000000
эрозии 2,525729 0,000367
эта 0,000000 0,000000
этимология 0,616186 0,000179
этих 0,400478 0,000116
это 0,000000 0,000000
этому 0,755023 0,000110
эфирное 1,714798 0,000997
юбилейный 0,820981 0,000239
ювелиру 3,912023 0,000568
юга 1,171183 0,000170
юго-востоку 2,040221 0,000296
юго-восточной 1,660731 0,000724
юго-запада 2,302585 0,000335
южная 0,941609 0,000137
южной 0,733969 0,000107
юмор 1,966113 0,000286
юного 1,560648 0,000227
юность 1,771957 0,001030
юридический 1,714798 0,000249
юридической 3,218876 0,000468
юрий 1,203973 0,000350
юрьевна 2,813411 0,000409
юрюзань 2,813411 0,000409
является 0,094311 0,000110
являлся 1,347074 0,000196
являющегося 3,506558 0,000510
язык 0,116534 0,000017
языках -0,009950 -0,000001
якуб 3,912023 0,001137
якутск 1,203973 0,000175
ямбирно 2,813411 0,000409
янв 0,820981 0,000119
январе 1,427116 0,000207
январь 0,941609 0,000410
января 0,116534 0,000406
ярославль 1,078810 0,000157
ячменного 3,912023 0,000568
