абхаз 1,771957 0,000321
аварец 1,771957 0,000321
авг 0,820981 0,000297
август 0,072571 0,000171
авиапорт 3,218876 0,000583
авиацентра 3,912023 0,001417
авиационный 1,386294 0,000251
автобус 0,820981 0,000743
автовокзал 1,078810 0,000195
автодорога 0,891598 0,000323
автокросса 3,912023 0,000708
автомобильный 0,713350 0,000517
авторадио 1,897120 0,000343
авторитетный 0,891598 0,000161
авторский 1,966113 0,000356
авторство -0,009950 -0,000002
автотрансинфо 2,525729 0,000457
автотранспортный 1,897120 0,000343
агеева 1,469676 0,000266
агентство 0,798508 0,000434
агломерационный 3,218876 0,000583
агломерация 0,798508 0,000434
агротехнологический 3,218876 0,000583
агул 1,832581 0,000332
административно-территориальное 0,820981 0,000743
административно-территориальном 1,309333 0,000474
административный 0,597837 0,000649
администрация 0,755023 0,000957
азербайджанец 1,139434 0,000206
азовский 1,660731 0,000301
азотно-туковый 3,912023 0,000708
академический 0,916291 0,000166
академия 0,544727 0,000296
акушерка 3,912023 0,000708
акционерный 1,832581 0,000332
алг 3,912023 0,000708
александр 0,462035 0,000084
алтаец 1,966113 0,000356
алфавитувикипедия 0,776529 0,000141
алфавитунаселенные 0,867501 0,000157
альпинизм 2,813411 0,000509
альтаир 3,506558 0,000635
альтернативный 1,203973 0,000218
амбулатория 2,995732 0,002170
амвросия 3,912023 0,001417
американец 1,771957 0,000321
американский 0,994252 0,000180
аммиак 2,659260 0,000481
амстердама 3,218876 0,000583
ансамбль 0,994252 0,000360
аньшань 3,912023 0,000708
аппарат 1,469676 0,000266
апр 0,798508 0,000289
апрель 0,150823 0,000382
аптека 2,120264 0,000768
арбитражный 1,966113 0,000356
армянин 1,021651 0,000185
арх 0,544727 0,000099
архив 0,446287 0,000081
архивировать 0,020203 0,000402
архивный 0,248461 0,000180
ассириец 1,832581 0,000332
ассоциация 1,309333 0,000237
аст 0,820981 0,000149
астрахань 0,967584 0,000175
астрель 1,049822 0,000190
атмосфера 0,994252 0,000540
атмосферный 1,386294 0,000251
ашан 2,120264 0,000384
аэропорт 0,776529 0,000141
бадеровских 3,912023 0,000708
баз 0,371064 0,000202
балкарец 2,040221 0,000369
бань 2,659260 0,000963
барак 3,218876 0,000583
баш 3,506558 0,000635
башкир 1,347074 0,000244
бедрова 3,912023 0,000708
беларусь 1,237874 0,000224
белгород 2,302585 0,000417
белгородский 2,407946 0,000872
белорус 1,171183 0,000212
бензапирена 3,218876 0,000583
берег 0,478036 0,000519
березка 2,407946 0,000436
берлин 2,302585 0,000417
библиографический 0,083382 0,000015
библиотека 0,328504 0,000178
бизнес 0,820981 0,000297
билайн 1,272966 0,000230
благополучный 3,506558 0,000635
близкий 0,820981 0,000297
близость 1,660731 0,000301
болгарин 1,427116 0,000258
больница 1,078810 0,001367
больничный 2,207275 0,000799
больше-кузьминскийсельсовет 3,912023 0,000708
большинство 0,342490 0,000124
большой 0,040822 0,000074
бор 1,203973 0,000218
боринскийсельсовет 3,912023 0,000708
брат 1,272966 0,000230
бренд 1,660731 0,000301
бригантина 3,506558 0,000635
британец 2,040221 0,000369
брокгауза 0,328504 0,000178
брянск 2,207275 0,000400
бульвар 1,237874 0,000224
бупк 3,912023 0,000708
бурят 1,609438 0,000291
бутырскийсельсовет 3,912023 0,000708
быв 3,506558 0,000635
быстро 0,967584 0,000175
быть -0,009950 -0,000009
быханов 3,912023 0,001417
вагон 1,660731 0,000301
важный 0,494296 0,000089
ванна 3,506558 0,000635
введенскийсельсовет 3,912023 0,000708
вейк 3,912023 0,000708
вейкбординг 3,912023 0,000708
век 0,248461 0,000360
векерайонные 3,218876 0,000583
великий 0,356675 0,000129
венгр 1,966113 0,000356
венера 2,813411 0,000509
вепс 2,407946 0,000436
вера 1,049822 0,000190
вербилово 3,506558 0,000635
вернуться 1,171183 0,000212
версия -0,009950 -0,000005
вертячье 3,506558 0,000635
верхний 0,494296 0,000268
весенний 1,660731 0,000301
вести 0,356675 0,000194
вестись 0,673345 0,000244
ветер 0,713350 0,000517
вещество 0,994252 0,000360
взгляд 1,309333 0,000474
взлетный 3,218876 0,000583
взрослый 1,609438 0,000291
вивт 3,912023 0,000708
вид 0,061875 0,000045
викигиде 0,776529 0,000141
викигидепортал 1,469676 0,000266
викигидстатьи 2,120264 0,000384
викиданные 0,776529 0,000281
викиданных -0,009950 -0,000002
викиданныхвикипедия 0,891598 0,000161
викимапиипро 1,427116 0,000258
викимедиа -0,009950 -0,000002
википедии -0,009950 -0,000004
википедия -0,009950 -0,000022
викискладвикиновостивикигидэлемент 1,609438 0,000291
викискладе 0,174353 0,000032
викискладепутеводитель 0,713350 0,000129
викискладстатьи 0,891598 0,000161
викисловаремедиафайлы 2,120264 0,000384
викисловарьстатьи 1,347074 0,000244
викитека 3,218876 0,000583
викторина 2,995732 0,000542
винница 3,912023 0,001417
винничанин 3,912023 0,000708
витебск 3,506558 0,000635
включать 0,235722 0,000128
включить 0,634878 0,000115
вконтакте 1,966113 0,000356
владение 0,916291 0,000166
владимир 0,653926 0,000118
власть 0,544727 0,000099
вместе 0,510826 0,000092
внешний 0,051293 0,000009
внии 3,912023 0,000708
вновь 0,755023 0,000273
внутренний 0,314711 0,000057
внутригородской 0,867501 0,000157
вода 0,527633 0,000287
водный 0,562119 0,000102
водопьянова 3,912023 0,000708
водохранилище 1,139434 0,000619
военно-исторический 1,832581 0,000332
военно-исторических 3,912023 0,000708
возвести 1,139434 0,000206
возвышаться 2,207275 0,000400
возвышенность 1,386294 0,000251
воздух 0,616186 0,000669
воздушный 0,798508 0,000434
возле 1,386294 0,000251
возникнуть 0,653926 0,000355
возобновить 1,832581 0,000332
войско 0,798508 0,000289
войти 0,634878 0,000575
вокзал 0,755023 0,000547
вокруг 0,693147 0,000126
волгоград 1,139434 0,000206
волейбольный 1,514128 0,000548
волконским 3,912023 0,000708
волово 3,912023 0,000708
воловский 3,506558 0,000635
волшебный 0,030459 0,000006
воронеж 1,203973 0,004360
воронежа 2,659260 0,000481
воронежский 2,995732 0,002712
воронежского 2,813411 0,000509
воронежской 3,218876 0,000583
воротникова 3,506558 0,000635
воскресенье 1,771957 0,001283
восток 0,494296 0,000179
восточный 0,430783 0,000156
восьмилетний 3,912023 0,000708
вот-тв 3,912023 0,000708
впадение 1,139434 0,000619
впервые 0,385662 0,000070
вплотную 2,040221 0,000369
впо 2,525729 0,000915
впп 2,995732 0,000542
врач 1,347074 0,001220
время 0,020203 0,000048
вручение 2,120264 0,000384
всероссийский 0,634878 0,000690
всесоюзный 0,776529 0,000844
вскоре 1,309333 0,000237
встать 2,659260 0,000481
втора 0,274437 0,000099
вуз 0,820981 0,000892
вход 0,755023 0,000137
входить 0,287682 0,000156
выброс 1,347074 0,000244
выбросить 2,813411 0,001019
выйти 0,798508 0,000434
вынудить 1,514128 0,000274
выпадать 1,139434 0,000206
выпадение 2,659260 0,000481
выпасть 2,659260 0,000481
выполнить 0,843970 0,000153
выпуск 0,693147 0,000377
вырасти 1,108663 0,000201
высокий 0,139262 0,000227
высоко 2,120264 0,000384
высокоскоростной 2,525729 0,000457
высота 0,415515 0,000150
выставка 1,139434 0,000413
выставочный 1,171183 0,000636
выступать 0,916291 0,000664
выступление 1,272966 0,000230
выход 1,078810 0,000195
выше 0,616186 0,000112
вышеперечисленный 2,525729 0,000457
вьетнамец 2,040221 0,000369
вэпи 3,912023 0,001417
гагауз 1,966113 0,000356
газета 0,579818 0,000420
газомоторные 3,912023 0,000708
газомоторных 3,912023 0,002125
галерея 1,049822 0,000760
генеральный 0,755023 0,000137
географический 0,356675 0,000323
география 0,415515 0,000150
герб 0,798508 0,000289
герман 2,207275 0,000400
германий 0,843970 0,000153
гетман 3,506558 0,000635
гидрометцентр 2,813411 0,001019
гидроним 1,660731 0,000301
гимн 0,776529 0,000141
гимназия 1,108663 0,000602
гипермаркет 1,660731 0,000301
гкгн 0,994252 0,000180
гкгнпро 0,916291 0,000166
глава 0,494296 0,000089
главный 0,210721 0,000191
год -0,009950 -0,000396
годавикипедия 0,616186 0,000112
годастатьи 2,659260 0,000481
годулипецкгорода 3,912023 0,000708
гомель 1,966113 0,000356
гончаровых 3,912023 0,000708
горнолыжный 1,897120 0,000687
город 0,371064 0,006584
город-побратим 0,843970 0,000458
города-полумиллионика 3,912023 0,000708
городище 1,469676 0,000266
городлипецк 3,912023 0,000708
городом-полумиллионником 3,912023 0,000708
городпро 0,867501 0,000157
городской 0,544727 0,004241
горячко 1,609438 0,000291
госкомстат 0,891598 0,000323
гостиница 0,843970 0,001834
государственный 0,261365 0,000899
градообразующий 3,218876 0,000583
градский 3,506558 0,000635
градус 1,514128 0,000548
граница 0,356675 0,000258
грациозно 3,912023 0,000708
грибоед 3,506558 0,000635
гринн 3,506558 0,000635
грозный 1,272966 0,000461
грузин 1,560648 0,000283
группа 0,314711 0,000114
грязелечебница 3,912023 0,000708
грязинский 3,912023 0,001417
грязный 1,771957 0,000642
грязь 2,407946 0,001744
гтрк 1,049822 0,000190
губерния 0,891598 0,000323
гуманитарно-техническая 3,912023 0,001417
дайджест 2,659260 0,000481
далее 0,693147 0,000126
данков 3,506558 0,001270
данковский 3,912023 0,000708
даргинец 1,832581 0,000332
дата 0,030459 0,000612
датский 0,328504 0,000059
дать 0,072571 0,000026
дачный 2,040221 0,000369
два 0,150823 0,000082
движение 0,544727 0,000296
дворец 0,843970 0,000153
двуреченскийсельсовет 3,912023 0,000708
действовать -0,009950 -0,000005
дек 0,820981 0,000297
декабрь 0,094311 0,000222
декоративно-прикладной 2,525729 0,000915
делать 0,867501 0,000157
деление 0,579818 0,000840
делиться 1,078810 0,000195
дело 0,562119 0,000102
демонтировать 2,040221 0,000369
демоскоп 0,820981 0,000446
день 0,210721 0,000458
депутат 0,776529 0,000141
детская 0,653926 0,000237
детский 0,967584 0,000175
деятельность 0,342490 0,000186
дивизион 1,609438 0,000291
дикий 1,469676 0,000266
диоксин 3,218876 0,000583
дискомфорт 3,912023 0,000708
диспансер 1,832581 0,000664
дмитриевка 3,506558 0,000635
дмитрия 1,560648 0,000283
днейвикипедия 0,967584 0,000175
добавить 0,562119 0,000102
добринка 3,912023 0,000708
добринский 3,912023 0,000708
добровский 3,912023 0,001417
доброе 2,813411 0,001019
добролюбова 2,995732 0,001085
довольно 0,891598 0,000161
документ 0,415515 0,000075
долгоруково 3,912023 0,000708
долгоруковский 3,912023 0,000708
долгота 0,820981 0,000149
должный 0,356675 0,000129
долина 0,916291 0,000166
доля 0,544727 0,000197
дом 0,446287 0,000566
дом-музей 1,660731 0,000301
дон 1,660731 0,000902
донецк 2,659260 0,000481
доп 0,597837 0,000108
дополнительный -0,009950 -0,000002
дореволюционный 1,347074 0,000244
дорога 0,527633 0,000287
дорожный 1,021651 0,000185
достаточно 0,820981 0,000149
доступ 0,755023 0,000137
доступный -0,009950 -0,000002
драма 1,469676 0,000266
драматический 1,108663 0,000201
дробно -0,009950 -0,000002
другое 0,462035 0,000084
другой -0,009950 -0,000020
дублер 3,506558 0,000635
дунганин 2,659260 0,000481
дуть 2,813411 0,000509
евдокиевская 3,912023 0,000708
европа 0,301105 0,000164
европейский 0,494296 0,000179
единица 0,478036 0,000606
ежегодник 0,820981 0,002081
ежегодный 1,171183 0,000212
ежедневно 1,714798 0,000310
езид 1,771957 0,000321
екатерины 1,514128 0,000274
елец 2,407946 0,002616
елецкий 2,995732 0,002170
ельчанин 3,912023 0,000708
епархия 0,967584 0,000350
есенина 2,995732 0,001085
ефрона 0,328504 0,000178
жар 2,040221 0,000369
ждать 1,966113 0,000356
железнодорожный 0,579818 0,000840
железный 0,616186 0,000335
железобетон 3,506558 0,000635
железобетонный 2,207275 0,000400
железоделательный 2,525729 0,000457
желтый 1,609438 0,000583
жемчужина 2,207275 0,000400
жена 2,407946 0,000436
женский 0,867501 0,000314
жизнь 0,342490 0,000062
жилое 1,714798 0,000310
жилой 0,941609 0,000341
жирова 3,912023 0,000708
жиромская 1,021651 0,000185
житель 0,562119 0,000305
жуковский 2,407946 0,000436
журавлев 3,218876 0,000583
забросить 1,966113 0,000356
заведение 0,867501 0,000471
завершить 0,867501 0,000157
завод 0,693147 0,002134
завоевать 1,660731 0,000301
заглавный -0,009950 -0,000002
загрязнение 0,891598 0,000646
загрязнять 1,514128 0,000548
задонск 3,218876 0,001166
задонский 3,912023 0,000708
заказник 2,407946 0,000436
заключить 1,309333 0,000237
закон 0,462035 0,000167
закрыто 2,040221 0,000369
закрыть 0,798508 0,000145
зал 0,843970 0,000917
заменить 0,494296 0,000089
заниматься 0,634878 0,000115
занятие 1,469676 0,000266
запад 0,634878 0,000115
запах 3,218876 0,000583
записьвойти -0,009950 -0,000002
запустить 0,755023 0,000137
заразный 3,912023 0,000708
зарегистрировать -0,009950 -0,000002
заречье 2,995732 0,000542
застройка 0,916291 0,000498
зато 1,560648 0,000283
затон 1,427116 0,000258
затяжной 2,302585 0,000417
зачастую 1,771957 0,000321
заявление -0,009950 -0,000002
звание 0,891598 0,000161
звездный 1,897120 0,000687
здание 0,673345 0,000975
здравоохранение 0,843970 0,000917
зеленый 0,755023 0,000137
земля 0,400478 0,000145
земский 1,609438 0,000583
земснаряд 3,912023 0,000708
зима 0,478036 0,000260
зимний 0,798508 0,000289
знак -0,009950 -0,000002
знаменитый 0,967584 0,000175
знать 1,469676 0,000266
значение 0,061875 0,000078
значительный 0,328504 0,000059
значить 1,427116 0,000258
зона 0,400478 0,000580
зубоврачебный 3,912023 0,000708
играть 0,867501 0,000157
идентификатор 0,693147 0,000126
идти 0,820981 0,000149
из-за 0,415515 0,000150
иза 3,218876 0,000583
известие 0,994252 0,000180
изд 0,314711 0,000114
изд-во 1,049822 0,000380
издание 0,415515 0,000075
издательство 0,494296 0,000537
изделие 1,108663 0,000602
измалково 3,912023 0,000708
измалковский 3,912023 0,000708
изменение 0,301105 0,000055
изобразительный 1,347074 0,000488
изучение 0,713350 0,000129
именной 2,659260 0,000481
иметь 0,094311 0,000068
иметься 0,385662 0,000279
иммиф 3,912023 0,000708
император 1,139434 0,000206
импэ 3,912023 0,001417
имя 0,274437 0,000248
иначе 0,733969 0,000133
инвестиция 1,237874 0,000224
ингуш 1,897120 0,000343
индезит 3,912023 0,001417
индекс 0,634878 0,000345
индустриальный 1,309333 0,000237
инновация 2,302585 0,000834
иногородний 2,120264 0,000384
иностранный 0,916291 0,000166
институт 0,371064 0,001411
инструкция 1,714798 0,000310
инструмент -0,009950 -0,000004
интенсивный 1,237874 0,000224
интервал 2,407946 0,000436
интервент 2,659260 0,000481
интервью 1,660731 0,000301
интернет 0,755023 0,000137
интернет-порталами 3,912023 0,000708
интерфакс 1,832581 0,000332
инфекционный 1,966113 0,000356
информационный 0,462035 0,000335
информация 0,162519 0,000147
инфраструктура 0,891598 0,000646
искусство 0,478036 0,000346
испанец 2,120264 0,000384
исполнение 0,867501 0,000157
использование -0,009950 -0,000002
использовать 0,020203 0,000007
испытывать 1,560648 0,000283
исток 0,755023 0,000137
историк 1,469676 0,000266
историко-культурного 3,218876 0,001166
историко-культурный 2,995732 0,001085
исторически 1,078810 0,000195
исторический 0,314711 0,000285
история 0,051293 0,000130
источник -0,009950 -0,000038
исходить 1,832581 0,000332
исчисление 0,776529 0,000141
италия 1,609438 0,000291
итальянец 1,714798 0,000310
итальянский 1,139434 0,000413
итог 0,494296 0,000537
итого 1,609438 0,000291
июль 0,116534 0,000971
июнь 0,116534 0,000760
кабардинец 1,832581 0,000332
кабинет 2,207275 0,000400
каганат 2,659260 0,000481
кадетский 1,897120 0,000343
каждый 0,261365 0,000047
казак 1,309333 0,000237
казань 0,891598 0,000161
казах 1,427116 0,000258
казенный 2,040221 0,000369
казинка 3,912023 0,001417
казинскийсельсовет 3,912023 0,000708
каликино 3,506558 0,000635
калмык 1,560648 0,000283
калуга 2,302585 0,000417
каменный 0,733969 0,000266
камерный 1,660731 0,000301
камчадал 3,218876 0,000583
канал 0,673345 0,000366
каракалпак 2,120264 0,000384
карамзин 2,995732 0,000542
карачаевец 1,966113 0,000356
карел 1,897120 0,000343
карт 0,301105 0,000327
картина 1,347074 0,000488
картинный 2,120264 0,000768
карьер 2,207275 0,000400
каспий 2,302585 0,000834
каталанский 0,527633 0,000096
каталог 0,094311 0,000034
катастрофический 2,525729 0,000457
категория -0,009950 -0,000004
кафедра 1,660731 0,000301
кафедральный 0,967584 0,000175
квартал 0,994252 0,000180
квартальный 2,813411 0,000509
кий 1,469676 0,000266
километр 0,693147 0,000126
кино 0,994252 0,000360
киргиз 1,386294 0,000251
кирилла 1,966113 0,000356
кирпич 2,207275 0,000400
китаец 1,609438 0,000291
китай 0,776529 0,000281
климат 0,446287 0,000485
климатический 1,049822 0,000190
клиника 2,040221 0,000369
клинический 1,386294 0,000251
клоков 3,912023 0,000708
клуб 0,798508 0,000723
ключ 1,309333 0,000237
книжный 0,798508 0,000289
князь 0,867501 0,000157
код -0,009950 -0,000088
кодекс -0,009950 -0,000002
кодистория 0,116534 0,000021
козьмы 3,506558 0,000635
койка 2,040221 0,000739
коксохимический 3,506558 0,000635
колея 2,659260 0,000481
количество 0,210721 0,000076
колокольня 2,040221 0,000369
колтаков 3,912023 0,000708
кольцевой 1,714798 0,000310
команда 0,798508 0,000145
комбинат 1,021651 0,001850
коми 1,514128 0,000274
коми-пермяк 1,966113 0,000356
комитет 0,653926 0,000118
компания 0,371064 0,000269
компас 3,912023 0,000708
комплекс 0,579818 0,000210
компьютерный 1,347074 0,000488
комсомольский 0,891598 0,000323
комфорт 2,995732 0,000542
кондитерская 1,660731 0,000301
конец 0,198451 0,000108
конкурс 1,171183 0,000424
конструкция 1,469676 0,000266
консультация 2,525729 0,000457
континентальный 0,527633 0,000191
контролировать 1,469676 0,000266
конфессия 1,049822 0,000190
конфиденциальность -0,009950 -0,000002
концентрация 1,203973 0,000218
концертный 1,108663 0,000602
концессионный 3,506558 0,000635
кооперация 2,040221 0,001108
координата 1,347074 0,000244
копие 0,223144 0,000121
копье 3,218876 0,000583
кореец 1,514128 0,000274
кореневщинский 3,912023 0,000708
коровино 3,912023 0,000708
короткий -0,009950 -0,000002
корпорация 1,347074 0,000488
корпус 1,171183 0,000636
коррекционный 2,525729 0,000457
космонавт 1,514128 0,000548
косыревскийсельсовет 3,912023 0,000708
котбус 3,912023 0,000708
который 0,000000 0,000000
кошелева 3,912023 0,000708
кравец 1,386294 0,000251
краевед 1,714798 0,000310
краеведч 3,912023 0,000708
краеведческий 1,108663 0,000602
край 0,544727 0,000296
крайне 1,832581 0,000332
краснинский 3,912023 0,000708
краснодар 1,386294 0,000251
красный 0,597837 0,000216
крест 1,309333 0,000237
критерий 1,386294 0,000251
кровь 1,832581 0,000332
кром 0,235722 0,000043
круглосуточный 2,302585 0,000417
крупный 0,210721 0,000229
круто-хуторскойсельсовет 3,912023 0,000708
крутогорье 3,506558 0,000635
крушевац 3,218876 0,001166
крыма 0,843970 0,000153
крымские 1,771957 0,000321
кубинец 2,207275 0,000400
кузьминка 2,995732 0,000542
кузьмино-отвержскийсельсовет 3,912023 0,000708
кузьминские 3,912023 0,000708
куки -0,009950 -0,000002
кукла 0,891598 0,000161
культура 0,356675 0,000387
кумык 1,832581 0,000332
кумысолечение 3,912023 0,000708
курино 3,506558 0,000635
курорт 1,560648 0,000848
курск 2,407946 0,000436
лагерь 1,514128 0,000274
лагун 3,506558 0,000635
лазарет 3,506558 0,000635
лакец 1,832581 0,000332
лас-тунас 3,218876 0,000583
латыш 1,660731 0,000301
лгпу 3,912023 0,002125
лгту 3,912023 0,002125
лебедянский 3,912023 0,000708
лебедянь 3,506558 0,001270
лев 0,967584 0,000350
лев-толстовский 3,912023 0,000708
левобережный 1,714798 0,000310
левобережныйокруг 3,912023 0,000708
легенда 1,469676 0,000266
легкий 0,967584 0,000175
лезгин 1,771957 0,000321
лекарь 3,912023 0,001417
ленин 0,755023 0,000137
ленино 2,995732 0,000542
ленинскийсельсовет 3,912023 0,000708
лермонтов 3,218876 0,000583
лермонтова 2,525729 0,000457
лермонтовым 3,912023 0,000708
лесной 0,843970 0,000611
лесостепной 1,771957 0,000321
лет 0,597837 0,000108
летия 1,108663 0,000201
летний 0,579818 0,000210
лето 0,891598 0,000161
летучий 2,525729 0,000457
лечиться 3,506558 0,000635
лзсм 3,912023 0,000708
лига 0,941609 0,000511
ликвидировать 1,309333 0,000237
лингвистический 2,525729 0,000915
линия 0,462035 0,000251
липа 2,120264 0,000384
липецк 2,525729 0,032012
липецка 3,912023 0,036124
липецке 3,912023 0,017708
липецкий 2,813411 0,047884
липецкмолоко 3,912023 0,000708
липецко-грязинская 3,912023 0,000708
липецко-елецкая 3,912023 0,000708
липецку 3,912023 0,002125
липецкхлебмакаронпром 3,912023 0,000708
липовка 3,506558 0,002540
липские 3,912023 0,002125
липчанин 3,912023 0,002833
липчанка 3,912023 0,000708
лист 1,203973 0,000436
литература 0,051293 0,000019
литовец 1,897120 0,000343
лиу 3,912023 0,000708
лицей 1,347074 0,000244
лицензия -0,009950 -0,000002
лицо 0,673345 0,000122
лишь 0,478036 0,000087
лкад 3,912023 0,001417
лкс 3,912023 0,000708
лог 2,207275 0,000799
лока 3,912023 0,000708
локальный 0,673345 0,000122
ломонос 1,966113 0,000356
лтз 3,912023 0,000708
лубн 3,912023 0,000708
луганск 1,203973 0,000218
лучшее 1,427116 0,000517
лучший 0,776529 0,000141
лыжа 2,659260 0,000481
лэги 3,912023 0,000708
любительский 1,832581 0,000332
люди 0,755023 0,000273
магазин 1,272966 0,000230
магистраль 0,867501 0,000314
магия 3,218876 0,000583
май 0,127833 0,000764
максимум 0,579818 0,000210
мало 0,579818 0,000210
малое 0,994252 0,000180
малозначимый 3,218876 0,000583
малый 0,139262 0,000101
маркетинг 3,218876 0,001166
март 0,116534 0,000696
маршрут 0,673345 0,000366
массовый 0,494296 0,000179
мастер 1,171183 0,000424
масштаб 1,108663 0,000201
масштабный 1,139434 0,000206
материал -0,009950 -0,000007
матыра 3,912023 0,000708
матырский 3,912023 0,000708
матырского 3,912023 0,001417
матырское 3,912023 0,000708
матырскоеводо-хранилище 3,912023 0,000708
маханько 3,912023 0,000708
машина 0,713350 0,000258
машиностроение 1,049822 0,000190
маяк 1,078810 0,000195
мгта 3,912023 0,002125
мгуту 3,218876 0,001166
мегафон 1,237874 0,000224
медведев 2,525729 0,000457
медиафайлы 0,301105 0,000055
медицина 1,309333 0,000711
медицинский 0,653926 0,000355
международный 0,385662 0,000559
межрегиональный 1,771957 0,000321
меккано-липецк 3,912023 0,000708
менеджмент 1,966113 0,000712
меркулова 3,218876 0,000583
местность 1,049822 0,000190
местный 0,478036 0,000087
место 0,139262 0,000050
месяц 0,415515 0,000150
месяцевикипедия 0,776529 0,000141
металл 1,272966 0,000230
металлург 2,302585 0,001668
металлургический 1,469676 0,002395
металлургия 1,714798 0,000931
метро 1,272966 0,000230
мефодия 1,966113 0,000356
мечта 2,120264 0,000384
микрорайон 0,916291 0,001493
микт 3,912023 0,000708
милосердие 2,659260 0,000481
минеральный 1,139434 0,000619
минздрава 2,813411 0,000509
мини-футбола 3,506558 0,000635
мини-футбольный 2,207275 0,000400
минимум 0,653926 0,000118
минина 3,218876 0,000583
минск 1,714798 0,000310
минута 1,272966 0,000230
мир 0,094311 0,000034
мирный 2,207275 0,000400
мичуринск 3,218876 0,000583
мкад 2,407946 0,000436
млн 0,462035 0,000084
млрд 0,820981 0,000446
многий 1,237874 0,000224
многолетний 1,560648 0,000283
многочисленный 0,693147 0,000126
мобильный -0,009950 -0,000002
модуль 0,562119 0,000102
молдаванин 1,714798 0,000310
молодежный 1,078810 0,000391
молодой 1,021651 0,000185
момент 0,527633 0,000096
монастырка 3,218876 0,000583
монастырь 0,867501 0,000157
монополизировать 3,506558 0,000635
море 0,562119 0,000102
мороз 1,386294 0,000502
москва 0,400478 0,000653
москва-сочи 3,912023 0,000708
москвалипецк 3,912023 0,000708
москву 1,139434 0,000619
москвы 0,653926 0,000592
московский 0,527633 0,000382
мост 0,713350 0,000129
мостовая 2,207275 0,000799
мотокросс 3,218876 0,000583
мочь -0,009950 -0,000005
мпс 3,506558 0,000635
мск 0,843970 0,000153
мтс 1,237874 0,000224
музей 0,653926 0,002368
муниципальный 0,713350 0,002971
мхк 3,506558 0,000635
мчс 2,120264 0,000768
мыс 1,386294 0,000251
набор 1,237874 0,000224
навигация -0,009950 -0,000005
название 0,105361 0,000191
называться 0,328504 0,000059
наименование 0,994252 0,000360
найденов 3,912023 0,000708
наказание 2,120264 0,000384
наместничество 1,514128 0,000274
намыть 3,912023 0,000708
нанаец 2,302585 0,000417
написание 1,514128 0,000274
написать 0,867501 0,000157
направление 0,385662 0,000140
народный 0,616186 0,001450
население 0,462035 0,004517
населить 0,597837 0,001082
настоящее 0,287682 0,000104
наступать 0,843970 0,000611
насчитываться 0,967584 0,000701
натальей 3,912023 0,000708
наука 0,235722 0,000085
научно-исследовательский 0,798508 0,000434
научно-производственный 2,995732 0,000542
научный 0,248461 0,000135
находиться 0,174353 0,000316
национальность 0,867501 0,000628
национальный 0,342490 0,000558
начало 0,116534 0,000211
начальный 0,967584 0,000175
начать 0,510826 0,000092
начаться 0,562119 0,000204
начинать 1,049822 0,000190
нглу 3,912023 0,000708
небольшое 1,427116 0,000258
негосударственный 1,386294 0,001004
недостаток 0,579818 0,000105
недоступный 0,446287 0,000404
независимость 1,966113 0,000356
незаметно 3,506558 0,000635
некоммерческий -0,009950 -0,000002
некорректный 1,514128 0,000274
некоторые 0,127833 0,000023
немец 1,108663 0,000201
неоновый 3,506558 0,000635
неофициальный 1,139434 0,000206
непосредственно 0,478036 0,000087
непосредственный 1,966113 0,000356
неправильно 2,040221 0,000369
нерабочий 0,994252 0,000180
несколько 0,116534 0,000169
несмотря 0,755023 0,000137
несъемный 3,912023 0,000708
нецелесообразный 3,218876 0,000583
неэнциклопедическим 2,995732 0,001085
ниже 0,693147 0,000126
нижегородский 1,832581 0,000664
ниженка 3,912023 0,000708
нижнее 0,916291 0,000166
нижний 0,494296 0,000537
низина 2,659260 0,000481
нии 1,237874 0,001121
николаевной 3,912023 0,000708
нко 3,218876 0,000583
нлмк 3,912023 0,006375
нмхл 3,912023 0,000708
новгород 0,867501 0,000157
новое 0,287682 0,000052
новолипецк 3,912023 0,000708
новолипецкий 3,912023 0,002125
новолипецкого 3,912023 0,002833
новомосковск 1,203973 0,000218
новоникольское 2,995732 0,000542
новостной 2,040221 0,000369
новость 0,544727 0,000493
новоуральского 3,912023 0,000708
новтехстрой 3,912023 0,000708
новый 0,083382 0,000181
номер 0,634878 0,000230
номерной 2,659260 0,000963
номинация 2,040221 0,000369
норвежский 0,248461 0,000045
норма 0,597837 0,000649
носить 0,798508 0,000145
ноу 2,659260 0,000963
нояб 0,820981 0,000297
ноябрь 0,127833 0,000463
нынешний 1,021651 0,000185
оао 0,916291 0,000995
оба 0,597837 0,000108
обещать 2,407946 0,000436
обилие 2,407946 0,000436
обл 1,714798 0,000310
обладать 0,843970 0,000153
областиобластные 2,407946 0,000436
областискрытые 2,525729 0,000457
областителерадиовещание 3,912023 0,000708
областной 0,994252 0,004501
область 0,150823 0,000765
областьгорода 1,309333 0,000237
обрабатывать 1,049822 0,000190
обработка 1,309333 0,000237
образ 0,287682 0,000052
образование 0,356675 0,001292
образовать 0,385662 0,000140
образоваться 0,967584 0,000175
обращение 0,030459 0,000612
обувной 2,995732 0,000542
обучаться 1,560648 0,000283
общ-во 3,912023 0,000708
общеобразовательный 1,021651 0,000370
общероссийский 1,427116 0,000258
общественный 0,494296 0,000179
общество 0,415515 0,000150
общетерапевтического 3,912023 0,000708
общий 0,186330 0,000135
община 1,078810 0,000195
объем 0,400478 0,000073
объявить 0,798508 0,000145
один 0,051293 0,000056
однако 0,174353 0,000063
оздоровительный 2,407946 0,000872
озеро 0,673345 0,000122
оказание 2,120264 0,000384
оказывается 2,813411 0,000509
окато 0,820981 0,000446
окрестность 0,941609 0,000341
округ 0,562119 0,002137
окружать 0,755023 0,000137
окско-донской 3,506558 0,000635
окт 0,798508 0,000289
октмо 0,843970 0,000153
октябрь 0,072571 0,000289
октябрьский 0,776529 0,000703
онлайн 0,198451 0,000072
онлайн-телеканалом 3,912023 0,000708
ооо 0,843970 0,000153
опалубка 3,912023 0,000708
опасность 1,832581 0,000332
описание -0,009950 -0,000004
ополчение 1,897120 0,000343
оптинский 3,912023 0,001417
опускаться 1,714798 0,000310
опытный 1,108663 0,000201
организация -0,009950 -0,000011
организовать 0,634878 0,000115
орел 1,386294 0,000502
оренбург 1,966113 0,000356
оригинал 0,139262 0,000756
ориус 3,912023 0,000708
орленок 2,995732 0,000542
орфей 2,995732 0,000542
осадить 2,995732 0,000542
осадок 0,544727 0,000395
освободить 1,832581 0,000332
осенний 2,302585 0,000417
осень 0,941609 0,000341
осетин 1,771957 0,000321
осинка 3,912023 0,000708
осипов 0,527633 0,000096
осложняться 2,995732 0,000542
основание 0,494296 0,000089
основать 0,274437 0,000149
основное 0,235722 0,000128
основной 0,040822 0,000111
особа 1,966113 0,000712
особый 0,776529 0,000281
осреднение 3,912023 0,001417
оставаться 0,544727 0,000197
остановить 1,832581 0,000332
остановочный 2,207275 0,000400
отв 0,755023 0,000273
отвержки 3,912023 0,000708
ответ 0,941609 0,000170
ответственность -0,009950 -0,000002
отгрузить 1,386294 0,000251
отдельный -0,009950 -0,000002
отдых 0,941609 0,000852
отец 2,040221 0,000369
отказ -0,009950 -0,000002
открытие 0,616186 0,000223
открыть 0,150823 0,000109
открыться 0,820981 0,000446
отличаться 0,342490 0,000124
отметить 0,616186 0,000112
отмечать 1,078810 0,000195
отмечаться 0,994252 0,000360
относительно 0,415515 0,000150
отношение 0,430783 0,000234
отредактировать -0,009950 -0,000004
отсутствие 0,891598 0,000161
оттепель 1,609438 0,000291
отход 1,514128 0,000274
отчет 1,272966 0,000230
официально 0,693147 0,000251
официальный 0,356675 0,000517
оформить 1,514128 0,000274
оценка 0,400478 0,000145
оцкнт 3,912023 0,000708
ошибкекак -0,009950 -0,000002
оэз 3,218876 0,000583
павелецкий 3,506558 0,000635
паводок 2,120264 0,000384
пады 3,506558 0,000635
пакистанец 2,120264 0,000384
палермо 3,218876 0,000583
памятник 0,597837 0,000649
памятный 0,798508 0,000145
панино 3,506558 0,000635
пао 1,427116 0,000258
пар 1,309333 0,000237
парк 0,653926 0,001658
парус 2,207275 0,000400
паспорт 1,897120 0,000343
паульсен 3,506558 0,000635
пдк 2,207275 0,000400
педагогический 0,867501 0,000157
пенза 1,108663 0,000201
первенство 1,469676 0,000266
первое 0,150823 0,000027
первомайский 1,347074 0,000244
первый 0,162519 0,000029
перевозить 1,832581 0,000332
перегрузочный 3,912023 0,000708
переделицы 3,912023 0,000708
перейти -0,009950 -0,000005
перекресток 1,237874 0,000448
переливание 2,525729 0,000457
перемена 2,659260 0,000481
перенести 0,994252 0,000180
переписной 1,714798 0,000310
перепись 0,755023 0,001640
перестать 1,714798 0,000310
переулок 1,514128 0,000274
переход 0,653926 0,000237
периметр 2,659260 0,000481
перинатальный 2,040221 0,000369
период 0,274437 0,000199
персональный -0,009950 -0,000002
песок 1,714798 0,000621
петра 1,078810 0,000586
петрович 1,897120 0,000343
петровский 1,514128 0,000548
петром 2,120264 0,000384
печать -0,009950 -0,000004
письмо 1,237874 0,000224
пищевой 0,916291 0,000166
план 0,527633 0,000096
планировать 1,272966 0,000461
платформа 1,049822 0,000380
плеханова 2,302585 0,000834
плехановскийсельсовет 3,912023 0,000708
плита 1,832581 0,000332
плотность 0,634878 0,000115
площадь 0,385662 0,001327
плюс 1,272966 0,000230
пляж 1,609438 0,000291
пляжный 2,207275 0,000400
победа 0,755023 0,000684
победитель 1,514128 0,000274
побережье 1,171183 0,000212
побратим 1,514128 0,000822
поведение -0,009950 -0,000002
поверхность 1,347074 0,000244
погода 0,693147 0,000251
подводить 3,506558 0,000635
подгорный 2,813411 0,001528
подниматься 1,427116 0,000258
подчинение 1,237874 0,000224
подъем 1,386294 0,000251
подъемник 2,995732 0,000542
пожалуйста 1,469676 0,000266
пожарно-техническая 3,912023 0,001417
пожарского 3,506558 0,000635
позже 0,733969 0,000133
поиск -0,009950 -0,000005
пока 0,843970 0,000153
показатель 0,494296 0,000179
покидать 2,995732 0,000542
покров 0,843970 0,000306
пол 0,446287 0,000323
полдень 0,916291 0,000166
поле 1,049822 0,000190
поликлиника 1,309333 0,000237
политик -0,009950 -0,000002
политический 0,597837 0,000108
полметра 3,912023 0,000708
полмиллиона 2,995732 0,000542
полный 0,328504 0,000059
полог 3,218876 0,000583
положение 0,415515 0,000150
получать 0,916291 0,000166
польной 3,506558 0,000635
польский 1,347074 0,000244
поляк 0,820981 0,000446
помимо 0,562119 0,000305
помощь 0,342490 0,000186
пополниться 2,813411 0,000509
пора 0,776529 0,000141
породнить 2,525729 0,000915
портал 0,342490 0,000124
порталстатьи 2,040221 0,000369
порядок 0,994252 0,000180
посвятить 0,634878 0,000115
поселение 0,634878 0,001150
поселок 0,634878 0,000230
посетить 1,203973 0,000436
последний -0,009950 -0,000005
поспелов 1,021651 0,000370
постоянный 0,579818 0,000630
построить 0,301105 0,000164
постройка 0,867501 0,000157
потерять 1,386294 0,000251
потратить 2,040221 0,000369
потребительский 1,832581 0,000664
поход 1,203973 0,000218
почтовый 0,653926 0,000237
поэзия 2,407946 0,000872
поэт 1,049822 0,000190
появиться 0,248461 0,000045
пояс 0,597837 0,000325
правда 0,820981 0,000149
правило 0,478036 0,000260
правительство 0,510826 0,000277
править -0,009950 -0,000162
правка 0,274437 0,000050
правкиновые -0,009950 -0,000002
правкипостоянная -0,009950 -0,000002
право 0,314711 0,000228
правобережный 1,832581 0,000664
правобережныйокруг 3,912023 0,000708
православный 0,755023 0,000273
правый 0,798508 0,000145
праздник 1,203973 0,001308
практически 0,755023 0,000137
превратиться 1,386294 0,000251
превысить 1,427116 0,000517
превышать 0,673345 0,000122
превышение 1,660731 0,000301
предание 1,771957 0,000321
предводительство 1,897120 0,000343
предел 0,400478 0,000073
предельно-допустимых 3,506558 0,000635
предоставлять 0,713350 0,000129
предполагаться 1,078810 0,000195
предприятие 0,527633 0,000764
председ 1,203973 0,000218
представить 0,328504 0,000238
представиться -0,009950 -0,000002
представлять 0,328504 0,000059
преемник 2,207275 0,000400
прежде 1,049822 0,000190
прежний 1,021651 0,000185
президент 0,597837 0,000108
преимущественно 0,776529 0,000281
прекратить 0,916291 0,000166
преобладать 0,713350 0,000129
преобразовать 0,967584 0,000175
преп 3,218876 0,000583
преподобный 2,207275 0,000400
пресс 1,272966 0,000230
привлекательность 1,832581 0,000332
привокзальный 1,832581 0,000332
признать 0,494296 0,000179
приложить 3,218876 0,000583
применять 0,510826 0,000185
примерно 0,634878 0,000115
примечание -0,009950 -0,000004
примыкать 1,386294 0,000251
принадлежать 0,755023 0,000273
принадлежность 1,272966 0,000691
принять 0,248461 0,000090
приобрести 1,139434 0,000206
приоритет 1,771957 0,000321
приоритетный 2,040221 0,000369
приравнять 2,995732 0,000542
присвоение 1,139434 0,000206
присутствовать 1,021651 0,000185
приток 1,078810 0,000586
причем 0,994252 0,000180
причина 0,562119 0,000102
проблема 0,274437 0,000099
проверить 0,478036 0,000087
проверять 0,820981 0,000149
провинция 1,309333 0,000474
проводить 0,843970 0,000153
прогресс 1,309333 0,000237
прогулка 1,609438 0,000291
продавать 2,302585 0,000417
продать 2,302585 0,000417
продолжать 1,049822 0,000190
продолжение 1,347074 0,000244
проезд 1,171183 0,000212
проект -0,009950 -0,000011
проектывикипедия 2,040221 0,000369
проживать 0,776529 0,000141
производство 0,527633 0,000764
произвольный 2,120264 0,000384
происходить 0,328504 0,000059
пройти 0,544727 0,000197
прометей 2,995732 0,000542
промышленно-производственного 3,506558 0,000635
промышленность 0,494296 0,000537
промышлять 0,462035 0,000502
просмотр -0,009950 -0,000002
проспект 0,891598 0,000323
просто 1,171183 0,000212
пространство 0,634878 0,000230
протекать 1,108663 0,000201
протянуться 1,897120 0,000343
профиль 1,427116 0,000517
проходить 0,462035 0,000167
проходная 2,407946 0,000436
процесс 0,415515 0,000075
прочее 0,544727 0,000099
прочие 0,798508 0,000145
прошлое 0,673345 0,000122
пруд 1,609438 0,000291
прямо 1,714798 0,000310
публичный 1,078810 0,000195
пункт 0,494296 0,001074
путеводитель 0,713350 0,000129
путевой 2,525729 0,000457
путешествие 1,469676 0,000266
путь 0,261365 0,000095
пушкин 0,916291 0,000166
пятиуровневый 3,912023 0,000708
пятница 1,427116 0,000258
работа 0,127833 0,000093
работать 0,314711 0,000057
равнина 0,867501 0,000157
радио 0,891598 0,001453
радиовещание 1,714798 0,000310
радиовещательный 1,897120 0,000687
радиостанция 1,021651 0,000370
радуга 2,813411 0,000509
раз -0,009950 -0,000004
разветвить 2,813411 0,000509
развиваться 0,597837 0,000108
развитие 0,127833 0,000116
развить 0,616186 0,000335
развлекательный 1,714798 0,000310
развязка 1,469676 0,000266
раздел 0,342490 0,000124
разделить 0,527633 0,000096
размещение 0,673345 0,000122
разорвать 1,897120 0,000343
разработка 0,653926 0,000118
разработчик -0,009950 -0,000002
район 0,430783 0,002418
районный 1,171183 0,000212
райцентр 0,941609 0,000170
рамка 0,478036 0,000173
рамонь 3,506558 0,000635
ранхигс 2,302585 0,000417
рапс 3,912023 0,002125
располагаться 0,544727 0,000493
расположение 0,776529 0,000141
расположить 0,385662 0,000489
расстояние 0,713350 0,000646
расчет 0,820981 0,000149
расширение 0,415515 0,000075
рбк 1,386294 0,000502
революция 0,562119 0,000102
регион 0,385662 0,000209
региональный 0,634878 0,000575
ред 0,235722 0,000213
реестр 1,272966 0,000230
резинопластмассовых 3,912023 0,000708
река 0,446287 0,001131
рекламный 1,966113 0,000356
рекомендация 0,776529 0,000141
реконструировать 1,237874 0,000224
реконструкция 0,820981 0,000743
рекреационный 1,469676 0,000266
религиозный 0,891598 0,000323
рен 1,660731 0,000301
репортер 2,040221 0,000369
ресурс 0,020203 0,000004
ретро 1,897120 0,000343
решение 0,328504 0,000119
решить 0,941609 0,000341
риа 1,049822 0,000190
родильный 2,525729 0,000457
рождество 1,660731 0,000601
роза 0,916291 0,000332
роси 3,506558 0,001905
россиигородские 2,302585 0,000417
российский 0,105361 0,000916
россия 0,174353 0,000789
росспэн 0,994252 0,000180
росстат 0,776529 0,000141
ростелеком 1,386294 0,000251
ростов-на-дону 1,237874 0,000224
рошен 3,912023 0,000708
рсфср 0,733969 0,000532
руб 1,171183 0,000212
рубль 0,755023 0,000273
рудаков 3,218876 0,000583
рудник 2,995732 0,000542
рука 1,139434 0,000206
руководитель 1,203973 0,000218
румын 1,897120 0,000343
рус 0,162519 0,001560
русборг 3,912023 0,000708
русский -0,009950 -0,000014
рутулец 1,897120 0,000343
рынок 0,713350 0,000387
ряд 0,223144 0,000162
рязань 1,049822 0,000190
сагайдачный 3,912023 0,000708
сад 0,843970 0,000306
сайт 0,210721 0,000305
самара 0,891598 0,000161
самый 0,174353 0,000032
санаторий 1,714798 0,001863
санаторий-профилакторий 3,912023 0,000708
санитарный 2,120264 0,000384
санкт-петербург 0,616186 0,000112
саперный 3,218876 0,000583
саранск 2,302585 0,000417
саратов 0,967584 0,000175
сборник 0,597837 0,000216
светлана 2,302585 0,000417
свободный -0,009950 -0,000005
свое 0,287682 0,000104
свой 0,150823 0,000027
свойство 0,415515 0,000150
свыше 0,891598 0,000323
связать 0,174353 0,000032
связаться -0,009950 -0,000002
связывать 0,916291 0,000166
связь 0,174353 0,000189
святой 0,755023 0,000137
святослава 2,813411 0,000509
себя 0,198451 0,000036
север 0,527633 0,000191
северный 0,385662 0,000140
северо-восточный 1,386294 0,000251
сезон 0,916291 0,000332
сектор 1,049822 0,000380
селение 1,832581 0,000332
село 0,891598 0,000484
сельский 0,634878 0,000920
сельсовет 2,659260 0,000481
семенова-тян-шанского 3,912023 0,001417
семь 0,820981 0,000149
семья 0,843970 0,000153
сент 0,843970 0,000306
сентябрь 0,072571 0,000302
сенцовскийсельсовет 3,912023 0,000708
серб 1,897120 0,000343
сербия 2,525729 0,000457
сербский 3,218876 0,000583
середина 0,356675 0,000194
сероводород 2,813411 0,000509
сессия 2,207275 0,000400
сестра 2,407946 0,000436
сеть 0,356675 0,000452
сила 0,494296 0,000179
силикатный 3,218876 0,003497
сильно 0,755023 0,000137
сильный 0,544727 0,000099
синдякино 3,506558 0,000635
синоптик 2,659260 0,000481
система 0,051293 0,000009
системеобсуждениевкладсоздать -0,009950 -0,000002
сказка 1,660731 0,000301
скачать -0,009950 -0,000002
сквозь 2,659260 0,000481
сколько 0,653926 0,000118
скора 1,832581 0,000332
скоро 1,560648 0,000283
скоростной 1,309333 0,000237
слабо 1,897120 0,000687
след 1,427116 0,000258
следовать 0,235722 0,000128
слобода 1,347074 0,000488
словарь 0,094311 0,000068
слово 0,210721 0,000076
сложный 0,446287 0,000081
служба 0,527633 0,000669
случай -0,009950 -0,000002
случаться 1,832581 0,000332
слушать 2,659260 0,000481
сменный 2,995732 0,000542
смещение 0,733969 0,000133
сми 0,867501 0,000314
снег 1,386294 0,000251
снежный 1,078810 0,000391
снижаться 1,514128 0,000274
снизить 1,560648 0,000565
сноска 0,733969 0,000266
снт 3,506558 0,000635
сняться 3,218876 0,000583
собор 0,733969 0,000399
соборный 1,049822 0,000380
собственно 1,386294 0,000251
собственный 0,446287 0,000162
событие 0,733969 0,000266
событияпожертвовать -0,009950 -0,000002
совет 0,462035 0,000251
советский 0,261365 0,000331
совместить 2,040221 0,000369
современный 0,150823 0,000109
согласно 0,301105 0,000055
соглашение 0,994252 0,000180
содействие 2,120264 0,000384
содержание 0,010050 0,000007
содержаниемвикипедия 2,995732 0,000542
созидатель 3,912023 0,002125
сокол 1,469676 0,001064
сокольск 3,912023 0,000708
сокольский 3,218876 0,000583
сокольское 2,040221 0,000739
сокольском 3,912023 0,000708
сократить 1,560648 0,000283
солнечный 0,597837 0,000108
соломина 3,506558 0,001905
сообщить -0,009950 -0,000002
соответствие 0,371064 0,000202
соотноситься 2,995732 0,000542
сопровождение 2,120264 0,000384
соревнование 1,108663 0,000201
сорокина 3,218876 0,001166
сороковой 3,506558 0,000635
сосновый 1,897120 0,000343
сост 0,597837 0,000108
состав 0,248461 0,000225
составить 0,400478 0,000073
составлять 0,198451 0,000216
состояние 0,248461 0,000135
состояться 0,713350 0,000258
сотовый 1,309333 0,000237
сохранение -0,009950 -0,000002
сохраняться 1,108663 0,000201
социальный 0,527633 0,000287
сочить 1,514128 0,000274
союз 0,579818 0,000210
спальная 2,659260 0,000481
спасо-преображенская 3,218876 0,000583
спб 0,385662 0,000070
специализация 2,302585 0,000417
специализировать 0,994252 0,000360
специальный 0,415515 0,000150
список 0,210721 0,000153
спорт 0,713350 0,000387
справка 1,203973 0,000218
справочник 0,798508 0,000145
справочный 1,514128 0,000274
спуск 1,897120 0,000687
спутник 1,560648 0,000283
среда 0,385662 0,000070
среди 0,198451 0,000036
среднее 0,342490 0,000124
среднерусский 2,813411 0,000509
средний 0,371064 0,000739
средство 0,287682 0,000104
сселки 3,912023 0,000708
сср 0,820981 0,000297
ссср 0,314711 0,000342
ссылка -0,009950 -0,000034
ссылкамивикипедия 1,609438 0,000291
ссылкасведения -0,009950 -0,000002
стагдок 3,912023 0,000708
сталь 0,415515 0,000075
становиться 0,415515 0,000150
становление 1,237874 0,000224
становлянский 3,912023 0,000708
становой 2,525729 0,000457
станция 0,579818 0,000735
старинный 1,309333 0,000474
старое 0,941609 0,000341
староюрьево 3,506558 0,000635
старый 0,314711 0,000285
статистик -0,009950 -0,000014
статистический 0,713350 0,002067
статус 0,430783 0,000780
стать 0,083382 0,000091
статьислучайная -0,009950 -0,000002
статьисообществофорумсправкасвежие -0,009950 -0,000002
статья 0,020203 0,000070
статьяобсуждение -0,009950 -0,000002
статьятекущие -0,009950 -0,000002
стационар 2,995732 0,000542
стена 2,302585 0,000417
стереотип 1,469676 0,000266
стинол 3,912023 0,000708
стиральный 3,506558 0,001270
столетие 1,469676 0,000266
столько 1,832581 0,000332
стоматологический 2,040221 0,000369
сторона 0,235722 0,000043
страна 0,235722 0,000085
страница -0,009950 -0,000013
страницасодержаниеизбранные -0,009950 -0,000002
страницецитировать -0,009950 -0,000002
страницуполучить -0,009950 -0,000002
страницыслужебные -0,009950 -0,000002
стрелец 2,302585 0,001251
строитель 1,272966 0,000230
строительный 0,891598 0,000323
строительство 0,462035 0,000502
строиться 0,693147 0,000126
стройландия 2,995732 0,001627
строка 1,078810 0,000195
структура 0,400478 0,000073
студенки 3,912023 0,000708
студент 1,237874 0,000224
суббота 1,771957 0,000321
субъект 0,597837 0,000433
суд 0,693147 0,000251
судить 2,525729 0,000457
сума 2,995732 0,000542
сундучок 3,506558 0,000635
суперлига 1,560648 0,001130
суточный 0,755023 0,000273
сухоборье 3,912023 0,000708
существование 0,693147 0,000251
существовать 0,020203 0,000004
сфера 0,562119 0,000102
сформироваться 1,347074 0,000488
схожий 1,966113 0,000356
считать 0,597837 0,000108
сырский 3,912023 0,000708
сырскийсельсовет 3,912023 0,000708
сюдасвязанные -0,009950 -0,000002
табасаран 1,832581 0,000332
табл 0,867501 0,000157
таблица 0,544727 0,000493
таджик 1,272966 0,000230
такое 0,328504 0,000059
такой 0,162519 0,000059
тамбов 2,302585 0,001251
тамбовский 2,659260 0,002889
татарин 0,733969 0,000266
твк 2,040221 0,000369
творчество 1,021651 0,000740
театр 0,713350 0,000775
текст -0,009950 -0,000002
телевещание 1,966113 0,000356
телевидение 0,820981 0,000149
телевизионный 1,078810 0,000391
телеканал 0,916291 0,000498
телелюйскийсельсовет 3,912023 0,000708
телемир 3,912023 0,000708
телефонный 0,776529 0,000281
телецентр 1,897120 0,000687
тематический 0,510826 0,000092
температура 0,510826 0,000832
тепло 1,386294 0,000251
теплое 1,309333 0,000237
тербунский 3,912023 0,000708
тербуны 3,912023 0,000708
терешковой 2,995732 0,000542
термин 0,198451 0,000036
территориальный 0,713350 0,000904
территория 0,356675 0,000065
технический 0,462035 0,000084
технология 0,400478 0,000363
течение 0,314711 0,000057
течь 0,274437 0,000050
тип 0,072571 0,000066
товар 0,916291 0,000166
товарный -0,009950 -0,000002
толстый 1,309333 0,000711
тонна 1,108663 0,000401
топографический 1,897120 0,000687
топонимический 0,776529 0,000141
торговля 0,579818 0,000315
торгово-развлекательный 2,407946 0,000436
торговый 0,597837 0,000325
торжественный 1,309333 0,000474
традиция 0,891598 0,000161
тракторный 2,995732 0,001627
трамвай 0,891598 0,000323
трамвайный 1,139434 0,000619
транспорт 0,616186 0,000446
транспортный 0,616186 0,000223
трасс 0,941609 0,000682
тренировочный 2,813411 0,000509
третий 0,616186 0,000112
трк 1,771957 0,000321
троицкое 2,813411 0,000509
троллейбусный 0,967584 0,000175
труба 2,207275 0,000400
трц 1,660731 0,000601
тул 1,832581 0,000332
тупик 2,407946 0,000436
турецкий 1,771957 0,000962
туризм 1,078810 0,000391
туристический 1,021651 0,000185
турка 1,469676 0,000266
туркмен 1,966113 0,000356
тыс 0,430783 0,000624
тысяча 0,371064 0,000202
тяжелый 1,108663 0,000201
углубить 1,897120 0,000343
удалить 0,579818 0,000105
удмурт 1,660731 0,000301
удобный 1,427116 0,000258
уезд 1,272966 0,000922
узбек 1,347074 0,000244
узел 0,527633 0,000096
узкоколейный 2,659260 0,000481
узор 2,995732 0,000542
уйгур 2,040221 0,000369
уйти 1,237874 0,000448
указ 0,733969 0,000133
указание -0,009950 -0,000002
указать 0,083382 0,000151
укоротить 3,912023 0,000708
украинец 0,867501 0,000157
украинский 1,469676 0,000266
улица 0,776529 0,002109
улучшить 1,049822 0,000190
улыбка 3,912023 0,000708
ульяновск 1,078810 0,000195
умеренно 1,021651 0,000370
умерить 1,049822 0,000190
универсальный 0,544727 0,000197
университет 0,328504 0,000595
университетский 1,771957 0,000321
упасть 1,771957 0,000321
упоминание 0,967584 0,000175
управа 1,714798 0,000310
управление 0,248461 0,000180
упразднить 1,237874 0,000224
уровень 0,150823 0,000027
усадьба 1,832581 0,000332
условие -0,009950 -0,000005
услуга 0,755023 0,000410
усманская 3,912023 0,000708
усманский 3,912023 0,000708
усмань 3,506558 0,001270
устав 0,843970 0,000306
уставать 3,912023 0,000708
устареть 0,941609 0,000170
устойчивый 1,427116 0,000517
устройство 0,527633 0,000287
устье 0,634878 0,000230
утвердить 0,755023 0,000137
утверждение 0,400478 0,000073
уточняться 2,995732 0,000542
участие -0,009950 -0,000004
участок 0,616186 0,000112
учебный 0,673345 0,000366
учет 0,597837 0,000216
учетный -0,009950 -0,000002
учреждение 0,653926 0,000829
фабриано 3,912023 0,000708
фабрика 1,021651 0,000740
факел 2,995732 0,000542
факт 0,634878 0,000115
фарм-команда 3,912023 0,000708
фащевскийсельсовет 3,912023 0,000708
фгбоу 3,506558 0,000635
февр 0,820981 0,000297
февраль 0,051293 0,000149
федеральный 0,462035 0,001339
федерация 0,510826 0,002035
фельдшер 3,218876 0,000583
фенол 2,302585 0,000417
фестиваль 1,021651 0,000740
физико-географический 0,693147 0,000251
фиксировать 1,427116 0,000258
филиал 0,755023 0,004101
финансирование 1,714798 0,000310
финансовый 0,733969 0,000133
финансы 0,733969 0,000399
флаг 0,597837 0,000216
фонд -0,009950 -0,000004
формат 0,843970 0,000153
формирование 0,597837 0,000325
фотография 1,108663 0,001807
француз 1,660731 0,000301
фсин 2,813411 0,001019
функционировать 0,798508 0,000145
функция 0,693147 0,000126
хазарский 2,302585 0,000417
хакас 2,040221 0,000369
хант 2,207275 0,000400
характер 0,653926 0,000118
характеристика 0,415515 0,000150
харьков 2,120264 0,000384
хватать 0,820981 0,000149
химический 0,867501 0,000157
химпродукт 3,912023 0,000708
хирург 2,995732 0,000542
хирург-эндоскопист 3,912023 0,000708
хлевенский 3,912023 0,000708
хлевное 3,218876 0,000583
хозяйство 0,579818 0,000525
холм 1,386294 0,000502
холодильник 2,995732 0,001085
холодно 3,218876 0,000583
храм 0,733969 0,000664
хренникова 3,912023 0,000708
христианин 1,514128 0,000274
христов 1,832581 0,000664
христорождественский 3,506558 0,001270
христофор 3,912023 0,000708
хрущевка 2,407946 0,000436
художественный 0,653926 0,000355
царский 1,386294 0,000251
цахур 2,040221 0,000369
целебный 2,995732 0,000542
цель 0,371064 0,000067
цемент 2,813411 0,000509
цементный 2,813411 0,000509
центр 0,287682 0,001667
центрально-черноземное 3,218876 0,001748
центрально-черноземной 3,506558 0,000635
центрально-черноземном 3,506558 0,000635
центральный 0,400478 0,000870
церемония 1,832581 0,000664
церковь 0,673345 0,000366
цикл 1,237874 0,000224
цифровой 0,562119 0,000102
цыган 1,714798 0,000310
чаек 1,660731 0,000301
чаплыгин 3,912023 0,001417
чаплыгинский 3,912023 0,000708
часовой 0,713350 0,000387
частный 0,634878 0,000230
часто 0,415515 0,000075
часть 0,061875 0,000045
чело 0,713350 0,000387
человек 0,186330 0,000202
чемпионат 0,994252 0,000360
черкес 1,771957 0,000321
черменский 3,912023 0,000708
черногорец 3,506558 0,000635
черноземье 3,218876 0,000583
черноземья 2,995732 0,001085
черный 0,843970 0,000153
черт 0,916291 0,000166
четыре 0,597837 0,000108
чех 1,609438 0,000291
чеченец 1,714798 0,000310
численность 0,616186 0,003793
число 0,186330 0,000135
чистый 2,040221 0,000369
читальня 3,506558 0,000635
читатьправитьправить 0,494296 0,000089
член 0,755023 0,000137
чуваш 1,237874 0,000224
чугун 2,659260 0,000963
шаблон 0,462035 0,000084
шахта 2,525729 0,000457
швейная 2,120264 0,000384
шестой 1,660731 0,000601
широкий 0,494296 0,000089
широта 1,237874 0,000224
школа 0,478036 0,000260
шлаконакопителей 3,912023 0,000708
шоссе 1,427116 0,000258
эвен 2,302585 0,000417
эвенк 1,832581 0,000332
экз 0,415515 0,000150
экологический 0,693147 0,000251
экология 0,562119 0,000509
эколого-гуманитарный 3,912023 0,001417
экономика 0,400478 0,000290
экономико-правовой 3,218876 0,001166
экономический 0,478036 0,000433
экспонат 1,832581 0,000332
экспорт -0,009950 -0,000002
экстрим-парк 3,506558 0,000635
электрифицировать 2,813411 0,000509
электросвязь 2,995732 0,000542
элитный 2,407946 0,000436
энциклопедический 0,733969 0,000133
энциклопедичность 3,506558 0,000635
энциклопедия -0,009950 -0,000011
эсбе 3,218876 0,001166
эстакада 2,525729 0,000457
эстонец 1,771957 0,000321
этимология 0,616186 0,000223
этнокультуры 3,506558 0,000635
эхо 2,407946 0,000436
юбилейный 0,798508 0,000289
юго-восток 1,171183 0,000424
юмор 1,966113 0,000356
юнимилк 3,912023 0,000708
юрий 1,203973 0,000218
юрьевич 2,659260 0,000481
являться 0,040822 0,000052
ядро 1,171183 0,000212
язык -0,009950 -0,000007
якут 1,660731 0,000301
янв 0,820981 0,000297
январь 0,105361 0,000858
японец 2,040221 0,000369
ярлуковскийсельсовет 3,912023 0,000708
ярославль 1,078810 0,000195
