абсолютный 0,616186 0,000136
авг 0,820981 0,000091
август 0,072571 0,000096
авиа 3,218876 0,000355
авиакомпания 1,771957 0,000195
авиалиния 2,302585 0,000254
авиасообщение 2,813411 0,000310
авиация 1,237874 0,000273
авитек 3,912023 0,000863
автобус 0,820981 0,000725
автобусный 1,021651 0,000338
автовокзал 1,078810 0,000238
автодорога 0,891598 0,000590
автокиров 3,912023 0,000432
автомагистраль 1,832581 0,000202
автомобиль 1,108663 0,000122
автомобильный 0,713350 0,000157
автопарк 2,659260 0,000293
автор 0,462035 0,000051
авторский 1,966113 0,000217
авторство -0,009950 -0,000001
автотрасса 2,525729 0,000279
автошина 3,912023 0,000432
агеева 1,469676 0,000162
агломерация 0,798508 0,000264
агротехнологический 3,218876 0,000355
адлера 2,995732 0,000331
административно-территориальное 0,820981 0,000272
административно-территориальном 1,309333 0,000144
административно-территориальных 2,207275 0,000487
административный 0,597837 0,000396
администрация 0,755023 0,001083
адресовать 3,912023 0,000432
адышево 3,912023 0,000432
азия 0,755023 0,000083
айвазовского 2,659260 0,000293
академия 0,544727 0,000060
аксеново 3,506558 0,000387
акт 1,237874 0,000273
актер 1,386294 0,000153
активно 0,733969 0,000081
активный 0,527633 0,000175
акушерство 2,995732 0,000331
алдан 1,309333 0,000144
александр 0,462035 0,000306
александро-невский 2,207275 0,000487
александро-невского 3,506558 0,000774
александровский 2,120264 0,000468
александровского 2,813411 0,000310
александровском 3,218876 0,000710
алексеевич 2,040221 0,000225
алексея 1,514128 0,000167
алисов 3,218876 0,000355
аллея 1,347074 0,000446
алфавитунаселенные 0,867501 0,000096
альберта 3,506558 0,000387
альманах 1,966113 0,000434
америка 1,386294 0,000306
аналогичный 1,139434 0,000377
анапы 3,218876 0,000355
анатомический 3,506558 0,000387
англ 0,174353 0,000058
анклав 3,218876 0,000710
аннексия 0,941609 0,000104
ансамбль 0,994252 0,000439
апелляционный 2,995732 0,000331
аполлинарию 3,912023 0,000432
аполло 3,912023 0,001726
аппарат 1,469676 0,000162
апр 0,798508 0,000088
апреле-мае 3,506558 0,000387
апрель 0,150823 0,000316
апх 3,912023 0,000432
арбажский 3,912023 0,000432
арбитражный 1,966113 0,000651
аргумент 1,108663 0,000489
аристофана 3,912023 0,000432
арк 1,966113 0,000434
аркуль 3,912023 0,000432
армении 2,302585 0,000254
армянский 1,347074 0,000149
арпорек 3,912023 0,000432
артем 2,302585 0,000254
артерия 2,302585 0,000254
арх 0,544727 0,000060
архангел 2,525729 0,000279
архангельск 1,771957 0,000391
археологический 1,309333 0,000144
архив 0,446287 0,000098
архивировать 0,020203 0,000223
архивный 0,248461 0,000082
архиерейский 2,525729 0,000279
архитектор 0,916291 0,000101
архитектура 0,462035 0,000714
архитектурный 1,078810 0,000476
аршаулова 3,912023 0,000863
аст 0,820981 0,000181
астрахань 0,967584 0,000107
астрель 1,049822 0,000116
астрофизический 3,218876 0,000355
атаман 1,966113 0,000217
атлас 1,108663 0,000122
атомный 1,660731 0,000183
аттракцион 2,120264 0,000234
аудио 2,120264 0,000234
афанасьева 2,813411 0,000310
афанасьевский 3,912023 0,000432
ахпай 3,912023 0,000432
аэродром 1,237874 0,000137
аэропорт 0,776529 0,000514
баз 0,371064 0,000123
базироваться 1,272966 0,000140
балезинщина 3,912023 0,000432
балясковом 3,912023 0,000432
банк 0,693147 0,000535
барановка 3,912023 0,000432
барановская 3,912023 0,000432
барельеф 2,995732 0,000661
барнаул 1,203973 0,000133
барокко 1,560648 0,000517
барочный 2,995732 0,000331
барьер 2,659260 0,000293
бассейн 0,653926 0,000072
бахта 3,506558 0,000387
бахтина 3,912023 0,000432
баш 3,506558 0,000387
башарово 3,912023 0,000432
башенный 2,813411 0,000310
башлыкова 3,912023 0,000432
башня 1,139434 0,000377
безверхов 3,912023 0,000432
безверхова 3,912023 0,000432
безвозмездный 3,218876 0,000355
безработица 1,966113 0,000217
безупречность 3,912023 0,000432
бейна 3,912023 0,000432
беларусь 1,237874 0,000137
белка 2,040221 0,000450
белореченск 2,995732 0,000331
белохолуницкий 3,912023 0,000432
белый 0,867501 0,000383
беляевский 3,506558 0,000387
бердинских 3,506558 0,000774
берег 0,478036 0,000211
береговой 1,469676 0,000162
берест 2,995732 0,000331
беседка 2,995732 0,000331
бздюли 3,912023 0,000432
библиогр 2,995732 0,000331
библиографический 0,083382 0,000009
библиотека 0,328504 0,000507
библиотечный 1,609438 0,000178
бизнесмен 2,659260 0,000293
благодаря 0,527633 0,000058
благословенный 3,912023 0,000432
благоустроить 1,560648 0,000172
близ 1,237874 0,000137
близкий 0,820981 0,000091
близость 1,660731 0,000183
блокнот 2,995732 0,000331
блоха 3,506558 0,000387
блюдо 2,813411 0,000310
бобыль 3,506558 0,000387
богаева 3,912023 0,000432
богатство 1,771957 0,000195
богородица 1,272966 0,000140
богородская 3,218876 0,000355
богородский 3,218876 0,000355
богославский 3,912023 0,000432
богословский 3,506558 0,000387
богослужение 2,659260 0,000293
боинг 3,506558 0,000387
бой 1,237874 0,000137
бологое 1,347074 0,000149
большевик 1,347074 0,000446
большое 0,385662 0,000128
большой 0,040822 0,000081
бомбить 3,506558 0,000387
бони 3,912023 0,000432
бор 1,203973 0,000133
боровица 3,912023 0,000432
боровичи 1,347074 0,000149
боровой 2,813411 0,000310
ботанический 1,427116 0,000630
боярин 2,813411 0,000310
брат 1,272966 0,000421
брать 1,714798 0,000189
бренд 1,660731 0,000183
брокгауза 0,328504 0,000145
бронзовый 1,386294 0,000153
булатова 3,506558 0,000387
булгакова 3,218876 0,000355
булдаки 3,912023 0,000432
булочно-кондитерский 3,912023 0,000432
булычев 3,218876 0,000710
бумага 1,560648 0,000172
бунин 2,659260 0,000293
бурец 3,912023 0,000863
быково 2,995732 0,000331
быстрица 3,912023 0,000863
быт 2,040221 0,000225
быти 3,912023 0,000432
быть -0,009950 -0,000009
бюджет 1,171183 0,000388
бюро 1,427116 0,000315
бюст 2,302585 0,000254
важный 0,494296 0,000055
вал 1,514128 0,000334
ваньшины 3,912023 0,000432
варварский 3,218876 0,000355
вариант 0,634878 0,000140
варсеги 3,912023 0,000432
василий 1,078810 0,000119
васильев 2,302585 0,000254
васильевиче 3,218876 0,000355
васильевна 2,813411 0,000310
васильково 3,912023 0,000432
васнецовым 3,912023 0,000432
васнецовых 3,912023 0,001295
вахренки 3,912023 0,000432
вахрино 3,912023 0,000432
вблизи 1,139434 0,000126
ввиду 2,120264 0,000234
ввод 1,347074 0,000149
ввысь 3,506558 0,000387
вдали 3,218876 0,000355
вдвое 2,120264 0,000234
вдоль 0,755023 0,000416
ведение 1,427116 0,000315
ведомость 0,994252 0,000110
ведомство 2,207275 0,000244
век 0,248461 0,000411
велеть 2,995732 0,000331
великий 0,356675 0,000275
великодушие 2,995732 0,000331
великолепный 2,659260 0,000293
величество 2,525729 0,001672
вересниковщина 3,912023 0,000432
веретенникова 3,912023 0,000863
верещагино 3,506558 0,000387
верность 2,659260 0,000587
вероятно 1,560648 0,000172
версия -0,009950 -0,000007
вертолетный 2,525729 0,000279
верхнекамский 3,912023 0,000863
верхний 0,494296 0,000273
верхошижемский 3,912023 0,000432
вершина 1,514128 0,000668
вершинина 3,506558 0,000387
вершининцы 3,912023 0,000432
вес 1,560648 0,000344
веселый 2,407946 0,000266
весна 0,713350 0,000079
весомый 3,506558 0,000387
вест 3,218876 0,000355
вести 0,356675 0,000157
вестись 0,673345 0,000223
вестник 1,049822 0,000232
весь 0,301105 0,000166
ветвь 1,514128 0,000167
ветка 1,427116 0,000157
вече 2,813411 0,000310
вечный 1,309333 0,000144
вещание 1,108663 0,000122
взаимопроникновение 3,912023 0,000432
взлетно-посадочный 2,302585 0,000508
взмахиваться 3,912023 0,000432
взорвать 2,120264 0,000468
взрослый 1,609438 0,000178
взрыв 1,771957 0,000195
вид 0,061875 0,000130
видео 1,049822 0,000116
видеозапись 3,912023 0,000432
видеть 1,272966 0,000140
визитницы 3,912023 0,000432
визитный 2,120264 0,000468
вики-разметкой 1,309333 0,000144
викигидвикипедия 1,427116 0,000157
викигиде 0,776529 0,000171
викиданные 0,776529 0,000086
викиданных -0,009950 -0,000001
викиданныхвикипедия 0,891598 0,000197
викимедиа -0,009950 -0,000001
википедии -0,009950 -0,000002
википедия -0,009950 -0,000005
викискладвикиновостивикигидэлемент 1,609438 0,000178
викискладе 0,174353 0,000019
викискладепутеводитель 0,713350 0,000079
викискладстатьи 0,891598 0,000098
викисловаремедиафайлы 2,120264 0,000234
викисловарьстатьи 1,347074 0,000149
виктору 2,995732 0,000331
виртуальный 1,139434 0,000126
витберг 3,912023 0,000432
вишкиль 3,912023 0,000432
вкладка 2,995732 0,000331
включать 0,235722 0,000078
включая 0,527633 0,000233
включение 1,108663 0,000367
включить 0,634878 0,000140
вконтакте 1,966113 0,000217
вкупе 3,912023 0,000432
владелец 1,660731 0,000183
владение 0,916291 0,000101
владимир 0,653926 0,000144
владимирский 1,897120 0,000209
власть 0,544727 0,000481
влево 2,995732 0,000331
вливание 3,912023 0,000432
влияние 0,527633 0,000233
влиятельный 2,120264 0,000234
влксм 2,302585 0,000254
вместе 0,510826 0,000169
вмп 3,912023 0,000432
внесение 1,560648 0,000344
внешний 0,051293 0,000017
вниз 1,171183 0,000258
внизу 2,302585 0,000254
вновь 0,755023 0,000083
внутренний 0,314711 0,000035
внутригородской 0,867501 0,000191
внушительный 3,506558 0,000387
вода 0,527633 0,000175
водитель 2,525729 0,000279
водный 0,562119 0,000186
водрузить 3,506558 0,000387
военное 0,916291 0,000101
военный 0,494296 0,000055
возвращение 1,660731 0,000183
возвышаться 2,207275 0,000244
возвышенность 1,386294 0,000153
воздвигнуть 2,407946 0,000266
воздух 0,616186 0,000068
воздушный 0,798508 0,000617
возможно 0,867501 0,000191
возможность 0,314711 0,000035
возможный 0,994252 0,000110
возникновение 0,941609 0,000312
возникнуть 0,653926 0,000144
возраст 1,078810 0,000119
возрасти 1,660731 0,000183
война 0,430783 0,000380
войти 0,634878 0,000210
вокзал 0,755023 0,001166
вокруг 0,693147 0,000076
волго-вятский 3,218876 0,000355
волейбольный 1,514128 0,000167
волк 1,771957 0,000195
волковым 2,995732 0,000331
вологда 1,203973 0,000133
вологду 3,506558 0,000774
вологды 3,506558 0,000387
волоковой 3,912023 0,000432
волость 2,659260 0,000293
волшебный 0,030459 0,000003
вольный 1,832581 0,000202
вопрос 0,371064 0,000041
воркута 1,237874 0,000137
воровской 2,659260 0,000293
вороний 3,218876 0,000355
ворот 1,078810 0,000357
воссоздание 2,525729 0,000279
восстанавливаться 1,966113 0,000217
восстановить 0,967584 0,000214
восток 0,494296 0,000109
восточный 0,430783 0,000095
воткинск 1,309333 0,000144
впервые 0,385662 0,000043
вплоть 1,108663 0,000367
впн 2,995732 0,000331
впоследствии 0,653926 0,000072
впредь 3,506558 0,000387
врезка 2,525729 0,000557
время 0,020203 0,000029
вручение 2,120264 0,000234
все 0,040822 0,000014
всеобщий 1,237874 0,000137
всероссийский 0,634878 0,000560
всесоюзный 0,776529 0,000514
вставка 1,272966 0,000140
встать 2,659260 0,000293
вступить 1,514128 0,000167
втора 0,274437 0,000061
вторжение 1,609438 0,000178
второй 0,891598 0,000197
вуз 0,820981 0,000725
входить 0,287682 0,000190
входной 2,525729 0,000279
выбрать 1,139434 0,000126
выделить 0,544727 0,000060
выделяться 0,941609 0,000104
вып 0,798508 0,000088
выполнить 0,843970 0,000093
выпуск 0,693147 0,000076
высокий 0,139262 0,000092
высота 0,415515 0,000092
высочайше 2,659260 0,000293
выставить 2,407946 0,000531
выставка 1,139434 0,000251
выступать 0,916291 0,000101
выступление 1,272966 0,000140
выход 1,078810 0,000119
выходец 2,302585 0,000254
выходит 1,427116 0,000157
выходить 1,309333 0,000867
вычислительный 1,514128 0,000167
выше 0,616186 0,000068
вышеобозначенных 3,912023 0,000432
вышивка 3,506558 0,000387
вэрэ 3,912023 0,000432
вятгу 3,912023 0,001295
вятка 2,407946 0,023112
вяткаавиа 3,912023 0,000432
вяткадо 3,912023 0,000432
вяткегорода 3,912023 0,000432
вятский 2,995732 0,026771
вятскополянский 3,912023 0,000432
вятчанин 3,912023 0,000863
вячеслав 1,897120 0,000209
гагарина 1,427116 0,000157
гагаринский 2,813411 0,000310
газ 0,941609 0,000104
газета 0,579818 0,000256
галиной 3,912023 0,000432
галстук 3,912023 0,000863
ганино 3,912023 0,000432
гарь 3,218876 0,000355
генеральный 0,755023 0,000250
географический 0,356675 0,000236
географическо-статистический 2,407946 0,000266
география 0,415515 0,000092
геральдист 2,995732 0,000331
геральдический 1,560648 0,001033
герб 0,798508 0,001762
героев-жителей 3,912023 0,000432
герой 1,139434 0,000251
герольдмейстер 3,506558 0,000387
герцен 2,995732 0,000331
герцена 2,302585 0,000508
гигиена 2,813411 0,000310
гидроним 1,660731 0,000183
гимн 0,776529 0,000771
гинекология 2,995732 0,000331
гирсово 3,912023 0,000432
гкгн 0,994252 0,000110
гкгнпро 0,916291 0,000101
глава 0,494296 0,000491
главное 1,469676 0,000162
главный 0,210721 0,000163
главпочтамт 2,525729 0,000279
глобальный 1,203973 0,000133
глубина 1,139434 0,000126
глухонемой 3,912023 0,000432
гнусино 3,912023 0,000432
говорить 1,049822 0,000116
говорова 3,912023 0,000432
год -0,009950 -0,000304
годовой 0,994252 0,000110
годунаселенные 3,912023 0,000432
головановы 3,912023 0,000432
голосование 1,309333 0,000144
голубое 2,659260 0,000293
гомель 1,966113 0,000434
гоньба 2,995732 0,000331
гора 0,616186 0,000204
гораздо 1,714798 0,000378
горбачева 3,218876 0,000355
гордума 2,995732 0,000331
горисполком 1,966113 0,000217
горка 1,897120 0,000419
горловка 1,309333 0,000144
горнолыжный 1,897120 0,000209
горный 0,941609 0,000104
город 0,371064 0,008474
город-побратим 0,843970 0,000186
городаглава 3,912023 0,000432
городецкий 1,560648 0,000172
городкиров 3,912023 0,000432
городовой 2,207275 0,000244
городпро 0,867501 0,000096
городской 0,544727 0,005168
городы 3,912023 0,000432
горожанин 1,139434 0,000503
горьковской 2,995732 0,000331
горячко 1,609438 0,000178
госкомстат 0,891598 0,000295
госплан 3,912023 0,000432
гостиница 0,843970 0,000186
гостиный 1,966113 0,000217
государев 2,040221 0,000225
государственный 0,261365 0,001038
государство 0,579818 0,000128
государь 2,040221 0,000225
готический 3,506558 0,000387
градоначальник 1,427116 0,000315
гражданин 0,733969 0,000405
гражданский 0,733969 0,000324
грамота 1,427116 0,000157
грамотно 3,506558 0,000387
граница 0,356675 0,000197
грехово 3,912023 0,000432
грин 3,218876 0,002131
грозный 1,272966 0,000140
грузовая 1,139434 0,000126
грузовик 2,659260 0,000293
грунтовой 1,832581 0,000202
группа 0,314711 0,000139
гтрк 1,049822 0,000116
губернатор 0,967584 0,000107
губерния 0,891598 0,000492
губернский 1,309333 0,000867
губисполком 2,995732 0,000331
гуманитарный 0,994252 0,000110
гусь 2,813411 0,000310
давать 0,820981 0,000091
давеча 3,912023 0,000863
давыдовы 3,912023 0,000432
далее 0,693147 0,000153
далеко 1,347074 0,000149
дальний 0,446287 0,000148
дан 2,302585 0,000254
даниила 3,506558 0,000387
данилы 3,506558 0,000387
даровской 3,912023 0,000432
дата 0,030459 0,000262
датский 0,328504 0,000036
дать 0,072571 0,000080
дача 1,469676 0,000162
дачный 2,040221 0,000225
два 0,150823 0,000050
двигаться 1,832581 0,000202
движение 0,544727 0,000120
двор 1,078810 0,000119
дворец 0,843970 0,000279
дворовый 2,813411 0,000310
дворянский 2,040221 0,000225
двухуровневый 2,813411 0,000310
девятка-тв 3,912023 0,000432
действовать -0,009950 -0,000009
дек 0,820981 0,000091
декабрь 0,094311 0,000166
деление 0,579818 0,000512
делить 1,897120 0,000209
делиться 1,078810 0,000119
дело 0,562119 0,000062
демонстрация 2,302585 0,000254
демоскоп 0,820981 0,000272
дендропарк 2,659260 0,001174
денежный 1,660731 0,000183
денис 2,040221 0,000225
день 0,210721 0,000232
депутат 0,776529 0,000086
дергач 3,912023 0,000432
деревня 1,021651 0,001578
дерево 0,867501 0,000096
деревообрабатывающий 2,302585 0,000508
деревянный 0,941609 0,000416
держать 1,966113 0,000651
десница 3,912023 0,000432
детская 0,653926 0,000144
детство 2,207275 0,000487
деятель 1,108663 0,000122
деятельность 0,342490 0,000302
дзержинск 1,347074 0,000149
дивизион 1,609438 0,000178
динамо 1,171183 0,000129
динамо-вятгу 3,912023 0,000432
диорама 3,912023 0,002590
дискуссионный 2,659260 0,000293
дискуссия 1,660731 0,000183
дитя 0,867501 0,000479
длина 0,579818 0,000064
дмитрий 0,967584 0,000107
дмитрия 1,560648 0,000172
добавить 0,562119 0,000124
доблестикировпереименованные 3,912023 0,000432
доблесть 1,309333 0,000578
довоенный 2,813411 0,000310
догородского 3,912023 0,000432
документ 0,415515 0,000046
долгота 0,820981 0,000091
долгушино 3,912023 0,000432
должен 1,078810 0,000119
должно 1,714798 0,000378
должностной 1,514128 0,000167
долина 0,916291 0,000202
доля 0,544727 0,000060
дом 0,446287 0,000542
дом-музей 1,660731 0,000183
донаурово 3,912023 0,000432
доп 0,597837 0,000066
дополнительный -0,009950 -0,000004
дореволюционный 1,347074 0,000446
дорога 0,527633 0,000175
дорожка 2,302585 0,000254
дорожный 1,021651 0,000225
дороничи 3,912023 0,000863
дортрансбанк 3,912023 0,000432
доставить 1,966113 0,000217
достигнуть 1,272966 0,000140
достоверно 2,995732 0,000331
достоевского 2,525729 0,000279
достопримечательность 0,867501 0,000287
доступность 1,427116 0,000157
доступный -0,009950 -0,000001
доход 1,514128 0,000334
дошкольный 1,309333 0,000144
драйвер 2,659260 0,000293
драматический 1,108663 0,000489
драматург 2,407946 0,000266
драматургия 2,813411 0,000621
драмтеатр 2,659260 0,000293
древесина 2,302585 0,000254
древесный 2,302585 0,000254
древнерусский 1,427116 0,000157
дробно -0,009950 -0,000002
дрогова 3,912023 0,000432
дроговым 3,912023 0,000432
друг 0,916291 0,000101
другой -0,009950 -0,000012
дряхловщина 3,912023 0,000432
дубровка 3,218876 0,000355
дума 0,916291 0,001516
дурень 3,912023 0,000432
дуркино 3,912023 0,000432
духовенство 2,525729 0,000279
духовная 1,108663 0,000122
духовный 1,609438 0,000355
дымково 3,912023 0,000432
дымковский 3,506558 0,002708
дьяконова 3,912023 0,000432
дюма 3,912023 0,000432
евгением 2,995732 0,000331
евгения 2,207275 0,000244
еврейский 0,755023 0,000083
европа 0,301105 0,000033
европейский 0,494296 0,000164
егоровская 3,912023 0,000432
единица 0,478036 0,000369
единый 0,544727 0,000060
ежегодник 0,820981 0,001087
ежегодно 0,916291 0,000202
ежегодный 1,171183 0,000129
ежедневно 1,714798 0,000378
ежемесячный 2,659260 0,000293
еженедельный 2,120264 0,000234
ежово 3,912023 0,000432
ежовский 3,912023 0,000863
екатеринбург 0,843970 0,000093
екатериной 1,897120 0,000209
екатерины 1,514128 0,000334
елена 1,560648 0,000172
елпаши 3,912023 0,000432
ель 2,120264 0,000468
елькино 3,506558 0,000387
епархиальный 2,302585 0,000254
епархия 0,967584 0,000107
епископ 1,966113 0,000434
епишины 3,912023 0,000432
ефрона 0,328504 0,000145
желать 1,660731 0,000183
железнодорожный 0,579818 0,000960
железный 0,616186 0,000068
женский 0,867501 0,000191
живопись 1,609438 0,000178
животное 0,798508 0,000176
животный 1,714798 0,000189
жизненный 2,813411 0,000621
жизнь 0,342490 0,000265
жилищно-строительную 3,912023 0,000432
жилищный 1,560648 0,000172
жилой 0,941609 0,000104
жиромская 1,021651 0,000113
житель 0,562119 0,000248
житкова 3,506558 0,000387
жить 0,820981 0,000181
журавлева 3,506558 0,000387
журнал 0,301105 0,000133
заасфальтировать 3,912023 0,000432
заведение 0,867501 0,000287
завод 0,693147 0,000765
завоевать 1,660731 0,000183
загарье 3,912023 0,000432
заглавный -0,009950 -0,000001
загоски 3,912023 0,000432
загрязнение 0,891598 0,000098
зажечь 2,659260 0,000293
заканчиваться 1,966113 0,000217
закон 0,462035 0,000561
законодательный 1,347074 0,000446
закрепить 1,771957 0,000195
закрепиться 1,966113 0,000217
закрыть 0,798508 0,000088
зал 0,843970 0,000186
заложить 0,843970 0,000093
заменить 0,494296 0,000055
замешать 3,912023 0,000432
заморозка 1,966113 0,000217
занимать 0,430783 0,000143
занятость 2,207275 0,000487
занять 0,693147 0,000459
зао 1,514128 0,000167
западный 0,462035 0,000306
запас 1,560648 0,000172
записьвойти -0,009950 -0,000001
заполица 3,912023 0,000432
запрет 1,771957 0,000195
запрос 1,021651 0,000113
запустить 0,755023 0,000083
заработный 2,040221 0,000225
зарегистрировать -0,009950 -0,000005
заречный 2,120264 0,001170
зарождаться 2,995732 0,000331
зарубежный 0,994252 0,000329
заседание 1,309333 0,000144
засекретить 3,912023 0,000432
засор 3,912023 0,000432
застройка 0,916291 0,000404
застройщик 2,995732 0,000331
затем 0,527633 0,000058
зато 1,560648 0,000172
захарищевы 3,912023 0,000432
захват 2,120264 0,000234
защита 0,616186 0,000068
заявление -0,009950 -0,000001
звание 0,891598 0,000098
звероводство 3,912023 0,000432
звучать 2,659260 0,000293
здание 0,673345 0,001560
здравоохранение 0,843970 0,000279
зеленодольск 1,237874 0,000137
зеленые 1,203973 0,000133
зеленый 0,755023 0,000250
земельный 1,514128 0,000334
земля 0,400478 0,000928
земляной 2,525729 0,000279
зима 0,478036 0,000053
зимино 3,912023 0,000432
зимний 0,798508 0,000176
зиновы 3,912023 0,000432
златоуст 1,347074 0,000149
знак -0,009950 -0,000016
знаковый 2,525729 0,000279
знаменинаселенные 2,302585 0,000254
знаменитый 0,967584 0,000214
знаменская 2,813411 0,000310
знамя 1,386294 0,000153
знание 1,108663 0,000122
знатный 2,995732 0,000331
значение 0,061875 0,000055
значительно 0,510826 0,000056
значительный 0,328504 0,000036
зодчество 1,966113 0,000217
золото 1,469676 0,000486
золотой 0,597837 0,000462
зона 0,400478 0,000177
зоновы 3,912023 0,000432
зритель 1,108663 0,000245
зубарева 3,506558 0,000387
зубари 3,912023 0,000863
зубковы 3,912023 0,000432
зубок 3,506558 0,000387
зуевка 3,912023 0,000432
зуевская 3,912023 0,000432
зуевский 3,912023 0,000432
зырин 3,912023 0,000863
ивана-царевича 3,912023 0,000863
иване 2,995732 0,000331
иваново 1,139434 0,000126
ивановский 2,120264 0,000234
игра 0,843970 0,000372
играть 0,867501 0,000191
игровой 1,832581 0,000202
игрушка 2,813411 0,001552
идентификатор 0,693147 0,000076
идет 1,078810 0,000238
идея 1,108663 0,000245
идти 0,820981 0,000272
ижгту 3,912023 0,000432
ижевск 1,139434 0,000251
из-за 0,415515 0,000275
изба 2,659260 0,000293
избираться 1,427116 0,000157
известность 2,040221 0,000225
известный 0,287682 0,000159
изд 0,314711 0,000069
издание 0,415515 0,000092
издательско-полиграфическое 3,912023 0,005611
издательство 0,494296 0,000109
изделие 1,108663 0,000367
излюбить 2,813411 0,000310
изменение 0,301105 0,000066
изменить 1,049822 0,000116
изображение 0,693147 0,000153
изобразить 1,386294 0,000153
изящный 3,506558 0,000387
иисус 2,207275 0,000487
икона 1,309333 0,000144
ил 2,995732 0,000331
илии 2,813411 0,000310
иллека 3,912023 0,000432
иллюминировать 3,912023 0,000432
ильна 3,912023 0,000432
ильна-ола 3,912023 0,000432
именитый 2,995732 0,000331
именно 0,544727 0,000120
именовать 1,560648 0,000172
именоваться 1,469676 0,000162
иметь 0,094311 0,000094
иметься 0,385662 0,000128
император 1,139434 0,000126
императорский 1,469676 0,000973
императрица 1,514128 0,000167
империя 0,653926 0,000577
имя 0,274437 0,000484
индекс 0,634878 0,000070
инновация 2,302585 0,000254
иногородний 2,120264 0,000234
иной 0,867501 0,000287
иностранный 0,916291 0,000101
инспектор 2,995732 0,000331
институт 0,371064 0,000082
инструмент -0,009950 -0,000002
инструментальщик 3,506558 0,000387
интерактивный 1,560648 0,000172
интернет-канал 3,506558 0,000387
информационный 0,462035 0,000102
информация 0,162519 0,000090
инфраструктура 0,891598 0,000295
иоанна 1,469676 0,000486
иркутск 1,171183 0,000129
искра 2,120264 0,000234
искусственно 2,995732 0,000331
искусственный 0,916291 0,000101
искусство 0,478036 0,000264
искусствовед 2,995732 0,000331
исполнение 0,867501 0,000096
исполнительно-распорядительный 2,302585 0,000254
использование -0,009950 -0,000002
использовать 0,020203 0,000013
использоваться 0,223144 0,000049
испытывать 1,560648 0,000172
истобенск 3,912023 0,000432
исток 0,755023 0,000083
истоминцы 3,912023 0,000432
исторически 1,078810 0,000119
исторический 0,314711 0,000278
история 0,051293 0,000164
источник -0,009950 -0,000004
исупова 3,506558 0,000387
исуповы 3,912023 0,000432
исчисление 0,776529 0,000086
италии 1,966113 0,000217
итог 0,494296 0,000273
иунинцы 3,912023 0,000432
ишимбай 1,309333 0,000144
июль 0,116534 0,000296
июнь 0,116534 0,000231
кавказа 1,660731 0,000183
кавказу 3,218876 0,000355
каждый 0,261365 0,000058
казаковцевы 3,912023 0,000432
казани 1,771957 0,000391
казанский 1,049822 0,000232
казань 0,891598 0,000197
казанью 2,407946 0,000266
калинин 1,966113 0,000434
калининградом 2,813411 0,000310
калининцы 3,912023 0,000432
калужский 2,659260 0,000293
каменный 0,733969 0,000081
каменск-уральский 1,347074 0,000149
камешник 3,912023 0,000432
кампания 2,040221 0,000225
камско-печорско-западноуральскую 3,912023 0,000432
канадский 1,897120 0,000209
канал 0,673345 0,000074
канахины 3,912023 0,000432
канцелярия 1,832581 0,001213
кап 3,506558 0,000387
капа-корню 3,912023 0,000432
капиталистический 2,659260 0,000293
капокорня 3,912023 0,000432
каптиков 3,912023 0,000432
караваевы 3,912023 0,000432
караул 2,813411 0,000310
карета 2,995732 0,000331
карла 1,386294 0,000459
карт 0,301105 0,000033
картина 1,347074 0,000149
карточка 2,040221 0,000450
карточкенп 3,506558 0,000387
карточкивикипедия 1,309333 0,000144
касаться 1,897120 0,000209
каскад 1,966113 0,000434
каспийск 1,272966 0,000140
каталог 0,094311 0,000021
категория -0,009950 -0,000003
катковы 3,912023 0,000432
католический 1,237874 0,000273
кафа 1,514128 0,000167
кафедральный 0,967584 0,000214
качество 0,287682 0,000159
каээ 3,912023 0,000432
квадратный 1,660731 0,000183
квартал 0,994252 0,000219
квартальный 2,813411 0,000621
кгма 3,912023 0,000432
кемерово 1,237874 0,000137
кикнурский 3,912023 0,000432
километр 0,693147 0,000306
кильмезский 3,912023 0,000432
кино 0,994252 0,000110
кинотеатр 0,891598 0,000098
киреев 3,912023 0,000432
кирины 3,912023 0,000432
киров 1,309333 0,012423
киров-авиа 3,912023 0,000432
киров-берлин 3,912023 0,000432
киров-заводская 3,912023 0,000432
киров-котласский 3,912023 0,001295
кирова 1,386294 0,010859
кировав 3,912023 0,000432
кировагород 3,912023 0,000432
кировакаскад 3,912023 0,000432
кировасимволика 3,912023 0,000432
кировацентры 3,912023 0,000432
кироввласть 3,912023 0,000432
кировгорода 3,912023 0,000432
кирове 3,912023 0,011222
кирово-чепецк 3,912023 0,000863
кирово-чепецкий 3,912023 0,000432
кирово-чепецкого 3,912023 0,000863
кировом 3,912023 0,000432
кировская 2,659260 0,004988
кировские 3,912023 0,000432
кировский 1,237874 0,003141
кировского 2,207275 0,001461
кировское 3,218876 0,000355
кировской 2,995732 0,013881
кировском 2,525729 0,000279
кировспецмонтаж 3,912023 0,000432
кировстата 3,912023 0,000432
кирову 2,659260 0,000880
кировчанин 3,912023 0,001295
кирс 3,912023 0,000863
кисель 3,912023 0,001295
кисловодска 3,218876 0,000355
класс 0,616186 0,000204
классик 2,120264 0,000234
классицизм 1,514128 0,000167
классический 0,755023 0,000083
кликашева 3,912023 0,000432
климат 0,446287 0,000394
климатология 3,506558 0,000387
клобукова 3,912023 0,001295
клуб 0,798508 0,000440
ключ 1,309333 0,000144
кнага 3,912023 0,000432
книга 0,415515 0,000138
князь 0,867501 0,000096
кобель 3,912023 0,000432
ковалева 2,302585 0,000254
код -0,009950 -0,000070
кодекс -0,009950 -0,000001
кодистория 0,116534 0,000013
кожевенный 1,966113 0,000217
козулинцы 3,912023 0,000432
кокуй 3,912023 0,000432
кокурина 3,912023 0,000863
колесо 2,407946 0,000266
количество 0,210721 0,000046
колледж 1,108663 0,000122
коллектив 1,237874 0,000137
коллекция 1,309333 0,000289
колобовщина 3,912023 0,000432
колокольня 2,040221 0,000225
коломна 1,272966 0,000140
колонизация 2,207275 0,000244
колос 2,525729 0,000279
колпак 3,912023 0,000863
колын 3,912023 0,000432
кольцо 1,021651 0,000113
коляда 3,912023 0,000432
команда 0,798508 0,000088
комарова 2,302585 0,000254
комбинат 1,021651 0,000338
коми 1,514128 0,000167
комис 3,218876 0,000355
комиссия 0,967584 0,001281
комитет 0,653926 0,000072
комментарий 1,237874 0,000137
коммерсантъ 1,139434 0,000126
компания 0,371064 0,000082
комплекс 0,579818 0,000576
композитор 1,514128 0,000167
композиционный 3,218876 0,000355
комсомольск-на-амуре 1,203973 0,000133
комсомольский 0,891598 0,000098
конго 2,659260 0,000293
конева 3,506558 0,000774
конец 0,198451 0,000153
конка 2,995732 0,000331
конкурс 1,171183 0,000646
конструктивизм 1,771957 0,000195
контекст 1,427116 0,000157
континентальный 0,527633 0,000175
контора 2,120264 0,000234
контрольная 2,525729 0,000279
контрольно-счетная 2,207275 0,000487
контрольно-счетный 2,813411 0,000310
конфессия 1,049822 0,000232
конфиденциальность -0,009950 -0,000001
концентрация 1,203973 0,000133
концепция 0,967584 0,000214
концертный 1,108663 0,000245
копейка 2,525729 0,000279
копие 0,223144 0,000098
корить 1,309333 0,000144
коробовская 3,912023 0,000432
королев 1,897120 0,000209
корона 1,660731 0,000183
короткий -0,009950 -0,000001
короткометражный 2,995732 0,000331
коррекционный 2,525729 0,000279
корчемкино 3,912023 0,000863
косвенно 3,218876 0,000355
космический 1,309333 0,000144
космонавтика 2,040221 0,000675
космос 1,237874 0,000137
костино 3,506558 0,000387
кострома 1,171183 0,000258
костромской 2,525729 0,000279
котельнич 3,912023 0,000863
котельнической 3,912023 0,000432
котельничский 3,912023 0,000432
котлас 3,912023 0,000863
котласа 3,912023 0,000432
котласский 3,912023 0,000432
который 0,000000 0,000000
котчиха 3,912023 0,000432
кочергинцы 3,912023 0,000432
кочкино 3,912023 0,000432
кочуровская 3,912023 0,000432
кочуровский 3,912023 0,000432
кочуровы 3,912023 0,001295
кравец 1,386294 0,000153
краевед 1,714798 0,000189
краеведческий 1,108663 0,000489
край 0,544727 0,000541
красивый 1,660731 0,000183
красная 0,713350 0,000315
красногвардеец 3,218876 0,000355
красногорского 3,506558 0,001547
красногоры 3,912023 0,000432
красносельский 3,218876 0,001421
красноярск 0,967584 0,000107
красный 0,597837 0,000594
красота 2,407946 0,000266
краткий 0,653926 0,000072
кремль 1,660731 0,000916
крепостной 1,714798 0,000189
крепость 0,994252 0,000110
крест 1,309333 0,000433
крестьянин 1,832581 0,000202
криветь 3,912023 0,000432
критик 1,560648 0,000172
криуша 3,912023 0,000432
кровь 1,832581 0,000607
кром 0,235722 0,000078
кропачи 3,912023 0,000432
круглый 1,897120 0,000209
крупный 0,210721 0,000488
крутой 1,514128 0,000167
крыма 0,843970 0,000093
крымская 2,659260 0,000293
крыша 2,207275 0,000487
крючок 3,506558 0,000387
кубок 1,237874 0,000137
кудино 3,912023 0,000432
кузнец 1,560648 0,000172
куки -0,009950 -0,000001
кукла 0,891598 0,000197
кукольный 2,525729 0,000279
кулига 3,506558 0,000387
куликовская 3,912023 0,000432
культура 0,356675 0,000354
культурно-массовый 3,218876 0,000355
культурный 0,597837 0,000330
куменский 3,912023 0,000432
купец 1,078810 0,000714
купеческий 1,832581 0,000202
курагино 3,912023 0,000432
курган 1,203973 0,000133
курочкины 3,912023 0,000432
курс 1,171183 0,000258
куртеевы 3,912023 0,000432
кустарник 1,771957 0,000195
кустарный 2,813411 0,000310
кутафина 3,506558 0,000387
кучаны 3,912023 0,000863
кушовы 3,912023 0,000863
кылно 3,912023 0,000432
лаборатория 1,309333 0,000144
лавровый 3,506558 0,000387
лазоревый 2,407946 0,000266
лазурный 2,040221 0,000225
ландшафт 1,427116 0,000157
лебедь 2,813411 0,000310
лебяжий 2,659260 0,000293
лебяжский 3,912023 0,000432
лев 0,967584 0,000107
леваши 3,218876 0,000355
левашов 1,660731 0,000183
легкий 0,967584 0,000107
легко 1,771957 0,000195
легковой 2,302585 0,000254
лед 1,171183 0,000129
леденец 3,506558 0,000387
леденцовы 3,912023 0,000432
ледовитый 1,514128 0,000167
лекция 1,714798 0,000189
лель 3,912023 0,000432
ленин 0,755023 0,000083
ленинграда 2,207275 0,000487
ленинградец 3,506558 0,000387
ленинск-кузнецкий 1,347074 0,000149
ленинский 0,941609 0,000416
лепсе 3,912023 0,000863
лес 0,733969 0,000243
лесной 0,843970 0,000093
лесовод 3,912023 0,000863
лесопарк 1,897120 0,000209
лесопромышленный 3,912023 0,000432
лет 0,597837 0,000066
летие 1,309333 0,000433
летием 2,407946 0,000266
летия 1,108663 0,000489
летний 0,579818 0,000192
летопись 1,237874 0,000137
летский 3,912023 0,000432
лига 0,941609 0,000104
линия 0,462035 0,000204
липовый 2,813411 0,000310
лисицин 3,912023 0,000432
литература 0,051293 0,000017
литературно-художественный 2,302585 0,000254
литературный 0,867501 0,000096
лиханова 3,912023 0,000863
лихач 3,912023 0,000432
лицензия -0,009950 -0,000001
лицо 0,673345 0,000223
лишиться 2,040221 0,000225
лишь 0,478036 0,000053
лобовикова 3,912023 0,000432
локальный 0,673345 0,000074
лом 2,525729 0,000279
ломовская 3,912023 0,000863
лосево 3,912023 0,000863
лосевская 3,912023 0,000432
лубяны 3,912023 0,000432
луганск 1,203973 0,000133
луговик 3,912023 0,000432
луговой 2,302585 0,000254
луза 3,912023 0,000432
лузский 3,912023 0,000432
лук 1,771957 0,001173
лусники 3,912023 0,000432
лутошкино 3,912023 0,000432
лучшее 1,427116 0,000315
лучший 0,776529 0,000257
лыжа 2,659260 0,000587
лысьва 1,347074 0,000149
льготник 3,912023 0,000432
люба 1,469676 0,000162
любитель 2,407946 0,000531
любить 1,832581 0,000202
любовикова 3,912023 0,000432
любое 1,139434 0,000126
любой 1,386294 0,000153
любцова 3,912023 0,000432
люди 0,755023 0,000167
люксембург 2,659260 0,000587
лянгасово 3,912023 0,001726
лянгасы 3,912023 0,001295
магадан 1,237874 0,000137
магазин 1,272966 0,000421
магистраль 0,867501 0,000096
магистральный 1,771957 0,000782
магнитогорск 1,272966 0,000140
май 0,127833 0,000367
макаров 1,660731 0,000366
макарье 3,912023 0,000432
макарьевского 3,912023 0,000432
максимум 0,579818 0,000128
мала 1,237874 0,000137
малмыж 3,912023 0,001295
малмыжский 3,912023 0,000432
мало 0,579818 0,000064
малое 0,994252 0,000110
малой 0,776529 0,000600
малый 0,139262 0,000031
мамадыш 3,506558 0,000387
мануфактурный 3,218876 0,000355
мар 2,040221 0,000225
мараки 3,912023 0,000432
мари-малмыж 3,912023 0,000432
мариец 1,609438 0,000178
марий 2,525729 0,000557
марийский 2,995732 0,000331
марка 0,733969 0,000081
марковский 3,912023 0,000432
маркс 1,309333 0,000433
март 0,116534 0,000193
маршал 1,966113 0,000434
маршрут 0,673345 0,000520
марьино 3,218876 0,000355
масленик 3,912023 0,000432
масса 0,916291 0,000202
массовый 0,494296 0,000273
мастер 1,171183 0,000129
мастер-класс 2,995732 0,000331
матанцы 3,912023 0,001295
материал -0,009950 -0,000004
матрос 2,995732 0,000331
махачкалой 3,912023 0,000432
машзавод 3,506558 0,000387
машина 0,713350 0,000157
машиностроение 1,049822 0,000232
машиностроительный 1,347074 0,000149
машкины 3,912023 0,000432
машковцев 3,912023 0,000432
машковцева 3,912023 0,000432
маяк 1,078810 0,000238
мгюа 3,506558 0,000387
мебель 2,302585 0,000254
медведка 3,506558 0,000387
медиафайлы 0,301105 0,000033
медицина 1,309333 0,000144
медицинский 0,653926 0,000505
международный 0,385662 0,000298
мезрины 3,912023 0,000432
мельница 2,120264 0,000234
мелянда 3,912023 0,000432
мемориальный 1,139434 0,000251
меркуши 3,912023 0,000432
мероприятие 0,916291 0,000607
местный 0,478036 0,000158
место 0,139262 0,000292
месяц 0,415515 0,000092
месяцевикипедия 0,776529 0,000086
металл 1,272966 0,000140
металлообработка 1,897120 0,000209
металлургический 1,469676 0,000162
метр 0,653926 0,000216
метроград 3,912023 0,000432
метрострой 3,506558 0,000387
меховой 3,506558 0,000774
мечеть 0,994252 0,000110
миасс 1,309333 0,000144
микробиология 3,218876 0,000710
микрорайон 0,916291 0,000708
микрорайонный 3,912023 0,000432
миллион 0,776529 0,000086
милосердие 2,659260 0,000293
минеральный 1,139434 0,000251
минимум 0,653926 0,000144
министерство 0,653926 0,000216
минобороны 3,218876 0,000710
мир 0,094311 0,000062
мировая 0,527633 0,000058
мифтахов 3,912023 0,000432
михаила 1,171183 0,000129
михайлова 2,659260 0,000293
михайловича 2,525729 0,000279
михайлово 3,506558 0,000387
мишотино 3,912023 0,000432
млн 0,462035 0,000153
млрд 0,820981 0,000272
много 0,150823 0,000033
многоместный 3,912023 0,000432
многоуровневый 2,407946 0,000266
множество 0,462035 0,000306
мобильный -0,009950 -0,000001
модельер 3,506558 0,000387
модерн 1,609438 0,000178
модернизировать 2,302585 0,000254
модернизм 3,218876 0,000710
модуль 0,562119 0,000062
молниеносный 3,506558 0,000387
молодежь 1,386294 0,000153
молодой 1,021651 0,000225
молочный 2,040221 0,000225
мольера 3,912023 0,000432
монастырский 2,302585 0,000254
монастырь 0,867501 0,000957
мониторинг 1,108663 0,000122
мончегорск 1,347074 0,000149
мороз 1,386294 0,000153
морозить 3,506558 0,000774
москва 0,400478 0,000221
москвакиров 3,912023 0,000432
москвой 1,237874 0,000273
москву 1,139434 0,000126
москвы 0,653926 0,000289
моско 3,912023 0,000432
московский 0,527633 0,000291
мост 0,713350 0,000315
мотив 2,120264 0,000234
мочь -0,009950 -0,000004
мск 0,843970 0,000093
мужество 2,040221 0,000225
мужской 1,108663 0,000122
музей 0,653926 0,002020
музей-усадьба 2,525729 0,000557
музейматериалы 3,912023 0,000432
музейно-выставочный 3,218876 0,000355
музыка 0,941609 0,000104
музыкальный 0,867501 0,000383
музыкант 2,207275 0,000244
мулино 3,912023 0,000432
муниципальный 0,713350 0,002912
мураш 3,912023 0,000432
мурашинский 3,912023 0,000432
мурыгино 3,912023 0,000432
мутэр 3,912023 0,000432
мухино 3,912023 0,000432
мухинского 3,912023 0,000863
мыс 1,386294 0,000153
мясокомбинат 1,966113 0,000217
мяч 1,609438 0,000178
набережная 0,891598 0,000295
наблюдатель 2,525729 0,000279
наверх 3,506558 0,000387
навигация -0,009950 -0,000003
нагорск 3,912023 0,000432
нагорский 3,912023 0,000432
нагорье 2,659260 0,000293
нагоряна 3,912023 0,000432
награда 0,798508 0,000088
наградить 0,941609 0,000208
наделить 2,407946 0,000531
название 0,105361 0,000198
назвать 0,371064 0,000123
назначение 1,108663 0,000122
называть 0,174353 0,000019
называться 0,328504 0,000072
наиболее 0,139262 0,000031
наименование 0,994252 0,000110
найти 0,733969 0,000081
наладить 2,302585 0,000508
наложить 3,218876 0,000710
наместничество 1,514128 0,000334
направление 0,385662 0,000213
направо 1,560648 0,000172
напротив 1,237874 0,000137
народ 0,579818 0,000320
народный 0,616186 0,000680
нарушение 1,560648 0,000172
нарьян-маром 3,912023 0,000432
наряд 1,049822 0,000232
насаждение 1,469676 0,000162
население 0,462035 0,003517
населить 0,597837 0,001253
наследие 0,713350 0,000157
настолько 1,897120 0,000209
настоящее 0,287682 0,000032
наступать 0,843970 0,000093
насчитывать 1,203973 0,000398
насыпь 2,995732 0,000331
наталья 1,660731 0,000183
натуральный 2,207275 0,000244
натянуть 3,506558 0,000774
наука 0,235722 0,000182
научно-образовательный 0,967584 0,000107
научно-технический 1,386294 0,000153
научный 0,248461 0,000137
находиться 0,174353 0,000365
находка 0,994252 0,000110
национальность 0,867501 0,000096
национальный 0,342490 0,000113
начало 0,116534 0,000103
началось 0,616186 0,000204
начальный 0,967584 0,000107
начаться 0,562119 0,000186
начинаться 0,527633 0,000233
начиная 0,733969 0,000162
начислить 2,207275 0,000244
наш 0,527633 0,000058
небольшой 0,494296 0,000109
неверный 2,207275 0,000487
неврология 3,912023 0,000432
невский 1,272966 0,000281
негосударственный 1,386294 0,000306
неделя 1,309333 0,000289
недоступный 0,446287 0,000295
незавершенный 2,525729 0,000279
нейрохирургия 3,218876 0,000355
некоммерческий -0,009950 -0,000001
некоторые 0,127833 0,000028
некрещенные 3,912023 0,000432
немский 3,912023 0,000432
немцова 2,995732 0,000331
необходимое 1,771957 0,000195
необычность 3,506558 0,000387
необычный 1,832581 0,000202
неоднократно 1,139434 0,000126
неправильно 2,040221 0,000225
нерабочий 0,994252 0,000110
несколько 0,116534 0,000077
неславянский 3,506558 0,000387
несмотря 0,755023 0,000083
несписочного 3,912023 0,000432
нижнее 0,916291 0,000404
нижнеивкино 3,912023 0,000432
нижний 0,494296 0,000218
низина 2,659260 0,000587
низкий 0,843970 0,000093
низменность 1,714798 0,000189
нии 1,237874 0,001093
николаевич 1,309333 0,000144
николая 0,916291 0,000101
никуленки 3,912023 0,000432
никулицынской 3,912023 0,000432
новалихинский 3,912023 0,000432
новгород 0,867501 0,000191
новгорода 2,040221 0,000450
новгородом 3,218876 0,000355
новгородский 2,040221 0,000225
нововятск 3,912023 0,000863
нововятский 3,912023 0,001295
нововятского 3,912023 0,000863
новогодний 2,407946 0,000531
новое 0,287682 0,000032
новокузнецк 1,272966 0,000140
новомосковск 1,203973 0,000133
новосибирск 0,916291 0,000101
новость 0,544727 0,000300
новый 0,083382 0,000101
нолинск 3,912023 0,000432
нолинский 3,506558 0,000387
номер 0,634878 0,000070
номинальный 2,207275 0,000244
номинация 2,040221 0,000225
норвежский 0,248461 0,000027
норвик-банк 3,912023 0,000432
норильск 1,203973 0,000133
норма 0,597837 0,000066
нормативно-правовых 3,506558 0,000387
носить 0,798508 0,000088
нояб 0,820981 0,000091
ноябрь 0,127833 0,000268
нпк 3,912023 0,000432
нужда 1,237874 0,000273
нужно 1,049822 0,000116
нулевой 1,609438 0,000178
ныне 0,653926 0,000505
нынешний 1,021651 0,000113
оао 0,916291 0,001011
оба 0,597837 0,000066
обанкротиться 2,995732 0,000331
обзорный 2,813411 0,000310
обл 1,714798 0,000189
обладать 0,843970 0,000186
облако 2,207275 0,000731
областной 0,994252 0,001755
область 0,150823 0,000849
областьгорода 1,309333 0,000144
облик 1,203973 0,000266
обложка 3,912023 0,000432
обозрение 1,897120 0,000419
оборонительный 1,660731 0,000183
оборот 1,139434 0,000503
оборудование 0,653926 0,000144
обрабатывать 1,049822 0,000116
обработка 1,309333 0,000144
образец 1,203973 0,000133
образование 0,356675 0,001928
образовательный 0,891598 0,000393
образовать 0,385662 0,000128
образоваться 0,967584 0,000107
обрамить 2,525729 0,000279
обратить 1,966113 0,000217
обратиться 2,120264 0,000468
обращение 0,030459 0,000262
обременить 3,912023 0,000432
обследование 2,995732 0,000331
обслуживать 1,469676 0,000486
обсуждать 2,302585 0,000254
обсуждение 2,120264 0,000234
обувной 2,995732 0,000331
обучаться 1,560648 0,000517
обширный 1,078810 0,000119
общегородской 2,040221 0,000450
общее 0,301105 0,000133
общеобразовательный 1,021651 0,000113
общественно-политических 2,525729 0,000279
общественный 0,494296 0,000545
общество 0,415515 0,000046
общефедеральный 3,912023 0,000432
общий 0,186330 0,000206
община 1,078810 0,000119
общинный 2,659260 0,000293
объект 0,235722 0,000104
объем 0,400478 0,000177
объявить 0,798508 0,000176
обыграть 3,506558 0,000387
обязательный 1,427116 0,000157
обязать 1,609438 0,000178
оверинцы 3,912023 0,000432
овраг 1,660731 0,000916
огонь 1,139434 0,000126
огородник 3,912023 0,000432
ограничить 0,653926 0,000072
огромный 0,776529 0,000086
одежда 2,120264 0,000234
один 0,051293 0,000096
однако 0,174353 0,000038
одноименный 0,967584 0,000214
одноклассник 2,407946 0,000266
одобрить 1,897120 0,000209
ожог 3,912023 0,000432
озеро 0,673345 0,000149
означать 0,798508 0,000088
оказать 1,427116 0,000315
оказаться 0,820981 0,000272
окантовать 3,912023 0,000432
окато 0,820981 0,000181
океан 0,994252 0,000110
окрестность 0,941609 0,000104
округ 0,562119 0,001612
окружать 0,755023 0,000250
окружить 1,771957 0,000391
окружной 1,609438 0,000178
окт 0,798508 0,000088
октмо 0,843970 0,000093
октябрь 0,072571 0,000288
октябрьский 0,776529 0,000428
ола 3,912023 0,000432
олега 1,966113 0,000434
олимпийский 1,108663 0,000367
олинцы 3,912023 0,000432
омнибус 3,218876 0,000710
омск 1,021651 0,000113
омутнинск 3,912023 0,000432
омутнинский 3,912023 0,000432
онлайн 0,198451 0,000022
ооо 0,843970 0,000186
опаринский 3,912023 0,000432
опасный 1,272966 0,000140
операция 0,776529 0,000086
описание -0,009950 -0,000004
ополье 3,912023 0,000432
определение 0,967584 0,000107
определиться 3,506558 0,000387
опубликовать 0,891598 0,000098
опушни 3,912023 0,000432
орг 3,912023 0,000432
орган 0,616186 0,000748
организация -0,009950 -0,000018
организовать 0,634878 0,000350
орден 0,891598 0,000197
орел 1,386294 0,000459
оригинал 0,139262 0,000246
оригинальное 2,302585 0,000762
оричевский 3,912023 0,000432
оркестр 1,386294 0,000459
орловский 2,302585 0,000254
орловы 3,912023 0,000432
орнамент 2,813411 0,000621
орск 1,272966 0,000140
осадок 0,544727 0,000060
освоение 1,309333 0,000433
освятить 1,560648 0,000172
осень 0,941609 0,000104
осипов 0,527633 0,000058
оснастить 1,714798 0,000189
основа 0,210721 0,000070
основание 0,494296 0,000273
основать 0,274437 0,000272
основное 0,235722 0,000078
основной 0,040822 0,000086
особенность 0,693147 0,000076
особенный 3,218876 0,000355
особняк 1,771957 0,000782
особо 1,237874 0,000273
особый 0,776529 0,000086
оставить 1,427116 0,000157
остальной 0,616186 0,000068
остановиться 2,120264 0,000234
остановочный 2,207275 0,000244
остаться 0,867501 0,000096
остро 2,995732 0,000331
островской 2,040221 0,000225
осуществлять 0,597837 0,000132
осуществляться 0,616186 0,000136
отв 0,755023 0,000167
ответственность -0,009950 -0,000001
отдаваться 2,813411 0,000310
отдать 2,407946 0,000531
отдел 1,171183 0,000129
отделение 0,713350 0,000944
отдельно 2,120264 0,000468
отдельный -0,009950 -0,000002
отдых 0,941609 0,000312
отель 1,660731 0,000183
отечественный 0,634878 0,000420
отказ -0,009950 -0,000001
отклонить 3,218876 0,000355
открываться 1,347074 0,000594
открытие 0,616186 0,000340
открыто 1,078810 0,000238
открыть 0,150823 0,000150
открыться 0,820981 0,000091
отличать 1,966113 0,000217
отличаться 0,342490 0,000113
отличительный 2,407946 0,000266
отложить 2,407946 0,000266
отметить 0,616186 0,000272
отметиться 3,912023 0,000432
отнести 1,560648 0,000344
относительно 0,415515 0,000046
относиться 0,328504 0,000145
отношение 0,430783 0,000095
отобрать 2,995732 0,000331
отправить 1,560648 0,000172
отправляться 1,427116 0,000157
отр 1,832581 0,000202
отражать 1,309333 0,000144
отражение 1,714798 0,000189
отразить 1,832581 0,000202
отрасль 0,653926 0,000144
отредактировать -0,009950 -0,000001
отреставрировать 2,040221 0,000225
отряд 1,272966 0,000281
отсутствие 0,891598 0,000098
официально 0,693147 0,000153
официальный 0,356675 0,000512
оформить 1,514128 0,000167
оформление 1,609438 0,000178
ох 1,347074 0,000149
охватывать 1,237874 0,000137
охотничий 2,995732 0,000331
охранять 1,427116 0,000315
оцениваться 1,560648 0,000172
оценка 0,400478 0,000088
очевидец 3,218876 0,000355
очередной 1,560648 0,000172
ошибка 0,994252 0,000329
ошибкекак -0,009950 -0,000001
павленков 3,912023 0,000432
павлин 1,714798 0,000189
павловская 3,218876 0,000355
палата 1,347074 0,000297
палеонтологический 3,506558 0,000387
палитра 3,912023 0,000432
палкино 3,506558 0,000387
палкины 3,912023 0,000432
памяти 1,078810 0,000119
памятник 0,597837 0,000330
памятный 0,798508 0,000088
память 0,820981 0,000091
парад 1,771957 0,000195
параметр 1,139434 0,000126
парк 0,653926 0,002525
партийный 1,660731 0,000183
пасегово 3,912023 0,000432
пассажирский 0,941609 0,000208
патентовать 3,506558 0,000387
пахомье 3,912023 0,000863
пгпу 3,506558 0,000387
пгт 2,302585 0,000254
педиатрия 3,912023 0,000432
пекарский 3,506558 0,000774
пенза 1,108663 0,000122
пеньково 3,912023 0,000432
первенство 1,469676 0,000162
первое 0,150823 0,000116
первомайский 1,347074 0,001040
первоначальный 1,203973 0,000133
первый 0,162519 0,000233
перевести 0,994252 0,000110
перевозка 0,891598 0,000393
передать 0,798508 0,000088
переименование 1,469676 0,000162
переименовать 0,941609 0,000519
перейти -0,009950 -0,000003
перекресток 1,237874 0,000410
перелет 2,659260 0,000293
переливание 2,525729 0,000557
перенаправляться 1,560648 0,000172
перепад 2,525729 0,000279
перепись 0,755023 0,001083
переработка 1,469676 0,000162
пересекать 1,966113 0,000217
пересечение 1,171183 0,000258
пересторонцы 3,912023 0,000432
перестраиваться 2,659260 0,000293
перестроить 1,897120 0,000209
перечень 1,108663 0,000122
период 0,274437 0,000212
перипетия 3,912023 0,000432
перми 2,407946 0,000266
перминова 3,912023 0,000432
пермско-котласской 3,912023 0,000432
пермь 0,994252 0,000329
перрон 3,912023 0,000432
персональный -0,009950 -0,000001
перспектива 1,049822 0,000116
першино 3,218876 0,000355
песковка 3,912023 0,000432
пестовы 3,912023 0,000432
петелин 3,912023 0,000432
петелины 3,912023 0,000432
петербурга 2,407946 0,000266
петре 2,659260 0,000293
петрова 2,302585 0,000254
петровский 1,514128 0,000334
петух 3,218876 0,000355
петухово 3,912023 0,000432
петуховы 3,912023 0,000432
печатный 1,021651 0,000113
печать -0,009950 -0,000004
пешеходный 1,560648 0,000172
пижанский 3,912023 0,000432
пижемской 3,912023 0,000432
пилотировать 3,506558 0,000387
пиляндыш 3,912023 0,000432
пионер 1,427116 0,000315
пионерский 2,407946 0,000531
пирамидальный 3,218876 0,000355
пирс 3,218876 0,000355
писат 3,912023 0,000432
писатель 0,916291 0,000202
письмо 1,237874 0,000137
питание 1,171183 0,000258
питейный 3,912023 0,000432
пихтово-еловые 3,506558 0,000387
пищевой 0,916291 0,000101
плавание 1,714798 0,000189
плавательный 1,966113 0,000217
плазма 2,995732 0,000331
план 0,527633 0,000291
планетарий 1,832581 0,000404
планирование 1,427116 0,000157
планировать 1,272966 0,000140
планировка 1,427116 0,000315
пластик 2,995732 0,000331
пластмассовый 2,995732 0,000331
плат 1,771957 0,000195
платный 1,469676 0,000324
платонова 3,506558 0,000387
платформа 1,049822 0,000116
плита 1,832581 0,000202
плотников 3,506558 0,000387
плотность 0,634878 0,000140
площадка 0,867501 0,000861
площадь 0,385662 0,000383
по-татарски 3,912023 0,000432
победа 0,755023 0,000083
победилово 3,912023 0,002158
победитель 1,514128 0,000501
побратимский 1,771957 0,000195
побывать 1,897120 0,000209
поведение -0,009950 -0,000001
повести 1,832581 0,000404
повод 1,897120 0,000209
повредить 2,525729 0,000279
погибнуть 1,469676 0,000162
погибший 1,203973 0,000133
погода 0,693147 0,000076
подборный 3,912023 0,000432
подведомственный 2,040221 0,000225
подвергнуться 1,714798 0,000189
подвиг 2,040221 0,000450
подвижной 1,832581 0,000202
подворье 2,659260 0,000293
подготовка 0,916291 0,000101
поддержать 1,966113 0,000217
поддержка 0,653926 0,000144
подзона 2,040221 0,000225
подкорчемкино 3,912023 0,000432
подножие 2,525729 0,000279
подозерье 3,912023 0,000432
подольск 1,272966 0,000140
подосиновский 3,912023 0,000432
подписать 0,941609 0,000104
подпровинцию 3,912023 0,000432
подразумевать 2,302585 0,000254
подрезчиха 3,912023 0,000432
подробность 2,407946 0,000266
подсветка 2,813411 0,000310
подстанция 2,302585 0,000254
подтверждать 1,560648 0,000172
подчеркивать 2,120264 0,000234
подчинить 1,347074 0,000297
подъезд 1,897120 0,000209
поезд 1,021651 0,000676
поездка 2,120264 0,000468
позволять 0,462035 0,000051
поздино 3,912023 0,000432
поздняковой 3,912023 0,000432
позже 0,733969 0,000081
позиционировать 3,218876 0,000355
поиск -0,009950 -0,000003
показ 2,207275 0,000244
показатель 0,494296 0,000164
показывание 3,912023 0,000432
показывать 1,237874 0,000137
покров 0,843970 0,000093
покрытие 1,560648 0,000172
пол 0,446287 0,000443
полдень 0,916291 0,000101
поле 1,049822 0,000232
полевщина 3,912023 0,000432
полезный 1,203973 0,000133
полесье 2,813411 0,000310
политик -0,009950 -0,000002
политический 0,597837 0,000132
полномочие 1,203973 0,000398
полномочный 2,407946 0,000266
полностью 0,400478 0,000088
полный 0,328504 0,000217
половина 0,430783 0,000095
половой 3,218876 0,000355
полог 3,218876 0,000355
положение 0,415515 0,000138
полоса 0,916291 0,000202
полотно 2,040221 0,000225
полугодие 2,207275 0,000244
получать 0,916291 0,000101
получить 0,150823 0,000083
получиться 2,407946 0,000266
полушестерней 3,912023 0,000432
пользование 1,609438 0,000178
польский 1,347074 0,000149
польша 1,966113 0,000217
поляк 0,820981 0,000091
поляна 1,427116 0,000787
полянка 2,995732 0,000331
полярный 1,347074 0,000149
поместить 1,609438 0,000178
помешать 2,659260 0,000293
помимо 0,562119 0,000124
поморский 2,525729 0,000279
поморье 3,506558 0,000387
помощь 0,342490 0,000076
пономарев 2,995732 0,000661
понравиться 2,813411 0,000310
пообещать 2,995732 0,000331
попасть 1,049822 0,000116
пора 0,776529 0,000086
порода 1,427116 0,000157
порождать 2,525729 0,000279
порошино 3,912023 0,000432
порт-папиросы 3,912023 0,000432
порт-табаки 3,912023 0,000432
портал 0,342490 0,000076
портсигар 3,912023 0,000432
посад 1,469676 0,000162
посадочный 2,813411 0,000931
посадский 2,995732 0,000331
посвятить 0,634878 0,000560
поселение 0,634878 0,000770
поселок 0,634878 0,000420
посетить 1,203973 0,000133
поскребышев 3,912023 0,000432
послать 2,040221 0,000225
послевоенный 1,309333 0,000144
последний -0,009950 -0,000003
поспелов 1,021651 0,000225
посреди 2,659260 0,000587
поставить 1,021651 0,000338
постоянная 0,843970 0,000093
постоянно 1,108663 0,000122
постоянный 0,579818 0,000448
постоянство 2,995732 0,000331
построить 0,301105 0,000233
постройка 0,867501 0,000191
постсоветский 1,609438 0,000178
потенциал 0,967584 0,000320
поток 0,967584 0,000107
потребность 1,514128 0,000167
поход 1,203973 0,000266
похолодание 2,995732 0,000331
почетный 0,820981 0,000453
починка 2,995732 0,000331
почта 1,309333 0,000144
почтовый 0,653926 0,000289
пошлина 2,995732 0,000331
поэтому 0,616186 0,000068
появиться 0,248461 0,000082
появление 0,653926 0,000144
появляться 0,733969 0,000081
пояс 0,597837 0,000198
правда 0,820981 0,000272
правительство 0,510826 0,000507
править -0,009950 -0,000136
правка 0,274437 0,000030
правкиновые -0,009950 -0,000001
правкипостоянная -0,009950 -0,000001
правление 1,386294 0,000306
право 0,314711 0,000069
православие 1,386294 0,000153
православный 0,755023 0,000083
правый 0,798508 0,000088
празднование 1,309333 0,000144
практически 0,755023 0,000083
превышать 0,673345 0,000074
пред 3,218876 0,000355
предварительный 1,832581 0,000202
предел 0,400478 0,000133
предложение 1,609438 0,000710
предложить 0,820981 0,000181
предмет 0,713350 0,000079
предназначаться 2,525729 0,000279
предназначить 1,139434 0,000126
предположительно 1,966113 0,000217
предпочтение 2,659260 0,000293
предпринимательство 1,714798 0,000189
предприятие 0,527633 0,001397
председ 1,203973 0,000133
председатель 0,916291 0,001415
представитель 0,653926 0,000216
представительный 1,237874 0,000137
представительский 3,218876 0,000355
представительство 0,994252 0,000110
представить 0,328504 0,000362
представиться -0,009950 -0,000001
представлять 0,328504 0,000181
предтеча 2,120264 0,000702
преемственность 2,525729 0,000279
прежде 1,049822 0,000116
прежний 1,021651 0,000113
президент 0,597837 0,000396
президиум 1,171183 0,000258
преимущественно 0,776529 0,000086
прекрасный 2,407946 0,000266
прекратиться 2,407946 0,000266
премия 1,272966 0,000281
преобладание 1,660731 0,000183
преобладать 0,713350 0,000157
преображенской 3,912023 0,000432
преобразовать 0,967584 0,000107
преподаватель 2,120264 0,000468
пресвятой 1,272966 0,000421
пресс-папье 3,912023 0,000432
прибрежный 1,386294 0,000153
прибыть 1,514128 0,000334
привезти 2,040221 0,000225
приверх 3,912023 0,000432
привлекать 1,609438 0,000178
привлечение 1,660731 0,000183
приволжский 1,609438 0,000710
приволжье 3,218876 0,000355
пригородка 3,912023 0,000432
пригородный 0,967584 0,000320
пригорок 3,912023 0,000432
приготовление 2,995732 0,000331
придел 2,995732 0,000331
придти 0,755023 0,000083
приезжать 2,040221 0,000225
приехать 2,040221 0,000225
призер 1,514128 0,000501
признание 0,867501 0,000096
признать 0,494296 0,000164
приказ 1,203973 0,000133
приказная 2,813411 0,000310
прикамье 2,995732 0,000331
прилететь 3,506558 0,000387
приличность 3,912023 0,000432
применять 0,510826 0,000113
применяться 1,139434 0,000126
пример 0,527633 0,000349
примерно 0,634878 0,000070
примечание -0,009950 -0,000002
примечанияхвикипедия 2,407946 0,000266
примыкать 1,386294 0,000153
принадлежать 0,755023 0,000083
принимать 0,634878 0,000140
принятие 1,560648 0,000172
принять 0,248461 0,000137
приобрести 1,139434 0,000251
приоритет 1,771957 0,000195
приостановить 1,609438 0,000178
приравнять 2,995732 0,000331
природа 0,653926 0,000649
природный 0,510826 0,000113
присвоение 1,139434 0,000126
присвоить 0,798508 0,000088
присоединить 1,660731 0,000550
пристань 1,427116 0,000157
приток 1,078810 0,000119
притяжение 2,813411 0,000310
приходиться 0,693147 0,000076
приходский 2,813411 0,000310
пробиваться 3,506558 0,000387
проблема 0,274437 0,000091
пробный 2,302585 0,000254
проведение 0,673345 0,000149
проверить 0,478036 0,000053
провести 0,579818 0,000192
провинциальный 2,302585 0,000254
провинция 1,309333 0,000433
провод 2,995732 0,000331
проводить 0,843970 0,000093
проводиться 0,653926 0,000289
программа 0,415515 0,000092
продвижение 2,040221 0,000225
продолжать 1,049822 0,000232
продукт 0,634878 0,000140
продукция 0,941609 0,000208
проезд 1,171183 0,000258
проект -0,009950 -0,000009
проехать 3,218876 0,000355
проза 2,659260 0,000587
прозоров 3,912023 0,000432
произведение 1,021651 0,000451
производить 0,916291 0,000101
производиться 1,108663 0,000122
производный 3,506558 0,000387
производственный 1,078810 0,000238
производство 0,527633 0,000466
произойти 0,430783 0,000095
происходить 0,328504 0,000072
происхождение 0,776529 0,000086
происшествие 2,207275 0,000244
пройти 0,544727 0,000120
прокопьевск 1,272966 0,000140
пролегать 2,659260 0,000293
проложить 1,347074 0,000149
промежуток 2,659260 0,000293
промысл 1,966113 0,001518
промыслаобластные 3,506558 0,000387
промышленность 0,494296 0,000491
промышлять 0,462035 0,000459
проникновение 1,832581 0,000202
пророк 2,407946 0,000266
просвиряки 3,912023 0,000432
просмотр -0,009950 -0,000001
проспект 0,891598 0,000197
простираться 1,714798 0,000189
простор 2,040221 0,000225
простота 2,659260 0,000293
просуществовать 2,120264 0,000468
протасова 3,912023 0,000432
протекать 1,108663 0,000245
противоположный 2,407946 0,000266
протяжение 0,843970 0,000093
протяженность 0,776529 0,000428
профессиональный 0,733969 0,000567
профессор 0,967584 0,000641
проходить 0,462035 0,000459
прохора 3,912023 0,000432
прохоровцы 3,912023 0,000432
процесс 0,415515 0,000046
прочее 0,544727 0,000060
прочие 0,798508 0,000088
прошлое 0,673345 0,000074
пруд 1,609438 0,001065
прыжок 2,302585 0,000254
прямой 1,660731 0,000183
публичный 1,078810 0,000119
пулинович 3,912023 0,000432
пункт 0,494296 0,001254
пуск 2,659260 0,000293
путеводитель 0,713350 0,000079
путепровод 2,207275 0,000244
путь 0,261365 0,000115
пушкарь 3,218876 0,001065
пушкин 0,916291 0,000101
пышма 1,309333 0,000144
пьеса 2,120264 0,000702
пятизубчатая 3,912023 0,000432
пятилетка 1,897120 0,000209
пятнадцать 3,218876 0,000355
пятницкая 3,506558 0,000387
работа 0,127833 0,000042
работать 0,314711 0,000069
работник 1,108663 0,000612
рабочий 0,597837 0,000132
равнина 0,867501 0,000096
радио 0,891598 0,000098
радиотелецентр 2,995732 0,000331
радость 2,302585 0,000254
радужный 3,218876 0,000355
раевского 3,218876 0,000355
разбить 1,514128 0,000668
разбойный 3,218876 0,000355
развеваться 3,912023 0,000432
развиваться 0,597837 0,000066
развитие 0,127833 0,000085
развить 0,616186 0,000272
развязка 1,469676 0,000162
разделять 1,609438 0,000178
различный 0,116534 0,000116
размер 0,755023 0,000167
размещение 0,673345 0,000149
разнообразный 1,139434 0,000251
разный 0,314711 0,000174
разорвать 1,897120 0,000209
разрабатываться 1,660731 0,000183
разработать 0,616186 0,000136
разработка 0,653926 0,000072
разработчик -0,009950 -0,000001
разрушение 1,560648 0,000172
разрушить 1,139434 0,000126
разъезд 2,659260 0,000293
район 0,430783 0,001331
районный 1,171183 0,000258
районосновная 3,912023 0,000432
райсовет 3,506558 0,000774
райцентр 0,941609 0,000104
рамка 0,478036 0,000211
ранение 2,995732 0,000331
ранний 0,733969 0,000162
рано 0,261365 0,000115
распад 1,514128 0,000167
располагать 1,386294 0,000306
располагаться 0,544727 0,000300
расположение 0,776529 0,000171
расположить 0,385662 0,001234
расположиться 2,040221 0,000900
распределять 3,506558 0,000387
распространение 0,891598 0,000197
распространить 0,616186 0,000068
распространяться 1,272966 0,000140
рассвет 2,407946 0,000797
рассечение 3,912023 0,000432
рассказывать 1,832581 0,000607
расстояние 0,713350 0,000079
рассыльщиков 3,912023 0,000432
растение 1,171183 0,000129
расти 0,941609 0,000104
растительность 1,309333 0,000433
растительный 1,386294 0,000153
расхн 2,995732 0,000661
расход 1,347074 0,000149
расширение 0,415515 0,000046
расширить 0,967584 0,000107
расширять 2,302585 0,000254
реализовать 0,673345 0,000074
ревматология 3,912023 0,000432
революционер 2,302585 0,000254
революционный 1,386294 0,000306
регион 0,385662 0,000340
региональный 0,634878 0,000560
регистр 1,771957 0,000195
регистрировать 2,995732 0,000331
регулярно 1,272966 0,000140
регулярный 0,798508 0,000264
ред 0,235722 0,000494
редкий 1,237874 0,000273
редкость 3,218876 0,000355
реестр 1,272966 0,000421
режиссер 1,660731 0,000183
резерв 1,514128 0,000334
резиновый 2,525729 0,000279
резкий 1,386294 0,000153
результат 0,174353 0,000058
резьба 2,813411 0,000310
рейд 2,995732 0,000331
рейс 1,171183 0,000258
рейтинг 0,967584 0,000427
рейхстаг 3,506558 0,000387
река 0,446287 0,000542
реконструировать 1,237874 0,000410
религиозный 0,891598 0,000098
рельеф 0,798508 0,000352
ремесленник 2,659260 0,000293
ремесло 1,714798 0,000189
реневская 3,912023 0,000432
репертуар 2,525729 0,000557
репертуарный 3,912023 0,000432
репин 1,966113 0,000651
репка 3,506558 0,000387
республика 0,527633 0,000407
реставрационный 3,506558 0,000387
ресторан 1,469676 0,000162
ресурс 0,020203 0,000011
реторта 3,506558 0,000387
реформа 1,108663 0,000122
речка 1,427116 0,000157
решать 1,469676 0,000162
решение 0,328504 0,000145
решетник 3,506558 0,000387
решетниково 3,912023 0,000432
риа 1,049822 0,000116
ров 1,966113 0,000434
род 0,843970 0,000093
родина 1,108663 0,000489
родинцы 3,912023 0,000432
рожни 3,912023 0,000432
рожок 3,912023 0,000432
роза 0,916291 0,000202
розничный 1,171183 0,000258
роль 0,494296 0,000109
романтик 3,218876 0,000710
романтический 2,525729 0,000279
росляков 3,506558 0,000387
росписании 3,912023 0,000432
росплазма 3,912023 0,000863
россиигорода 1,309333 0,000144
россиинаселенные 2,302585 0,000254
российский 0,105361 0,000570
российско-украинской 1,108663 0,000122
россия 0,174353 0,000692
росспэн 0,994252 0,000110
росстат 0,776529 0,000086
рост 0,597837 0,000198
ротонда 2,407946 0,001594
рсфср 0,733969 0,000567
ртрс 1,514128 0,000167
рубеж 1,021651 0,000113
рубец 3,506558 0,000387
рубль 0,755023 0,000833
рубцовск 1,347074 0,000149
рудаков 3,218876 0,000355
рудницкого 3,912023 0,000432
рука 1,139434 0,000880
рукав 2,120264 0,000234
руководитель 1,203973 0,000133
руководство 0,544727 0,000180
рус 0,162519 0,000879
русский -0,009950 -0,000023
рыбинск 1,203973 0,000133
рынок 0,713350 0,000472
рябь 3,506558 0,000387
ряд 0,223144 0,000295
рязанцевы 3,912023 0,000432
рязань 1,049822 0,000116
савинцы 3,912023 0,000432
савичи 3,912023 0,000432
сад 0,843970 0,001490
садаковский 3,912023 0,000432
садаковы 3,912023 0,000432
сайт 0,210721 0,000302
салехард 1,347074 0,000149
салтыков-щедрин 2,813411 0,000310
салтыкова-щедрина 3,218876 0,000355
сам 0,162519 0,000054
самара 0,891598 0,000098
самары 2,659260 0,000293
самобытность 3,506558 0,000387
самовар 3,218876 0,000710
самолет 1,237874 0,000137
самоуправление 0,891598 0,000098
самоуправленияструктуру 3,912023 0,000432
самоуправляемый 3,912023 0,000432
самый 0,174353 0,000077
санкт-петербург 0,616186 0,000204
санниковы 3,912023 0,000432
санчурский 3,912023 0,000432
саратов 0,967584 0,000107
сарбаи 3,912023 0,000432
саровский 2,407946 0,000266
сбор 1,347074 0,000149
сборная 1,897120 0,000209
сборник 0,597837 0,000264
сватково 3,912023 0,000432
сведение 0,579818 0,000128
сверху 1,347074 0,000149
свечинский 3,912023 0,000432
свистун 3,218876 0,000355
свобода 1,108663 0,000122
свободный -0,009950 -0,000004
свое 0,287682 0,000127
свой 0,150823 0,000083
свойство 0,415515 0,000046
свыше 0,891598 0,000098
связать 0,174353 0,000019
связаться -0,009950 -0,000001
связь 0,174353 0,000096
свято-серафимовский 3,912023 0,000432
свято-троицкий 2,407946 0,000531
святой 0,755023 0,000167
сгореть 1,660731 0,000183
сделать 0,616186 0,000068
себя 0,198451 0,000044
севастьяновы 3,912023 0,000432
север 0,527633 0,000233
северауникальным 3,912023 0,000432
северный 0,385662 0,000340
северо-восток 1,237874 0,000410
северо-восточный 1,386294 0,000306
северо-западный 1,078810 0,000119
северодвинск 1,171183 0,000129
сегодня 0,616186 0,000136
седльце 3,912023 0,000863
седуновщина 3,912023 0,000432
сезон 0,916291 0,000101
сей 0,693147 0,000153
сектор 1,049822 0,000116
селиванов 2,995732 0,000331
село 0,891598 0,000590
сельмаш 3,506558 0,000774
сельский 0,634878 0,000911
сельскохозяйственный 0,941609 0,000312
сельсовет 2,659260 0,002640
сельхозугодье 3,912023 0,000432
семеновскую 3,912023 0,000432
семь 0,820981 0,000091
сент 0,843970 0,000093
сентябрь 0,072571 0,000168
серафим 2,302585 0,000254
серафимовская 3,912023 0,000432
сергеев 2,302585 0,000254
сергеево 3,506558 0,000387
сергея 1,469676 0,000162
сердце 1,714798 0,000378
середина 0,356675 0,000039
середине-концу 3,912023 0,000432
серьезно 1,897120 0,000209
сетка 2,407946 0,000266
сеть 0,356675 0,000275
сибири 1,347074 0,000149
сибирский 1,049822 0,000116
сидеть 2,659260 0,000293
сидоровка 3,912023 0,000432
сила 0,494296 0,000109
сильно 0,755023 0,000083
сильный 0,544727 0,000120
симаков 3,912023 0,000432
символ 0,733969 0,000648
символизировать 1,469676 0,000486
символика 1,237874 0,000683
симоновский 3,912023 0,000432
симферополя 2,995732 0,000331
симфонический 1,560648 0,000517
симфония 3,218876 0,000355
система 0,051293 0,000011
системеобсуждениевкладсоздать -0,009950 -0,000001
ситник 3,218876 0,004972
ситникова 3,912023 0,000432
ситуация 0,693147 0,000076
сиухино 3,912023 0,000432
сказочный 2,995732 0,000992
скамейка 3,218876 0,000355
скачать -0,009950 -0,000001
сквер 0,941609 0,000519
сколько 0,653926 0,000072
сконструировать 2,813411 0,000310
сконцентрировать 2,659260 0,000293
скопино 3,912023 0,001295
скопины 3,912023 0,000432
скорбеть 2,302585 0,000254
скульптура 0,916291 0,000101
слабослышащий 3,912023 0,000432
слева 1,108663 0,000245
следовать 0,235722 0,000078
следствие 1,560648 0,000172
следует 0,755023 0,000083
слепой 1,771957 0,000195
слиться 3,218876 0,000355
слобода 1,347074 0,000297
слободской 3,218876 0,001776
словарь 0,094311 0,000062
словарь-справочник 1,560648 0,000172
слово 0,210721 0,000046
сложность 1,049822 0,000116
слой 1,272966 0,000281
слудкагород 3,912023 0,000432
служба 0,527633 0,000699
служить 0,820981 0,000272
случай -0,009950 -0,000001
смениться 2,302585 0,000254
смещение 0,733969 0,000081
сми 0,867501 0,000287
смирение 3,506558 0,000387
смолин 3,506558 0,000387
смутяки 3,912023 0,000432
смягчение 3,506558 0,000387
снос 1,897120 0,000209
сноска 0,733969 0,000324
сноскамистраницы 2,995732 0,000331
собирать 1,966113 0,000217
собираться 1,966113 0,000217
собор 0,733969 0,000972
соборный 1,049822 0,000232
собрание 0,634878 0,000630
собственный 0,446287 0,000345
событие 0,733969 0,000162
событияпожертвовать -0,009950 -0,000001
совершаться 2,120264 0,000234
совершить 0,994252 0,000110
совет 0,462035 0,000255
советск 3,218876 0,000710
советский 0,261365 0,000375
совокупный 1,832581 0,000202
современный 0,150823 0,000233
согласно 0,301105 0,000100
согласование 2,207275 0,000244
соглашение 0,994252 0,000110
содействие 2,120264 0,000234
содержание 0,010050 0,000001
соединить 0,994252 0,000110
соединять 1,108663 0,000122
создаваться 1,078810 0,000119
создание 0,301105 0,000133
создать 0,210721 0,000186
созыв 1,514128 0,000167
соколова 2,525729 0,000279
сократиться 1,386294 0,000153
солдат 1,469676 0,000162
солнечный 0,597837 0,000132
соловей 1,966113 0,001301
солодка 3,912023 0,000432
соломинцы 3,912023 0,000432
сообщение 0,478036 0,000316
сообщить -0,009950 -0,000001
соорудить 1,897120 0,000209
сооружение 0,733969 0,000486
соответствие 0,371064 0,000082
соответствовать 0,371064 0,000123
соотношение 1,560648 0,000172
сопоставимый 2,302585 0,000254
сорвижи 3,912023 0,000432
соревнование 1,108663 0,000245
соседний 1,203973 0,000133
соска 3,912023 0,000432
сосновка 2,525729 0,000557
сосновые 2,525729 0,000279
сосновый 1,897120 0,000209
сост 0,597837 0,000923
состав 0,248461 0,000219
составить 0,400478 0,000353
составлять 0,198451 0,000328
состояние 0,248461 0,000274
состоять 0,385662 0,000043
состояться 0,713350 0,000315
сотня 1,609438 0,000178
сохранение -0,009950 -0,000001
сохраниться 0,820981 0,000091
сохранять 1,427116 0,000157
сохраняться 1,108663 0,000122
социально-экономического 1,237874 0,000137
социально-экономическое 2,302585 0,000254
социально-экономическом 2,525729 0,000279
социальный 0,527633 0,000233
сочинский 3,218876 0,000355
сочить 1,514128 0,000334
сочленить 3,912023 0,000432
сошени 3,912023 0,000863
союз 0,579818 0,000256
спасо-преображенский 1,966113 0,000217
спасская 2,659260 0,000293
спасский 2,207275 0,000974
спасской 2,813411 0,004035
спасскую 3,218876 0,000355
спб 0,385662 0,000298
спектакль 2,040221 0,001351
спектр 1,609438 0,000178
спецзастройщик 3,912023 0,000432
специальный 0,415515 0,000092
список 0,210721 0,000116
спорт 0,713350 0,000472
спортивный 0,891598 0,000885
спортсмен 1,771957 0,000195
способный 1,309333 0,000144
справа 1,714798 0,000189
справочник 0,798508 0,000088
спуск 1,897120 0,000209
сравнение 0,733969 0,000081
сражение 2,120264 0,000468
сразу 0,994252 0,000110
среда 0,385662 0,000085
среди 0,198451 0,000044
срединный 2,813411 0,000310
средневятской 3,912023 0,000432
среднее 0,342490 0,000189
среднемесячный 1,560648 0,000172
среднеспециальный 3,506558 0,000387
среднесписочный 3,218876 0,000355
средний 0,371064 0,000246
средство 0,287682 0,000095
сср 0,820981 0,000181
ссср 0,314711 0,000417
ссылка -0,009950 -0,000018
ссылкамивикипедия 1,609438 0,000178
ссылкасведения -0,009950 -0,000001
ссылкойстатьи 2,302585 0,000254
ссыльный 2,659260 0,000293
стабильный 0,820981 0,000091
стадион 0,891598 0,000393
сталь 0,415515 0,000092
станкостроение 3,218876 0,000355
становиться 0,415515 0,000046
становление 1,237874 0,000137
станция 0,579818 0,000640
старание 3,218876 0,000355
стародубцев 3,506558 0,000387
старое 0,941609 0,000104
старший 1,386294 0,000153
старый 0,314711 0,000417
статистик -0,009950 -0,000012
статистический 0,713350 0,001259
статус 0,430783 0,000238
стать 0,083382 0,000101
статьислучайная -0,009950 -0,000001
статьисообществофорумсправкасвежие -0,009950 -0,000001
статья 0,020203 0,000031
статьяобсуждение -0,009950 -0,000001
статьятекущие -0,009950 -0,000001
стеклофилины 3,912023 0,000432
стелла 3,912023 0,000432
стен 0,967584 0,000107
степановича 3,218876 0,000355
стереотип 1,469676 0,000162
стилизовать 2,207275 0,000244
стиль 0,673345 0,000446
стиральный 3,506558 0,000387
стихийно 2,995732 0,000331
стоимость 1,021651 0,000113
стоить 0,891598 0,000197
столбик 3,506558 0,000387
столица 0,755023 0,000583
столичный 1,660731 0,000183
сторона 0,235722 0,000052
стоять 1,386294 0,000153
страна 0,235722 0,000156
страница -0,009950 -0,000008
страницасодержаниеизбранные -0,009950 -0,000001
страницецитировать -0,009950 -0,000001
страницуполучить -0,009950 -0,000001
страницыслужебные -0,009950 -0,000001
страховой 2,407946 0,000266
стрела 2,813411 0,001862
стриж 2,995732 0,000331
строение 0,891598 0,000197
строительный 0,891598 0,000098
строительство 0,462035 0,000561
строиться 0,693147 0,000153
строй 1,609438 0,000178
строчка 2,525729 0,000279
студенец 3,506558 0,000387
студент 1,237874 0,000819
ступино 1,347074 0,000149
субботиха 3,912023 0,000863
субъект 0,597837 0,000396
сувенир 2,813411 0,000310
суводь 3,912023 0,000432
суд 0,693147 0,000535
судьба 1,427116 0,000157
сумароки 3,912023 0,000432
сундучок 3,506558 0,000387
сунский 3,912023 0,000432
суперлига 1,560648 0,000172
сурикова 3,218876 0,000355
суточный 0,755023 0,000167
сутырин 3,912023 0,000432
суханы 3,912023 0,000432
существо 2,302585 0,000254
существовать 0,020203 0,000016
сфера 0,562119 0,000310
сформировать 1,078810 0,000119
сформироваться 1,347074 0,000149
схожесть 3,218876 0,000355
сцена 1,514128 0,000167
счастливцевы 3,912023 0,000432
счет 0,562119 0,000062
считать 0,597837 0,000066
съезжаться 3,912023 0,000432
сыграть 1,714798 0,000189
сызрань 1,237874 0,000137
сын 1,660731 0,000183
сырьяны 3,912023 0,000432
сюда 1,108663 0,000245
сюдасвязанные -0,009950 -0,000001
табл 0,867501 0,000096
таблица 0,544727 0,000240
табличный 1,237874 0,000137
тагил 1,272966 0,000140
таежный 2,120264 0,000468
тайга 1,427116 0,000157
тактик 2,995732 0,000331
талица 3,506558 0,000387
тамара 2,407946 0,000266
таможенный 2,302585 0,000254
татарин 0,733969 0,000162
татарский 1,203973 0,000133
твердый 1,771957 0,000195
творческий 1,309333 0,000144
творчество 1,021651 0,000113
театр 0,713350 0,001495
театральный 1,049822 0,000232
тег 1,897120 0,000419
текст -0,009950 -0,000003
телевидение 0,820981 0,000272
телевизионный 1,078810 0,000119
телеканал 0,916291 0,000404
теленок 3,912023 0,000432
телепередача 2,302585 0,000254
телефонный 0,776529 0,000086
тематика 1,897120 0,000628
темное 3,218876 0,000355
температура 0,510826 0,000113
термин 0,198451 0,000044
терминал 1,347074 0,000149
территориальный 0,713350 0,000472
территория 0,356675 0,001102
техник 0,713350 0,000079
техника 3,218876 0,000355
технико-экономический 2,995732 0,000331
технический 0,462035 0,000102
технология 0,400478 0,000044
течение 0,314711 0,000104
течь 0,274437 0,000061
тиминцы 3,912023 0,000432
тинский 3,912023 0,001295
тип 0,072571 0,000024
типография 1,171183 0,000775
тираж 1,560648 0,000172
товар 0,916291 0,000101
товарный -0,009950 -0,000001
томиловы 3,912023 0,000863
томск 1,108663 0,000122
тонкино 3,912023 0,000432
тонна 1,108663 0,000122
топ 1,347074 0,000149
топонимический 0,776529 0,000086
торговля 0,579818 0,000448
торговый 0,597837 0,000396
торжественный 1,309333 0,000289
точка 0,478036 0,000053
трагедия 2,659260 0,000293
традиция 0,891598 0,000492
трамвай 0,891598 0,000197
трамвайный 1,139434 0,000377
трамплин 2,407946 0,000797
транспорт 0,616186 0,001360
транспортный 0,616186 0,000340
транссиб 2,040221 0,000225
транссибирский 1,714798 0,000189
требовать 0,562119 0,000062
требоваться 1,386294 0,000153
третий 0,616186 0,000068
три 0,248461 0,000055
трибун 2,040221 0,000225
трифонов 3,506558 0,000774
трифонова 3,912023 0,001726
троица 1,832581 0,000202
троицкая 2,120264 0,000234
троллейбус 0,867501 0,001149
троллейбусный 0,967584 0,000320
тростинка 3,912023 0,000432
труд 0,597837 0,000396
трудиться 1,560648 0,000172
трудный 2,525729 0,000279
трудовой 0,967584 0,000961
трудоспособный 1,714798 0,000189
трушинцы 3,912023 0,000432
тужинский 3,912023 0,000432
туманный 2,525729 0,000279
тупикиной 3,912023 0,000432
тураев 3,506558 0,000387
турек 3,912023 0,000432
туризм 1,078810 0,000119
турист 1,309333 0,000144
туристический 1,021651 0,000225
турундаевская 3,912023 0,000432
тушка 3,912023 0,000432
тыс 0,430783 0,000238
тысяча 0,371064 0,000532
тэц 1,272966 0,000140
тюмень 1,171183 0,000129
тяговый 3,218876 0,000355
тяжелый 1,108663 0,000245
убийство 1,714798 0,000378
убыточный 3,218876 0,000355
увал 2,995732 0,000331
увековечить 2,659260 0,000293
увеличиться 0,843970 0,000186
увенчать 1,897120 0,000209
увидеть 1,560648 0,000172
уголок 2,659260 0,000293
удаловщина 3,912023 0,000432
удаться 1,203973 0,000133
удельный 1,897120 0,000419
удмурт 1,660731 0,000550
удмуртии 3,506558 0,000387
удмуртия 2,659260 0,000293
удмуртский 2,813411 0,000310
удмуртско-русский 3,912023 0,000432
уезд 1,272966 0,000140
узел 0,527633 0,000116
узор 2,995732 0,000331
узорочье 2,995732 0,000331
указ 0,733969 0,000486
указание -0,009950 -0,000001
указать 0,083382 0,000055
украина 0,527633 0,000058
украсить 2,120264 0,000234
украшать 2,407946 0,000266
укрепихом 3,912023 0,000432
укреплять 3,218876 0,000355
улан-удэ 1,237874 0,000137
улица 0,776529 0,001970
улично-дорожной 2,207275 0,000487
ульяновск 1,078810 0,000119
умеренно 1,021651 0,000113
умерить 1,049822 0,000232
университет 0,328504 0,000616
уникальный 0,776529 0,000171
унинский 3,912023 0,000432
уничтожение 1,660731 0,000183
уничтожить 1,203973 0,000133
упоминание 0,967584 0,000214
употребляться 1,832581 0,000202
управа 1,714798 0,000189
управление 0,248461 0,000110
урала 1,609438 0,000178
уральско-западносибирской 3,912023 0,000432
урбанистический 3,912023 0,000432
урванцево 3,912023 0,000863
уржум 3,912023 0,000863
уржума 3,912023 0,000432
уржумский 3,912023 0,000432
уровень 0,150823 0,000017
уроженец 1,660731 0,000733
усадьба 1,832581 0,001415
усиление 1,832581 0,000202
условие -0,009950 -0,000005
услуга 0,755023 0,000333
услышать 2,525729 0,000279
успенский 1,237874 0,000137
успеть 2,302585 0,000254
успех 1,021651 0,000113
успешно 1,771957 0,000195
устав 0,843970 0,000372
установить 0,328504 0,000217
устареть 0,941609 0,000104
устройство 0,527633 0,000058
усть-кильмезь 3,912023 0,000432
усть-люга 3,912023 0,000432
устье 0,634878 0,000210
устюг 3,506558 0,000387
устюжский 3,506558 0,000387
утвердить 0,755023 0,000500
утверждать 1,660731 0,000183
утверждение 0,400478 0,000044
утопический 2,995732 0,000331
утратить 1,272966 0,000140
уфа 0,967584 0,000107
уфы 3,506558 0,000387
ухова 3,912023 0,000432
уцелеть 2,302585 0,000254
участвовать 1,021651 0,000113
участие -0,009950 -0,000004
участок 0,616186 0,000272
учебный 0,673345 0,000149
ученик 2,120264 0,000234
учет 0,597837 0,000132
учетный -0,009950 -0,000001
училище 0,967584 0,000320
учитель 1,427116 0,000157
учительский 2,659260 0,000293
учредить 1,108663 0,000122
учреждение 0,653926 0,000505
уширить 3,506558 0,000387
фабрика 1,021651 0,000113
фабричное 3,912023 0,000432
фадино 3,912023 0,000432
факт 0,634878 0,000140
фаленский 3,912023 0,000432
фанерный 3,912023 0,000432
фасад 1,897120 0,000419
фауна 1,108663 0,000122
фгу 2,525729 0,000279
февр 0,820981 0,000091
февраль 0,051293 0,000113
федеральный 0,462035 0,001019
федерация 0,510826 0,001465
феодальный 2,525729 0,000279
феодоровская 3,912023 0,000432
феодоровского 3,912023 0,000432
фермерский 3,506558 0,000774
фестиваль 1,021651 0,001578
фигура 1,514128 0,000167
физико-географический 0,693147 0,000153
филармония 1,049822 0,000232
филейка 3,912023 0,000863
филейского 3,912023 0,000432
филейской 3,912023 0,000432
филиал 0,755023 0,000583
финансово-юридического 3,912023 0,000432
финансовый 0,733969 0,000162
финансы 0,733969 0,000324
фирменный 2,040221 0,000225
фишт 3,506558 0,000387
флаг 0,597837 0,000989
флигель 2,813411 0,000310
флор 1,021651 0,000113
фольклор 2,525729 0,000279
фон 1,203973 0,000133
фонд -0,009950 -0,000003
фонтан 1,309333 0,000289
форма 0,287682 0,000032
формат 0,843970 0,000093
форум 1,203973 0,000133
фото 1,203973 0,000266
фотоальбом 2,995732 0,000331
фрагмент 1,469676 0,000162
френкель 3,912023 0,000432
фронт 1,078810 0,000119
функционировать 0,798508 0,000264
футбольный 0,941609 0,000104
хабаровы 3,912023 0,000432
ханты-мансийск 1,347074 0,000149
характеризовать 2,407946 0,000266
характеристика 0,415515 0,000092
характерный 0,693147 0,000076
хвойнолесной 3,912023 0,000432
хирургия 2,407946 0,000266
хладокомбинат 2,995732 0,000331
хлебная 2,302585 0,000254
хлын 3,912023 0,003453
хлынова 3,912023 0,000432
хлынове 3,912023 0,000432
хлыновица 3,912023 0,000863
хлыновка 3,912023 0,000863
хлыновский 3,506558 0,000774
хлыновского 3,912023 0,001295
хлынуть 3,506558 0,000387
хмелевка 3,506558 0,000387
ход 0,510826 0,000113
хозяйственный 1,203973 0,000266
хозяйство 0,579818 0,000448
хоккей 1,171183 0,000129
холм 1,386294 0,000459
холодное 1,560648 0,000172
холуница 3,912023 0,000863
хотя 0,653926 0,000072
хохол 2,995732 0,000331
хохрякова 3,912023 0,000863
храбрость 2,995732 0,000331
храм 0,733969 0,001134
храмовой 2,659260 0,000293
хрипунова 3,912023 0,000432
художественный 0,653926 0,000433
художник 0,967584 0,000214
хузиахметов 3,912023 0,000432
цапели 3,912023 0,000432
царево-константиновская 3,912023 0,000432
царский 1,386294 0,000306
царство 1,237874 0,000273
цвет 0,941609 0,000312
цветной 1,560648 0,000172
целесообразность 2,995732 0,000331
целлюлозно-бумажная 3,912023 0,000432
целый 1,108663 0,000122
цена 1,237874 0,000273
цениться 3,218876 0,000355
цент 3,506558 0,000387
центр 0,287682 0,000825
центральный 0,400478 0,000795
цепели 3,912023 0,000432
цепочкино 3,912023 0,000432
церемония 1,832581 0,000404
церковное 3,506558 0,000387
церковь 0,673345 0,000817
цикл 1,237874 0,000137
циолковского 2,525729 0,000557
цирк 1,078810 0,000833
цитата 2,040221 0,000900
цитатаа 3,912023 0,000432
цифра 1,272966 0,000140
цифровой 0,562119 0,000062
чаепитие 3,506558 0,000387
чайная 3,218876 0,000355
чарушин 3,912023 0,000432
чарушины 3,912023 0,000432
часовня 1,469676 0,000486
часовой 0,713350 0,000157
частность 0,462035 0,000051
часто 0,415515 0,000046
часть 0,061875 0,000218
чахловица 3,912023 0,000863
чебоксары 1,171183 0,000129
чей 1,386294 0,000153
чело 0,713350 0,000236
человек 0,186330 0,000247
человеческий 1,309333 0,000144
челябинск 0,994252 0,000110
чемпион 1,203973 0,000133
чемпионат 0,994252 0,000110
черваки 3,912023 0,000432
червленый 1,897120 0,000837
черный 0,843970 0,000186
чернышенко 3,912023 0,000432
чернядьевы 3,912023 0,000432
черт 0,916291 0,000303
черта 0,994252 0,000439
честность 3,218876 0,000355
честь 0,562119 0,000434
четвертый 0,994252 0,000110
четыре 0,597837 0,000066
чехова 2,207275 0,000244
чиж 3,506558 0,000387
чирок 3,912023 0,000432
численность 0,616186 0,002311
число 0,186330 0,000267
чистая 1,427116 0,000315
чистота 2,302585 0,000254
чита 1,203973 0,000133
читатьправитьправить 0,494296 0,000055
чудесный 2,995732 0,000992
чуркино 3,912023 0,000432
чухломинский 3,912023 0,000863
чучи 3,912023 0,000432
шабалинский 3,912023 0,000432
шалаевского 3,912023 0,000432
шаламов 3,912023 0,000432
шамшуровы 3,912023 0,000432
шарья 3,912023 0,000432
шельпяки 3,912023 0,000432
шестаково 3,912023 0,000432
шик 3,912023 0,000432
шинный 2,659260 0,000293
шипеловы 3,912023 0,000432
широкий 0,494296 0,000109
широко 0,653926 0,000072
широковский 3,912023 0,000432
широта 1,237874 0,000137
шишканы 3,912023 0,000432
шишкин 2,659260 0,000293
шишкина 2,995732 0,000331
шкатулка 3,218876 0,000355
шкляевская 3,912023 0,000432
школа 0,478036 0,000264
школьник 1,771957 0,000391
шоколад 2,995732 0,000661
шоломовская 3,912023 0,000432
шоссе 1,427116 0,000157
штат 1,560648 0,000861
шубино 3,912023 0,000432
шуклин 3,912023 0,000432
шулаи 3,912023 0,000432
шуни 3,912023 0,000432
шурма 3,912023 0,000432
шустовы 3,912023 0,000432
щени 3,912023 0,000863
щербининского 3,912023 0,000432
щит 1,171183 0,000388
эвакоцентром 3,912023 0,000432
эвакуация 1,832581 0,000202
эвакуировать 1,272966 0,000140
эзв 3,912023 0,000432
экз 0,415515 0,000871
экзотический 2,525729 0,000279
экипаж 2,525729 0,000279
эко-тропа 3,912023 0,000432
экологический 0,693147 0,000382
экология 0,562119 0,000124
экономика 0,400478 0,000265
экономический 0,478036 0,000053
экспертиза 2,525729 0,000279
экспозиция 1,272966 0,000983
экспонат 1,832581 0,000809
экспорт -0,009950 -0,000001
электроплита 3,506558 0,000387
электроэнергетика 2,407946 0,000266
электроэнергия 1,609438 0,000178
энергетик 1,108663 0,000122
энциклопедический 0,733969 0,000081
энциклопедия -0,009950 -0,000024
эпоха 0,713350 0,000079
эсауловы 3,912023 0,000432
эскиз 3,912023 0,000432
этап 0,634878 0,000210
эфир 1,427116 0,000157
эффект 1,966113 0,000217
эшелон 3,218876 0,000710
юбилей 1,560648 0,000689
юбилейный 0,798508 0,000176
юг 0,693147 0,000076
юго-восток 1,171183 0,000129
юго-западный 1,049822 0,000347
югрино 3,912023 0,000432
южнее 1,832581 0,000202
южный 0,385662 0,000255
юлии 3,218876 0,000355
юношеский 1,560648 0,000344
юношество 2,302585 0,000254
юный 1,309333 0,000144
юридический 0,994252 0,000110
юрисдикция 2,207275 0,000244
юрьянский 3,912023 0,000432
явление 1,021651 0,000113
являться 0,040822 0,000113
язык -0,009950 -0,000004
языческий 2,813411 0,000310
якутск 1,203973 0,000133
ямново 3,912023 0,000432
янв 0,820981 0,000091
январе-марте 3,912023 0,000432
январь 0,105361 0,000395
японии 2,302585 0,000254
яранск 3,506558 0,000387
яранский 3,912023 0,000432
яркий 1,771957 0,000391
яркость 3,912023 0,000432
ярмарка 1,660731 0,000183
ярославль 1,078810 0,000119
ярославский 2,302585 0,000254
ярославы 3,912023 0,000432
ятб 3,506558 0,000774
ящичек 3,912023 0,000432
