абсолютные 2,525729 0,000416
абсолютный 0,798508 0,000263
абхазии 2,407946 0,000792
абхазия 2,040221 0,000671
абхазская 2,525729 0,000416
авг 0,820981 0,000135
август 1,237874 0,000204
августа 0,072571 0,000203
августе 0,994252 0,000164
авиарейсы 3,218876 0,000530
авт 1,469676 0,000242
автобус 1,021651 0,000168
автобусом 2,659260 0,000438
автодорожной 3,506558 0,000577
автомагистралей 2,995732 0,000493
автомагистрали 2,120264 0,000349
автомобильно-дорожного 3,506558 0,000577
автомобильной 1,832581 0,000302
автомобильный 1,049822 0,000173
автономия 3,218876 0,000530
автономная 1,469676 0,000242
автономного 2,659260 0,000875
автоподтвержденных 2,120264 0,000349
авторадио 1,897120 0,000312
авторитетные 0,941609 0,000155
авторства -0,009950 -0,000002
агеева 1,469676 0,000242
агломерации 0,916291 0,000754
агломерацию 2,302585 0,000379
агломерация 0,867501 0,000428
аграрный 1,386294 0,000228
агрегатного 3,912023 0,000644
агрегатный 3,218876 0,001059
адлера 2,995732 0,000493
административно-территориальная 2,302585 0,000379
административно-территориальное 0,820981 0,000540
административное 0,843970 0,000694
административному 1,897120 0,000312
административные 1,514128 0,000249
административный 0,843970 0,000139
административными 2,302585 0,000379
административных 1,309333 0,000646
администрацией 1,771957 0,000583
администрации 0,843970 0,000555
администрация 0,941609 0,000465
адрес 1,609438 0,000265
адресный 3,912023 0,000644
азиатский 2,659260 0,000438
академика 1,714798 0,000564
академику 3,218876 0,002118
академическая 2,120264 0,000349
академический 1,171183 0,000385
академия 0,798508 0,000263
аквилон 3,912023 0,000644
алатырская 3,506558 0,000577
алатырский 3,912023 0,000644
алдан 1,309333 0,000215
алексей 1,049822 0,000345
алексею 3,218876 0,001059
аликовский 3,912023 0,000644
алфавитунаселенные 0,867501 0,000143
алфавитустатьи 2,813411 0,000463
альбом 2,120264 0,000349
альгешево 3,912023 0,001287
альфонса 3,506558 0,000577
амазония 3,912023 0,000644
аманатный 3,912023 0,000644
амфитеатром 3,506558 0,000577
англ 0,174353 0,000057
андрияну 3,912023 0,001287
аникеево 3,912023 0,000644
аннексия 0,994252 0,000164
ансамбль 1,203973 0,000594
анталья 3,218876 0,001059
аньцин 3,912023 0,000644
апостола 2,525729 0,000416
апр 0,798508 0,000131
апреля 0,174353 0,001004
ардалион 3,912023 0,000644
ареной 2,120264 0,000349
арктических 2,813411 0,000463
арх 0,544727 0,000090
архангела 2,525729 0,000416
археологами 2,995732 0,000493
археологии 1,309333 0,000215
археологические 1,832581 0,000302
археологическим 3,912023 0,000644
археология 2,120264 0,000349
архивировано 0,020203 0,000263
архивная 0,400478 0,000264
архивной 0,713350 0,000117
архиепископ 2,813411 0,000463
архитектору 3,506558 0,000577
архитектура 0,755023 0,000248
архитектурная 2,659260 0,000438
архитектурное 2,813411 0,000463
архитектуры 0,755023 0,000248
асд 3,506558 0,000577
асср 1,966113 0,000323
аст 0,820981 0,000135
астраханка 3,506558 0,000577
астрахань 0,967584 0,000318
астрель 1,049822 0,000173
ателье 3,506558 0,000577
атлантических 3,912023 0,000644
атласа 3,912023 0,000644
атлетике 2,995732 0,004929
атлетики 3,912023 0,000644
атлетов 3,912023 0,000644
ать 0,000000 0,000000
афанасьева 2,813411 0,000463
аэропорт 0,843970 0,000139
аэропорта 1,049822 0,000173
база 0,916291 0,000151
байконур 3,912023 0,001287
балаково 2,120264 0,000349
балахна 2,120264 0,000349
балашиха 3,218876 0,000530
балета 1,560648 0,000257
балетный 3,912023 0,000644
банка 0,941609 0,000155
барельеф 3,218876 0,000530
барнаул 1,203973 0,000198
барокко 1,560648 0,000257
баррикады 2,040221 0,000336
батыревский 3,912023 0,000644
баш 3,506558 0,000577
беларуская 0,000000 0,000000
беларусь 1,237874 0,000204
белый 1,514128 0,000249
бендеру 3,912023 0,001287
берег 1,021651 0,000336
берегам 1,897120 0,000312
берегу 0,616186 0,000304
березина 2,995732 0,000493
берестяная 3,218876 0,000530
бесплатные 2,302585 0,000379
беспроводного 3,912023 0,000644
библиографических 0,094311 0,000016
библиотек 0,967584 0,000159
библиотека 0,462035 0,000456
библиотеки 0,843970 0,000417
билайн 1,272966 0,000209
бичурина 3,912023 0,000644
бичурину 3,912023 0,001287
благодаря 0,527633 0,000087
благоустроенный 2,407946 0,000396
благоустроенным 3,218876 0,000530
богдана 3,506558 0,000577
богданка 3,912023 0,000644
богородицы 1,272966 0,000628
божией 1,609438 0,000530
болгар 1,966113 0,000323
болезнях 3,912023 0,000644
бологое 1,347074 0,000222
большая 0,072571 0,000096
большинство 0,597837 0,000098
большое 0,544727 0,000090
большой 0,328504 0,000162
бор 1,427116 0,000235
боровичи 1,347074 0,000222
ботанический 1,609438 0,000530
боярских 3,218876 0,000530
брокгауза 0,328504 0,000108
будущего 1,427116 0,000235
булгар 2,813411 0,001852
булгаро-чувашское 3,912023 0,000644
булгарского 3,218876 0,000530
бульвар 1,714798 0,000282
бульвара 2,407946 0,000396
буряад 0,000000 0,000000
бушуев 3,218876 0,000530
български 0,000000 0,000000
бывших 1,897120 0,000312
бытовые 2,813411 0,000463
бюст 2,407946 0,000396
вавилон 3,218876 0,000530
ван 3,218876 0,000530
вар 0,000000 0,000000
васильево 2,120264 0,000349
васильсурск 2,120264 0,000349
ваш 3,506558 0,001731
вашла 0,000000 0,000000
введенский 2,659260 0,001313
введенского 3,912023 0,000644
вглубь 2,407946 0,000396
вдоль 0,755023 0,000124
веда-суар 3,912023 0,001287
ведущие 2,040221 0,000336
ведущих 1,386294 0,000456
веерообразно 3,912023 0,000644
века 0,248461 0,000123
веке 0,597837 0,000098
векегорода 1,966113 0,000323
веков 0,713350 0,000469
великой 0,653926 0,000430
величальная 3,912023 0,000644
величальной 3,912023 0,000644
велосипедов 2,995732 0,000493
велоспорту 3,506558 0,001154
венгрия 2,120264 0,000349
венецианцев 3,506558 0,000577
вениамину 3,912023 0,000644
версии 0,446287 0,000073
версия -0,009950 -0,000005
верхняя 1,108663 0,000182
весеннего 2,995732 0,000493
весна 1,469676 0,000484
весны 1,966113 0,000323
вести 0,843970 0,000417
весь 0,755023 0,000373
ветви 1,897120 0,000312
взыскание 3,912023 0,001287
вид 0,494296 0,000081
видам 1,560648 0,000257
виде 0,235722 0,000078
вики-разметкой 1,309333 0,000215
викигидвикипедия 1,427116 0,000235
викигиде 0,776529 0,000383
викиданные 0,776529 0,000128
викиданных -0,009950 -0,000002
викиданныхвикипедия 0,891598 0,000293
викимедиа -0,009950 -0,000002
википедии -0,009950 -0,000003
википедия -0,009950 -0,000013
викискладвикиновостивикигидэлемент 1,609438 0,000265
викискладе 0,174353 0,000029
викискладепутеводитель 0,713350 0,000117
викискладстатьи 0,891598 0,000147
викисловаремедиафайлы 2,120264 0,000349
викисловарьстатьи 1,347074 0,000222
вип-технологии 3,912023 0,000644
виртуальное 2,995732 0,000986
включает 0,462035 0,000228
включающая 1,966113 0,000323
включая 0,527633 0,000087
включена 1,514128 0,000249
включены 1,560648 0,000257
владимир 0,733969 0,000242
владимиров 3,506558 0,000577
владимирская 2,407946 0,001189
влажных 2,813411 0,000463
власти 0,634878 0,000418
власть 0,733969 0,000121
властями 2,120264 0,000349
влияние 0,776529 0,000128
вместе 0,510826 0,000084
вместимостью 2,407946 0,000396
вмо 2,995732 0,000493
внедрен 3,506558 0,000577
внешнеполитической 3,912023 0,000644
внешние 0,051293 0,000034
внизу 2,302585 0,000379
вниир 3,912023 0,000644
внутреннее 0,733969 0,000242
внутренних 1,237874 0,000204
внутри 0,000000 0,000000
внутригородским 0,967584 0,000159
вовсе 2,525729 0,000416
вод 1,078810 0,000355
водного 1,171183 0,000193
водоразделами 3,912023 0,000644
водоразделах 3,506558 0,000577
водохранилища 1,272966 0,000628
воеводы 2,040221 0,000671
возведен 2,040221 0,000336
возведена 1,966113 0,000323
возвышенности 1,714798 0,000282
воздвигнут 3,218876 0,000530
воздействием 2,407946 0,000396
воздуха 0,733969 0,000121
воздушных 1,347074 0,000222
возле 1,386294 0,000456
возникло 2,040221 0,000336
возникновения 1,469676 0,000484
возобновлены 3,912023 0,000644
воина 2,659260 0,000438
воинам 2,659260 0,000438
воинской 1,660731 0,000546
войне 1,049822 0,000345
войны 0,478036 0,000236
вокзал 0,820981 0,000135
вокзала 0,967584 0,000318
волга 1,660731 0,000546
волге 1,771957 0,000292
волгескрытые 3,912023 0,000644
волги 1,771957 0,002041
волговерховье 2,120264 0,000698
волгоград 1,139434 0,000187
волгореченск 2,120264 0,000349
волжск 2,120264 0,000349
волжский 2,120264 0,000698
волжского 2,302585 0,000379
волжском 2,525729 0,000416
волкову 3,218876 0,000530
вологда 1,203973 0,000198
волшебные 0,040822 0,000007
вольск 2,120264 0,000349
вопрос 0,967584 0,000318
воркута 1,237874 0,000204
воробьянинову 3,912023 0,001287
воскресенская 2,813411 0,000463
воспитанники 3,912023 0,000644
восточного 1,386294 0,000228
восточную 1,897120 0,000312
восточный 1,021651 0,000168
восьмиугольными 3,912023 0,000644
воткинск 1,309333 0,000215
впадении 1,660731 0,000273
вплоть 1,108663 0,000182
временем 0,616186 0,000101
времени 0,186330 0,000092
время 0,030459 0,000050
всем 0,891598 0,000147
всеми 1,386294 0,000228
всемирно 2,813411 0,000463
всемирные 2,995732 0,000493
всеобщего 2,407946 0,000792
всероссийская 0,843970 0,000278
всероссийские 2,659260 0,000438
всероссийской 0,713350 0,000352
всесоюзная 0,843970 0,000694
вследствие 1,203973 0,000198
вставкой 1,309333 0,000215
вторая 0,994252 0,000164
второй 0,274437 0,000045
второму 2,813411 0,000463
вторые 3,218876 0,000530
вузами 2,995732 0,000493
вузов 0,891598 0,000293
вузовские 3,912023 0,000644
вурнарский 3,912023 0,000644
вхл 2,659260 0,000438
входа 1,832581 0,000603
входе 2,659260 0,000438
входом 0,994252 0,000164
входят 0,713350 0,000117
вхождении 3,912023 0,000644
выборах 1,514128 0,000498
выделены 1,560648 0,000514
вызывает 1,427116 0,000235
выпадает 1,203973 0,000198
выполненных 2,040221 0,000336
высокий 1,347074 0,000222
высокими 1,966113 0,000323
высокотехнологичной 3,506558 0,000577
высота 0,562119 0,000092
высочайше 2,659260 0,000875
выстроены 3,218876 0,000530
высшего 1,427116 0,000470
высшее 1,021651 0,000168
высшие 1,386294 0,000228
вышивки 3,506558 0,001731
вязники 3,218876 0,000530
вязовые 2,120264 0,000349
вятка 3,218876 0,000530
гагарина 1,427116 0,000235
гагаринский 2,813411 0,000926
гагарину 2,995732 0,000986
газета 0,616186 0,000203
газеты 0,994252 0,000164
галереи 1,771957 0,000583
гвардия 2,525729 0,000416
генеральному 2,302585 0,000379
генеральный 0,967584 0,000159
географа 2,995732 0,000493
географические 0,713350 0,000352
географическое 0,693147 0,000342
географической 0,798508 0,000131
география 0,462035 0,000152
геометризация 3,912023 0,000644
геоморфологическом 3,912023 0,000644
георгиеву 3,912023 0,000644
георгия 1,897120 0,000624
герб 0,820981 0,000810
герба 1,427116 0,000470
герою 2,525729 0,001662
гидронима 2,207275 0,000363
гимн 0,820981 0,000675
гимнастики 2,659260 0,000438
гипотезе 2,995732 0,000493
гкгн 0,994252 0,000164
гкгнпро 0,916291 0,000151
глава 0,673345 0,000443
главным 0,967584 0,000159
главой 1,309333 0,000431
главу 2,813411 0,000926
главы 0,967584 0,000955
гладкова 3,218876 0,000530
глаза 2,302585 0,000758
глазных 3,506558 0,000577
глебу 3,912023 0,000644
говорят 2,040221 0,000336
год 0,235722 0,000504
года -0,009950 -0,000252
годавикипедия 0,616186 0,000203
годов 0,356675 0,000176
году 0,072571 0,000370
годувикипедия 2,407946 0,000396
годы 0,356675 0,000176
голосовании 2,813411 0,000926
гордость 2,120264 0,000349
горе 1,771957 0,000292
горловка 1,309333 0,000215
горных 1,966113 0,000323
город 0,544727 0,002778
город-побратим 2,120264 0,000349
город-спутник 2,407946 0,001189
города 0,430783 0,005174
города-партнеры 1,771957 0,000583
города-побратимы 0,891598 0,000440
городам 0,798508 0,000263
городами 0,916291 0,000151
городе 0,693147 0,001026
городец 2,120264 0,000349
городов 0,579818 0,000572
городов-побратимов 1,660731 0,000273
городом 0,798508 0,000263
городом-побратимом 2,525729 0,000831
городпро 0,867501 0,000143
городская 0,843970 0,000694
городским 0,798508 0,000263
городских 0,713350 0,002113
городского 0,693147 0,002965
городское 1,203973 0,000396
городской 0,755023 0,000870
городском 1,427116 0,000235
городу 0,798508 0,000263
городчебоксарычув 3,912023 0,000644
гороховец 2,525729 0,000416
горсовета 2,120264 0,000349
горького 1,139434 0,000375
горькому 2,302585 0,000379
горячко 1,609438 0,000265
госкомстат 0,891598 0,000293
гостях 3,506558 0,000577
государств 1,203973 0,000198
государственная 0,941609 0,000465
государственного 0,616186 0,000507
государственной 0,616186 0,000608
государственный 0,430783 0,001063
государство 1,347074 0,000222
готовых 2,207275 0,000363
граждане 1,108663 0,000365
гражданин 1,309333 0,000215
гранат 1,386294 0,000228
грандиозная 3,912023 0,000644
границ 0,916291 0,000302
границы 0,867501 0,000143
гремячево 3,506558 0,000577
гродно 3,218876 0,000530
грозному 3,506558 0,001154
грузии 1,771957 0,000292
грузия 1,966113 0,000323
грузооборота 3,506558 0,000577
группа 0,693147 0,000114
грязей 3,506558 0,000577
гтрк 1,049822 0,001036
губернатора 1,237874 0,000204
губернии 0,994252 0,000164
гузовского 3,912023 0,000644
гуманитарно-экономического 3,912023 0,000644
гуманитарных 2,302585 0,000379
гурий 3,506558 0,000577
гурию 3,506558 0,001154
гэс 1,832581 0,000302
гянджеви 3,912023 0,000644
далее 0,693147 0,000228
данном 2,040221 0,000671
данный 0,713350 0,000235
данным 0,415515 0,000068
данных 0,616186 0,000203
дата 0,030459 0,000416
датская 0,342490 0,000056
дача 1,832581 0,000302
дважды 1,272966 0,000209
две 0,527633 0,000174
двор 1,771957 0,000583
дворец 0,967584 0,000159
дворян 2,995732 0,000493
двух 0,462035 0,000076
двухэтажные 3,218876 0,001059
девизным 3,912023 0,000644
действовать -0,009950 -0,000002
действует 0,634878 0,000313
действуют 0,867501 0,000143
дек 0,820981 0,000135
декабря 0,105361 0,000173
декаде 3,506558 0,000577
декоративным 3,912023 0,000644
делегации 2,813411 0,000463
деление 0,673345 0,000886
делению 1,832581 0,000302
делился 3,506558 0,000577
демонтирован 2,525729 0,000416
демонтирована 3,218876 0,000530
демоскоп 0,820981 0,000405
день 0,562119 0,000185
депутатов 0,891598 0,002200
деревня 1,609438 0,000530
деревянная 1,897120 0,000312
деревянного 2,207275 0,001089
деревянную 3,506558 0,000577
деревянные 2,040221 0,000336
держится 2,525729 0,000416
детей 0,941609 0,000155
детская 0,916291 0,000151
детский 1,171183 0,000385
детское 2,120264 0,000349
деятельности 0,446287 0,000073
дзержинск 1,347074 0,000443
дзержинскому 2,659260 0,000438
длине 1,660731 0,000273
дмитриевича 2,995732 0,000493
дней 0,446287 0,000220
дня 0,478036 0,000079
добавив 0,941609 0,000155
доблести 1,347074 0,001551
доблестичебоксарыстолицы 3,912023 0,000644
добровольном 3,912023 0,000644
договора 2,207275 0,000363
дождя 2,813411 0,000463
долбленая 3,912023 0,000644
долготой 0,941609 0,000155
должна 0,544727 0,000090
должность 1,203973 0,000198
долины 1,897120 0,000312
дом 0,562119 0,000370
дома 0,798508 0,000657
домашней 2,995732 0,000493
домашний 1,660731 0,000273
доминика 3,506558 0,000577
доп 0,597837 0,000098
дополните 2,813411 0,000463
дополнительные -0,009950 -0,000002
дополнить 2,813411 0,000463
дорог 0,891598 0,000147
дороги 0,713350 0,000117
дорожное 1,771957 0,000292
достаточного 2,995732 0,000493
достигли 2,525729 0,000416
доступа 1,309333 0,000646
доступен -0,009950 -0,000002
драматический 1,203973 0,000594
древа 3,912023 0,000644
древнее 2,302585 0,000379
другие 0,030459 0,000025
других -0,009950 -0,000003
дружбы 1,560648 0,000257
дружно 3,912023 0,000644
дуба 2,995732 0,000493
дубанов 3,912023 0,000644
дубна 2,120264 0,000349
дубов 2,995732 0,000986
дубовка 2,040221 0,000336
духовенства 2,995732 0,000493
духовницкое 2,120264 0,000349
духовного 1,966113 0,000323
духовное 2,040221 0,000336
дылудмуртукра 0,000000 0,000000
евангелиста 3,218876 0,000530
евангелическо-лютеранская 2,995732 0,000493
евангелическо-лютеранских 3,506558 0,000577
евангелическо-лютеранского 3,506558 0,000577
евангелическо-лютеранской 2,995732 0,000493
евангельских 1,660731 0,000546
еврейская 0,843970 0,000139
еврейский 1,832581 0,000302
европа 0,941609 0,000155
европы 0,673345 0,000332
егоров 2,813411 0,000463
егорова 2,659260 0,000438
егорову 3,912023 0,000644
единению 3,912023 0,001287
единиц 0,673345 0,000443
единица 1,609438 0,000265
единогласное 3,912023 0,000644
единственного 2,813411 0,000463
ежегодник 0,820981 0,001621
ежегодно 0,916291 0,000151
екатерина 1,514128 0,000249
екатеринбург 0,843970 0,000139
екатерине 2,995732 0,000493
елена 1,560648 0,000257
елци 3,912023 0,000644
емельянов 3,218876 0,000530
епархии 1,108663 0,000365
епархия 1,560648 0,000770
ерина 3,912023 0,001931
естественные 1,897120 0,000312
естественными 3,218876 0,000530
ефремова 2,995732 0,000493
ефрона 0,328504 0,000108
жаркое 1,897120 0,000312
железнодорожного 0,967584 0,000159
железнодорожное 2,040221 0,000336
железнодорожный 0,755023 0,000124
женский 1,309333 0,000215
живет 2,207275 0,000363
жигулевск 1,832581 0,000302
жилье 2,120264 0,000349
жителей 0,673345 0,000332
журнал 0,510826 0,000168
журналы 1,609438 0,000265
заведения 1,108663 0,000182
завершившее 3,912023 0,000644
завод 0,798508 0,001182
завода 0,941609 0,000465
заволжск 2,120264 0,000349
заволжье 2,040221 0,001007
заглавная -0,009950 -0,000002
заданию 2,813411 0,000463
заимствовано 2,525729 0,000416
зайцева 2,995732 0,000493
закон 0,616186 0,000203
закрепилась 3,506558 0,000577
залив 1,897120 0,000312
залива 2,040221 0,000671
замкнутым 3,912023 0,000644
занимает 0,616186 0,000304
заново 1,897120 0,000312
занял 1,139434 0,000187
заовражное 3,912023 0,000644
записках 2,659260 0,000438
записки 1,560648 0,000257
записьвойти -0,009950 -0,000002
запрещалось 3,912023 0,000644
зарегистрированный -0,009950 -0,000002
зарубежных 1,469676 0,000242
заседание 2,302585 0,000379
заселенный 3,506558 0,000577
застроены 3,218876 0,001059
застройка 1,272966 0,000209
застройки 1,021651 0,000672
застройку 2,207275 0,000363
засуху 3,912023 0,000644
затон 1,560648 0,000257
затопления 2,659260 0,000875
затопляемый 3,506558 0,000577
защита 1,469676 0,000242
защищена 2,040221 0,000336
заявление -0,009950 -0,000002
збекча 0,000000 0,000000
звание 1,049822 0,000345
звания 1,203973 0,000198
звезда 1,237874 0,000407
звездами 3,218876 0,000530
звенигово 2,120264 0,000349
зданием 1,660731 0,000273
зданий 1,049822 0,000173
здравоохранение 0,941609 0,000310
зеленодольск 1,237874 0,000407
земли 0,634878 0,000209
зигзагообразной 3,912023 0,000644
зима 1,021651 0,000168
зимнего 1,966113 0,000647
зимнее 3,506558 0,000577
златоуст 1,347074 0,000222
знак -0,009950 -0,000005
знамени 1,832581 0,000302
знаменинаселенные 2,302585 0,000379
знаменитым 2,995732 0,000493
значение 0,314711 0,000052
значения 0,105361 0,000069
значительная 1,609438 0,000530
значительной 1,469676 0,000484
зодчества 1,966113 0,001294
золотого 2,659260 0,000438
золотыми 2,995732 0,000493
зона 0,891598 0,000147
зоне 0,527633 0,000174
зону 1,660731 0,000546
зоны 0,755023 0,000124
зоре 3,912023 0,000644
зрителей 1,714798 0,000282
зрителя 1,427116 0,000235
зубцов 2,040221 0,000336
иакова 3,912023 0,000644
ибресинский 3,912023 0,000644
ивана 1,078810 0,000355
иванов 1,560648 0,000770
иванова 1,966113 0,002911
иваново 1,139434 0,000187
иванову 3,912023 0,002575
ивану 2,995732 0,001479
иваньковского 2,120264 0,000349
игнатьев 2,995732 0,000493
игоревич 3,912023 0,000644
игорю 3,912023 0,000644
игоря 2,659260 0,000438
игр 1,609438 0,000794
игровыми 3,506558 0,000577
игры 1,203973 0,000198
идентификаторы 0,693147 0,000114
ижевск 1,139434 0,000187
избираемых 1,897120 0,000312
избирался 2,407946 0,000396
избирательного 2,995732 0,000986
избой 3,912023 0,000644
избран 1,386294 0,000228
избранием 3,506558 0,000577
известно 1,237874 0,000407
известного 1,609438 0,000265
известном 2,995732 0,000493
известные 0,891598 0,000147
изготовлению 3,506558 0,000577
изд 0,314711 0,000155
изд-во 1,049822 0,000173
издание 0,776529 0,000128
издательство 0,510826 0,000420
изделий 1,309333 0,000646
изменяются 2,813411 0,000463
изображение 1,427116 0,000470
изображением 1,966113 0,000323
изображении 1,272966 0,000209
изрезанность 3,912023 0,000644
иконы 1,347074 0,000222
ильенко 3,912023 0,001287
имени 0,462035 0,000760
именитые 3,912023 0,000644
имеют 0,371064 0,000061
ин-т 0,000000 0,000000
иначе 0,733969 0,000121
ингрии 3,912023 0,001287
индексы 1,514128 0,000249
иногородних 2,207275 0,000363
институт 0,478036 0,000472
института 0,755023 0,000248
институтом 1,897120 0,000312
инструменты -0,009950 -0,000003
интенсивности 2,813411 0,000463
интернет 0,916291 0,000151
интернет-клуб 3,912023 0,000644
интернет-портал 1,897120 0,000624
инфанет 3,912023 0,000644
инфолинк 3,912023 0,001287
информации 0,446287 0,000147
информационный 1,427116 0,000235
информация 0,446287 0,000073
иоанна 1,469676 0,000242
ирина 1,660731 0,000273
иркутск 1,171183 0,000193
ирон 0,000000 0,000000
искусств 0,916291 0,000302
искусственным 2,120264 0,000349
ислам 1,427116 0,000235
испарение 2,659260 0,000438
исповедников 3,218876 0,001059
исполкома 2,302585 0,000379
исполнительной 2,407946 0,000396
исполнительный 2,040221 0,000336
использовалась 1,771957 0,000292
использования -0,009950 -0,000002
используемых 2,040221 0,000336
использующие 0,040822 0,000013
исток 1,469676 0,000242
истока 1,021651 0,000168
истории 0,248461 0,000245
исторически 1,078810 0,000177
исторической 1,171183 0,000193
история 0,051293 0,000084
источник -0,009950 -0,000003
источниками 0,776529 0,000128
источниках 1,386294 0,000456
источники 0,415515 0,000205
источников 0,371064 0,000244
исхаков 3,506558 0,000577
исчислении 0,843970 0,000139
итоги 0,713350 0,000117
итогов 0,891598 0,000147
ишимбай 1,309333 0,000215
июль 0,579818 0,000095
июля 0,116534 0,000345
июнь 0,544727 0,000090
июня 0,116534 0,000422
йошкар-ола 3,218876 0,002118
йошкар-олу 3,912023 0,000644
кабельных 2,525729 0,000416
кабинет 2,995732 0,000493
кадетский 2,525729 0,000416
кадушка 3,912023 0,000644
кадышев 3,912023 0,000644
казани 1,771957 0,000292
казанский 1,897120 0,000312
казанских 3,506558 0,000577
казанского 1,660731 0,000546
казанской 1,469676 0,000484
казань 0,891598 0,001467
казна 3,506558 0,000577
кайбулка 3,912023 0,000644
кала 3,506558 0,000577
калентьева 3,912023 0,000644
калинина 2,207275 0,000726
калининский 2,207275 0,001453
калинину 3,218876 0,000530
калязин 2,040221 0,000336
каменная 2,407946 0,000396
каменного 1,966113 0,000970
каменные 2,040221 0,001343
каменных 1,832581 0,000603
каменск-уральский 1,347074 0,000222
камское 1,966113 0,000323
камышин 2,120264 0,000349
канал 0,843970 0,000555
каналов 1,427116 0,000235
канаша 3,912023 0,000644
канашская 3,912023 0,000644
канашский 3,912023 0,000644
капелла 2,995732 0,000493
карт 1,514128 0,000498
карта 0,776529 0,000128
картами 0,562119 0,000092
карте 1,108663 0,000730
карточкевикипедия 1,469676 0,000242
карточкивикипедия 1,309333 0,000215
картушем 3,912023 0,000644
карты 0,941609 0,000155
карусель 1,832581 0,000302
каспийск 1,272966 0,000209
каталанская 0,527633 0,000087
каталинского 3,912023 0,000644
каталогах 0,094311 0,000016
катания 2,813411 0,000463
категории -0,009950 -0,000003
катки 3,218876 0,000530
каховский 3,506558 0,000577
каховского 3,912023 0,000644
кварталы 1,514128 0,000498
кемерово 1,237874 0,000204
кибеча 3,912023 0,000644
кикбоксингу 3,912023 0,000644
километрах 1,514128 0,000249
кимры 2,120264 0,000349
кинешма 2,120264 0,000349
кинофестиваль 2,207275 0,000363
киров 1,309333 0,000215
кировский 1,237874 0,000204
кирпичи 3,912023 0,000644
кисе 3,912023 0,001287
классицизма 1,832581 0,000302
клементьева 3,912023 0,000644
климат 0,494296 0,000407
климата 0,733969 0,000242
клининговые 3,912023 0,000644
клинообразные 3,912023 0,000644
клуб 0,916291 0,000603
клубе 2,813411 0,000463
книжная 3,506558 0,000577
книжное 1,078810 0,000710
кнопка 2,525729 0,000416
кнр 2,207275 0,000726
когояр 3,912023 0,000644
код -0,009950 -0,000005
кода 0,798508 0,000131
кодаистория 2,040221 0,000336
кодекс -0,009950 -0,000002
козино 2,120264 0,000349
козловка 2,120264 0,000349
козловский 3,506558 0,000577
козьмодемьянск 2,120264 0,000349
количества 0,941609 0,000310
количество 0,328504 0,000054
колледж 1,386294 0,001140
коллективы 2,120264 0,000698
колокольней 2,995732 0,000493
колокольнями 3,912023 0,000644
коломна 1,272966 0,000209
кольский 3,506558 0,000577
командный 2,995732 0,000493
комбинат 1,171183 0,000193
комикомикыргызча 0,000000 0,000000
комиссией 2,120264 0,000349
комитет 0,755023 0,000248
коммеморации 3,506558 0,000577
коммерции 2,659260 0,000438
коммунально-складские 3,912023 0,000644
компании 0,579818 0,000286
комплекс 0,653926 0,000323
комплекса 1,272966 0,000419
комплексы 1,514128 0,000249
композиция 2,040221 0,001343
компьютерные 2,302585 0,000379
комсомольск-на-амуре 1,203973 0,000198
комсомольский 1,714798 0,000282
конаково 2,120264 0,000349
конвертом 3,912023 0,000644
кондитерская 2,040221 0,000336
константиновский 1,966113 0,000323
константину 3,506558 0,002308
контактная 3,506558 0,000577
континент 2,120264 0,000349
континентальный 0,776529 0,000256
конференции 1,139434 0,000187
конфессии 1,237874 0,000204
конфиденциальности -0,009950 -0,000002
конца 0,562119 0,000185
кооперативный 2,659260 0,001313
кооперации 2,120264 0,000349
копии 0,653926 0,000108
копия 0,328504 0,000216
кор 2,525729 0,000416
корабль 2,302585 0,000379
корабль-музей 3,506558 0,000577
корзина 3,912023 0,000644
королева 2,207275 0,000363
королеву 3,912023 0,000644
короля 2,659260 0,000438
короткий -0,009950 -0,000002
корт 3,912023 0,000644
кортунов 3,912023 0,000644
кортунова 3,912023 0,000644
корчева 2,040221 0,000336
космонавту 3,912023 0,000644
кострома 1,171183 0,000385
которой 0,174353 0,000057
котором 0,301105 0,000050
которому 0,843970 0,000139
которые 0,162519 0,000027
которых 0,094311 0,000062
краеведа 2,995732 0,000493
крайних 3,506558 0,000577
красноармейский 2,040221 0,000336
краснов 3,218876 0,000530
красного 1,272966 0,000419
красное-на-волге 2,120264 0,000349
красной 0,967584 0,000318
краснослободск 2,120264 0,000349
красночетайский 3,912023 0,000644
красноярск 0,967584 0,000318
красноярска 2,525729 0,000416
красные 1,660731 0,000273
краткий 1,560648 0,000257
кремль 1,714798 0,000846
кремля 1,966113 0,000970
кроме 0,235722 0,000039
крупнейшие 0,776529 0,000383
крупнейшими 1,771957 0,000292
крупного 1,560648 0,000257
крупные 0,579818 0,000095
крупным 1,021651 0,000168
крупской 2,207275 0,000726
крутой 2,813411 0,000463
крылову 3,912023 0,000644
крыма 0,843970 0,000139
кстово 2,040221 0,000671
куба 2,659260 0,000438
кубок 1,832581 0,000603
кувшинка 3,912023 0,001931
кугеси 3,218876 0,000530
куйбышевский 1,771957 0,000292
куки -0,009950 -0,000002
кукол 0,916291 0,000151
кукшум 3,912023 0,000644
культур 1,309333 0,000431
культура 0,653926 0,000430
культурно-выставочный 3,912023 0,001287
культурного 0,916291 0,000151
культуры 0,462035 0,000760
купавна 3,218876 0,000530
купца 1,560648 0,000257
купцы 1,832581 0,000603
курган 1,237874 0,000204
курсирует 2,813411 0,000463
кырык 1,771957 0,000292
ладыков 3,912023 0,000644
лазоревое 3,912023 0,000644
лазоревом 2,995732 0,000986
лакинск 3,218876 0,000530
лакреевский 3,912023 0,001287
лапсары 3,912023 0,000644
ларина 2,525729 0,000416
левом 1,309333 0,000215
левый 1,309333 0,000215
легкая 1,897120 0,000312
легкой 1,771957 0,002915
ледовый 1,560648 0,000257
ленина 0,867501 0,000714
ленинск-кузнецкий 1,347074 0,000222
ленинский 1,078810 0,000177
ленину 1,272966 0,000838
лентоткацкая 3,912023 0,000644
леонида 2,813411 0,000926
лес 1,514128 0,000498
леса 1,021651 0,000336
лесничество 3,218876 0,000530
лесного 2,120264 0,000349
лесной 1,272966 0,000209
лет 0,223144 0,000110
летие 1,309333 0,000215
летию 1,078810 0,000177
летия 1,108663 0,000547
летнее 1,966113 0,000323
лето 0,891598 0,000147
летописей 3,218876 0,000530
летописи 1,609438 0,000265
летописного 3,912023 0,000644
летящих 3,912023 0,000644
лечебно-диагностических 3,912023 0,000644
лечебных 2,407946 0,000396
ливневой 2,813411 0,000463
лидером 2,207275 0,000363
ликеро-водочный 3,218876 0,000530
лима 3,912023 0,000644
линией 2,407946 0,000396
лист 1,966113 0,000323
литература 0,061875 0,000020
литературный 1,427116 0,000235
лицензии -0,009950 -0,000002
лишь 0,478036 0,000157
логинова 3,912023 0,000644
логинову 3,912023 0,001931
локальное 1,108663 0,000182
ломбарды 3,912023 0,000644
луганск 1,203973 0,000198
луки 2,207275 0,000726
лукина 3,912023 0,000644
лучшие 1,560648 0,000257
лучших 1,049822 0,000173
лыжные 2,659260 0,000438
лысково 2,040221 0,000671
лысьва 1,347074 0,000222
людям 1,832581 0,000302
магадан 1,237874 0,000204
магистрали 1,078810 0,000177
магнитогорск 1,272966 0,000209
мае 0,867501 0,000143
май 0,597837 0,000098
майна 2,040221 0,000336
макаронно-кондитерская 3,912023 0,000644
макарьево 2,120264 0,000349
максим 1,560648 0,000257
максимова 2,659260 0,000438
максиму 2,659260 0,000438
максимум 0,733969 0,000242
малая 1,469676 0,000242
малый 0,371064 0,000061
малых 1,309333 0,000215
мар 2,120264 0,000698
марджани 3,218876 0,000530
мариинский 1,897120 0,000312
мариинско-посадский 3,912023 0,001931
марий 2,525729 0,000416
мариймакедонски 0,000000 0,000000
марийцы 1,714798 0,000282
марка 0,867501 0,000143
маркс 1,897120 0,000312
маркса 1,609438 0,000530
март 0,616186 0,000101
марта 0,139262 0,000137
маршрутными 2,120264 0,000349
мары 0,000000 0,000000
масс 1,714798 0,000282
массовой 0,916291 0,000302
масштаб 1,897120 0,000312
масштаба 2,207275 0,000363
матери 1,347074 0,000665
материал -0,009950 -0,000002
материалы 0,843970 0,000278
матч-тв 3,218876 0,000530
мать-покровительница 3,912023 0,001287
маунтинбайку 3,912023 0,000644
машин 1,139434 0,000187
машиностроение 1,560648 0,000514
машиностроительный 1,897120 0,000312
машиностроителям 3,912023 0,001931
мая 0,139262 0,000848
маяк 1,108663 0,000365
маяковского 2,040221 0,000336
мвд 1,309333 0,000862
мгц 1,897120 0,001249
мегафон 1,237874 0,000204
медалистом 3,912023 0,000644
медиафайлы 0,301105 0,000050
медицинская 2,040221 0,000336
медицинский 0,891598 0,000147
международно 1,139434 0,000187
международного 0,733969 0,000121
международный 0,713350 0,000469
междуречье 2,407946 0,000396
межмуниципальное 2,995732 0,000493
мемориальный 1,469676 0,000725
мере 1,272966 0,000209
меридиональном 3,218876 0,000530
мероприятия 1,272966 0,000419
мероприятиях 2,995732 0,000493
мест 0,713350 0,000235
местах 1,049822 0,000173
месте 0,544727 0,000538
местное 1,427116 0,000470
местности 1,427116 0,000470
местных 1,108663 0,000182
место 0,371064 0,000122
месторождения 1,966113 0,000970
месяца 1,347074 0,000665
месяцев 1,171183 0,000193
металлических 1,966113 0,000323
металлообработка 2,525729 0,000416
металлургическое 2,207275 0,000363
механико-технологический 3,506558 0,000577
мечети 1,560648 0,000257
мечеть 1,078810 0,000532
миасс 1,309333 0,000215
микрорайон 1,660731 0,001366
микрорайоне 1,771957 0,000583
микрорайонов 2,040221 0,000336
микрохирургия 3,218876 0,001059
миллиард 3,506558 0,000577
миллиарда 1,966113 0,000323
минеральных 1,609438 0,000530
минимум 0,693147 0,000228
министерства 0,891598 0,000293
министерство 1,108663 0,000365
министров 1,660731 0,000273
мир 0,342490 0,000113
мира 0,415515 0,000342
мирового 1,609438 0,000265
митрополии 1,897120 0,000312
михаила 1,171183 0,000385
михаилу 2,525729 0,000416
михайлова 2,659260 0,000438
мнению 0,967584 0,000159
многие 0,356675 0,000176
многих 0,494296 0,000081
многократный 2,525729 0,000416
многом 1,514128 0,000249
множественного 3,506558 0,000577
множество 0,597837 0,000098
мнтк 3,506558 0,001731
мобильная -0,009950 -0,000002
могут -0,009950 -0,000002
модулем 1,021651 0,000168
модуль 0,941609 0,000155
можете 0,653926 0,000108
мокшеньолык 0,000000 0,000000
молитвенный 2,659260 0,000438
молога 2,120264 0,000349
молодая 2,659260 0,000438
молодежной 2,040221 0,001007
молот 2,813411 0,000463
монастырь 1,139434 0,000187
монастыря 1,309333 0,000646
монета 1,309333 0,000215
монумент 1,560648 0,001027
монументом 3,506558 0,000577
мончегорск 1,347074 0,000222
моргаушский 3,912023 0,001931
мордва 1,309333 0,000215
морозная 2,995732 0,000493
москва 0,400478 0,000461
москвой 1,237874 0,000204
москву 1,139434 0,000187
москвы 0,653926 0,000646
московская 1,609438 0,000265
московский 0,891598 0,000587
московского 0,867501 0,000714
московское 1,347074 0,000222
московском 2,120264 0,000349
мост 0,967584 0,000796
мостов 1,560648 0,000770
мотивом 3,912023 0,000644
мск 0,843970 0,000139
мтс 1,237874 0,000204
мужского 2,302585 0,000758
муз-тв 1,966113 0,000323
музее 1,771957 0,000583
музеем 1,966113 0,000323
музеи 0,820981 0,000270
музей 0,776529 0,001789
музей-квартира 2,995732 0,000493
музея 1,021651 0,000504
музыка 1,347074 0,000443
музыкальное 2,207275 0,000363
мультиплекса 1,897120 0,000312
муниципального 0,891598 0,000587
муниципальным 0,776529 0,001789
муниципальных 0,776529 0,000894
мусульман 1,660731 0,000546
мученицы 3,912023 0,000644
мысль 1,897120 0,000312
мышкин 2,120264 0,000349
мясников 3,506558 0,000577
набережной 1,272966 0,000419
наблюдается 1,021651 0,000168
навигации -0,009950 -0,000002
навигация -0,009950 -0,000003
наволоки 2,120264 0,000349
наградой 2,813411 0,000463
награды 0,867501 0,000428
награжден 1,514128 0,000498
награжденные 1,021651 0,000168
надвратная 3,506558 0,000577
надежде 3,506558 0,000577
наделен 2,995732 0,000493
наделении 2,525729 0,000416
надписью 2,659260 0,000438
название 0,198451 0,000261
названия 0,342490 0,000338
названиях 1,897120 0,000312
наиболее 0,139262 0,000023
наименее 2,207275 0,000363
наименование 1,714798 0,000282
найденные 3,506558 0,000577
наличием 2,525729 0,000416
намеченные 3,912023 0,000644
нами -0,009950 -0,000002
намибия 3,506558 0,001154
напитки 2,207275 0,000363
направлении 1,108663 0,000182
нариманов 2,120264 0,000349
нарисовано 3,912023 0,000644
народная 0,713350 0,000117
народное 0,798508 0,000263
народов 0,798508 0,000526
население 0,693147 0,000684
населением 0,776529 0,000256
населения 0,494296 0,003741
населениягод 0,000000 0,000000
населенные 0,673345 0,000443
населенных 0,693147 0,000798
наследия 0,820981 0,000135
настоящее 0,328504 0,000162
наступает 0,916291 0,000151
насчитывается 1,427116 0,000235
наук 0,693147 0,000114
наука 0,301105 0,000050
научная 0,798508 0,000131
научно-практической 2,207275 0,000363
научно-технический 2,995732 0,000493
научное 0,891598 0,000147
находился 0,776529 0,000128
находится 0,328504 0,000270
находка 1,171183 0,000385
находкам 3,912023 0,000644
находятся 0,527633 0,000087
национальная 1,108663 0,000547
национально-культурная 3,912023 0,000644
национальное 2,995732 0,000493
национальной 1,272966 0,000209
национальности 0,867501 0,000143
национальность 1,237874 0,000407
национальный 0,597837 0,000590
начале 0,314711 0,000104
начало 0,415515 0,000205
начального 1,832581 0,000302
нашей 1,386294 0,000228
наших 1,469676 0,000242
недостатков 0,653926 0,000108
недоступная 0,527633 0,000174
недоступные 0,755023 0,000124
незавершенными 2,813411 0,000926
незатопляемый 3,912023 0,000644
некоммерческой -0,009950 -0,000002
некоторые 0,301105 0,000149
некрасовское 2,120264 0,000349
нем 0,356675 0,000176
непроизводственной 3,912023 0,000644
нередко 1,108663 0,000182
несколько 0,150823 0,000025
неудобству 3,912023 0,000644
неустойчивой 3,912023 0,000644
неустойчивым 3,912023 0,000644
нижегородская 2,302585 0,000379
нижегородской 2,207275 0,000363
нижнего 1,514128 0,000249
нижние 1,660731 0,000273
нижний 0,673345 0,000665
низами 3,912023 0,001931
низине 2,813411 0,000463
николаев 2,407946 0,000792
николаева 2,995732 0,001972
николаевича 2,407946 0,000396
николаевск 1,966113 0,000323
николаеву 3,912023 0,002575
николая 0,916291 0,000452
николе 3,912023 0,000644
никольского 3,218876 0,000530
никонов 2,659260 0,000438
нктв 3,912023 0,000644
новгород 0,867501 0,000714
новгорода 2,040221 0,000336
нового 0,579818 0,000095
новодевичье 2,120264 0,000349
новое 0,755023 0,000497
новокузнецк 1,272966 0,000209
новокуйбышевск 2,120264 0,000349
новомосковск 1,203973 0,000198
новомучеников 2,813411 0,000926
новороссийска 3,506558 0,000577
новосибирск 0,916291 0,000151
новости 0,579818 0,000095
новоульяновск 2,120264 0,000349
новочебоксарск 2,120264 0,002791
новочебоксарцев 3,912023 0,000644
новоюжный 3,912023 0,000644
новую 1,171183 0,000193
новые 0,342490 0,000113
новый 0,446287 0,000220
ногинск 3,218876 0,000530
номер 0,820981 0,000135
номера 1,609438 0,000265
номеров 1,832581 0,000302
норвежская 0,248461 0,000041
норильск 1,203973 0,000198
норма 0,798508 0,000131
носит 1,309333 0,000215
нохчийн 0,000000 0,000000
ночевали 3,912023 0,000644
ночь 1,514128 0,000249
нояб 0,820981 0,000135
ноября 0,127833 0,000379
нська 0,000000 0,000000
нтв 1,427116 0,000235
нтрк 3,912023 0,001287
нужно 1,049822 0,000173
ньскъ 0,000000 0,000000
обеспечивающих 2,207275 0,000363
области 0,223144 0,000037
область 0,385662 0,000190
обоим 2,995732 0,000493
оборонная 2,995732 0,000493
оборудование 1,347074 0,000222
оборудования 1,049822 0,000345
оборудовано 3,218876 0,000530
обрабатывающим 3,506558 0,000577
образование 0,494296 0,000407
образований 1,386294 0,000228
образования 0,478036 0,000629
образованиям 0,776529 0,001789
образованы 2,040221 0,000336
образовательного 2,659260 0,000438
образовательных 1,427116 0,000470
образом 0,371064 0,000061
образует 0,994252 0,000164
образуется 1,966113 0,000323
обрамлен 2,995732 0,000493
обращения 0,030459 0,000411
обуви 2,995732 0,000493
обухово 3,218876 0,000530
общая 0,673345 0,000222
общедоступные 3,506558 0,000577
общей 0,597837 0,000197
общеобразовательные 2,207275 0,000363
общественного 0,916291 0,000151
общественной 1,832581 0,000302
общественных 1,021651 0,000168
общин 1,897120 0,000312
община 1,609438 0,001059
объединение 1,171183 0,000385
объединению 2,525729 0,000416
объединения 1,203973 0,000198
объединены 1,832581 0,000302
объект 1,386294 0,000228
объекты 0,478036 0,000079
объем 0,616186 0,000101
обязательные 3,218876 0,000530
овражно-балочная 3,912023 0,000644
овражному 3,912023 0,000644
один-два 3,506558 0,000577
одного 0,544727 0,000090
одной 0,371064 0,000061
одностороннем 3,912023 0,000644
односторонним 3,912023 0,000644
одноэтажные 3,506558 0,000577
оздоровительных 2,813411 0,000463
озера 0,967584 0,000159
озеро 1,049822 0,000173
ознакомиться 2,995732 0,000493
оказанию 3,506558 0,000577
оказывает 1,427116 0,000235
оказывающий 3,506558 0,000577
окаймленными 3,912023 0,000644
окато 0,820981 0,000270
около 0,000000 0,000000
окропил 3,912023 0,000644
округ 0,673345 0,000775
округа 0,653926 0,000753
округагорода 3,912023 0,000644
округов 0,776529 0,000894
окт 0,798508 0,000131
октмо 0,843970 0,000139
октябре 0,967584 0,000318
октябрьск 2,120264 0,000349
октябрьский 1,078810 0,000355
октября 0,083382 0,000316
олег 1,427116 0,000470
олега 1,966113 0,000323
олегович 3,506558 0,001154
олимпиада 3,912023 0,000644
олимпийский 2,120264 0,000349
олимпийских 1,897120 0,000936
олимпийского 1,714798 0,000564
олимпийцем 3,912023 0,000644
омск 1,021651 0,000168
онлайн 0,198451 0,000033
ооо 0,843970 0,000417
оперативное 3,506558 0,000577
операторы 1,514128 0,000498
оперный 2,407946 0,000396
оперы 1,660731 0,000273
описание -0,009950 -0,000002
оптического 2,407946 0,000396
орган 1,203973 0,000396
организации -0,009950 -0,000002
организаций 0,776529 0,000383
организациям 2,525729 0,000416
органов 0,994252 0,000164
органы 0,891598 0,000293
орден 1,966113 0,000323
ордена 1,714798 0,000564
орденом 1,021651 0,000336
оригинала 0,162519 0,000267
орнамент 3,218876 0,000530
орнаментальным 3,912023 0,000644
орнаментике 3,912023 0,000644
орск 1,272966 0,000209
ортсабеларуская 0,000000 0,000000
осадков 0,544727 0,000358
освятил 2,659260 0,000438
осени 1,966113 0,000323
осень 1,469676 0,000484
осипов 0,527633 0,000087
основан 0,579818 0,000191
основание 1,272966 0,000419
основания 0,713350 0,000352
основанные 0,776529 0,000128
основе 0,494296 0,000244
основная 0,116534 0,000173
основного 1,897120 0,000312
основном 0,510826 0,000084
основные 0,223144 0,000037
основных 0,634878 0,000209
особо 1,237874 0,000815
остановился 2,995732 0,000493
остапу 3,912023 0,001287
осуществлен 2,659260 0,000438
осуществляет 1,203973 0,000198
осуществляются 1,714798 0,000282
отв 0,755023 0,000248
ответственности -0,009950 -0,000002
отводились 3,506558 0,000577
отвсего 3,912023 0,001287
отгруженных 2,040221 0,000336
отделенном 3,912023 0,000644
отдельных -0,009950 -0,000002
отдыха 1,049822 0,000518
отечественной 0,673345 0,000443
отказ -0,009950 -0,000002
открываются 2,659260 0,000438
открыли 1,237874 0,000204
открылось 1,966113 0,000647
открылся 0,941609 0,000310
открыт 0,798508 0,001051
открыта 0,967584 0,000159
открытие 0,941609 0,000155
открыты 1,049822 0,000173
отличается 0,579818 0,000095
отложен 3,912023 0,000644
отметки 1,966113 0,000323
относительно 0,415515 0,000068
относится 0,733969 0,000121
относятся 0,713350 0,000117
отношении 1,203973 0,000198
отношений 1,309333 0,000215
отношения 0,994252 0,000654
отр 1,832581 0,000302
отрасли 1,078810 0,000355
отредактирована -0,009950 -0,000002
отредактировать 0,967584 0,000159
отстраивать 2,995732 0,000493
отуказав-шихнацио-наль-ность 3,912023 0,001287
официальная 1,609438 0,000265
официальное 1,771957 0,000292
официальный 0,510826 0,001009
официальных 2,207275 0,000363
оформление 2,525729 0,000416
офтальмохирургической 3,912023 0,000644
оха 1,347074 0,000222
охватывает 1,771957 0,000875
охотникова 3,912023 0,000644
охранные 3,506558 0,000577
охраны 1,427116 0,000704
охраняемая 3,506558 0,000577
охраняемые 2,302585 0,001137
оценка 0,693147 0,000114
ошибкекак -0,009950 -0,000002
павлинов 1,771957 0,000292
павлова 2,525729 0,000416
паводка 2,995732 0,000493
павшим 2,659260 0,000438
пакет 1,714798 0,000846
памятник 0,693147 0,006957
памятник-стела 3,912023 0,000644
памятники 0,733969 0,000845
памятников 0,820981 0,000405
памятный 2,207275 0,000363
пао 1,427116 0,000235
парикмахерские 3,506558 0,000577
парк 0,693147 0,001026
парке 1,171183 0,000193
парки 1,272966 0,000419
пассажирооборота 3,506558 0,000577
патриархата 2,995732 0,000493
пациентов 2,302585 0,000379
педагогический 1,078810 0,000177
пенза 1,108663 0,000182
пер 1,108663 0,000182
первенец 3,506558 0,000577
первенстве 2,659260 0,000438
первенство 2,302585 0,000379
первого 0,733969 0,000121
первое 0,544727 0,000090
первомайский 1,660731 0,000273
первому 2,207275 0,000363
первые 0,494296 0,000163
первый 0,385662 0,000254
первым 0,597837 0,000098
переименовании 1,897120 0,000312
перейти -0,009950 -0,000003
перекресток 1,714798 0,000846
перем 0,000000 0,000000
переписи 0,755023 0,000248
перепись 0,820981 0,001081
пересечение 2,302585 0,000379
пересечении 1,427116 0,000235
пересеченный 3,218876 0,000530
переходные 2,995732 0,000493
переходных 3,218876 0,000530
период 0,342490 0,000282
периодов 2,040221 0,000336
периоды 1,560648 0,000257
периферия 3,506558 0,000577
пермь 0,994252 0,000164
персональные -0,009950 -0,000002
перспективы 1,347074 0,000443
перу 2,813411 0,000463
песне 3,506558 0,000577
песни 1,514128 0,000249
песня 1,609438 0,000265
петербурга 2,407946 0,000396
петрикова 3,912023 0,001287
петрикову 3,912023 0,000644
петру 1,771957 0,000875
петушки 3,218876 0,000530
печати -0,009950 -0,000002
печать -0,009950 -0,000002
печей 3,912023 0,000644
пивоваренный 2,407946 0,000396
писала 3,506558 0,000577
письменных 2,407946 0,000792
питания 1,272966 0,000419
пицигани 3,912023 0,000644
пищевая 1,560648 0,000514
пищевых 1,897120 0,000312
плавания 2,659260 0,000438
плавучим 3,912023 0,000644
план 0,755023 0,000870
планировании 3,218876 0,000530
планировочная 3,506558 0,000577
планом 2,407946 0,000396
плану 1,386294 0,000228
планшетов 3,912023 0,000644
плато 2,040221 0,000336
плес 1,966113 0,000323
плоские 3,506558 0,000577
плоским 3,506558 0,000577
плотину 2,813411 0,000463
плотность 0,693147 0,000114
площади 0,510826 0,000756
площадка 1,514128 0,000249
площадками 2,813411 0,000463
площадки 1,714798 0,000282
площадь 0,478036 0,000157
плюс 1,386294 0,000228
победа 1,609438 0,000530
победоносца 2,407946 0,000792
победы 0,916291 0,000151
побратимские 2,302585 0,001515
побратимских 2,120264 0,000349
побратимстве 3,218876 0,000530
поведения -0,009950 -0,000002
поверхности 1,514128 0,000249
повлияло 2,995732 0,000493
поволжье 1,832581 0,000302
поволжья 1,714798 0,000282
погибшему 3,912023 0,000644
погибших 1,714798 0,000564
погода 0,776529 0,000128
погодой 2,207275 0,000363
пограничный 2,659260 0,000438
погрешность 3,506558 0,001154
подвиг 2,659260 0,000438
подвигу 3,218876 0,000530
подготовили 3,912023 0,000644
подольск 1,272966 0,000209
подписали 2,302585 0,000379
подписано 2,040221 0,000336
подпольных 3,218876 0,000530
подробнее -0,009950 -0,000002
подчинено 3,912023 0,000644
подъемом 3,506558 0,000577
поезд 1,560648 0,000514
поезда 1,272966 0,000209
пожалуйста 1,469676 0,000242
пожара 1,966113 0,000647
пожары 2,302585 0,000379
пожертвования 2,813411 0,000463
поздравил 3,506558 0,000577
позже 0,733969 0,000121
позиций 2,659260 0,000438
поиск -0,009950 -0,000002
поиска 1,966113 0,000323
поиску -0,009950 -0,000003
пойменный 3,912023 0,000644
пока 0,843970 0,000139
показали 2,040221 0,000336
показатель 0,713350 0,000117
покров 1,469676 0,000484
покровителям 3,912023 0,000644
покровом 2,659260 0,000438
покровско-татианинский 3,912023 0,000644
покрытием 2,040221 0,000336
полдень 0,916291 0,000151
поле 0,798508 0,000920
политехнического 2,207275 0,000726
политика -0,009950 -0,000002
политики 1,237874 0,000611
полицентрическую 3,506558 0,000577
полное 1,139434 0,000187
полный 1,272966 0,000209
половина 1,171183 0,000193
половине 0,634878 0,000104
положение 0,510826 0,000420
положении 2,040221 0,000336
положило 2,995732 0,000493
полотнища 2,525729 0,000416
полотнище 1,609438 0,000265
полотняная 3,506558 0,000577
полу 0,916291 0,000603
полужирным 1,966113 0,000323
полуостров 1,714798 0,000282
получали 2,813411 0,000463
получила 0,653926 0,000108
помещения 2,407946 0,000396
помощи 0,843970 0,000139
помощью 0,634878 0,000104
попал 1,897120 0,000624
порецкий 3,912023 0,000644
порт 0,941609 0,000310
портал 0,342490 0,000225
португальского 3,912023 0,000644
поручению 2,207275 0,000363
порядке 1,309333 0,000215
посад 1,660731 0,000273
посвящена 2,407946 0,000396
посвященная 1,714798 0,000282
поселение 1,309333 0,000646
поселении 2,995732 0,000493
поселений 0,798508 0,001051
поселения 0,941609 0,000155
поселениям 0,967584 0,000159
поселениях 2,813411 0,000463
поселкам 0,891598 0,000147
поселке 1,609438 0,000530
поселки 1,347074 0,000222
поселок 1,108663 0,001459
посещения 2,525729 0,000416
последний -0,009950 -0,000002
последняя 0,342490 0,000056
последователи 2,813411 0,000463
последовательности 2,659260 0,000438
последующие 1,660731 0,000273
поспелов 1,021651 0,000504
поспелова 3,218876 0,000530
посредство 3,506558 0,000577
постановление 1,139434 0,000187
постоянного 0,693147 0,000798
построена 0,916291 0,000452
построены 1,021651 0,000168
постройках 3,506558 0,000577
постройки 1,139434 0,000375
поход 1,897120 0,000312
походом 3,912023 0,000644
почета 3,506558 0,000577
почетного 1,237874 0,000204
почетные 1,108663 0,000365
почетный 1,469676 0,000242
почтовая 1,078810 0,000177
почтовые 1,469676 0,000242
пошиву 3,912023 0,000644
поэта 1,966113 0,000323
поэту 2,995732 0,000493
появились 0,579818 0,000095
появился 0,693147 0,000228
пояс 0,693147 0,000342
права 0,755023 0,000248
правительства 0,693147 0,000342
править -0,009950 -0,000003
правка 0,328504 0,000054
правкиновые -0,009950 -0,000002
правкипостоянная -0,009950 -0,000002
правом 1,171183 0,000385
правопреемник 3,506558 0,000577
православие 1,560648 0,000257
православной 1,203973 0,000198
правый 1,386294 0,000228
практике 1,660731 0,000273
практически 0,755023 0,000124
праца 3,506558 0,000577
прачечные 3,912023 0,000644
превышает 0,967584 0,000159
пределах 0,510826 0,000168
предисл 2,120264 0,000349
предложению 2,995732 0,000493
предназначена 2,813411 0,000463
предопределила 3,506558 0,000577
предоставляют 1,427116 0,000704
предприятий 0,713350 0,000117
предприятия 0,713350 0,000469
председ 1,203973 0,000198
председатель 1,347074 0,000222
представились -0,009950 -0,000002
представительный 1,771957 0,000292
представительство 1,514128 0,000498
представлен 0,891598 0,000293
представлена 1,171183 0,000193
представляет 0,446287 0,000220
представляют 1,237874 0,000204
предусмотрены 2,995732 0,000493
прежде 1,049822 0,000173
прежние 1,171183 0,000193
президента 0,916291 0,000302
президиума 1,272966 0,000419
прекратил 1,660731 0,000546
преобразили 3,912023 0,000644
преобразован 2,207275 0,000363
пресвятой 1,272966 0,000628
приборов 2,120264 0,000349
приборостроительный 2,302585 0,000379
прибыл 2,407946 0,000396
привлечению 3,218876 0,000530
приволжский 1,897120 0,000312
приволжского 1,832581 0,000905
приволжской 2,207275 0,000363
приделом 3,912023 0,000644
приземлением 3,912023 0,000644
приземлениями 3,912023 0,000644
призер 1,771957 0,000292
признана 2,040221 0,000336
признания 0,916291 0,000151
признанное 2,407946 0,000396
признанных 0,967584 0,000159
приидоша 3,912023 0,000644
приказной 3,218876 0,000530
приказных 3,912023 0,000644
применяемого 0,843970 0,000139
применяемым 0,941609 0,000155
примерно 0,634878 0,000104
примечания -0,009950 -0,000003
принят 1,427116 0,000235
принята 1,714798 0,000282
принято 0,713350 0,000235
природная 2,207275 0,000363
природные 1,108663 0,000547
природы 1,021651 0,000672
присвоении 1,386294 0,000228
присвоено 1,078810 0,000177
присутствуют 1,897120 0,000312
прихода 2,120264 0,000698
приходится 0,776529 0,000128
прихожан 2,813411 0,000463
пришкольные 3,506558 0,001154
проблемы 0,544727 0,000090
пробство 3,912023 0,000644
проведен 1,897120 0,000312
проведенные 2,995732 0,000493
проведены 1,966113 0,000323
проверяема 0,967584 0,000159
проводной 2,995732 0,000493
проводятся 1,203973 0,000198
проголосовало 3,506558 0,000577
программы 0,713350 0,000117
прогресс 1,514128 0,000249
продолжавшемуся 3,912023 0,000644
продолжалось 2,813411 0,000463
продолжительность 1,171183 0,000193
продолжительностью 2,813411 0,000926
продуктов 1,237874 0,000204
продукция 2,120264 0,000349
проектах -0,009950 -0,000002
проектахзначения 1,237874 0,000204
проживает 1,771957 0,000292
производства 0,616186 0,000101
производствам 3,506558 0,000577
производственное 2,302585 0,000379
производство 0,941609 0,000775
происходило 1,832581 0,000302
происходит 0,634878 0,000209
прокопьевск 1,272966 0,000209
пролетарский 2,813411 0,000463
промзона 3,218876 0,000530
промышленности 0,579818 0,000095
промышленность 0,693147 0,000684
промышленностью 2,525729 0,000416
промышленные 1,171183 0,000385
промышленных 0,916291 0,000452
просмотры -0,009950 -0,000002
проспект 1,021651 0,000504
проспекта 1,347074 0,000222
проспекте 1,427116 0,001409
проспектом 2,659260 0,000438
просторечие 3,912023 0,000644
протестантских 2,995732 0,000493
против 0,798508 0,000131
протяженность 0,941609 0,000155
проф 1,771957 0,000292
профессионального 1,427116 0,000235
профессиональное 2,040221 0,000671
профессиональный 1,897120 0,000312
профессиональных 1,771957 0,000292
профессора 1,660731 0,000273
проходят 0,941609 0,000155
прочее 0,653926 0,000108
прочную 3,912023 0,000644
прошло 2,040221 0,000336
прямого 2,302585 0,000758
прямоугольное 1,771957 0,000292
пунктов 0,653926 0,000753
пункты 0,616186 0,000710
пурпуровом 3,912023 0,000644
пурпуровыми 3,912023 0,000644
путеводитель 0,713350 0,000117
путешественников 2,813411 0,000463
пути 0,693147 0,000228
пучеж 2,120264 0,000349
пышма 1,309333 0,000215
пятилетки 2,525729 0,000416
пятино 3,912023 0,000644
пятница 1,771957 0,000292
пятый 1,427116 0,000470
пять 1,108663 0,000365
работ 0,941609 0,000155
рабочих 1,108663 0,000365
равного 2,995732 0,000986
радио 0,891598 0,002494
радиоканал 2,302585 0,000379
радиостанции 1,347074 0,000443
радуга 2,813411 0,000926
радужный 3,218876 0,000530
развита 1,897120 0,000312
развитием 1,171183 0,000193
развития 0,287682 0,000237
развитой 2,040221 0,000671
разгонку 3,912023 0,000644
раздел 0,891598 0,000293
разделами 0,891598 0,000293
разделамивикипедия 2,813411 0,000463
разделе 0,776529 0,000128
разделенный 2,659260 0,000438
различными 1,609438 0,000265
различных 0,385662 0,000190
размещен 2,302585 0,000379
размещения 0,843970 0,000139
разработан 1,347074 0,000222
разработчики -0,009950 -0,000002
разучивания 3,912023 0,000644
район 0,597837 0,001082
района 0,673345 0,000332
районам 0,820981 0,000405
районами 1,347074 0,000443
районов 0,562119 0,000832
районы 0,653926 0,000215
райцентров 0,941609 0,000155
ранее 0,430783 0,000071
ранней 2,525729 0,000416
ранних 2,302585 0,000379
раскопки 2,659260 0,000438
расположен 0,733969 0,000362
расположена 0,916291 0,000151
расположено 0,916291 0,000151
рассмотрен 3,912023 0,000644
расстояние 0,843970 0,000555
расторжении 3,912023 0,001287
расходятся 2,813411 0,000463
расширение 0,527633 0,000087
расширяющиеся 3,912023 0,000644
регбийный 2,995732 0,000493
региолект 3,912023 0,001287
региональные 1,171183 0,000193
регионов 0,941609 0,000155
регионы 1,049822 0,000173
регламентация 3,506558 0,000577
регулярно 1,272966 0,000209
регулярное 1,714798 0,000282
регулярные 1,514128 0,000249
регулярный 2,207275 0,000363
ред 0,235722 0,000116
редактирования 1,897120 0,000312
режимом 2,813411 0,000463
резерва 1,714798 0,000564
резиденция 2,207275 0,000363
резким 2,813411 0,000463
результате 0,342490 0,000056
рейтинге 1,203973 0,000198
рек 0,820981 0,000135
реки 0,462035 0,000532
рекомендации 0,843970 0,000139
рекорд 1,771957 0,000292
рекреационная 2,995732 0,000493
религии 2,040221 0,001007
религиозные 1,609438 0,000794
религия 0,843970 0,000278
рельеф 0,941609 0,000310
рельефа 1,514128 0,000249
рельефу 3,506558 0,000577
ремонту 2,813411 0,001852
рен 1,660731 0,000273
республик 1,609438 0,000265
республика 0,843970 0,000694
республиканская 2,813411 0,000463
республиканский 2,525729 0,000416
республиканское 3,506558 0,000577
республике 1,714798 0,001129
республики 0,916291 0,004372
ресурсы 0,020203 0,000003
ретро 1,897120 0,000312
реутов 2,995732 0,000493
референдум 3,506558 0,000577
рец 3,506558 0,000577
речников 3,506558 0,000577
речной 0,916291 0,000302
решение 0,755023 0,000745
решением 1,078810 0,000710
решениям 3,912023 0,000644
ржев 1,771957 0,000292
рисунков 3,218876 0,000530
рка 0,000000 0,000000
ровное 2,120264 0,000349
родину 3,218876 0,000530
родных 3,218876 0,000530
родственных 0,755023 0,000124
рождества 1,714798 0,000564
росписью 3,912023 0,000644
россии 0,186330 0,001073
россиигорода 1,309333 0,000215
российская 0,186330 0,000123
российский 0,634878 0,001045
российских 0,733969 0,000362
российско-украинской 1,108663 0,000182
российского 0,634878 0,000209
российской 0,385662 0,001459
россия 0,371064 0,000549
росстат 0,776529 0,000256
ростелеком 1,386294 0,000684
рсфср 0,733969 0,000483
ртрс 1,514128 0,001495
рубеже 1,560648 0,000257
рублей 0,755023 0,000248
рубля 1,832581 0,000302
рубцовск 1,347074 0,000222
руководством 0,941609 0,000155
руна 3,912023 0,000644
рунду 3,912023 0,001287
рус 0,162519 0,001177
русские 0,544727 0,000538
русский -0,009950 -0,000005
русскими 1,660731 0,000273
русских 0,843970 0,000139
русского 0,494296 0,000244
русское 0,755023 0,000248
рцы 0,000000 0,000000
рыбинск 1,203973 0,000396
рыбинского 2,040221 0,000336
рядом 0,733969 0,000362
рязань 1,049822 0,000173
рясянена 3,912023 0,000644
сад 1,108663 0,000365
садовый 3,506558 0,000577
сайт 0,371064 0,000611
сайте 0,967584 0,000159
сайты 0,478036 0,000157
салехард 1,347074 0,000222
салоны 3,506558 0,000577
самара 0,891598 0,000293
самостоятельная 2,659260 0,000438
самоуправления 0,994252 0,000164
самый 0,579818 0,000095
самым 0,653926 0,000108
самых 0,544727 0,000090
санаторно-курортного 3,218876 0,001059
санаторно-курортный 3,506558 0,000577
санитарной 3,218876 0,001589
санкт-петербурга 1,514128 0,000498
санкт-петербургского 2,207275 0,000363
санта-клара 3,912023 0,000644
саратов 0,967584 0,000318
свете 2,525729 0,000416
светлый 1,832581 0,000603
свияжск 2,120264 0,000349
свияжский 3,912023 0,000644
свободной -0,009950 -0,000002
свойственна 3,912023 0,000644
свойство 0,653926 0,000108
свяжитесь -0,009950 -0,000002
связанным 2,659260 0,000438
связи 0,235722 0,000310
связь 0,616186 0,000507
святителю 3,218876 0,001059
святителя 2,040221 0,000671
свято-троицкого 3,506558 0,001154
святого 1,078810 0,000532
святой 1,272966 0,000209
святослава 2,813411 0,000463
святославу 3,912023 0,000644
святым 2,659260 0,000875
святых 1,427116 0,000235
священного 2,813411 0,000463
северный 0,820981 0,000270
северо-западный 2,207275 0,000363
северодвинск 1,171183 0,000193
седьмого 1,609438 0,000265
сектор 1,714798 0,000282
секторе 1,771957 0,000292
селижарово 2,120264 0,000349
сельских 0,776529 0,000894
сельского 1,347074 0,000222
сельскохозяйственная 2,207275 0,000363
семьи 1,272966 0,000209
сената 3,218876 0,000530
сенгилей 2,120264 0,000349
сенсорного 3,912023 0,000644
сент 0,843970 0,000139
сентября 0,072571 0,000155
сервер 2,120264 0,000349
сервиса 1,514128 0,000249
серебро 3,218876 0,000530
серебряные 2,525729 0,000416
серебряный 1,386294 0,000456
серебряных 2,525729 0,000831
середине 0,562119 0,000092
середины 0,967584 0,000159
серийному 3,912023 0,000644
сеспелю 3,912023 0,000644
сеспеля 3,912023 0,002575
сети 0,494296 0,000081
сеть 0,616186 0,000101
силуэта 3,912023 0,000644
силуэты 3,506558 0,000577
символика 1,272966 0,000419
симметричным 3,506558 0,000577
симфоническая 3,506558 0,000577
синода 2,813411 0,000463
система 0,235722 0,000039
системеобсуждениевкладсоздать -0,009950 -0,000002
ситуацией 3,506558 0,000577
скачать -0,009950 -0,000002
сквер 1,203973 0,001783
сквере 1,560648 0,001284
скверы 1,714798 0,000564
складские 3,506558 0,000577
скобках 2,207275 0,000363
сколько 0,653926 0,000108
скорее 1,966113 0,000323
скульптура 1,171183 0,000193
скульптурная 2,407946 0,001585
славу 2,120264 0,000349
славы 1,078810 0,000355
следует 0,755023 0,000124
слепых 1,832581 0,000302
слов 1,560648 0,000257
слова 0,562119 0,000185
словари 0,116534 0,000038
словарь 0,274437 0,000181
сложившейся 2,525729 0,000416
сложившиеся 3,218876 0,000530
сложнобытовой 3,912023 0,000644
сложности 1,347074 0,000222
сложным 0,867501 0,000143
слоупстайловая 3,912023 0,000644
слоупстайлу 3,912023 0,000644
служба 0,693147 0,000798
служителей 3,506558 0,000577
случае 0,843970 0,000139
случаях -0,009950 -0,000002
сменил 2,813411 0,000463
смещение 0,798508 0,000131
снежная 2,207275 0,000363
снежный 1,660731 0,000273
снежным 2,995732 0,000493
снижением 2,995732 0,000493
сносок 0,843970 0,000139
собой 0,328504 0,000162
собор 0,755023 0,000497
собора 1,108663 0,000182
соборная 1,272966 0,000209
собрание 0,941609 0,000465
собрании 2,302585 0,000379
собрания 1,139434 0,002062
собственного 1,427116 0,000235
собственный 2,120264 0,000349
событияпожертвовать -0,009950 -0,000002
советов 0,820981 0,000270
советом 1,897120 0,000312
советская 0,371064 0,000122
советского 0,776529 0,000256
современников 2,407946 0,000396
современной 0,579818 0,000095
современный 0,967584 0,000159
согласно 0,301105 0,000149
соглашение 1,139434 0,000375
соглашения 2,040221 0,000336
содержали 3,218876 0,000530
содержание 0,010050 0,000002
сокольское 2,040221 0,000336
солнечный 0,843970 0,000278
соловьев 2,040221 0,000336
соляное 3,912023 0,000644
сообщение 1,049822 0,000173
сообщить -0,009950 -0,000002
сооружение 1,469676 0,000242
сооружений 1,078810 0,000177
сооружения 0,941609 0,000620
соответствии 0,446287 0,000073
соотношением 2,813411 0,000463
соревнования 1,514128 0,000249
соревнованиях 2,407946 0,000396
соседних 1,660731 0,000273
сосновка 2,525729 0,000416
сосны 2,302585 0,000379
сосредоточено 1,897120 0,000312
сост 0,597837 0,000295
состав 0,400478 0,000527
состава 1,171183 0,000193
составе 0,616186 0,000101
составленной 3,218876 0,000530
составляет 0,314711 0,000207
составляют 0,798508 0,000263
состоит 0,755023 0,000124
состоялось 1,171183 0,000193
состояние 0,733969 0,000121
состоянию 0,544727 0,000090
состояниях 3,912023 0,000644
сотовая 2,525729 0,000416
сотовой 1,469676 0,000242
сотрудничестве 1,771957 0,000292
сотрудничество 1,660731 0,000273
сохранением -0,009950 -0,000002
сохранившийся 2,995732 0,000493
сохранилось 1,714798 0,000282
социально-экономического 1,237874 0,000204
социально-экономическом 2,525729 0,000416
союза 0,733969 0,000483
союзов 3,218876 0,000530
спас 1,897120 0,000312
спасо-преображенский 1,966113 0,000323
спасо-преображенского 3,218876 0,000530
спб 0,385662 0,000063
специализированная 2,525729 0,000416
специального 2,120264 0,000349
специальной 2,120264 0,000349
спиридонова 3,506558 0,000577
список 0,248461 0,000082
спорной 2,120264 0,000349
спорную 2,040221 0,000671
спорт 0,776529 0,000256
спортивная 2,040221 0,001007
спортивной 2,040221 0,001678
спортивную 3,912023 0,000644
спортивные 1,078810 0,000710
спортивный 1,514128 0,000249
спортивных 1,108663 0,000365
спортсмены 2,302585 0,000758
споты 3,912023 0,000644
справочник 0,916291 0,000151
спрямление 3,912023 0,000644
спутника 2,525729 0,000416
среди 0,198451 0,000065
средневековой 2,040221 0,000336
средневековые 2,659260 0,000438
среднего 1,049822 0,000173
среднее 1,272966 0,000209
среднем 0,693147 0,000228
средние 0,941609 0,000155
средний 0,494296 0,000325
средним 1,832581 0,000302
средняя 0,510826 0,000084
средств 0,597837 0,000098
средства 0,415515 0,000205
сроком 1,966113 0,000647
српски 0,000000 0,000000
срублен 3,912023 0,000644
сср 0,820981 0,000270
ссср 0,314711 0,000466
ссылка 0,274437 0,000090
ссылками 0,186330 0,000092
ссылкасведения -0,009950 -0,000002
ссылки -0,009950 -0,000013
ссылкойвикипедия 1,660731 0,000273
ссылок 0,693147 0,000228
стадион 1,108663 0,000182
стадионе 1,966113 0,000323
стадионы 1,714798 0,000282
стал 0,314711 0,000104
стала 0,462035 0,000076
стали 0,430783 0,000142
сталину 2,995732 0,000493
станет 1,309333 0,000215
станислав 2,407946 0,000396
старая 0,430783 0,000213
старица 2,040221 0,000336
старые 1,771957 0,000875
старый 1,049822 0,000173
статистика -0,009950 -0,000003
статистике 0,916291 0,000151
статистики 0,713350 0,000704
статистический 0,755023 0,001491
статус 0,510826 0,000084
статусом 1,171183 0,000385
статьи 0,072571 0,000143
статьислучайная -0,009950 -0,000002
статьисообществофорумсправкасвежие -0,009950 -0,000002
статью 0,616186 0,000101
статья 0,105361 0,000156
статьяобсуждение -0,009950 -0,000002
статьятекущие -0,009950 -0,000002
стела 1,469676 0,000242
степени 0,843970 0,000278
стер 2,207275 0,000363
стереотип 1,514128 0,000249
стиле 0,994252 0,000164
стилевая 3,912023 0,000644
стилизованным 3,506558 0,000577
стилизованных 3,506558 0,000577
столетия 1,966113 0,000323
столиц 2,120264 0,000349
столица 0,967584 0,000478
столицы 1,049822 0,000345
сторожевой 2,302585 0,000379
стр 1,309333 0,000215
страна 0,462035 0,000152
страница -0,009950 -0,000003
страницасодержаниеизбранные -0,009950 -0,000002
страницецитировать -0,009950 -0,000002
страницуполучить -0,009950 -0,000002
страницы -0,009950 -0,000008
страницыслужебные -0,009950 -0,000002
страны 0,634878 0,000209
стратегии 2,040221 0,000336
стратегия 2,207275 0,000363
стратилата 3,912023 0,000644
стрельцов 2,659260 0,000438
строений 1,660731 0,000273
строения 1,832581 0,000302
строилась 2,525729 0,000416
строили 2,659260 0,000875
строительных 1,427116 0,000235
строительства 0,673345 0,000111
строительстве 1,078810 0,000355
строительство 0,510826 0,000252
стройными 3,912023 0,000644
строки 2,040221 0,000336
структура 0,967584 0,000318
стс 1,714798 0,000282
ступино 1,347074 0,000222
субъект 0,820981 0,000135
субъектов 0,755023 0,000497
сувар 3,218876 0,001059
сугутка 3,912023 0,000644
сугутский 3,912023 0,001287
суточный 0,820981 0,000270
суходольной 3,912023 0,000644
сухум 2,659260 0,000438
существенно 1,108663 0,000182
существовало 1,427116 0,000235
существование 1,049822 0,000345
существуют 0,162519 0,000053
сфера 1,347074 0,000665
сферы 1,309333 0,000215
сформировался 2,525729 0,000416
сформирована 2,995732 0,000493
сход 3,506558 0,000577
сходящиеся 3,912023 0,000644
сызрань 1,237874 0,000407
сюдасвязанные -0,009950 -0,000002
таб 3,218876 0,000530
табака 2,995732 0,000493
табл 0,867501 0,000143
таблица 0,653926 0,000430
табличной 1,309333 0,000215
тагил 1,272966 0,000209
тайном 3,218876 0,001059
также 0,000000 0,000000
такси 1,021651 0,000336
танца 2,302585 0,000379
тарашкев 0,000000 0,000000
татар 1,469676 0,000242
татарское 2,995732 0,000493
татарстан 2,120264 0,000349
татарча 0,000000 0,000000
татары 0,798508 0,000394
татианы 3,912023 0,000644
тверь 1,514128 0,000249
твк 2,040221 0,000336
творческие 2,302585 0,000758
твц 2,525729 0,000416
театр 0,713350 0,000939
театры 0,941609 0,000310
текст -0,009950 -0,000002
текстильмаш 3,912023 0,001287
текстильщиков 3,912023 0,000644
текущем 0,544727 0,000090
телевидение 0,967584 0,000637
телевидения 1,237874 0,000204
телевизионный 2,040221 0,000671
телеканалов 1,386294 0,000456
телеканалы 1,966113 0,000323
телекомпаний 3,912023 0,000644
телекомпания 2,302585 0,000379
телерадиоаппаратуры 3,912023 0,000644
телерадиокомпания 2,525729 0,000416
телефонные 2,407946 0,000396
телефонный 0,776529 0,000128
телефонных 2,995732 0,000493
тематические 0,510826 0,000084
температура 0,562119 0,000092
температуры 1,139434 0,000187
теннисный 2,407946 0,000396
теплое 1,832581 0,000302
теплый 1,609438 0,000265
терентьев 3,506558 0,000577
термина 0,400478 0,000066
терминала 2,525729 0,000416
термины 2,407946 0,000396
территориальное 2,659260 0,000438
территориальном 2,813411 0,000463
территориальных 0,776529 0,000511
территорией 1,469676 0,000242
территории 0,400478 0,000593
территорию 0,941609 0,000310
территория 0,755023 0,000373
территориях 0,916291 0,000151
тесле 3,912023 0,000644
тетюши 2,120264 0,000349
техники 0,867501 0,000143
техникум 1,714798 0,001975
технологии 0,798508 0,000263
технологий 0,653926 0,000215
тип 0,356675 0,000235
типа 0,462035 0,000152
типизация 3,218876 0,000530
типография 1,203973 0,000198
титулы 3,506558 0,001154
тнт 1,714798 0,000282
товарный -0,009950 -0,000002
товаров 1,049822 0,000173
той 1,049822 0,000173
толгской 3,506558 0,000577
толстого 1,714798 0,000282
тольятти 1,514128 0,000249
томск 1,108663 0,000182
топографических 2,995732 0,000493
топонимика 2,407946 0,000792
топонимический 0,798508 0,000394
торговые 1,203973 0,000198
торжественное 2,040221 0,000336
точки 1,049822 0,000173
традиционной 2,659260 0,000875
трактор 2,995732 0,000493
трактора 3,218876 0,000530
тракторов 2,813411 0,000926
тракторостроителей 3,912023 0,000644
трактору 3,912023 0,000644
трамплин 2,813411 0,000463
трамплина 2,995732 0,000493
транспорт 0,693147 0,000570
транспортную 2,525729 0,000416
транспортных 0,891598 0,000440
трансстройтех 3,912023 0,000644
трасс 3,218876 0,001059
трасса 1,427116 0,001174
трассы 1,609438 0,000265
тремя 1,609438 0,000265
тренировки 3,218876 0,000530
тренировочный 3,506558 0,000577
третьей 1,832581 0,000603
тринадцатым 3,912023 0,000644
троицкая 2,120264 0,000349
троллейбус 0,994252 0,000327
троллейбусом 3,218876 0,000530
трофимов 3,506558 0,000577
трубачева 2,407946 0,000396
трудового 1,966113 0,000647
трудовой 1,237874 0,001833
трудовому 3,912023 0,000644
тружеников 3,506558 0,000577
трусиха 3,912023 0,000644
трюков 3,506558 0,000577
туес 3,912023 0,000644
турецкой 2,995732 0,000493
турция 2,207275 0,000363
тутаев 2,040221 0,000336
тыва 2,995732 0,000493
тыла 1,897120 0,000312
тыс 0,430783 0,000071
тысяч 0,415515 0,000068
тысячи 0,597837 0,000098
тюмень 1,171183 0,000193
тюркских 2,302585 0,000379
тюрьма 3,506558 0,000577
тяжелой 2,407946 0,000396
увеличением 2,120264 0,000349
увенчан 2,040221 0,000336
увлажнения 2,302585 0,000379
углич 2,040221 0,000336
уголков 3,218876 0,000530
удалена 0,941609 0,000155
уезда 1,469676 0,000242
уездного 2,525729 0,000416
узловые 3,912023 0,000644
указ 0,941609 0,000155
указали 2,040221 0,000671
указан 0,139262 0,000023
указанием -0,009950 -0,000002
указания 1,714798 0,000282
указанного 1,078810 0,000177
указано 0,733969 0,000121
указом 0,941609 0,000155
указывает 1,660731 0,000273
украинцы 0,891598 0,000147
украины 0,616186 0,000101
украшались 3,912023 0,000644
улан-удэ 1,237874 0,000204
улиц 0,891598 0,000147
улица 0,994252 0,001309
улице 0,916291 0,000603
улицы 0,843970 0,000417
улучшите 1,897120 0,000312
ульянова 2,302585 0,000758
ульяновск 1,078810 0,000710
уменьшением 3,218876 0,000530
умеренно 1,021651 0,000336
ун-та 2,120264 0,000349
университет 0,562119 0,000370
университета 0,446287 0,000294
университетская 2,813411 0,000463
уничтожали 3,218876 0,000530
уничтожившего 3,506558 0,000577
упоминается 1,660731 0,000273
упоминания 1,966113 0,000323
упоминают 3,912023 0,000644
упорядочение 3,506558 0,000577
употреблении 2,813411 0,000463
употреблялись 3,506558 0,000577
управление 0,527633 0,000260
управления 0,415515 0,000137
урал 1,560648 0,000257
уральское 3,218876 0,000530
урмарский 3,912023 0,000644
уровня 0,634878 0,000104
условий -0,009950 -0,000002
условия -0,009950 -0,000003
услуг 0,967584 0,000796
услуги 0,994252 0,000654
успения 2,207275 0,001089
уставе 2,525729 0,000416
установлен 0,941609 0,000155
установлена 1,237874 0,000204
установлении 1,771957 0,000583
устройство 1,021651 0,000336
устье 0,994252 0,000491
устью 1,078810 0,000177
утвержден 1,171183 0,000193
утверждении 1,427116 0,000235
утверждению 2,525729 0,000416
утвержденная 3,218876 0,000530
утвержденный 2,040221 0,000336
уток 3,218876 0,000530
уфа 0,967584 0,000159
участие -0,009950 -0,000002
учебные 1,108663 0,000182
учетную -0,009950 -0,000002
учетом 0,755023 0,000497
училище 1,021651 0,000672
учреждена 1,897120 0,000312
учреждения 0,843970 0,000694
фабрика 1,272966 0,000838
фактически 0,916291 0,000151
фасмер 1,966113 0,000323
фасмера 2,659260 0,000438
февр 0,820981 0,000135
феврале 1,203973 0,000198
февраля 0,051293 0,000110
февронии 2,525729 0,000831
федеральная 0,713350 0,000704
федерального 0,673345 0,000222
федеральные 1,272966 0,000209
федеральный 0,653926 0,000108
федеральных 0,776529 0,000383
федерации 0,544727 0,002241
федерация 1,714798 0,000282
федора 1,771957 0,000292
федорова 2,207275 0,000726
федорову 3,506558 0,000577
фейерверков 3,912023 0,000644
феликсу 3,506558 0,000577
феодора 3,912023 0,000644
фестивали 1,427116 0,000470
фестиваль 1,139434 0,000562
фигурами 2,995732 0,000493
фигуры 2,525729 0,000416
физико-географическая 0,843970 0,000278
филармония 1,237874 0,000611
филиал 0,798508 0,000920
филиалов 1,347074 0,000222
филиалы 1,347074 0,000222
финансы 0,798508 0,000131
фирменный 2,302585 0,000758
флаг 0,673345 0,000665
флага 1,832581 0,000302
флора 1,171183 0,000385
фомин 3,218876 0,001589
фонд -0,009950 -0,000002
фонда 1,309333 0,000431
форма 1,514128 0,000249
форме 0,941609 0,000155
формирование 1,078810 0,000177
формируется 1,832581 0,000302
формируют 2,525729 0,000416
формы 0,941609 0,000155
фото 1,203973 0,000198
фотоателье 3,506558 0,000577
фоторепортаж 2,659260 0,000438
фра-мауро 3,912023 0,000644
франко 3,912023 0,000644
франциска 3,912023 0,000644
французской 2,407946 0,000396
фресковой 3,506558 0,000577
функционирует 1,203973 0,000396
функционируют 1,427116 0,000470
футбола 2,120264 0,000349
футбольное 2,813411 0,000463
ханты-мансийск 1,347074 0,000222
характер 0,994252 0,000164
характеризуется 0,941609 0,000620
характеризуются 2,813411 0,000463
характеристика 0,713350 0,000235
хбк 3,506558 0,001154
хвалынск 2,120264 0,000349
хватает 0,843970 0,000139
хвойка 3,218876 0,000530
химчистки 3,912023 0,000644
хмель 3,506558 0,000577
хмельницкого 3,218876 0,000530
ходе 0,562119 0,000092
ходит 2,813411 0,000463
ходьба 3,912023 0,001287
ходьбе 3,912023 0,002575
ходят 1,966113 0,000323
хозяйства 0,755023 0,000124
хозяйство 0,713350 0,000235
хозяйством 3,218876 0,000530
хоккейный 1,660731 0,000546
холдинг 2,040221 0,000336
холмистость 3,912023 0,000644
холодных 2,302585 0,000379
хот-спотов 3,912023 0,000644
храм 0,843970 0,001389
храм-часовня 3,506558 0,002308
храма 1,272966 0,000209
храму 2,995732 0,000493
христиан-адвентистов 3,912023 0,000644
христиан-баптистов 1,771957 0,000583
христианство 1,832581 0,000302
христова 1,966113 0,000647
художественное 2,040221 0,000336
художественный 1,171183 0,000771
хузангаю 3,912023 0,000644
хэфэй 3,218876 0,000530
царю 2,040221 0,000336
цвет 1,771957 0,000292
цвета 1,171183 0,000193
центр 0,400478 0,000395
центра 0,562119 0,000277
центральная 0,755023 0,000248
центральном 1,714798 0,000282
центральный 0,673345 0,000222
центре 0,673345 0,000111
центров 0,776529 0,000256
центром 0,713350 0,000117
центры 0,713350 0,000117
церквей 1,560648 0,000514
церкви 0,916291 0,000905
церковные 3,912023 0,000644
церковь 0,843970 0,000972
цивильск 2,995732 0,000493
цивильский 3,912023 0,001931
цифровое 1,514128 0,000498
цифровые 0,673345 0,000111
цифры 1,714798 0,000282
чандрово 3,912023 0,000644
чапаева 2,813411 0,002314
чапаевский 3,912023 0,000644
чапаеву 3,506558 0,001731
часов 1,078810 0,000177
часовня 1,771957 0,000583
часовой 0,755023 0,000497
части 0,198451 0,000065
частичная 1,897120 0,000624
частично 0,653926 0,000215
частота 1,660731 0,001093
часть 0,105361 0,000017
чгигн 3,912023 0,000644
чебокса 0,000000 0,000000
чебоксар 3,912023 0,025745
чебоксарами 3,218876 0,001059
чебоксарах 3,506558 0,014423
чебоксаре 3,912023 0,000644
чебоксарка 3,912023 0,000644
чебоксарки 3,912023 0,002575
чебоксарская 3,506558 0,006923
чебоксарские 3,912023 0,000644
чебоксарский 3,912023 0,026389
чебоксарско-чувашская 3,912023 0,000644
чебоксарского 3,506558 0,010385
чебоксарское 3,506558 0,004038
чебоксарской 3,506558 0,001731
чебоксарском 3,912023 0,000644
чебоксарцы 3,912023 0,000644
чебоксары 1,171183 0,017342
чебоксары-арена 3,912023 0,000644
чебоксарыстатистика 0,000000 0,000000
чебоксаря 3,912023 0,000644
чел 0,713350 0,000587
челобитной 3,506558 0,000577
человек 0,400478 0,000329
челябинск 0,994252 0,000164
чемпион 1,660731 0,000273
чемпионат 1,237874 0,003259
чемпионка 3,218876 0,001059
червленое 3,912023 0,000644
червленом 2,995732 0,000493
черкесов 2,995732 0,000493
черкесова 3,912023 0,001287
черты 1,203973 0,000198
честь 0,562119 0,000092
четвертый 1,714798 0,000282
четырехлучевыми 3,912023 0,000644
чечне 2,995732 0,000493
числа 0,891598 0,000293
числе 0,248461 0,000082
численности 0,653926 0,000215
численность 0,653926 0,003228
численностьнаселения 3,506558 0,001154
численностью 1,049822 0,000345
число 0,478036 0,000157
числу 1,514128 0,000249
чистым 2,995732 0,000493
чита 1,237874 0,000204
читатьпросмотр 2,040221 0,000336
чкаловск 2,040221 0,000336
членами 3,218876 0,000530
чув 3,218876 0,002648
чуваш 3,912023 0,000644
чувашей 3,912023 0,000644
чуваши 1,237874 0,000815
чувашии 3,506558 0,006346
чувашиигородские 3,912023 0,000644
чувашиинаселенные 3,912023 0,000644
чувашия 2,659260 0,003500
чувашиякурорт 3,912023 0,000644
чувашиярайоны 3,912023 0,000644
чувашкабель 3,912023 0,000644
чувашская 3,506558 0,005192
чувашский 3,506558 0,010385
чувашское 3,506558 0,002885
чувашской 3,506558 0,020192
чувашэнерго 3,912023 0,000644
чуковского 3,218876 0,000530
чулочка 3,912023 0,000644
чулочно-трикотажная 3,506558 0,000577
шаблонами 0,634878 0,000104
шалмас 3,912023 0,000644
шатровой 3,506558 0,000577
шахматно-шашечный 3,912023 0,000644
шемуршинский 3,912023 0,000644
шервинский 3,218876 0,000530
шестизначные 3,218876 0,000530
ширины 2,207275 0,000363
школ 0,994252 0,000164
школа 0,891598 0,000293
шли 2,120264 0,000698
шобакш 3,912023 0,000644
шобакш-река 3,912023 0,000644
шова 0,000000 0,000000
шопашк 0,000000 0,000000
шопашкар 3,912023 0,000644
шопшаг 0,000000 0,000000
шоссе 1,427116 0,000235
шоссейному 3,912023 0,000644
шрифтом 2,040221 0,000336
шумерлинский 3,912023 0,000644
шупашкар 3,912023 0,004505
шупашкарка 3,912023 0,000644
шупашкартранс-к 0,000000 0,000000
шур 0,000000 0,000000
щит 1,609438 0,000530
эгер 3,912023 0,000644
эдуарда 2,659260 0,000438
экз 0,415515 0,000410
экономика 0,510826 0,000420
экономико-географическое 3,218876 0,000530
экономико-технологический 3,218876 0,000530
экономической 1,237874 0,000204
экс-главы 3,912023 0,000644
экспедицией 2,995732 0,000493
экспедиции 1,771957 0,000292
экспонатами 2,813411 0,000463
экспорт -0,009950 -0,000002
электро-энерго 3,912023 0,000644
электроаппаратный 3,912023 0,000644
электроизмерительных 3,912023 0,000644
электромеханический 3,218876 0,000530
электронного 1,897120 0,000312
электрооборудования 2,120264 0,000349
электроэнергетика 2,659260 0,000438
элемента 2,407946 0,000396
элементы 0,891598 0,000147
энгельс 1,832581 0,000302
энгер 3,912023 0,000644
энтузиастов 2,813411 0,000463
энфорта 2,813411 0,000463
энциклопедии -0,009950 -0,000003
энциклопедия 0,210721 0,000139
эпохи 1,139434 0,000187
эр-телеком 1,897120 0,000312
эрзянь 0,000000 0,000000
эртелеком 3,912023 0,000644
эта 0,000000 0,000000
этажи 2,659260 0,000438
этап 1,427116 0,000939
этапу 3,506558 0,000577
этапы 1,714798 0,000564
этимологический 2,040221 0,000336
этимология 0,616186 0,000203
этническая 3,218876 0,000530
этнографический 2,813411 0,000463
этнокомплекс 3,912023 0,000644
это 0,000000 0,000000
эфирное 1,714798 0,000564
юбилейный 0,820981 0,000270
ювелирных 2,995732 0,000493
юго-западный 2,207275 0,000363
югу 1,609438 0,000265
южном 1,237874 0,000204
южную 1,832581 0,000302
южные 1,560648 0,000257
южный 0,755023 0,000124
юмор 1,966113 0,000323
юного 1,560648 0,000257
юрино 2,120264 0,000349
юрьевец 2,120264 0,000349
является 0,094311 0,000047
являлась 2,040221 0,000336
являющейся 1,897120 0,000312
ядринский 3,912023 0,000644
язык 0,116534 0,000038
языка 0,798508 0,000394
языках -0,009950 -0,000002
яковлева 3,506558 0,001731
яковлеву 3,912023 0,001287
якутск 1,203973 0,000198
яльчикский 3,912023 0,000644
янв 0,820981 0,000135
января 0,116534 0,000575
янтиковский 3,912023 0,000644
ярославль 1,078810 0,000355
ярославская 2,659260 0,000438
ящур 3,506558 0,000577
