абазгией 3,912023 0,000450
абинск 3,506558 0,000403
абинский 3,506558 0,000403
абсолютный 0,616186 0,000142
абхаз 1,771957 0,000204
абхазети 3,912023 0,000450
абхазии 2,407946 0,001384
абхазию 3,506558 0,000403
абхазия 2,040221 0,000704
абхазский 2,302585 0,002118
авар 3,912023 0,000450
аварец 1,771957 0,000204
авг 0,820981 0,000283
август 0,072571 0,000083
австралия 1,966113 0,000226
авт 1,469676 0,001183
автобус 0,820981 0,000189
автодорога 0,891598 0,000205
автомобилизация 2,659260 0,000611
автомобиль 1,108663 0,000255
автомобильно-дорожный 3,218876 0,000370
автомобильный 0,713350 0,000082
автономный 0,867501 0,000100
авторство -0,009950 -0,000001
автосалон 2,995732 0,000344
автостат 3,506558 0,000403
автотранспорт 1,609438 0,000185
ага 2,813411 0,000323
агентство 0,798508 0,000092
агломерация 0,798508 0,000918
адвентист 1,560648 0,000179
адлер 2,659260 0,001834
адлера 2,995732 0,001033
адлере 3,912023 0,001349
адлерский 3,912023 0,006746
адлеру 3,912023 0,000450
административно-территориальное 0,820981 0,000283
административно-хозяйственную 3,912023 0,001349
административный 0,597837 0,000481
администрация 0,755023 0,001562
адрианопольскому 3,506558 0,000403
адыг 2,813411 0,001941
адыгеец 1,897120 0,000436
адыгейский 3,218876 0,000740
адыгский 3,218876 0,000370
аз 2,302585 0,000265
азербайджанец 1,139434 0,000262
азия 0,755023 0,000174
азово-черноморского 3,218876 0,000370
азово-черноморскому 3,218876 0,000740
азс 3,218876 0,000370
аибге 3,912023 0,000450
айвазовский 2,659260 0,000306
академия 0,544727 0,000125
акбашева 3,912023 0,000450
акваджаз 3,912023 0,000450
акватория 1,560648 0,000179
акр 2,995732 0,000689
активизироваться 2,659260 0,000306
активно 0,733969 0,000253
активный 0,527633 0,000061
актуализация 2,659260 0,000306
актуальный 1,347074 0,000155
алабян 3,912023 0,000450
албена 3,218876 0,000370
александр 0,462035 0,000212
александрия 3,506558 0,001209
александрович 1,609438 0,000185
александровка 2,813411 0,000323
алексей 1,049822 0,000724
аллан 3,912023 0,000450
алма-аты 3,912023 0,000450
алупка 3,218876 0,000740
алушта 3,218876 0,001110
алфавитунаселенные 0,867501 0,000100
алфавитустатьи 2,813411 0,000323
альбервиль 3,912023 0,000450
альберт 2,525729 0,000290
альпийский 2,407946 0,000277
альтернативный 1,203973 0,000692
альфа-банка 2,995732 0,000344
ампеццо 3,912023 0,001349
анаклия 3,218876 0,000370
анализ 0,967584 0,000111
аналитический 1,771957 0,000407
анапа 1,966113 0,000678
анапский 3,506558 0,000403
анапы 3,218876 0,000740
анатолий 1,714798 0,000591
анатольевич 2,407946 0,000554
ангар 2,659260 0,000306
англ 0,174353 0,000040
андрей 0,967584 0,000222
анкара 3,506558 0,000403
аннексия 0,941609 0,000216
ансамбль 0,994252 0,000229
античность 2,407946 0,000277
античный 2,207275 0,000507
антон 1,832581 0,000211
анфимов 3,506558 0,000403
анчабадзе 3,912023 0,000450
апостол 1,966113 0,000226
апостольский 1,771957 0,000204
апр 0,798508 0,000275
апрель 0,150823 0,000485
аптека 2,120264 0,000244
апшеронск 3,506558 0,000403
апшеронский 3,218876 0,000370
арабский 1,560648 0,000179
аргвети 3,912023 0,000450
аргумент 1,108663 0,000127
ареду 3,912023 0,000450
арена 2,120264 0,000244
аренда 1,832581 0,000211
аристотель 2,525729 0,000290
аркадия 1,832581 0,000211
аркадьевич 3,506558 0,000403
армавир 3,218876 0,000370
армении 2,302585 0,000265
армения 2,040221 0,000235
армия 0,916291 0,000211
армянин 1,021651 0,000587
армяно-католики 3,912023 0,000450
армянский 1,347074 0,000465
артист 1,832581 0,000211
артюхов 3,912023 0,000450
арх 0,544727 0,000063
архангел 2,525729 0,000871
археологический 1,309333 0,000151
архивировать 0,020203 0,000200
архивный 0,248461 0,000171
архиерей 2,995732 0,000344
архипо-осиповка 3,218876 0,000740
архитектор 0,916291 0,000737
архитектура 0,462035 0,000584
архитектурно-градостроительного 3,912023 0,000450
архитектурно-исторические 3,912023 0,000450
архитектурный 1,078810 0,000620
аршан 3,912023 0,000450
арье 3,912023 0,000450
асеан 3,506558 0,000403
асколи 3,912023 0,000450
аспект 1,469676 0,000169
ассирийский 2,995732 0,000344
астерос 3,912023 0,000450
астрахани 2,407946 0,000277
ат 2,302585 0,000529
атаман 1,966113 0,000226
аул 2,813411 0,000647
аутсайдер 2,813411 0,000323
афанасенков 3,912023 0,000450
афон 2,995732 0,000344
африка 1,560648 0,000179
ахеев 3,912023 0,000450
ахеец 3,912023 0,000450
ахеян 3,912023 0,000450
ахинтам 3,912023 0,000450
ахун 3,912023 0,001799
ахштырская 3,912023 0,000450
ашеля 3,912023 0,000450
аэропорт 0,776529 0,000446
багратиони 3,912023 0,000450
баден-баден 3,912023 0,000450
бажанов 3,912023 0,000450
баз 0,371064 0,000213
базилик 3,506558 0,000403
базовый 1,171183 0,000135
байштайнер 3,912023 0,000450
бак 2,120264 0,000244
балашихи 3,912023 0,000450
балка 2,040221 0,000235
балчик 3,218876 0,000370
бальнеолечебница 3,912023 0,000450
банк 0,693147 0,000637
баптистский 2,813411 0,000323
барановский 3,506558 0,000806
бараховича 3,912023 0,000450
бартын 3,218876 0,000370
бархатный 3,506558 0,000806
батуми 2,995732 0,000689
баш 3,506558 0,000403
башкир 1,347074 0,000155
башкортостан 2,207275 0,000254
башня 1,139434 0,000262
бегство 3,506558 0,000403
бедию 3,912023 0,000450
безопасность 0,916291 0,000105
безруков 3,912023 0,000450
беларуси 2,207275 0,000254
беларусь 1,237874 0,000142
белоглинский 3,218876 0,000370
белокуриха 3,218876 0,000370
белореченск 2,995732 0,000344
белореченский 3,218876 0,000370
белорус 1,171183 0,000404
белоус 3,506558 0,000403
бельгия 2,525729 0,000290
бердянск 3,218876 0,000370
берег 0,478036 0,000495
берзека 3,912023 0,000450
беседка 2,995732 0,000344
бесперебойный 2,813411 0,000323
бетта 3,912023 0,000450
биатлон 2,407946 0,000277
библиографический 0,083382 0,000010
библиотека 0,328504 0,000415
библиотечный 1,609438 0,000370
бизнес 0,820981 0,000566
билайн 1,272966 0,000146
бинбанка 3,912023 0,000450
биосферный 2,995732 0,000689
благодаря 0,527633 0,000182
благоприятный 1,660731 0,000382
благочиние 2,813411 0,000323
близко 1,714798 0,000197
близость 1,660731 0,000573
блогер 3,218876 0,000370
бобслей 3,912023 0,000450
боевой 1,237874 0,000142
божий 1,272966 0,000146
болгария 1,272966 0,000293
болельщик 2,995732 0,000689
большевик 1,347074 0,000155
большинство 0,342490 0,000118
большое 0,385662 0,000133
большой 0,040822 0,000070
бондарь 3,912023 0,000450
бонкер 3,912023 0,000450
борис 1,660731 0,000191
борисович 2,407946 0,000277
ботаник 3,506558 0,000403
бочар 3,506558 0,000403
брат 1,272966 0,000146
братство 2,995732 0,000344
брать 1,714798 0,000197
бренд 1,660731 0,000191
брокгауза 0,328504 0,000113
брокерский 3,506558 0,000403
бронзовый 1,386294 0,000159
брюховецкий 3,506558 0,000403
буденного 3,218876 0,000370
будника 3,912023 0,000450
бургас 2,525729 0,000581
буря 2,407946 0,000277
бухарест 3,218876 0,000370
бывать 1,660731 0,000191
бык 2,659260 0,000306
бытха 3,912023 0,000450
быть -0,009950 -0,000007
бяла 3,218876 0,000370
важное 1,108663 0,000127
важный 0,494296 0,000114
вайнштоком 3,912023 0,000450
вандея 3,506558 0,000403
ванкувер 3,912023 0,000450
ванный 3,912023 0,000450
варгин 3,912023 0,000450
вардане 3,218876 0,000740
варна 2,525729 0,001161
василевка 3,218876 0,000370
васильев 2,302585 0,000265
васильевич 1,609438 0,000185
вахушти 3,912023 0,000450
вверху 2,659260 0,000306
вдоль 0,755023 0,000347
ведение 1,427116 0,000164
век 0,248461 0,000514
векегорода 1,966113 0,000226
великий 0,356675 0,000205
великобритания 2,120264 0,000244
вера 1,049822 0,000362
верещагинка 3,912023 0,000899
верещагинский 3,506558 0,000403
верлиока 3,912023 0,000450
вернуть 1,897120 0,000218
вероятно 1,560648 0,000179
версия -0,009950 -0,000005
версияправитьправить 1,237874 0,000142
вертодром 3,506558 0,000806
вертолетный 2,525729 0,000290
верфь 2,525729 0,000290
верхнелооский 3,912023 0,000899
верхний 0,494296 0,000114
верховный 1,108663 0,000382
верховье 2,302585 0,000265
вершина 1,514128 0,000348
весна 0,713350 0,000082
веснины 3,506558 0,000403
вести 0,356675 0,000164
вестник 1,049822 0,000121
весь 0,301105 0,000173
весьма 1,514128 0,000174
ветер 0,713350 0,000246
ветка 1,427116 0,000164
взять 0,755023 0,000087
виадук 2,995732 0,000344
вид 0,061875 0,000078
видеть 1,272966 0,000146
византиец 3,506558 0,000403
византии 2,995732 0,001033
византийский 2,525729 0,001161
византия 3,506558 0,001209
викарный 3,912023 0,000450
вики-разметкой 1,309333 0,000151
викигид 1,660731 0,000191
викигиде 0,776529 0,000268
викиданные 0,776529 0,000179
викиданных -0,009950 -0,000001
викиданныхвикипедия 0,891598 0,000205
викимапиипро 1,427116 0,000164
викимедиа -0,009950 -0,000001
википедии -0,009950 -0,000002
википедия -0,009950 -0,000007
викискладвикиновостивикицитатниквикитекавикигидэлемент 3,506558 0,000403
викискладвикипедия 1,469676 0,000169
викискладе 0,174353 0,000020
викискладепутеводитель 0,713350 0,000082
викисловарецитаты 1,108663 0,000127
викисловарьвикипедия 1,309333 0,000151
викитекемедиафайлы 1,272966 0,000146
викитекустатьи 3,506558 0,000403
викицитатник 1,272966 0,000146
викицитатникетексты 1,427116 0,000164
виктор 1,386294 0,000159
викторович 2,207275 0,000254
вилла 2,995732 0,001378
вильям 2,995732 0,000344
витязево 3,218876 0,000370
вклад 0,994252 0,000114
включая 0,527633 0,000121
включение 1,108663 0,000127
включить 0,634878 0,000073
вконтакте 1,966113 0,000226
владение 0,916291 0,000105
владеть 1,897120 0,000218
владивостока 2,525729 0,000290
владикавказ 2,120264 0,000244
владикавказа 3,506558 0,000403
владимир 0,653926 0,000526
влажность 1,108663 0,000127
влажный 1,427116 0,000656
власть 0,544727 0,000188
влияние 0,527633 0,000425
вложить 2,120264 0,000244
внести 1,021651 0,000117
внешний 0,051293 0,000006
внизу 2,302585 0,000265
внимание 1,108663 0,000127
внутренний 0,314711 0,000036
внутригородской 0,867501 0,000898
вовсе 2,525729 0,000290
вода 0,527633 0,000364
водворить 3,912023 0,000450
водный 0,562119 0,000065
водопровод 1,714798 0,000197
водораздельный 2,659260 0,000306
военно-исторический 1,832581 0,000211
военно-морской 2,120264 0,000244
военное 0,916291 0,000105
военный 0,494296 0,000057
возвести 1,139434 0,000655
возводить 2,302585 0,000265
возводиться 2,120264 0,000487
возвращаться 1,897120 0,000218
возвращение 1,660731 0,000191
возвышенность 1,386294 0,000159
возглавить 2,407946 0,000554
воздух 0,616186 0,000071
воздушный 0,798508 0,000275
возможность 0,314711 0,000036
возможный 0,994252 0,000114
воин 1,714798 0,000197
война 0,430783 0,000842
войнынаселенные 2,995732 0,000344
войско 0,798508 0,000551
войти 0,634878 0,000073
вокзал 0,755023 0,000434
вокруг 0,693147 0,000080
волгоград 1,139434 0,000131
волгограда 2,995732 0,000344
волковский 3,506558 0,000806
волна 0,916291 0,000316
волшебный 0,030459 0,000004
вопрос 0,371064 0,000171
воробьева 2,659260 0,000306
ворон 2,407946 0,000830
воронко 3,912023 0,000450
ворошилов 2,995732 0,000344
ворошилова 2,659260 0,001528
восемь 1,469676 0,000169
воссоздать 1,897120 0,000218
восстановление 1,078810 0,000124
восток 0,494296 0,000114
восточный 0,430783 0,000198
восход 2,120264 0,000244
впадать 1,309333 0,000151
впервые 0,385662 0,000089
вплоть 1,108663 0,000127
вполне 2,407946 0,000277
впоследствии 0,653926 0,000075
враждебный 2,813411 0,000323
временно 1,309333 0,000151
время 0,020203 0,000065
врио 2,302585 0,000529
все 0,040822 0,000005
всемирный 0,891598 0,001025
всероссийский 0,634878 0,000876
всесезонный 3,506558 0,000403
всесоюзный 0,776529 0,000446
вскоре 1,309333 0,000151
вследствие 1,203973 0,000138
вставка 1,272966 0,000146
встреча 1,966113 0,000226
вступить 1,514128 0,000522
втб 1,714798 0,000197
втора 0,274437 0,000189
второе 0,653926 0,000150
второй 0,891598 0,000307
вуз 0,820981 0,000094
вход 0,755023 0,000087
входить 0,287682 0,000066
вцик 1,832581 0,000211
вшэ 2,407946 0,000277
выбор 0,634878 0,000219
выборгский 3,218876 0,000370
выбрать 1,139434 0,000131
выделение 1,832581 0,000632
выделить 0,544727 0,000313
выделять 1,139434 0,000131
вымпелком 2,995732 0,000344
вынудить 1,514128 0,000174
выпустить 0,891598 0,000102
выращивание 3,912023 0,000450
выращшиванием 3,912023 0,000450
вырезать 3,218876 0,000370
высадиться 2,659260 0,000306
высадка 2,813411 0,001294
выселение 3,506558 0,000403
выселковский 3,506558 0,000403
высокий 0,139262 0,000112
высоко 2,120264 0,000244
высокогорный 2,995732 0,000344
высокогорье 3,912023 0,000450
высота 0,415515 0,000143
высотный 1,427116 0,000328
выставка 1,139434 0,000131
выставлять 2,995732 0,000344
выступать 0,916291 0,001053
вытеснить 2,525729 0,000290
вытянутость 3,506558 0,000403
вытянуть 2,207275 0,000254
выходец 2,302585 0,000529
вэйхай 3,506558 0,000403
вячеслав 1,897120 0,000218
гагра 3,218876 0,000740
гагры 3,912023 0,000899
газ 0,941609 0,000108
газета 0,579818 0,000200
газопровод 2,302585 0,000265
газпромбанка 3,912023 0,000450
ганарджиис-мухури 3,218876 0,000370
гандбольный 2,120264 0,000244
гараж 2,995732 0,000344
гарбе 3,912023 0,000450
гармиш-партенкирхен 3,912023 0,000450
гаспра 3,218876 0,000370
геленджик 2,407946 0,000830
геленджика 3,506558 0,000806
генерал 1,514128 0,000174
генерал-адъютант 3,506558 0,000403
генеральный 0,755023 0,000608
гениохами 3,912023 0,000450
гениохи 3,912023 0,001349
гениохов 3,912023 0,001799
генуэзец 3,218876 0,000370
генуэзский 2,525729 0,000290
географ 2,040221 0,000469
географический 0,356675 0,000369
география 0,415515 0,000096
георгиевич 2,525729 0,000290
герб 0,798508 0,000275
герман 2,207275 0,000254
германий 0,843970 0,000097
геройский 3,218876 0,000370
гершович 3,912023 0,000450
гидрометеоцентр 3,218876 0,000370
гимн 0,776529 0,000089
гиресун 3,218876 0,000370
гкгн 0,994252 0,000114
гкгнпро 0,916291 0,000105
глава 0,494296 0,000739
главный 0,210721 0,000170
глубокий 1,078810 0,000124
глубоко 1,897120 0,000218
год -0,009950 -0,000352
годавикипедия 0,616186 0,000071
годзи 3,912023 0,000450
годовой 0,994252 0,000229
годувикипедия 2,407946 0,000277
годустолицы 3,912023 0,000450
голова 1,427116 0,000164
головинка 3,218876 0,000740
головинский 3,506558 0,000403
голый 2,525729 0,000290
гонка 2,302585 0,000529
гора 0,616186 0,000921
горец 3,218876 0,000740
горисполком 1,966113 0,000226
горком 2,813411 0,000323
горн 2,813411 0,000323
горнолыжный 1,897120 0,000218
горный 0,941609 0,000216
город 0,371064 0,006825
город-госпиталь 3,912023 0,000450
город-курорт 3,912023 0,005397
город-побратим 0,843970 0,000485
город-событие 3,912023 0,000450
города-курорта 3,506558 0,005240
городах-миллионниках 3,506558 0,000403
городов-государств 3,506558 0,000403
городпро 0,867501 0,000100
городски 3,506558 0,000403
городской 0,544727 0,003444
городсочи 3,912023 0,000450
горсовет 1,897120 0,000218
горький 0,941609 0,000108
горячий 2,040221 0,000235
госкомстат 0,891598 0,000205
госпиталь 1,897120 0,000436
господство 2,207275 0,000254
господствовать 1,897120 0,000218
гостиница 0,843970 0,000485
гостиничный 2,525729 0,000290
государственный 0,261365 0,000361
государство 0,579818 0,000533
градостроительный 1,660731 0,000573
градостроительство 1,660731 0,000382
градус 1,514128 0,000174
гражданин 0,733969 0,000337
гражданский 0,733969 0,000422
гран-при 2,207275 0,000254
гранат 1,386294 0,000159
граница 0,356675 0,000451
грек 1,560648 0,000538
гренобль 3,912023 0,000450
греческий 1,469676 0,000169
григолети 3,218876 0,000370
григорьевич 2,207275 0,000254
грозный 1,272966 0,000146
грузией 2,813411 0,000323
грузии 1,771957 0,001018
грузин 1,560648 0,000718
грузинский 2,302585 0,002118
грузия 1,966113 0,000226
группа 0,314711 0,000036
губерния 0,891598 0,000205
гулькевичи 3,506558 0,000403
гулькевичский 3,506558 0,000403
гуманитарно-экономический 3,912023 0,000450
гурзуф 3,218876 0,000740
гурия 2,813411 0,000323
гячрыпш 3,218876 0,000370
давида 3,912023 0,000450
давыдович 3,218876 0,000370
дагомыс 3,218876 0,001110
дагомысчай 3,912023 0,000450
дальний 0,446287 0,000051
дамиана 3,912023 0,000450
дарасун 3,912023 0,000450
дата 0,030459 0,000322
датировать 1,966113 0,000452
датский 0,328504 0,000038
дать 0,072571 0,000108
даховский 3,912023 0,000899
дача 1,469676 0,002027
два 0,150823 0,000069
движение 0,544727 0,000125
двор 1,078810 0,000124
дворец 0,843970 0,000194
дворцовый 2,525729 0,000290
дворянство 2,813411 0,000323
де-лукка 3,912023 0,000450
де-факто 2,302585 0,000265
девственный 3,218876 0,000370
дегоев 3,912023 0,000450
действие 0,776529 0,000089
действительность 2,407946 0,000277
действовать -0,009950 -0,000007
дек 0,820981 0,000283
декабрь 0,094311 0,000141
деление 0,579818 0,000400
дело 0,562119 0,000129
дельфинарий 3,218876 0,000740
демоскоп 0,820981 0,000566
дендрарий 2,813411 0,000647
дендропарк 2,659260 0,000306
деникина 3,218876 0,000370
деникинец 3,912023 0,000450
денис 2,040221 0,000235
денисович 3,912023 0,000450
денисовича 3,912023 0,000450
день 0,210721 0,000218
деньга 1,386294 0,000319
депутат 0,776529 0,000089
дерендяев 3,912023 0,000450
держава 2,040221 0,000235
держаться 2,040221 0,000235
десант 2,995732 0,002066
десятка 1,139434 0,000131
детально 2,813411 0,000323
детская 0,653926 0,000150
детско-юношеского 3,218876 0,000370
деятельность 0,342490 0,000157
джазовый 2,120264 0,000244
джамбулат 3,506558 0,000403
джанхот 3,218876 0,000740
джубга 2,995732 0,000689
диалог 1,660731 0,000191
диапазон 1,560648 0,000179
дивизион 1,609438 0,000185
дивноморское 3,218876 0,000740
динамик 1,272966 0,000146
динамичный 3,506558 0,000403
динамо 1,171183 0,000135
динской 3,506558 0,000403
диоскуриаде 3,912023 0,000450
диоскурии 3,912023 0,000450
длина 0,579818 0,000133
длинно 3,912023 0,000450
длинный 1,237874 0,000142
дмитриевич 2,525729 0,000290
дмитрий 0,967584 0,000334
дмитровка 3,218876 0,000370
днейвикипедия 0,967584 0,000111
днепровский 2,813411 0,000323
дно 1,469676 0,000169
доантичные 3,912023 0,000450
добираться 2,659260 0,000306
добраться 2,120264 0,000244
добровольческий 2,207275 0,000254
доброжелательно 3,912023 0,000450
доверить 2,659260 0,000306
довольно 0,891598 0,000102
договор 1,171183 0,000404
договоренность 2,659260 0,000306
дождь 1,469676 0,000169
дойти 1,560648 0,000179
доктор 1,427116 0,000164
дол 2,995732 0,000344
должность 1,049822 0,000241
долинского 3,912023 0,000450
дольмен 3,912023 0,000450
дольменная 3,912023 0,000450
доля 0,544727 0,000188
дом 0,446287 0,000257
домашний 1,237874 0,000142
доминанта 2,659260 0,000306
доп 0,597837 0,000137
дополнительный -0,009950 -0,000003
дореволюционный 1,347074 0,000155
дорога 0,527633 0,000243
дорожать 3,506558 0,000403
дорохово 3,912023 0,000450
достигать 0,843970 0,000097
достигнуть 1,272966 0,000146
достичь 0,733969 0,000084
достопримечательность 0,867501 0,000100
доступ 0,755023 0,000087
доступный -0,009950 -0,000001
доход 1,514128 0,000174
драйвер 2,659260 0,000306
древнегрузинский 3,912023 0,000450
древнесванских 3,912023 0,000450
древний 0,653926 0,000451
древность 1,203973 0,000554
дробно -0,009950 -0,000002
другое 0,462035 0,000053
другой -0,009950 -0,000018
дружба 1,171183 0,000135
дружески 3,912023 0,000450
дряпак 3,912023 0,000450
дубай 3,218876 0,000370
дух 1,897120 0,000436
душ 1,771957 0,000407
душкин 3,912023 0,000899
дюздже 3,218876 0,000370
евангельский 1,427116 0,000164
евгений 1,347074 0,000155
евдокимова 3,218876 0,000370
евпатор 3,912023 0,000450
евпатора 3,912023 0,000450
евпатория 2,525729 0,000871
еврей 1,203973 0,000415
еврейский 0,755023 0,000174
европейский 0,494296 0,000057
егор 2,659260 0,000306
единица 0,478036 0,000385
единственное 1,021651 0,000235
единственный 0,891598 0,000205
единый 0,544727 0,000125
ежегодник 0,820981 0,001133
ежегодно 0,916291 0,000211
езид 1,771957 0,000204
ейск 2,659260 0,000306
ейский 3,218876 0,000370
екатеринбургский 2,659260 0,000306
елена 1,560648 0,000179
елените 3,218876 0,000370
епархия 0,967584 0,000445
епископ 1,966113 0,000226
ереван 2,120264 0,000244
ермоловский 3,506558 0,000403
есимо 3,218876 0,000370
ессентуки 3,506558 0,000403
естественный 0,776529 0,000089
еськов 3,912023 0,000450
ефимова 3,218876 0,000370
ефрем 3,912023 0,000450
ефрона 0,328504 0,000113
жаркий 1,514128 0,000174
железноводск 3,506558 0,000403
железнодорожный 0,579818 0,000333
жемчужина 2,207275 0,000761
животноводство 2,407946 0,000277
жизнь 0,342490 0,000197
жилищно-коммунальном 3,506558 0,000403
жилищный 1,560648 0,000179
жилой 0,941609 0,000108
житель 0,562119 0,000517
жительство 3,218876 0,000370
жить 0,820981 0,000094
жкх 2,120264 0,000244
жолтовский 3,912023 0,000450
жук 3,912023 0,000450
журнал 0,301105 0,000312
забвение 3,506558 0,000403
забросить 1,966113 0,000226
заведение 0,867501 0,000299
завершить 0,867501 0,000199
зависимость 0,713350 0,000082
завод 0,693147 0,000080
завоевание 2,525729 0,000290
заглавный -0,009950 -0,000001
закавказье 2,040221 0,000235
заказник 2,407946 0,000277
закон 0,462035 0,000212
законодательство 1,609438 0,000185
закрепить 1,771957 0,000204
закрытие 1,660731 0,000191
зал 0,843970 0,000582
зализный 3,218876 0,000370
заметно 1,771957 0,000204
замок 2,207275 0,000507
заморозка 1,966113 0,000226
занимать 0,430783 0,000446
заниматься 0,634878 0,000146
занятие 1,469676 0,000169
занять 0,693147 0,000159
заозерный 2,813411 0,000323
запад 0,634878 0,000146
западный 0,462035 0,000266
западуголь 3,912023 0,000450
записка 1,139434 0,000262
записьвойти -0,009950 -0,000001
заповедник 1,714798 0,000394
заработный 2,040221 0,000235
зарамаг 3,912023 0,000450
зарегистрировать -0,009950 -0,000002
заря 1,347074 0,000155
заселить 1,897120 0,000218
заток 3,218876 0,000370
захарова 3,506558 0,001209
захватить 1,272966 0,000293
заявить 1,386294 0,000319
заявление -0,009950 -0,000001
звание 0,891598 0,000102
здание 0,673345 0,000929
здоровье 1,203973 0,000138
здравница 3,218876 0,000740
здравоохранение 0,843970 0,000097
зеленоградск 3,218876 0,000370
зеленый 0,755023 0,000260
земельный 1,514128 0,000522
земледелие 2,207275 0,000254
земля 0,400478 0,000230
зенит 2,302585 0,000265
зима 0,478036 0,000275
зимний 0,798508 0,001836
зиновьевой 3,912023 0,000450
зихов 3,912023 0,000899
знак -0,009950 -0,000001
знаменитый 0,967584 0,000222
значение 0,061875 0,000071
значенияскрытые 3,912023 0,000450
значительно 0,510826 0,000117
значительный 0,328504 0,000189
золотой 0,597837 0,000137
зона 0,400478 0,000552
зональность 2,813411 0,000323
зонгулдак 3,218876 0,000370
зрение 1,203973 0,000138
зрительский 2,525729 0,000290
зубаревич 2,995732 0,000689
зык 3,506558 0,000403
иберия 3,506558 0,000403
иван 0,843970 0,000582
иванович 1,560648 0,000897
ивановка 2,525729 0,000290
иваново 1,139434 0,000131
иванцов 3,912023 0,000450
игнатьевич 3,506558 0,000403
игра 0,843970 0,001649
идентификатор 0,693147 0,000080
из-за 0,415515 0,000096
избрать 0,967584 0,000667
известие 0,994252 0,000114
известный 0,287682 0,000198
изгнание 3,218876 0,000370
изготовить 2,407946 0,000277
изд 0,314711 0,000072
издаваться 1,660731 0,000191
издание 0,415515 0,000096
издательский 1,272966 0,000146
издательство 0,494296 0,000170
издать 1,386294 0,000159
изображение 0,693147 0,000080
изредка 2,525729 0,000290
изучить 2,040221 0,000235
изъятие 3,218876 0,000370
илиодорович 3,912023 0,000450
илл 2,813411 0,000323
именно 0,544727 0,000063
именоваться 1,469676 0,000169
имерети 3,912023 0,000450
имеретинец 3,506558 0,000403
имеретинский 3,506558 0,001209
иметь 0,094311 0,000054
иметься 0,385662 0,000177
император 1,139434 0,000262
империя 0,653926 0,000150
имя 0,274437 0,000473
инвестиционный 1,514128 0,000348
инвестиция 1,237874 0,000569
индекс 0,634878 0,000073
индустриальный 1,309333 0,000151
инженерный 1,272966 0,000146
инициатива 1,171183 0,000269
инновационный 1,771957 0,000204
иностранный 0,916291 0,000316
инсбрук 3,912023 0,000899
институт 0,371064 0,000427
инструмент -0,009950 -0,000002
интегральный 2,525729 0,000581
интеза 3,912023 0,000450
интеллектуальный 1,897120 0,000218
интернет 0,755023 0,000174
интерфакс 1,832581 0,000211
инфографика 2,813411 0,000323
информационный 0,462035 0,000053
информация 0,162519 0,000093
инфраструктура 0,891598 0,000717
инфраструктурный 2,207275 0,000254
иоганнович 3,912023 0,000450
исключая 2,995732 0,000344
исключение 0,891598 0,000102
исключительно 1,272966 0,000146
ископаемое 1,560648 0,000179
искра 2,120264 0,000244
искусство 0,478036 0,000220
испания 2,207275 0,000254
исполнитель 1,714798 0,000197
исполнять 1,108663 0,000255
исполняться 2,525729 0,000290
использование -0,009950 -0,000002
использовать 0,020203 0,000005
использоваться 0,223144 0,000051
исследование 0,462035 0,000053
исследователь 0,941609 0,000216
исторический 0,314711 0,000253
история 0,051293 0,000124
источник -0,009950 -0,000011
исчисление 0,776529 0,000089
итал 2,813411 0,000323
италия 1,609438 0,000370
итог 0,494296 0,000625
июл 2,659260 0,000611
июль 0,116534 0,000268
июн 2,659260 0,000611
июнь 0,116534 0,000388
йоханна 3,912023 0,000450
кабардинец 1,832581 0,000421
кабардинка 2,995732 0,000689
каварна 3,218876 0,000370
кавказ 1,771957 0,000204
кавказа 1,660731 0,002673
кавказе 2,207275 0,000761
кавказский 1,966113 0,002938
казак 1,309333 0,000301
казах 1,427116 0,000164
казачий 1,469676 0,000169
калгари 3,912023 0,000450
калининский 2,207275 0,000254
калифорний 2,995732 0,000344
калькулятор 2,407946 0,000277
каменный 0,733969 0,000084
камерный 1,660731 0,000573
камыш-бурун 2,995732 0,000344
канак 3,218876 0,000370
канал 0,673345 0,000077
канат 3,912023 0,000450
канатный 2,207275 0,000761
кандидат 1,272966 0,000293
кандидатура 2,407946 0,000277
каневской 3,218876 0,000370
капитал 1,469676 0,000169
капитан 1,897120 0,000218
караванный 2,995732 0,000344
карасев 3,506558 0,000403
карачи 3,218876 0,000370
кармадон 3,912023 0,000450
каро 2,813411 0,000323
каролино-бугаз 3,218876 0,000370
карп 2,207275 0,000254
карпова 3,506558 0,000403
карт 0,301105 0,000069
карташов 3,912023 0,000450
картли 3,912023 0,000450
карточкевикипедия 1,469676 0,000169
карточкивикипедия 1,309333 0,000151
кастамону 3,218876 0,000370
каталог 0,094311 0,000011
катание 1,966113 0,000226
категория -0,009950 -0,000003
католический 1,237874 0,000285
кафа 1,514128 0,000174
кафедральный 0,967584 0,000445
кафинский 3,912023 0,000450
кача 2,813411 0,000323
качество 0,287682 0,000132
кашин 3,912023 0,000450
каштан 2,525729 0,000290
квариати 3,218876 0,000370
кекушева 3,912023 0,000450
кеппена 2,813411 0,000323
керлинг 3,506558 0,000403
керчь 1,966113 0,000452
киви 3,506558 0,000403
километр 0,693147 0,000080
километровый 2,407946 0,000277
киммериец 3,218876 0,000370
кинозал 2,040221 0,000235
кинотавр 3,912023 0,000450
кинофестиваль 1,832581 0,000211
киоск 2,995732 0,000344
кирилл 2,302585 0,000265
кирова 1,386294 0,000319
кировский 1,237874 0,000285
кирпичный 1,609438 0,000185
кисегач 3,912023 0,000450
кисловодск 3,218876 0,000370
кит 2,207275 0,000254
китай 0,776529 0,000089
китайский 0,653926 0,000075
кичмайский 3,912023 0,000899
классификация 1,514128 0,000174
классифицировать 2,407946 0,000277
классицизм 1,514128 0,000174
кластер 2,120264 0,000244
климат 0,446287 0,000975
климатический 1,049822 0,000603
клочанов 3,912023 0,000450
клуб 0,798508 0,000459
ключ 1,309333 0,000151
кмадлер 3,912023 0,000450
кмадыгейск 3,912023 0,000450
кммайкоп 3,912023 0,000450
кммахачкала 3,218876 0,000370
кммосква 1,832581 0,000211
кмнальчик 3,912023 0,000450
кмростов-на-дону 3,218876 0,000370
кмсанкт-петербург 2,120264 0,000244
кмсевастополь 3,912023 0,000450
книжный 0,798508 0,000275
княжество 1,714798 0,000197
князь 0,867501 0,000499
коблево 3,218876 0,000370
кобулети 3,218876 0,000370
код -0,009950 -0,000064
кодекс -0,009950 -0,000001
кодистория 0,116534 0,000013
кожаново 3,912023 0,000450
коктебель 3,218876 0,000370
количество 0,210721 0,000170
колледж 1,108663 0,001020
коллектор 2,120264 0,000244
колодяжный 3,912023 0,000450
колонизация 2,207275 0,000761
колос 2,525729 0,000290
колоссальный 3,912023 0,000450
колх 3,912023 0,000450
колхида 3,218876 0,001480
колхидский 3,218876 0,001110
колхиду 3,912023 0,000450
колхоз 3,218876 0,000370
кольцо 1,021651 0,000117
команда 0,798508 0,000184
командный 1,347074 0,000465
комитет 0,653926 0,000075
коммерсантъ 1,139434 0,000131
коммерческий 1,021651 0,000117
коммунальный 1,609438 0,000185
компания 0,371064 0,000171
комплекс 0,579818 0,000133
композиция 1,386294 0,000159
комсомольский 0,891598 0,000102
конгресс 2,302585 0,000265
конец 0,198451 0,000114
конкурс 1,171183 0,000404
конкурс-фестиваль 2,995732 0,000344
консалтинг 3,218876 0,000370
константин 1,560648 0,000359
константинопольский 3,912023 0,000899
констанца 3,218876 0,000370
конструктивизм 1,771957 0,000204
конструкция 1,469676 0,000169
консульство 1,771957 0,000611
консультация 2,525729 0,000290
континентальный 0,527633 0,000061
контролировать 1,469676 0,000338
конференция 0,941609 0,000108
конфессия 1,049822 0,000241
конфиденциальность -0,009950 -0,000001
конфликт 1,347074 0,000155
концентрировать 2,995732 0,000344
концерт 1,832581 0,000211
концертный 1,108663 0,000382
конькобежный 2,995732 0,000344
координата 1,347074 0,000310
копайгородский 3,912023 0,001349
копие 0,223144 0,000128
кореец 1,514128 0,000174
кореиз 3,218876 0,000370
кореиз-мисхор 3,912023 0,000450
кореновск 3,506558 0,000403
кореновский 3,506558 0,000403
корень 1,609438 0,000185
короткий -0,009950 -0,000002
корректироваться 3,506558 0,000403
космос 1,237874 0,000142
костарев 3,912023 0,001349
который 0,000000 0,000000
коченовский 3,912023 0,000450
кпсс 1,832581 0,000211
краеведение 2,040221 0,000235
краевой 1,771957 0,000611
краинка 3,912023 0,000450
край 0,544727 0,001378
крайгорода 2,525729 0,000290
крайисполком 2,813411 0,000647
крайне 1,832581 0,000421
крапец 3,218876 0,000370
красная 0,713350 0,000738
красноармейский 1,714798 0,000197
краснодар 1,386294 0,000478
краснодара 2,995732 0,000344
краснодарский 2,302585 0,000794
краснодарским 3,506558 0,000403
краснодарского 2,407946 0,003322
краснодарское 3,218876 0,000740
краснодарском 3,218876 0,001480
краснодарскому 3,506558 0,000403
краснодарстат 3,912023 0,000899
краснодару 3,218876 0,000370
краснополянский 3,912023 0,000899
красноярский 1,609438 0,000185
красный 0,597837 0,000069
красота 2,407946 0,000277
краякурорты 3,912023 0,000450
кремневый 3,506558 0,000403
крепостной 1,714798 0,000394
крест 1,309333 0,000301
криница 3,912023 0,000450
кром 0,235722 0,000135
кропоткин 2,659260 0,000306
крупный 0,210721 0,000581
крыловский 3,506558 0,000403
крым 1,660731 0,000764
крыма 0,843970 0,000097
крымск 3,506558 0,000403
крымский 2,659260 0,000306
крымского 1,832581 0,000421
крыму 2,407946 0,000277
ксв 2,302585 0,000265
кубанский 2,302585 0,001059
кубань 2,659260 0,000611
кудепста 3,912023 0,001349
кудепстинский 3,912023 0,000899
кузнец 1,560648 0,000179
куки -0,009950 -0,000001
кулеви 3,506558 0,000403
кульдур 3,912023 0,000450
культура 0,356675 0,000492
культурный 0,597837 0,000275
кумахов 3,912023 0,000450
кумысолечебный 3,912023 0,000899
купальный 3,506558 0,000403
купечество 2,302585 0,000265
курбанов 3,506558 0,000403
курганинск 3,506558 0,000403
курганинский 3,506558 0,000403
курорт 1,560648 0,002870
курортный 2,302585 0,005029
курортология 3,506558 0,001612
курс 1,171183 0,000135
курьер 2,525729 0,000290
кутаиси 3,506558 0,000403
кущевский 3,506558 0,000403
куяльник 3,218876 0,000370
кырык 1,771957 0,000204
лабинск 3,506558 0,000403
лабинский 3,506558 0,000403
лаврова 3,218876 0,000370
лагерь 1,514128 0,000348
лазарева 2,302585 0,000265
лазаревская 3,912023 0,001349
лазаревский 3,506558 0,002419
лазаревского 3,912023 0,001799
лазаревское 2,659260 0,000917
лазаревском 3,912023 0,000450
лазаревскому 3,912023 0,000899
лазурный 2,040221 0,000235
лебедевка 3,218876 0,000370
левобережный 1,714798 0,000197
легенда 1,469676 0,000169
легкий 0,967584 0,000222
ледниковый 2,407946 0,000277
ледовый 1,078810 0,000124
лежать 0,994252 0,000114
лезгин 1,771957 0,000204
лейк-плэсид 3,912023 0,000899
ленин 0,755023 0,000087
ленинградский 1,560648 0,000179
леон 3,218876 0,000370
леониды 1,966113 0,000226
лермонтово 3,218876 0,000370
лермонтовский 3,218876 0,000370
лес 0,733969 0,000253
лесной 0,843970 0,000194
лесоводство 3,218876 0,000370
лет 0,597837 0,000069
летию 1,078810 0,000124
летний 0,579818 0,000667
лето 0,891598 0,000205
летопись 1,237874 0,000142
лехно 3,912023 0,000450
лечение 1,897120 0,000218
лечхуми 3,912023 0,000450
ливадия 3,506558 0,000403
лига 0,941609 0,000216
лидер 1,237874 0,000142
лиллехаммер 3,912023 0,000450
линия 0,462035 0,000106
листок 2,813411 0,000647
литературно-мемориальный 3,218876 0,000370
лицензия -0,009950 -0,000001
личное 1,714798 0,000197
лишь 0,478036 0,000110
локальный 0,673345 0,000077
лонг-бич 3,912023 0,000450
лоо 3,218876 0,001110
лузановка 3,218876 0,000370
лучшее 1,427116 0,000164
лучший 0,776529 0,000179
лыготхский 3,912023 0,000899
лыжа 2,659260 0,000306
лыжный 1,897120 0,000218
люди 0,755023 0,000174
людоед 3,912023 0,000450
люксембург 2,659260 0,000306
люстдорф 3,218876 0,000370
магазин 1,272966 0,000585
магистраль 0,867501 0,000299
магри 3,912023 0,001349
май 0,127833 0,000456
майкоп 3,218876 0,000740
майкопский 3,912023 0,000450
максимальный 0,867501 0,000199
максимович 3,506558 0,000403
максимум 0,579818 0,000200
мала 1,237874 0,000285
малов 3,912023 0,000450
малодолинское 3,218876 0,000370
малый 0,139262 0,000016
мальчик 3,218876 0,000370
мамай 2,995732 0,000344
мангалия 3,218876 0,000370
мар 2,040221 0,000469
мариец 1,609438 0,000185
марии 2,040221 0,000235
марка 0,733969 0,001519
март 0,116534 0,000241
марциальный 3,912023 0,000450
маршал 1,966113 0,000226
маршрут 0,673345 0,000077
маршрутный 1,049822 0,000121
массив 0,891598 0,000102
масштабный 1,139434 0,000131
материал -0,009950 -0,000002
матч 1,108663 0,000765
мацеста 3,218876 0,000740
мацесте 3,912023 0,000899
мацестинский 3,912023 0,000899
мацесту 3,912023 0,000450
маяк 1,078810 0,000124
мбит 3,506558 0,000403
мгимо 3,912023 0,000450
мегафон 1,237874 0,000142
медвежий 2,813411 0,000323
медиа-центр 3,912023 0,000450
медиафайлы 0,301105 0,000035
медицина 1,309333 0,000151
медицинский 0,653926 0,000150
медунов 3,912023 0,000450
межводное 3,218876 0,000370
межгосударственный 3,218876 0,000740
международный 0,385662 0,000709
междуречье 2,207275 0,000254
межрегиональный 1,771957 0,000407
межсезонный 3,912023 0,000450
ментон 3,912023 0,000450
меньшевистский 3,912023 0,000450
меретуков 3,218876 0,000370
мержанова 3,912023 0,001349
мероприятие 0,916291 0,000421
местный 0,478036 0,000110
место 0,139262 0,000128
месхетии 3,912023 0,000450
месяц 0,415515 0,000191
металлург 2,302585 0,000529
метелев 3,912023 0,000450
метелева 3,912023 0,000450
метр 0,653926 0,000526
метро 1,272966 0,000732
метровый 1,714798 0,000197
мечеть 0,994252 0,000343
мзымта 3,506558 0,000806
мзымты 3,912023 0,000899
мид 2,207275 0,000254
микрорайон 0,916291 0,000211
милан 3,912023 0,000450
миллиард 1,514128 0,000174
миллион 0,776529 0,000089
мингрел 3,912023 0,000899
минеральный 1,139434 0,000262
минимальный 1,347074 0,000155
минимум 0,653926 0,000150
министр 1,171183 0,000135
минск 1,714798 0,000197
мир 0,094311 0,000098
мирной 1,609438 0,000185
мирный 2,207275 0,000254
мировая 0,527633 0,000121
миссионер 3,506558 0,000806
митридат 3,912023 0,000450
митридата 3,912023 0,000450
митрополия 1,660731 0,000191
михаила 1,171183 0,000404
млн 0,462035 0,000319
млрд 0,820981 0,001227
мнение 0,634878 0,000146
многий 1,237874 0,000142
многоконфессиональный 2,813411 0,000323
многочисленный 0,693147 0,000239
многоярусный 3,912023 0,000450
множество 0,462035 0,000212
мобильный -0,009950 -0,000008
мода 2,407946 0,000554
модерн 1,609438 0,000370
модернизировать 2,302585 0,000265
модный 2,525729 0,000290
модуль 0,562119 0,000129
мол 2,995732 0,000344
молдаванин 1,714798 0,000197
молдовский 3,912023 0,000899
молодежь 1,386294 0,000319
молодой 1,021651 0,000117
моляренко 3,912023 0,000450
момент 0,527633 0,000061
монастырь 0,867501 0,000100
монитор 1,897120 0,000218
мониторинг 1,108663 0,000127
монумент 1,272966 0,000293
монументальный 1,714798 0,000197
мор 1,021651 0,000587
мордва 1,309333 0,000151
море 0,562119 0,001228
мороз 1,386294 0,000159
морской 0,994252 0,001143
моряабхазия 3,912023 0,000450
морягрузия 3,218876 0,000370
мосгорпечать 3,912023 0,000450
москва 0,400478 0,000046
москвакраснодар 3,912023 0,000450
москве 1,171183 0,000269
москвич 2,407946 0,000277
москвы 0,653926 0,000075
московский 0,527633 0,000243
мост 0,713350 0,000164
мостовая 2,207275 0,000254
мостовик 3,506558 0,000403
мостовский 3,506558 0,000403
мотор 2,995732 0,000344
мотузко 3,912023 0,000450
мочь -0,009950 -0,000002
мощный 1,021651 0,000117
мпр 3,912023 0,000450
мрамор 2,995732 0,000344
мраморный 2,813411 0,000323
мск 0,843970 0,000097
мтс 1,237874 0,000142
музей 0,653926 0,000752
музыка 0,941609 0,000433
муниципальный 0,713350 0,002378
мусульман 1,171183 0,000269
мусульманский 1,514128 0,000174
мушмула 3,912023 0,000450
мыс 1,386294 0,000159
мэр 1,078810 0,000496
мясо 2,302585 0,000265
мясокомбинат 1,966113 0,000226
набережная 0,891598 0,000205
наблюдаться 0,755023 0,000087
навагинского 3,912023 0,000899
навагинское 3,912023 0,000450
навагинской 3,912023 0,000450
навигация -0,009950 -0,000005
наводнение 2,120264 0,000244
навсегда 2,813411 0,000323
нагано 3,912023 0,000450
нагато 3,912023 0,000450
награда 0,798508 0,000275
наградить 0,941609 0,000216
нагрузка 1,714798 0,000197
наделение 2,407946 0,000554
назад 1,108663 0,000510
название 0,105361 0,000061
назвать 0,371064 0,000043
назначение 1,108663 0,000127
называть 0,174353 0,000020
называться 0,328504 0,000038
наиболее 0,139262 0,000064
наказной 3,912023 0,000450
нальчик 2,407946 0,000554
направить 0,867501 0,000199
направление 0,385662 0,000089
например 0,328504 0,000038
нарком 3,506558 0,000403
народ 0,579818 0,000267
народный 0,616186 0,000283
наряд 1,049822 0,000121
население 0,462035 0,003824
населить 0,597837 0,000481
наследие 0,713350 0,000328
настойчивый 3,912023 0,000450
настоящее 0,287682 0,000066
насыщенность 2,995732 0,000344
натальи 2,995732 0,000344
наталья 1,660731 0,000382
наука 0,235722 0,000271
научно-исследовательский 0,798508 0,000551
научный 0,248461 0,000057
находить 1,560648 0,000179
находиться 0,174353 0,000160
находка 0,994252 0,000114
национальность 0,867501 0,000299
национальный 0,342490 0,000315
начало 0,116534 0,000201
началополномочий 3,912023 0,000450
началось 0,616186 0,000142
начаться 0,562119 0,000065
начинаться 0,527633 0,000121
начиная 0,733969 0,000084
наш 0,527633 0,000243
небесное 2,813411 0,000323
небольшой 0,494296 0,000114
небуг 3,218876 0,000370
нева 2,813411 0,000323
невозможность 2,407946 0,000277
недалеко 1,469676 0,000169
недвижимость 1,897120 0,000436
недолго 3,912023 0,000450
недостаток 0,579818 0,000067
недостаточно 2,207275 0,000254
недоступный 0,446287 0,000051
незаменимый 3,912023 0,000450
некоммерческий -0,009950 -0,000001
некоторые 0,127833 0,000015
некоторый 1,237874 0,000142
немец 1,108663 0,000382
немного 1,309333 0,000151
немногочисленный 2,302585 0,000265
необходимое 1,771957 0,000204
необычайно 3,912023 0,000450
неоклассицизм 2,407946 0,000554
неофициально 2,302585 0,000265
неофициальный 1,139434 0,000131
непосредственно 0,478036 0,000275
непродовольственный 2,813411 0,000323
нерабочий 0,994252 0,000114
нередко 1,108663 0,000127
неретина 3,506558 0,000403
несебыр 3,218876 0,000370
несколько 0,116534 0,000080
неудачно 3,506558 0,000403
неудачный 2,207275 0,000254
нефтяной 1,514128 0,000174
нехватка 1,966113 0,000226
нижне-раздольный 3,912023 0,000450
нижнешиловский 3,912023 0,000899
нижний 0,494296 0,000284
низменность 1,714798 0,000591
низовье 1,966113 0,000226
нии 1,237874 0,000142
никитович 3,218876 0,000370
никифор 3,218876 0,000370
николаев 2,407946 0,000277
николаевич 1,309333 0,000602
николаевка 2,659260 0,000306
николаевский 1,832581 0,000211
николай 0,867501 0,000399
николая 0,916291 0,000316
ниу 2,407946 0,000277
ниццы 3,912023 0,000450
новоапостольской 3,912023 0,000450
новое 0,287682 0,000198
новокубанск 3,506558 0,000403
новокубанский 3,506558 0,000403
новокузнецка 3,218876 0,000370
новомихайловский 3,218876 0,000370
новопокровский 3,506558 0,000403
новороссийск 1,966113 0,000678
новость 0,544727 0,000376
новофедоровка 3,218876 0,000370
новый 0,083382 0,000134
номер 0,634878 0,000146
норвежский 0,248461 0,000029
норма 0,597837 0,000069
нояб 0,820981 0,000094
ноябрь 0,127833 0,000647
нравиться 2,813411 0,000323
нумерация 2,040221 0,000235
ныне 0,653926 0,000301
нынешний 1,021651 0,000235
ныть 2,407946 0,000554
оао 0,916291 0,000211
оба 0,597837 0,000137
обеспечение 0,634878 0,000073
обеспеченность 1,771957 0,000204
обеспечивать 0,415515 0,000048
обзор 1,078810 0,000248
обзорный 2,813411 0,000323
обитание 2,040221 0,000235
обл 1,714798 0,000394
облако 2,207275 0,000254
область 0,150823 0,000087
облачность 2,207275 0,000507
облик 1,203973 0,000138
обнаружить 1,021651 0,000117
обновить 1,203973 0,000138
обновление 1,203973 0,000138
обновлениявикипедия 1,771957 0,000204
обогнать 2,407946 0,000277
обозначить 1,771957 0,000204
оборот 1,139434 0,001310
оборудовать 1,897120 0,000436
обрабатывать 1,049822 0,000241
образ 0,287682 0,000033
образование 0,356675 0,001312
образовать 0,385662 0,000089
обратить 1,966113 0,000226
обращение 0,030459 0,000322
обследовать 2,813411 0,000323
обслуживание 0,941609 0,000108
обслуживать 1,469676 0,000169
обстановка 1,386294 0,000159
общегосударственный 2,995732 0,000344
общее 0,301105 0,000242
общеобразовательный 1,021651 0,000117
общереспубликанский 3,912023 0,000450
общественный 0,494296 0,000341
общество 0,415515 0,000048
общий 0,186330 0,000193
община 1,078810 0,000248
общинный 2,659260 0,000611
объединение 0,776529 0,000089
объединить 0,867501 0,000199
объединять 1,108663 0,000127
объездной 1,897120 0,000218
объект 0,235722 0,000325
объективный 2,207275 0,000761
объем 0,400478 0,000276
объявляться 2,995732 0,000344
обязанность 1,347074 0,000310
овощ 3,506558 0,000403
овощной 3,218876 0,000370
огонь 1,139434 0,000131
огпу 3,506558 0,000806
ограждать 3,912023 0,000450
ограничить 0,653926 0,000075
одесса 2,207275 0,000507
одессе 3,218876 0,000370
одесский 2,525729 0,000290
один 0,051293 0,000029
однако 0,174353 0,000040
одного-пяти 3,912023 0,000450
одноименный 0,967584 0,000111
одноклассник 2,407946 0,000277
ожидать 1,272966 0,000146
озеро 0,673345 0,000310
оказывать 0,867501 0,000299
оказываться 1,966113 0,000226
окато 0,820981 0,000189
океанариум 2,525729 0,000290
окловекаеуг 3,912023 0,000450
окончание 1,309333 0,000151
окончаниеполномочий 3,912023 0,000450
окраина 1,049822 0,000121
окрестность 0,941609 0,000433
округ 0,562119 0,002003
окружать 0,755023 0,000174
окружить 1,771957 0,000204
окт 0,798508 0,000275
октмо 0,843970 0,000097
октябрь 0,072571 0,000242
октября-начала 3,912023 0,000450
олег 1,427116 0,000164
оленевка 3,218876 0,000370
олимп 2,407946 0,000277
олимпиада 2,407946 0,001107
олимпиадсочикурорты 3,912023 0,000450
олимпийский 1,108663 0,003059
ольга 1,347074 0,000155
ольгинка 3,218876 0,000370
онлайн 0,198451 0,000023
оон 1,560648 0,000359
ооо 0,843970 0,000097
оператор 0,941609 0,000433
операция 0,776529 0,000089
опережать 2,207275 0,000254
описание -0,009950 -0,000003
определение 0,967584 0,000222
определять 0,867501 0,000100
оптовый 1,966113 0,000452
опытный 1,108663 0,000127
оранжево-красная 3,912023 0,000450
организация -0,009950 -0,000005
организовать 0,634878 0,000146
органный 1,966113 0,000678
орда 1,714798 0,000197
орден 0,891598 0,000307
орджоникидзе 2,040221 0,001876
ореанда 3,912023 0,000450
оренбургско-бузулукский 3,912023 0,000450
оригинал 0,139262 0,000176
оркестр 1,386294 0,000319
орудие 1,897120 0,000218
осадок 0,544727 0,000188
освобождение 1,514128 0,000174
осенне-весенний 3,912023 0,000450
осень 0,941609 0,000108
осетин 1,771957 0,000204
осетия-алания 3,506558 0,000403
осло 3,218876 0,000370
основа 0,210721 0,000048
основание 0,494296 0,000341
основать 0,274437 0,000189
основное 0,235722 0,000081
основной 0,040822 0,000070
особенно 0,562119 0,000065
особо 1,237874 0,000142
оставаться 0,544727 0,000063
оставить 1,427116 0,000164
остальное 1,897120 0,000218
остальной 0,616186 0,000071
остановка 1,514128 0,000174
островской 2,040221 0,000235
ось 2,207275 0,000254
ответственность -0,009950 -0,000001
отвоевать 3,218876 0,000370
отгрузить 1,386294 0,000319
отгрузка 3,506558 0,000403
отделение 0,713350 0,000164
отделить 1,966113 0,000226
отдельный -0,009950 -0,000002
отдых 0,941609 0,000325
отдыхать 2,302585 0,000529
отель 1,660731 0,000191
отечественный 0,634878 0,000438
отказ -0,009950 -0,000001
отказаться 1,427116 0,000164
открытие 0,616186 0,000071
открыто 1,078810 0,000124
открыть 0,150823 0,000139
открыться 0,820981 0,000094
отличать 1,966113 0,000226
отличаться 0,342490 0,000039
отличие 0,798508 0,000092
отм 3,506558 0,000806
отметить 0,616186 0,000071
отмечать 1,078810 0,000124
отнести 1,560648 0,000179
относительно 0,415515 0,000048
относить 1,469676 0,000169
относиться 0,328504 0,000038
отношение 0,430783 0,000248
отрадненский 3,506558 0,000403
отрадный 2,525729 0,000290
отражать 1,309333 0,000151
отрасль 0,653926 0,000301
отредактировать -0,009950 -0,000001
отсутствовать 0,776529 0,000179
отсюда 1,897120 0,000218
отто 3,218876 0,000370
отходить 1,897120 0,000436
офис 1,560648 0,000179
официальный 0,356675 0,000533
охватывать 1,237874 0,000285
охранять 1,427116 0,000164
оценивать 2,207275 0,000254
оценка 0,400478 0,000552
очаков 3,218876 0,000370
очамчира 3,506558 0,000403
очень 0,494296 0,000114
очередь 0,510826 0,000059
ошибкекак -0,009950 -0,000001
павел 1,078810 0,000248
павильон 2,040221 0,000235
павловский 2,302585 0,000265
пагуошская 3,912023 0,000450
памятник 0,597837 0,000550
памятный 0,798508 0,000184
панама 3,218876 0,000370
панорама 1,203973 0,000138
пансион 3,506558 0,000403
пансионат 3,218876 0,000740
паралимпийские 3,912023 0,000450
паралимпийских 3,912023 0,000450
параллельно 1,237874 0,000142
парк 0,653926 0,000827
парламент 2,120264 0,000487
партенит 3,218876 0,000370
партнер 1,514128 0,000522
пасмурный 1,966113 0,000226
пассажирский 0,941609 0,000108
патриарх 2,040221 0,000235
патриархия 2,659260 0,000611
пахомов 3,912023 0,000450
пгт 2,302585 0,000794
пекин 2,659260 0,000306
первое 0,150823 0,000121
первомайский 1,347074 0,000155
первый 0,162519 0,000243
перевальный 3,912023 0,000450
перевозка 0,891598 0,000102
передний 2,525729 0,000290
перезимовать 3,912023 0,000450
переизбрать 3,218876 0,000370
переименовать 0,941609 0,000108
перейти -0,009950 -0,000002
перенести 0,994252 0,000114
перепелиный 3,912023 0,000450
перепись 0,755023 0,001389
переработка 1,469676 0,000169
переселение 2,120264 0,000244
переходный 2,407946 0,000554
перечень 1,108663 0,000127
период 0,274437 0,000442
периодический 1,560648 0,000359
перо 2,407946 0,000277
перс 1,897120 0,000436
персией 3,218876 0,000370
персональный -0,009950 -0,000001
перспектива 1,049822 0,000362
песок 1,714798 0,000197
петр 1,108663 0,000127
печать -0,009950 -0,000002
пещер 1,897120 0,000218
пик 1,609438 0,000185
пиковый 2,525729 0,000581
пиньинь 3,506558 0,000403
пионер 1,427116 0,000164
пират 3,912023 0,000450
писатель 0,916291 0,000105
писать 0,820981 0,000094
питание 1,171183 0,000539
пицунда 2,995732 0,000344
пицундский 3,912023 0,000450
пицунды 3,912023 0,000450
пищевой 0,916291 0,000105
план 0,527633 0,000607
плантация 3,218876 0,000370
плат 1,771957 0,000204
платный 1,469676 0,000169
платформа 1,049822 0,000121
плацдарм 2,995732 0,000344
племя 1,514128 0,000696
плес 1,832581 0,000211
плита 1,832581 0,000632
плод 2,407946 0,000277
плодовый 3,218876 0,000370
плодородный 2,659260 0,000306
плотность 0,634878 0,000073
плохой 2,040221 0,000235
площадка 0,867501 0,000199
площадь 0,385662 0,000310
пляжный 2,207275 0,000254
победа 0,755023 0,000174
победить 1,609438 0,000185
побережье 1,171183 0,003366
побратим 1,514128 0,000174
поведение -0,009950 -0,000001
повлиять 1,609438 0,000185
повод 1,897120 0,000218
повторный 2,120264 0,000244
погиб 2,525729 0,000290
погода 0,693147 0,000319
погодный 2,302585 0,000265
подавить 2,525729 0,000290
подавлять 1,771957 0,000204
подготовка 0,916291 0,000105
поддержка 0,653926 0,000150
поднять 1,609438 0,000185
подобный 0,994252 0,000343
подписать 0,941609 0,000325
подпись 2,407946 0,000277
подрасти 3,912023 0,000450
подробный 1,832581 0,000211
подсчет 2,120264 0,000244
подтвердить 1,309333 0,000301
подтверждаться 2,040221 0,000235
подходить 1,386294 0,000159
подчинение 1,237874 0,000427
подчинить 1,347074 0,001084
подчиняться 1,660731 0,000191
подъем 1,386294 0,000159
позволять 0,462035 0,000053
поздно 0,713350 0,000082
позже 0,733969 0,000084
позиция 1,347074 0,000155
поиск -0,009950 -0,000002
показатель 0,494296 0,000227
покорить 2,525729 0,000290
покровитель 2,207275 0,000254
покровка 2,813411 0,000323
пол 0,446287 0,000051
полагать 2,120264 0,000244
полезный 1,203973 0,000138
полиди 3,506558 0,000403
поликлиника 1,309333 0,000301
поликультурного 3,912023 0,000450
политиди 3,912023 0,000899
политик -0,009950 -0,000001
политический 0,597837 0,000137
полк 1,469676 0,000169
полковник 1,771957 0,000204
полностью 0,400478 0,000046
полный 0,328504 0,000113
половина 0,430783 0,000248
положение 0,415515 0,000191
положить 1,514128 0,000696
полуостров 1,171183 0,000269
полусухой 3,506558 0,000403
получить 0,150823 0,000035
польский 1,347074 0,000155
поляк 0,820981 0,000283
полякова 2,813411 0,000323
поляна 1,427116 0,001148
помогать 1,897120 0,000218
поморие 3,218876 0,000370
помочь 1,171183 0,000135
помощь 0,342490 0,000079
понижение 2,040221 0,000235
понизовка 3,218876 0,000370
понимать 1,609438 0,000185
понтийского 3,506558 0,000806
поп 1,966113 0,000226
попадать 1,771957 0,000204
попеременно 3,506558 0,000403
популярно 3,506558 0,000403
попытка 1,272966 0,000585
поработить 3,506558 0,000403
поражение 1,897120 0,000218
породнить 2,525729 0,000290
порт 0,733969 0,001941
портовый 2,040221 0,000235
португалия 2,813411 0,000647
порядка 1,139434 0,000131
посад 1,469676 0,000845
посадочный 2,813411 0,000323
поселение 0,634878 0,000657
поселить 3,218876 0,000370
поселковый 2,813411 0,001941
поселок 0,634878 0,000584
посетить 1,203973 0,000138
посещать 1,560648 0,000179
поскольку 0,941609 0,000108
послать 2,040221 0,000235
послевоенный 1,309333 0,000151
последний -0,009950 -0,000007
пост 1,078810 0,000248
постановить 2,407946 0,000277
постановление 0,891598 0,000102
посткоммунистический 3,912023 0,000450
постоянная 0,843970 0,000097
постоянный 0,579818 0,000533
построить 0,301105 0,000554
постройка 0,867501 0,000100
постсоветский 1,609438 0,000185
потерпеть 2,407946 0,000277
потерять 1,386294 0,000159
поти 2,995732 0,000344
поток 0,967584 0,000111
потратить 2,040221 0,000235
потребительский 1,832581 0,000211
потребление 2,120264 0,000244
потрепать 3,912023 0,000450
потчевать 3,912023 0,000450
похожие 2,659260 0,000306
почетный 0,820981 0,000472
почтамт 2,659260 0,000306
почтовый 0,653926 0,001428
поэтому 0,616186 0,000071
появиться 0,248461 0,000086
появление 0,653926 0,000075
появляться 0,733969 0,000169
поярко 3,912023 0,000450
пояс 0,597837 0,000069
правда 0,820981 0,000189
правительственный 1,832581 0,000211
правительство 0,510826 0,000235
править -0,009950 -0,000118
правка 0,274437 0,000063
правкиновые -0,009950 -0,000001
правкипостоянная -0,009950 -0,000001
право 0,314711 0,000036
правобережный 1,832581 0,000211
правобережье 1,966113 0,000226
православие 1,386294 0,000159
православный 0,755023 0,000174
праздник 1,203973 0,000138
прасковеевка 3,912023 0,000450
пребывание 1,832581 0,000211
превосходить 2,040221 0,000235
превышать 0,673345 0,000232
предалтарный 3,912023 0,000450
предание 1,771957 0,000204
предводительство 1,897120 0,000218
предгорный 2,813411 0,000323
преддверие 2,995732 0,000344
предел 0,400478 0,000322
предлагать 1,514128 0,000174
предложить 0,820981 0,000094
предмет 0,713350 0,000082
предназначить 1,139434 0,000131
предоставлять 0,713350 0,000164
предполагаться 1,078810 0,000124
предположительно 1,966113 0,000226
предприятие 0,527633 0,001213
председатель 0,916291 0,000105
представительство 0,994252 0,000229
представить 0,328504 0,000076
представиться -0,009950 -0,000001
предыдущее 2,040221 0,000235
прежнее 1,560648 0,000179
президент 0,597837 0,000206
президиум 1,171183 0,000539
преимущественно 0,776529 0,000089
преимущество 1,514128 0,000174
премьер-лиге 2,813411 0,000323
премьер-министр 2,995732 0,000344
преобладать 0,713350 0,000082
преобразование 1,347074 0,000155
преследовать 2,525729 0,000290
пресс-служба 2,659260 0,000306
претендент 2,995732 0,000344
префект 3,506558 0,000403
прибрежный 1,386294 0,000637
приверженец 2,995732 0,000689
привести 0,356675 0,000041
привлекательность 1,832581 0,000211
привлекать 1,609438 0,000185
привлечение 1,660731 0,000191
пригород 1,714798 0,000197
пригородный 0,967584 0,000111
придти 0,755023 0,000087
призер 1,514128 0,000348
признать 0,494296 0,000341
прийтись 1,469676 0,000845
приключение 2,995732 0,000344
прилегать 1,237874 0,000285
приложение 0,733969 0,000169
прилуков 3,912023 0,000450
прима 3,506558 0,000403
приматология 3,912023 0,000450
применять 0,510826 0,000059
пример 0,527633 0,000061
примерно 0,634878 0,000219
примечание -0,009950 -0,000003
приморский 1,897120 0,001309
приморско 2,995732 0,000344
приморско-ахтарск 2,659260 0,000306
приморско-ахтарский 3,218876 0,000370
приморье 2,813411 0,000323
приниматься 2,120264 0,000244
принятие 1,560648 0,000179
принять 0,248461 0,000143
приобрести 1,139434 0,000131
приобретать 1,966113 0,000452
приостановить 1,609438 0,000370
приписывать 2,995732 0,000344
природа 0,653926 0,000150
природно-климатических 3,912023 0,000450
природный 0,510826 0,000117
прирост 1,309333 0,000151
присвоение 1,139434 0,000131
присвоить 0,798508 0,000184
пристань 1,427116 0,000328
присутствие 1,514128 0,000174
присутствовать 1,021651 0,000117
присущий 2,207275 0,000254
присяга 2,659260 0,000306
приход 1,108663 0,000382
приходить 1,309333 0,000151
приходиться 0,693147 0,000478
прихожанин 2,659260 0,000611
причерноморье 2,525729 0,000581
пробенко 3,912023 0,000450
проблема 0,274437 0,000063
проведение 0,673345 0,000464
проверить 0,478036 0,000055
проверка 0,843970 0,000097
проводить 0,843970 0,000194
проводиться 0,653926 0,000226
прогноз 1,427116 0,000328
прогуляться 3,912023 0,000450
продавать 2,302585 0,000265
продовольственный 1,832581 0,000211
продолжаться 1,049822 0,000362
продолжительность 1,021651 0,000117
продолжительный 1,560648 0,000179
продолжить 1,771957 0,000204
продукция 0,941609 0,000108
проект -0,009950 -0,000016
проектироваться 2,407946 0,000277
проживать 0,776529 0,000625
произведение 1,021651 0,000235
произвести 1,203973 0,000138
производитель 1,309333 0,000151
производиться 1,108663 0,000127
производство 0,527633 0,000182
произойти 0,430783 0,000099
произрастание 3,218876 0,000370
происходить 0,328504 0,000076
пройти 0,544727 0,000751
прокат 2,120264 0,000244
прокофьевич 3,218876 0,000370
промсвязьбанка 3,506558 0,000403
промышленность 0,494296 0,000284
промышлять 0,462035 0,000053
проникнуть 2,525729 0,000290
просмотр -0,009950 -0,000002
проспект 0,891598 0,000717
простираться 1,714798 0,000197
просуществовать 2,120264 0,000487
протестант 2,040221 0,000235
протяженность 0,776529 0,000179
профессиональный 0,733969 0,000253
профессор 0,967584 0,000111
профиль 1,427116 0,000164
прохладно 3,218876 0,000370
прохладный 2,659260 0,000306
проходить 0,462035 0,000212
прочее 0,544727 0,000063
прочий 3,506558 0,000403
прошунин 3,912023 0,001349
прыжок 2,302585 0,000265
прямой 1,660731 0,000191
прямоугольный 1,560648 0,000179
псевдо-скилак 3,912023 0,000450
псезуапсе 3,912023 0,000450
псоу 3,218876 0,001480
птица 1,272966 0,000146
птицефабрика 2,995732 0,000344
публичный 1,078810 0,000124
пузан 3,912023 0,000450
пузанова 3,912023 0,000450
пункт 0,494296 0,000511
пустить 1,514128 0,000174
путеводитель 0,713350 0,000082
путина 1,386294 0,000159
путь 0,261365 0,000030
пушка 2,120264 0,000244
пушкин 0,916291 0,000316
пхенчхан 3,912023 0,000450
пчеловодство 3,218876 0,000370
пытаться 1,237874 0,000285
пярну 3,506558 0,000403
пятигорск 2,813411 0,000647
пятый 0,994252 0,000229
пять 0,693147 0,000080
работа 0,127833 0,000029
работать 0,314711 0,000109
рабочий 0,597837 0,000069
раввин 3,506558 0,000403
равда 3,218876 0,000370
равноапостольный 2,207275 0,000507
равный 1,203973 0,000138
радиостанция 1,021651 0,000117
раевского 3,218876 0,000370
раз -0,009950 -0,000001
развернуться 2,525729 0,000290
развивать 1,660731 0,000191
развитие 0,127833 0,000279
развить 0,616186 0,000213
развлечение 2,120264 0,000244
раздел 0,342490 0,000039
разделение 1,021651 0,000117
разделить 0,527633 0,000121
раздольный 3,912023 0,000450
раздольский 3,912023 0,000899
различный 0,116534 0,000027
размещение 0,673345 0,000077
разница 1,897120 0,000218
разногласие 1,714798 0,000394
разное 1,078810 0,000248
разработать 0,616186 0,000142
разработчик -0,009950 -0,000001
разрушить 1,139434 0,000131
район 0,430783 0,002575
районный 1,171183 0,000539
рамка 0,478036 0,000055
рамн 2,302585 0,000265
ранний 0,733969 0,000759
рано 0,261365 0,000030
раскинуться 3,506558 0,000403
раскопка 1,897120 0,000218
располагаться 0,544727 0,000188
расположение 0,776529 0,000089
расположить 0,385662 0,000488
распоряжение 1,139434 0,000131
распределение 1,203973 0,000415
распространение 0,891598 0,000205
рассказать 1,966113 0,000226
расстояние 0,713350 0,000328
рассчитывать 2,407946 0,000277
растительность 1,309333 0,000151
расхн 2,995732 0,000344
расцвет 2,040221 0,000469
расчет 0,820981 0,000189
расширение 0,415515 0,000096
расширить 0,967584 0,000222
рачить 3,912023 0,000450
реабилитация 2,659260 0,000306
реализация 0,798508 0,000092
реализовать 0,673345 0,000077
революция 0,562119 0,000129
регион 0,385662 0,000177
региональный 0,634878 0,000219
регулировать 2,207275 0,000254
ред 0,235722 0,000054
редко 1,514128 0,000348
резиденция 1,832581 0,000211
результат 0,174353 0,000040
резьба 2,813411 0,000323
рейнгольд 3,912023 0,000450
рейтинг 0,967584 0,000890
рейтинговый 2,407946 0,001107
река 0,446287 0,001026
реконструкция 0,820981 0,000378
рекреационный 1,469676 0,000169
религиозный 0,891598 0,000102
религия 0,755023 0,000174
рельеф 0,798508 0,000092
ремонтно-механический 3,912023 0,000450
реорганизация 2,207275 0,000254
рескрипт 3,912023 0,000899
республика 0,527633 0,000425
республиканский 1,714798 0,000197
ресурс 0,020203 0,000005
ресурсоснабжающие 3,912023 0,000450
ретро 1,897120 0,000436
решение 0,328504 0,000038
риа 1,049822 0,000121
ривьера 3,218876 0,004070
ривьерский 3,912023 0,000450
риза 3,218876 0,000370
римини 3,912023 0,000450
римом 3,506558 0,000403
римский 1,897120 0,000218
римско-католический 1,832581 0,000421
рио 2,407946 0,000277
ркка 1,966113 0,000678
род 0,843970 0,000097
родное 1,966113 0,000226
родригез 3,912023 0,000450
рождаемость 1,966113 0,000226
роза 0,916291 0,000105
розничный 1,171183 0,000539
романтический 2,525729 0,000290
ромбический 3,912023 0,000450
росбанка 3,506558 0,000403
россельхозбанка 3,912023 0,000450
россиева 3,912023 0,000450
российский 0,105361 0,000569
россинский 3,912023 0,000450
россия 0,174353 0,001002
росстат 0,776529 0,000536
росстата 2,207275 0,000761
рост 0,597837 0,000275
ростелеком 1,386294 0,000159
ростова-на-дону 2,813411 0,000323
рпц 2,302585 0,000265
рсфср 0,733969 0,000591
руб 1,171183 0,000808
рубеж 1,021651 0,000117
рубль 0,755023 0,001042
руководитель 1,203973 0,000415
руководство 0,544727 0,000063
румын 1,897120 0,000218
румыния 2,120264 0,000244
румынияконстанцатурция 3,912023 0,000450
рус 0,162519 0,000579
русс 2,302585 0,000265
русский -0,009950 -0,000015
русско-турецкой 2,659260 0,000306
русудан 3,912023 0,000450
русфинанс 3,506558 0,000403
русь 1,139434 0,000131
ручей 1,771957 0,000204
рыбаковка 3,218876 0,000370
рыбальче 3,218876 0,000370
рыбное 2,813411 0,000323
рыбный 1,609438 0,000185
рынок 0,713350 0,000410
рысин 3,506558 0,000403
ряд 0,223144 0,000128
савельевич 3,506558 0,000403
савич 3,912023 0,000450
садоводство 2,813411 0,000323
саид 3,506558 0,000403
сайт 0,210721 0,000266
сам 0,162519 0,000037
саммит 2,040221 0,000704
самолет 1,237874 0,000285
самоотверженный 3,912023 0,000450
самостоятельный 0,820981 0,000283
самоцвет 3,218876 0,000370
самсун 3,218876 0,000740
самсуну 3,912023 0,000450
самшвилде 3,912023 0,000450
самый 0,174353 0,000120
санаторий 1,714798 0,004337
санаторно-курортный 2,525729 0,000290
санаторный 2,995732 0,000344
санкт-мориц 3,912023 0,000899
санкт-петербург 0,616186 0,000213
санный 3,912023 0,000450
саппоро 3,506558 0,000806
сараево 2,995732 0,000344
сарпи 3,218876 0,000370
саха 2,813411 0,000323
сбербанк 1,714798 0,000197
сванетию 3,912023 0,000450
свети-влас 3,218876 0,000370
светлана 2,302585 0,000529
светлогорск-отрадное 3,912023 0,000450
свидетельствовать 1,386294 0,000319
свободный -0,009950 -0,000001
свое 0,287682 0,000132
своеобразный 1,966113 0,000226
свой 0,150823 0,000069
свойство 0,415515 0,000096
свыше 0,891598 0,000102
связать 0,174353 0,000040
связаться -0,009950 -0,000001
связывать 0,916291 0,000316
связь 0,174353 0,000381
свято-николаевского 3,912023 0,000450
святой 0,755023 0,000694
священный 1,897120 0,000218
сгутикд 3,912023 0,000450
севастополь 1,771957 0,000407
севастопольский 3,506558 0,000403
севастополя 2,813411 0,000323
север 0,527633 0,000121
северные 1,171183 0,000135
северный 0,385662 0,000177
северо-восточный 1,386294 0,000159
северо-запад 1,469676 0,000169
северо-западный 1,078810 0,000248
северо-кавказскому 3,506558 0,000403
северский 2,813411 0,000323
сегодня 0,616186 0,000071
седьмой 1,139434 0,000131
сезон 0,916291 0,000632
сей 0,693147 0,000080
секретарь 1,660731 0,000191
селение 1,832581 0,000211
село 0,891598 0,000205
сельский 0,634878 0,001314
сельскохозяйственный 0,941609 0,000216
сельхозартель 3,912023 0,000450
сельхозкомбината 3,912023 0,000450
семеновод 3,912023 0,000450
семеном 2,995732 0,000344
семизначный 2,659260 0,000306
сен 2,407946 0,000554
сент 0,843970 0,000097
сентябрь 0,072571 0,000217
серб 1,897120 0,000218
сергеевич 2,302585 0,000529
сергеевка 2,995732 0,000344
сергей 0,967584 0,000334
сергей-поле 3,912023 0,000899
сергиевские 3,912023 0,000450
серго 3,218876 0,000370
серебряный 0,891598 0,000102
середина 0,356675 0,000041
серия 0,713350 0,000246
серноводск-кавказский 3,912023 0,000450
сеть 0,356675 0,000205
сечь 2,813411 0,000323
сжать 2,995732 0,000344
сжигать 3,218876 0,000370
сила 0,494296 0,000057
сильно 0,755023 0,000087
сильный 0,544727 0,000125
симеиз 3,218876 0,000740
симона 3,912023 0,000450
симфонический 1,560648 0,000359
синагога 1,347074 0,000310
синод 2,207275 0,000254
синоп 3,218876 0,000370
сирийский 3,912023 0,000450
сириус 2,995732 0,003099
система 0,051293 0,000018
системеобсуждениевкладсоздать -0,009950 -0,000001
сияние 1,832581 0,000632
скадовск 3,218876 0,000370
скачать -0,009950 -0,000001
скво-вэлли 3,912023 0,000450
скелетон 3,912023 0,000450
складывание 3,506558 0,000403
склон 1,347074 0,000310
скобка 1,897120 0,000218
сколько 0,653926 0,000075
скоростной 1,309333 0,000301
скорость 0,755023 0,000087
скотоводство 3,218876 0,000370
слабо 1,897120 0,000218
славянск-на-кубани 3,506558 0,000403
славянский 1,386294 0,000159
след 1,427116 0,000328
следовать 0,235722 0,000054
словарь 0,094311 0,000033
слово 0,210721 0,000024
сложиться 0,994252 0,000114
сложность 1,049822 0,000241
сложный 0,446287 0,000051
служба 0,527633 0,000182
случай -0,009950 -0,000001
слушание 2,525729 0,000290
смена 1,272966 0,000146
сменить 1,714798 0,000197
смешать 1,309333 0,000151
смещение 0,733969 0,000084
снг 1,714798 0,000197
снег 1,386294 0,000159
снегопад 2,659260 0,000306
снимок 1,660731 0,000191
снк 2,659260 0,000306
сноуборд 2,995732 0,000344
сняться 3,218876 0,000370
соболевка 3,912023 0,000450
собор 0,733969 0,000591
соборный 1,049822 0,000241
собрание 0,634878 0,000146
собрать 1,386294 0,000159
собственно 1,386294 0,000159
собственный 0,446287 0,000051
событие 0,733969 0,000169
событияпожертвовать -0,009950 -0,000001
совершенно 2,302585 0,000265
совет 0,462035 0,000212
советский 0,261365 0,000240
совещание 2,302585 0,000265
совместно 1,427116 0,000164
совпасть 2,407946 0,000277
современный 0,150823 0,000121
совхоз 2,659260 0,000306
согласно 0,301105 0,000277
соглашение 0,994252 0,000114
согревать 3,506558 0,000403
содержание 0,010050 0,000001
создаваться 1,078810 0,000124
создание 0,301105 0,000035
создать 0,210721 0,000121
созопол 3,218876 0,000370
сокращение 0,867501 0,000100
солдат 1,469676 0,000169
солдатов 3,218876 0,000370
солнечный 0,597837 0,000344
соловей 1,966113 0,000452
солохаульский 3,912023 0,001349
солт-лейк-сити 3,912023 0,000450
сообщение 0,478036 0,000055
сообщить -0,009950 -0,000001
сооружение 0,733969 0,000253
соответствовать 0,371064 0,000043
сопротивление 2,207275 0,000507
соревнование 1,108663 0,000382
соседний 1,203973 0,000138
сосредоточить 1,171183 0,000135
состав 0,248461 0,000428
составить 0,400478 0,000414
составлять 0,198451 0,000274
состояние 0,248461 0,000114
софиевка 3,218876 0,000370
сохранение -0,009950 -0,000005
сохранить 1,171183 0,000269
сохраниться 0,820981 0,000094
социально-экономического 1,237874 0,000569
социально-экономическом 2,525729 0,000290
социальный 0,527633 0,000182
сочетать 2,040221 0,000235
сочи-бриз-отель 3,912023 0,000450
сочи-мацестинский 3,912023 0,000450
сочи-мацестинского 3,912023 0,000899
сочиведение 3,912023 0,000450
сочивнутригородские 3,912023 0,000450
сочинакануне 3,912023 0,000450
сочинеруд 3,912023 0,000450
сочинец 3,912023 0,000450
сочинский 3,218876 0,025162
сочистрим 3,912023 0,000450
сочить 1,514128 0,052565
союз 0,579818 0,000200
союзник 2,407946 0,000277
спб 0,385662 0,000044
спектр 1,609438 0,000185
специализировать 0,994252 0,000114
специально 1,714798 0,000197
специальный 0,415515 0,000048
список 0,210721 0,000073
спонсор 3,218876 0,000740
спорный 1,514128 0,001044
спорт 0,713350 0,000574
спортивный 0,891598 0,000717
способствовать 0,867501 0,000100
справка 1,203973 0,000138
справочник 0,798508 0,000275
спуск 1,897120 0,000218
сравнение 0,733969 0,000084
среди 0,198451 0,000137
средиземноморский 2,525729 0,000290
средневековый 1,386294 0,000319
средневековье 1,660731 0,000573
среднегодовой 0,776529 0,000446
среднее 0,342490 0,000315
среднемесячный 1,560648 0,000179
средний 0,371064 0,000213
средство 0,287682 0,000066
срок 0,798508 0,000184
сср 0,820981 0,000094
ссср 0,314711 0,000724
сссргорода 2,813411 0,000323
ссылка -0,009950 -0,000014
ссылкамивикипедия 1,609438 0,000185
ссылкасведения -0,009950 -0,000001
ссылкойвикипедия 1,660731 0,000191
стабильный 0,820981 0,000189
ставрополь 2,207275 0,000254
стадион 0,891598 0,000205
сталина 2,040221 0,001642
сталинский 1,514128 0,000348
сталь 0,415515 0,000048
стандарт 0,867501 0,000299
становиться 0,415515 0,000096
станция 0,579818 0,000067
староминский 3,506558 0,000403
староста 2,525729 0,000290
стартовать 1,714798 0,000197
старый 0,314711 0,000145
стат 2,302585 0,000529
статистик -0,009950 -0,000003
статистический 0,713350 0,001148
статус 0,430783 0,000495
стать 0,083382 0,000077
статьевикипедия 1,660731 0,000191
статьестатьи 0,843970 0,000097
статьислучайная -0,009950 -0,000001
статьисообществофорумсправкасвежие -0,009950 -0,000001
статья 0,020203 0,000051
статьяобсуждение -0,009950 -0,000001
статьятекущие -0,009950 -0,000001
стационарный 1,108663 0,000127
стела 1,386294 0,000159
стен 0,967584 0,000222
стена 2,302585 0,000265
степанович 2,525729 0,000290
степень 0,673345 0,000077
стиль 0,673345 0,000387
стоить 0,891598 0,000102
столица 0,755023 0,000694
столичный 1,660731 0,000191
столько 1,832581 0,000211
сторожевой 2,040221 0,000235
сторона 0,235722 0,000163
стоянка 1,897120 0,000218
стоять 1,386294 0,000159
стр 1,309333 0,000753
страбон 2,813411 0,000323
страбона 3,218876 0,000370
страна 0,235722 0,000352
страница -0,009950 -0,000007
страницасодержаниеизбранные -0,009950 -0,000001
страницецитировать -0,009950 -0,000001
страницуполучить -0,009950 -0,000001
страницыслужебные -0,009950 -0,000001
стрелка 1,560648 0,000179
строение 0,891598 0,000102
строитель 1,272966 0,000146
строительный 0,891598 0,000102
строительство 0,462035 0,000956
строиться 0,693147 0,000159
стройматериал 3,218876 0,000370
структура 0,400478 0,000046
студент 1,237874 0,000285
субаши 3,912023 0,000450
субботин 3,506558 0,000403
субтропик 3,506558 0,001209
субтропический 1,832581 0,001475
субъект 0,597837 0,000206
судак 2,525729 0,000290
судить 2,525729 0,000290
судостроительный 1,966113 0,000226
сукко 3,218876 0,000370
суточный 0,755023 0,000174
сухум 2,659260 0,000611
сухуми 3,912023 0,000450
существовать 0,020203 0,000014
сфера 0,562119 0,000194
сформировать 1,078810 0,000124
схема 0,916291 0,000105
сходство 2,813411 0,000647
схожий 1,966113 0,000226
сценический 2,525729 0,000290
счет 0,562119 0,000129
считаться 0,385662 0,000089
сша 0,562119 0,000065
сыграть 1,714798 0,000197
сюдасвязанные -0,009950 -0,000001
таблица 0,544727 0,000313
табличный 1,237874 0,000142
таджик 1,272966 0,000146
такое 0,328504 0,000038
такой 0,162519 0,000075
такси 1,021651 0,000235
тамань 2,813411 0,000323
тамара 2,407946 0,000277
тамары 3,506558 0,000403
тамиск 3,912023 0,000450
тао-кларджети 3,506558 0,000403
тараскуль 3,912023 0,000450
тарнопольский 3,912023 0,000450
татарин 0,733969 0,000337
татьяна 1,609438 0,000185
тбилиси 2,813411 0,000323
тбилисский 3,506558 0,000403
твой 2,207275 0,000254
творчество 1,021651 0,000117
театр 0,713350 0,001066
теберда 3,912023 0,000450
текст -0,009950 -0,000001
телевидение 0,820981 0,000189
телеграф 2,120264 0,000244
телеканал 0,916291 0,000105
телесистема 2,659260 0,000306
телефония 2,813411 0,000323
телефонный 0,776529 0,000268
тематический 0,510826 0,000059
темно-серый 3,912023 0,000450
темп 1,347074 0,000155
температура 0,510826 0,000411
темрюк 2,525729 0,000290
темрюкский 3,218876 0,000370
теплолюбивый 3,506558 0,000403
теплый 1,171183 0,000404
термин 0,198451 0,000023
терминал 1,347074 0,000310
терра 2,659260 0,000306
терраса 1,897120 0,000218
территориальный 0,713350 0,000574
территория 0,356675 0,001722
терсинка 3,912023 0,000450
техникум 1,272966 0,000146
технический 0,462035 0,000053
технология 0,400478 0,000046
течение 0,314711 0,000109
течь 0,274437 0,000032
тиб 3,912023 0,000450
тильке 3,912023 0,000450
тимашевск 3,506558 0,000403
тимашевский 3,506558 0,000403
тип 0,072571 0,000050
типичный 1,427116 0,000164
титул 1,832581 0,000211
тихорецк 2,813411 0,000323
тихорецкий 3,218876 0,000370
тишково 3,912023 0,000450
тов 3,506558 0,000806
товар 0,916291 0,000211
товарный -0,009950 -0,000001
товарооборот 2,302585 0,000529
тольятти 1,514128 0,000174
том 1,560648 0,000179
топ 1,347074 0,000155
топонимический 0,776529 0,000089
торговать 2,525729 0,000290
торговля 0,579818 0,000800
торговый 0,597837 0,000756
торжество 2,813411 0,000323
торонто 3,506558 0,000403
торопов 3,912023 0,000450
точка 0,478036 0,000055
трабзон 3,218876 0,001480
трамплин 2,407946 0,000277
транзитный 1,237874 0,000142
транспорт 0,616186 0,000708
транспортный 0,616186 0,000425
трансформация 1,897120 0,000218
трансформироваться 2,659260 0,000306
трасс 0,941609 0,000108
тренд 2,813411 0,000323
третий 0,616186 0,000213
трешка 3,912023 0,000450
трлн 2,207275 0,000254
троллейбус 0,867501 0,000100
троп 2,659260 0,000306
трубопроводный 2,525729 0,000290
трудиться 1,560648 0,000359
труднодоступный 2,995732 0,000344
трущоба 3,912023 0,000450
туапсе 1,897120 0,001745
туапсинский 3,218876 0,001480
тур 1,609438 0,000370
туризм 1,078810 0,000496
турин 3,506558 0,000403
турист 1,309333 0,000301
туристический 1,021651 0,000470
туристско-рекреационная 3,912023 0,000450
турка 1,469676 0,000676
турцию 3,506558 0,000403
турция 2,207275 0,000507
тхагапш 3,912023 0,000450
тыл 1,771957 0,000204
тыс 0,430783 0,000198
тысяча 0,371064 0,000384
тысячелетие 1,427116 0,000164
тэс 3,912023 0,001349
тюменский 2,995732 0,000344
убрать 1,609438 0,000185
убых 3,912023 0,000899
убыхский 3,912023 0,000899
увеличиться 0,843970 0,000097
увенчаться 2,813411 0,000323
увильды 3,912023 0,000450
угадываться 3,912023 0,000450
удалить 0,579818 0,000067
удаться 1,203973 0,000277
уделяться 2,525729 0,000290
удостоить 1,514128 0,000174
удотов 3,912023 0,000450
узбек 1,347074 0,000155
узел 0,527633 0,000243
указ 0,733969 0,000337
указание -0,009950 -0,000001
указать 0,083382 0,000077
указывать 1,272966 0,000146
украина 0,527633 0,000303
украинец 0,867501 0,000399
укрепление 1,272966 0,000585
улица 0,776529 0,000089
умерить 1,049822 0,000121
универсальный 0,544727 0,000063
университет 0,328504 0,000415
уполномочить 2,813411 0,000323
упоминать 2,207275 0,000254
упр 2,813411 0,000323
управление 0,248461 0,000029
управляемый 2,302585 0,000265
упрочить 3,912023 0,000450
уралсиба 3,912023 0,000450
урбаника 2,995732 0,001033
уреки 3,218876 0,000370
уровень 0,150823 0,000156
урсдон 3,912023 0,000450
уругвай 3,218876 0,000370
усатово 3,218876 0,000370
усвоение 3,912023 0,000450
усилие 1,660731 0,000191
усилиться 2,525729 0,000290
условие -0,009950 -0,000005
услуга 0,755023 0,000781
усолье 2,813411 0,000647
успенский 1,237874 0,000285
успех 1,021651 0,000117
устав 0,843970 0,000097
установить 0,328504 0,000113
установиться 2,995732 0,000344
установление 1,021651 0,000235
устареть 0,941609 0,000108
устройство 0,527633 0,000121
уступать 1,609438 0,000370
усть-качка 3,506558 0,000403
усть-лабинск 3,218876 0,000370
усть-лабинский 3,506558 0,000403
устье 0,634878 0,000292
утвердить 0,755023 0,000087
утверждать 1,660731 0,000191
утверждение 0,400478 0,000092
утришский 3,912023 0,000450
участие -0,009950 -0,000001
участок 0,616186 0,000283
учебник 1,609438 0,000185
учебный 0,673345 0,000232
учет 0,597837 0,000275
учетный -0,009950 -0,000001
учредить 1,108663 0,000127
учреждение 0,653926 0,000226
фабрициуса 3,912023 0,000450
фаддея 3,912023 0,000450
фактически 0,916291 0,000105
фактор 0,994252 0,000229
фактория 3,912023 0,000450
фасад 1,897120 0,000218
фев 2,525729 0,000581
февр 0,820981 0,000094
февраль 0,051293 0,000177
февральский 2,040221 0,000235
федеральный 0,462035 0,000690
федерация 0,510826 0,001174
федор 1,560648 0,000179
федорович 1,771957 0,000407
фейхоа 3,912023 0,000450
феодосия 1,966113 0,000452
ферма 2,659260 0,000306
фермер 3,912023 0,000450
фестиваль 1,021651 0,001174
фестиваль-конкурс 3,912023 0,000450
фестивальный 2,659260 0,000306
фехверковой 3,912023 0,000450
фигурный 2,207275 0,000254
физико-географический 0,693147 0,000239
фиксировать 1,427116 0,000492
филателия 1,469676 0,000338
филиал 0,755023 0,000608
фин 2,525729 0,000290
финал 2,120264 0,000487
финам 3,506558 0,000403
финансово-юридический 3,912023 0,000450
финансовый 0,733969 0,000169
финансы 0,733969 0,000253
финляндия 1,832581 0,000211
фишт 3,506558 0,000806
флаг 0,597837 0,000137
флот 1,347074 0,000310
фонд -0,009950 -0,000008
фонтан 1,309333 0,000151
форбс 2,813411 0,000970
форелеводческое 3,912023 0,000899
форма 0,287682 0,000033
формат 0,843970 0,000097
формирование 0,597837 0,000069
формировать 1,272966 0,000293
формироваться 1,078810 0,000124
формула 2,040221 0,000704
форос 3,218876 0,000370
форт 2,813411 0,001941
фотография 1,108663 0,000127
франций 1,139434 0,000131
фристайл 3,912023 0,000450
фронт 1,078810 0,000124
фронштейна 3,912023 0,000450
фрунзе 2,525729 0,000581
фуникулер 2,813411 0,002264
функционировать 0,798508 0,000092
функция 0,693147 0,000080
футбол 1,139434 0,000786
футбольный 0,941609 0,000216
хаджибей 3,218876 0,000370
хадыженск 3,506558 0,000403
характеристика 0,415515 0,000143
хатуов 3,912023 0,000450
херсонский 2,525729 0,000290
хизирович 3,912023 0,000450
хилово 3,912023 0,000450
хлебозавод 2,207275 0,000254
хлебокомбинат 3,912023 0,000450
хлудова 3,912023 0,000450
ход 0,510826 0,000117
хозяин 2,407946 0,000277
хозяйство 0,579818 0,000600
хоккей 1,171183 0,000135
хоккейный 1,108663 0,000255
холодная 1,139434 0,000131
холодный 1,771957 0,000204
хорватия 2,525729 0,000290
хорлы 3,218876 0,000370
хоровой 2,302585 0,000529
хороший 1,660731 0,000191
хост 2,813411 0,002264
хостинская 3,912023 0,000450
хостинский 3,912023 0,001799
хостинскому 3,912023 0,000450
хотеть 1,832581 0,000211
хотя 0,653926 0,000150
храм 0,733969 0,001097
хребет 1,560648 0,000359
христианизация 3,912023 0,000450
христианин 1,514128 0,000348
христианский 1,897120 0,000218
христианство 1,660731 0,000382
художественный 0,653926 0,000226
царев 2,407946 0,000277
царица 2,813411 0,000647
царский 1,386294 0,000319
царство 1,237874 0,001850
царствование 2,407946 0,000277
царь 1,078810 0,000248
цвет 0,941609 0,000108
цветоводство 3,506558 0,000403
целое 0,634878 0,000146
цена 1,237874 0,000142
центр 0,287682 0,000728
централизовать 1,427116 0,000328
центральный 0,400478 0,000460
церемония 1,832581 0,000211
церковь 0,673345 0,000387
цик 2,207275 0,000254
цирк 1,078810 0,000248
цитрусовые 3,912023 0,000450
цифра 1,272966 0,000732
цифровой 0,562119 0,000129
цсу 2,659260 0,000306
цхуми 3,912023 0,000450
чай 2,995732 0,001722
чайная 3,218876 0,000370
чакви 3,218876 0,000370
час 0,867501 0,000100
часовня 1,469676 0,000169
часовой 0,713350 0,000246
частично 0,653926 0,000150
частность 0,462035 0,000053
частный 0,634878 0,000073
часто 0,415515 0,000096
частый 1,309333 0,000151
часть 0,061875 0,000185
чаща 1,108663 0,000127
челн 2,525729 0,000290
чело 0,713350 0,000984
человек 0,186330 0,000450
человеческий 1,309333 0,000301
челтенхем 3,912023 0,000450
чемал 3,506558 0,000403
чемпионат 0,994252 0,001372
черкас 2,813411 0,000323
черкес 1,771957 0,001018
черкесский 2,813411 0,001617
черно-синяя 3,912023 0,000450
черное 1,237874 0,002277
черноморск 3,506558 0,000403
черноморский 1,832581 0,004424
черноморье 3,506558 0,000403
чернопятов 3,912023 0,000450
черт 0,916291 0,000211
черта 0,994252 0,000229
честь 0,562119 0,000065
четко 1,897120 0,000218
четыре 0,597837 0,000137
чех 1,609438 0,000185
чеченец 1,714798 0,000197
чеченский 2,995732 0,000344
численность 0,616186 0,003188
число 0,186330 0,000321
читатьтекущая 1,237874 0,000142
член 0,755023 0,000174
членство 2,813411 0,000647
чуваш 1,237874 0,000142
чумак 3,218876 0,000370
чуркин 3,506558 0,000403
шабла 3,218876 0,000370
шаблон 0,462035 0,000106
шабо 3,218876 0,000370
шамони 3,912023 0,000450
шапсуг 2,995732 0,000689
шапсугский 3,912023 0,000450
шатер 2,995732 0,000344
шафрановский 3,912023 0,000450
шахматы 2,525729 0,000290
швед 2,407946 0,000277
швеция 2,120264 0,000244
шекветили 3,218876 0,000370
шепси 3,218876 0,000740
шесть 1,021651 0,000117
шира 3,912023 0,000450
ширина 0,916291 0,000105
широкий 0,494296 0,000114
широко 0,653926 0,000075
широкополосный 2,407946 0,000277
широта 1,237874 0,000285
школа 0,478036 0,000110
школьник 1,771957 0,000204
шмаковка 3,912023 0,000450
шорт-трек 3,506558 0,000403
шос 2,813411 0,000323
щербиновский 3,218876 0,000370
щуко 3,506558 0,000403
щусев 3,912023 0,000450
эгриси 3,506558 0,000403
эгриси-лазика 3,912023 0,000450
эделькопф 3,912023 0,000450
экз 0,415515 0,000048
эклектик 2,302585 0,000529
экологический 0,693147 0,000080
экология 0,562119 0,000065
экономика 0,400478 0,000414
экономико-географа 3,506558 0,000403
экономико-технологический 3,218876 0,000370
экономический 0,478036 0,000110
экран 1,771957 0,000204
экскурсионный 2,813411 0,000323
эксперт 1,203973 0,000277
экспорт -0,009950 -0,000001
экстремальный 2,207275 0,000254
электричка 1,832581 0,000211
электропоезд 1,609438 0,000555
электроэнергия 1,609438 0,000185
элемент 0,544727 0,000063
эллинский 3,912023 0,000450
эль-фа 3,912023 0,000450
эмират 3,218876 0,000370
энергетик 1,108663 0,000127
энергия 1,021651 0,000117
энциклопедический 0,733969 0,000084
энциклопедия -0,009950 -0,000007
эпоха 0,713350 0,000082
эра 1,514128 0,000174
эриставства 3,912023 0,000450
эспоо 3,912023 0,000450
эст 3,218876 0,000370
эстонец 1,771957 0,000407
эстония 2,407946 0,000277
этап 0,634878 0,000073
этнографический 2,040221 0,000235
эфорие 3,218876 0,000370
юбилей 1,560648 0,000179
юбилейный 0,798508 0,000092
юг 0,693147 0,000159
юго-восток 1,171183 0,000135
юго-запад 1,309333 0,000151
южнее 1,832581 0,000211
южный 0,385662 0,000266
юнеско 1,660731 0,000191
юникредит 3,506558 0,000403
юношеский 1,560648 0,000179
юридический 0,994252 0,000229
юрий 1,203973 0,000277
юстиниану 3,912023 0,000899
юстиция 2,207275 0,000254
являться 0,040822 0,000038
язык -0,009950 -0,000005
якобсона 3,912023 0,000899
яковлевич 2,813411 0,000323
якорь 2,525729 0,000290
ялта 2,659260 0,000917
янв 0,820981 0,000283
январь 0,105361 0,000497
япония 1,897120 0,000218
яр 2,995732 0,000344
яркий 1,771957 0,000204
яселка 3,218876 0,000370
