абазгия 3,912023 0,000911
абазин 2,207275 0,001028
абречество 3,912023 0,000911
абхаз 1,771957 0,000825
абхазии 2,407946 0,001682
абхазия 2,040221 0,002850
абхазо-адыгской 3,912023 0,000911
абхазский 2,302585 0,000536
авар 3,912023 0,000911
аварец 1,771957 0,000825
аварский 3,506558 0,001633
август 0,072571 0,000068
авест 3,912023 0,000911
австралия 1,966113 0,000458
автоподтвержденных 2,120264 0,000494
автор 0,462035 0,000215
авторский 1,966113 0,000458
авторство -0,009950 -0,000002
агул 1,832581 0,000853
аджарец 3,912023 0,000911
административно-территориальной 2,995732 0,000697
административный 0,597837 0,000278
администрация 0,755023 0,000352
адрианопольскому 3,506558 0,000816
адыг 2,813411 0,003930
адыгеец 1,897120 0,000883
адыгея 2,995732 0,002092
адыгский 3,218876 0,003747
аз 2,302585 0,000536
азербайджан 2,659260 0,001238
азербайджана 2,995732 0,003487
азербайджанец 1,139434 0,000796
азербайджаном 3,218876 0,000749
азербайджанский 2,525729 0,001176
азия 0,755023 0,001406
азово-кубанскую 3,912023 0,000911
азово-моздокская 3,218876 0,000749
азовский 1,660731 0,000773
академия 0,544727 0,000380
аккузатив 3,912023 0,000911
активность 1,309333 0,000305
активный 0,527633 0,000369
акушинцев 3,912023 0,000911
алазанский 3,912023 0,000911
алания 3,912023 0,000911
албания 3,218876 0,002248
алг 3,912023 0,000911
алдамова 3,912023 0,000911
александр 0,462035 0,000215
алексея 1,514128 0,000353
алибека-хаджи 3,912023 0,000911
алтайский 1,897120 0,000442
алфавитный 2,995732 0,000697
альбером 3,912023 0,000911
альберт 2,525729 0,000588
альп 3,912023 0,000911
альпийско-гималайского 3,912023 0,000911
альпы 3,506558 0,000816
альфонс 3,506558 0,000816
америка 1,386294 0,000323
анализ 0,967584 0,000225
анализировать 2,407946 0,000561
анапа 1,966113 0,000458
анатолийский 3,506558 0,000816
англ 0,174353 0,000041
анди 3,912023 0,000911
андиец 2,995732 0,000697
андо-цезский 3,506558 0,000816
андрей 0,967584 0,000225
аннексия 0,941609 0,000219
антарктика 2,302585 0,000536
антироссийский 3,912023 0,000911
античность 2,407946 0,001121
антропологический 2,995732 0,001395
апостольский 1,771957 0,000413
апрель 0,150823 0,000140
апшеронского 3,506558 0,000816
арабский 1,560648 0,000363
арагац 3,912023 0,001822
аракс 3,506558 0,000816
аракса 3,506558 0,000816
арарат 3,912023 0,001822
араратский 3,912023 0,000911
аргишти 3,912023 0,000911
аргиштихинили 3,912023 0,000911
ардаган 3,912023 0,000911
ареальный 3,912023 0,000911
арена 2,120264 0,000987
арктика 2,120264 0,000494
армавира 3,912023 0,000911
арменией 3,506558 0,000816
армении 2,302585 0,003217
армения 2,040221 0,004750
арменоидный 3,912023 0,000911
армянин 1,021651 0,001427
армяно-азербайджанский 3,912023 0,000911
армянский 1,347074 0,004391
археология 1,171183 0,000273
архив 0,446287 0,000104
архивировать 0,020203 0,000024
архивный 0,248461 0,000289
аспект 1,469676 0,000342
ассириец 1,832581 0,000853
ассирийский 2,995732 0,000697
ассирия 3,912023 0,000911
асср 1,966113 0,000458
астраханский 1,832581 0,001280
атлантический 1,609438 0,000375
атлас 1,108663 0,000516
атомарный 3,506558 0,000816
аул 2,813411 0,000655
африка 1,560648 0,000363
ахалкалаки 3,912023 0,000911
ахалцихе 3,912023 0,000911
ахеменид 3,912023 0,000911
ахмад 3,912023 0,000911
ашкеназы 3,912023 0,000911
бак 2,120264 0,000987
бакинский 2,407946 0,001682
балканский 2,525729 0,000588
балкарец 2,040221 0,001425
балл 1,966113 0,000458
бацбийцы 3,912023 0,001822
баш 3,506558 0,000816
безопасность 0,916291 0,000213
безрезультатно 3,912023 0,000911
берег 0,478036 0,000111
библиографический 0,083382 0,000019
битва 1,560648 0,000363
благодаря 0,527633 0,000123
блеск 3,506558 0,000816
блестеть 3,218876 0,002248
ближний 1,469676 0,000342
близкий 0,820981 0,000191
боднарский 3,912023 0,000911
боевой 1,237874 0,000288
боковой 2,995732 0,000697
большое 0,385662 0,000718
большой 0,040822 0,000124
борьба 0,820981 0,000382
боспорский 3,218876 0,000749
ботанико-географических 3,912023 0,000911
ботанический 1,427116 0,000332
британника 3,912023 0,000911
британский 1,469676 0,000342
брокгауза 0,328504 0,000382
броневский 3,912023 0,002732
бруттий 3,506558 0,000816
бугом 3,912023 0,000911
буйнакск 3,506558 0,000816
буквально 2,995732 0,000697
булгарии 2,813411 0,000655
буржуазия 3,218876 0,000749
бурный 1,660731 0,000387
бушем 3,506558 0,000816
быстро 0,967584 0,000225
быть -0,009950 -0,000007
вавилон 3,218876 0,000749
важное 1,108663 0,000258
важный 0,494296 0,000115
ван 3,218876 0,001499
вариант 0,634878 0,000148
ввести 0,634878 0,000148
вглубь 2,407946 0,000561
вдоль 0,755023 0,000352
век 0,248461 0,003355
великий 0,356675 0,000415
великобритании 1,897120 0,000442
вернуть 1,897120 0,000442
вернуться 1,171183 0,000273
верование 2,813411 0,000655
вероятно 1,560648 0,000363
версия -0,009950 -0,000007
верхний 0,494296 0,000230
верховный 1,108663 0,000516
верховье 2,302585 0,000536
вершина 1,514128 0,001410
вести 0,356675 0,000083
вестись 0,673345 0,000157
вестник 1,049822 0,000244
весь 0,301105 0,000070
ветвь 1,514128 0,000353
вздыматься 3,912023 0,000911
взятие 2,813411 0,000655
взять 0,755023 0,000176
вид 0,061875 0,000014
видеть 1,272966 0,000296
византии 2,995732 0,000697
византийский 2,525729 0,000588
викигид 1,660731 0,000387
викигиде 0,776529 0,000181
викиданных -0,009950 -0,000002
викимедиа -0,009950 -0,000002
википедии -0,009950 -0,000005
википедия -0,009950 -0,000014
викискладвикиновостивикицитатниквикигидэлемент 1,272966 0,000296
викискладвикипедия 1,469676 0,000342
викискладепутеводитель 0,713350 0,000166
викисловарецитаты 1,108663 0,000258
викисловарьстатьи 1,347074 0,000314
викитекемедиафайлы 1,272966 0,000296
викитеку 1,347074 0,000314
викицитатниквикипедия 2,407946 0,000561
викицитатникетексты 1,427116 0,000332
виндекенсом 3,912023 0,000911
включать 0,235722 0,000110
включая 0,527633 0,000614
включение 1,108663 0,000258
владение 0,916291 0,000427
владикавказ 2,120264 0,000494
владычество 3,218876 0,002248
власть 0,544727 0,000761
влияние 0,527633 0,000246
влиятельный 2,120264 0,000494
вместе 0,510826 0,000357
внедрение 1,609438 0,000375
внешний 0,051293 0,000012
внимание 1,108663 0,000258
вновь 0,755023 0,000703
внутренний 0,314711 0,000073
водораздельный 2,659260 0,001238
воевать 2,995732 0,000697
военачальник 2,302585 0,000536
военно 3,912023 0,000911
военно-грузинской 3,912023 0,000911
военно-дипломатических 3,912023 0,000911
военно-народным 3,912023 0,000911
военно-политическая 3,912023 0,000911
военно-теократическое 3,912023 0,000911
военное 0,916291 0,000640
военнослужащий 2,525729 0,000588
военный 0,494296 0,000806
возводить 2,302585 0,000536
возвратить 1,469676 0,000342
возвращение 1,660731 0,000387
возвышенность 1,386294 0,000646
возглавить 2,407946 0,000561
возникновение 0,941609 0,000219
возникнуть 0,653926 0,000152
война 0,430783 0,003009
войско 0,798508 0,002417
вокруг 0,693147 0,000161
волжско-каспийский 3,912023 0,000911
волшебный 0,030459 0,000007
вольный 1,832581 0,000427
вооружить 1,609438 0,002248
воронцовский 3,506558 0,000816
восстание 1,237874 0,001441
восток 0,494296 0,001151
востоковедение 3,912023 0,000911
восточно-европейской 1,832581 0,000427
восточный 0,430783 0,001605
впадина 2,207275 0,001028
впервые 0,385662 0,000090
вплотную 2,040221 0,000475
вплоть 1,108663 0,000258
впоследствии 0,653926 0,000152
враждебность 3,912023 0,000911
врезать 3,218876 0,000749
временной 0,967584 0,000225
время 0,020203 0,000042
вскоре 1,309333 0,000305
встречаться 0,713350 0,000166
вступить 1,514128 0,000353
втора 0,274437 0,000192
вторжение 1,609438 0,000375
второй 0,891598 0,000208
вулкан 2,813411 0,000655
вулканический 2,995732 0,002092
входить 0,287682 0,000402
выбор 0,634878 0,000148
выдвинуть 1,897120 0,000442
выделять 1,139434 0,000265
выделяться 0,941609 0,000219
вылиться 3,912023 0,001822
вынудить 1,514128 0,000705
вып 0,798508 0,000186
выражать 2,659260 0,000619
выражение 1,714798 0,000399
высокий 0,139262 0,000259
высокогорный 2,995732 0,000697
высота 0,415515 0,000387
выход 1,078810 0,000251
выше 0,616186 0,000143
выяснение 3,506558 0,000816
гаджи-магомеда 3,912023 0,000911
газават 3,912023 0,002732
гегемония 3,506558 0,000816
генуэзский 2,525729 0,000588
географ 2,040221 0,000950
географический 0,356675 0,000747
география 0,415515 0,000290
геолого-геоморфологических 3,912023 0,000911
геолого-геоморфологическому 3,912023 0,000911
геополитический 2,302585 0,001072
георгиевске 3,912023 0,000911
георгиевский 2,407946 0,000561
геостратегический 3,912023 0,000911
германский 2,302585 0,000536
геродота 2,659260 0,000619
геффкена 3,912023 0,000911
гкчп 3,218876 0,000749
глава 0,494296 0,000230
главенствовать 3,218876 0,000749
главнокомандующий 2,525729 0,000588
главноначальствующий 3,912023 0,000911
главный 0,210721 0,000294
глубокий 1,078810 0,000251
глубоко 1,897120 0,000442
год -0,009950 -0,000350
годав 3,912023 0,000911
гололедица 3,506558 0,000816
гора 0,616186 0,003156
горец 3,218876 0,007494
горный 0,941609 0,001973
город 0,371064 0,000778
городок 1,272966 0,000296
горский 2,659260 0,002477
горячий 2,040221 0,000950
госграница 3,912023 0,000911
государственный 0,261365 0,000122
государство 0,579818 0,003105
гот 2,207275 0,001028
гражданский 0,733969 0,000171
гранат 1,386294 0,000323
граница 0,356675 0,000830
гребенской 3,912023 0,000911
гребень 2,813411 0,000655
грек 1,560648 0,002544
греча 1,427116 0,001661
греческий 1,469676 0,000342
грозный 1,272966 0,001186
грузией 2,813411 0,001965
грузии 1,771957 0,004126
грузин 1,560648 0,001817
грузино-абхазский 3,912023 0,000911
грузино-имеретинскую 3,912023 0,000911
грузино-южноосетинский 3,912023 0,001822
грузино-южноосетинского 3,912023 0,000911
грузинский 2,302585 0,005361
грузия 1,966113 0,001373
группа 0,314711 0,000220
губерния 0,891598 0,002283
гудамакарцы 3,912023 0,000911
гумбете 3,912023 0,000911
гунн 2,813411 0,001310
гуриец 3,912023 0,000911
гурия 2,813411 0,000655
гюлистанского 3,912023 0,000911
гюлистанскому 3,912023 0,000911
гямыш 3,912023 0,000911
гянджа 3,912023 0,000911
гянджинский 3,912023 0,002732
дагестан 2,659260 0,003096
дагестана 2,813411 0,002620
дагестане 2,995732 0,002092
дагестанец 3,506558 0,000816
дагестанский 2,995732 0,001395
дальний 0,446287 0,000208
даргинец 1,832581 0,000853
дата 0,030459 0,000028
датский 0,328504 0,000076
дать 0,072571 0,000068
два 0,150823 0,000070
дважды 1,272966 0,000296
движение 0,544727 0,000254
действие 0,776529 0,001085
действовать -0,009950 -0,000002
деление 0,579818 0,000270
делить 1,897120 0,000442
делиться 1,078810 0,000502
дело 0,562119 0,000131
демавенд 3,912023 0,000911
демократический 2,040221 0,002850
день 0,210721 0,000147
депортация 2,995732 0,000697
депрессия 2,995732 0,001395
дербент 2,525729 0,000588
дербента 3,218876 0,000749
дербентский 2,995732 0,001395
держава 2,040221 0,001425
деятельность 0,342490 0,000080
джавах 3,912023 0,000911
джавахетско-армянское 3,912023 0,000911
джанги-тау 3,912023 0,000911
джаро-белоканская 3,912023 0,000911
джаро-белоканский 3,912023 0,000911
джидан 3,912023 0,000911
джозеф 2,995732 0,000697
джохаром 3,912023 0,000911
дзурдзуки 3,912023 0,000911
диверсионный 3,912023 0,000911
диоскуриада 3,912023 0,000911
длина 0,579818 0,000135
длинный 1,237874 0,000288
днейвикипедия 0,967584 0,000225
днестром 3,912023 0,000911
добровольный 2,525729 0,001176
договор 1,171183 0,001363
доказательство 1,660731 0,000387
документ 0,415515 0,000097
долгий 1,021651 0,000476
долина 0,916291 0,000213
дон 1,660731 0,000387
доп 0,597837 0,000418
дополнительный -0,009950 -0,000002
допустить 2,120264 0,000494
дорога 0,527633 0,000123
достопамятный 3,912023 0,000911
доступный -0,009950 -0,000002
дотла 3,912023 0,000911
древнегреческий 1,832581 0,000427
древние 0,967584 0,000676
древность 1,203973 0,000561
дробно -0,009950 -0,000002
другое 0,462035 0,000108
другой -0,009950 -0,000019
дубровин 3,912023 0,000911
дуга 2,659260 0,000619
дудаевым 3,912023 0,000911
дуева 3,912023 0,000911
дыхтау 3,912023 0,000911
евразия 1,347074 0,000314
еврей 1,203973 0,000841
еврейский 0,755023 0,000176
европа 0,301105 0,000351
европеоидный 3,912023 0,000911
единица 0,478036 0,000111
единичное 3,912023 0,000911
единство 1,897120 0,000442
езид 1,771957 0,000825
езидизма 3,912023 0,000911
екатерина 1,514128 0,000353
екатериноград 3,912023 0,000911
еникале 3,506558 0,000816
ервандидская 3,912023 0,000911
еревана 3,506558 0,000816
ермолова 3,506558 0,000816
естественный 0,776529 0,000362
ефрона 0,328504 0,000382
железнодорожный 0,579818 0,000135
желтый 1,609438 0,000375
жена 2,407946 0,000561
жертва 1,347074 0,000314
жестоко 2,995732 0,000697
жизнь 0,342490 0,000080
житель 0,562119 0,000393
журнал 0,301105 0,000070
заболачивание 3,218876 0,000749
заболотить 2,040221 0,000475
завершать 2,525729 0,000588
завершение 1,609438 0,000749
завершиться 1,309333 0,000305
зависимость 0,713350 0,000166
завладеть 3,218876 0,000749
завоевать 1,660731 0,000387
заглавный -0,009950 -0,000002
задача 0,820981 0,000191
заимствование 2,813411 0,000655
закавказский 3,218876 0,008244
закавказье 2,040221 0,035627
закаталах 3,912023 0,000911
закатальский 3,912023 0,000911
закончиться 1,966113 0,000458
закрепиться 1,966113 0,000458
закрепление 2,659260 0,000619
залог 3,218876 0,000749
заложить 0,843970 0,000197
заменить 0,494296 0,000115
занимать 0,430783 0,000201
заново 1,897120 0,000442
занять 0,693147 0,000161
запад 0,634878 0,000739
западный 0,462035 0,000861
записьвойти -0,009950 -0,000002
запрет 1,771957 0,000413
зарегистрировать -0,009950 -0,000002
зарождение 1,832581 0,000427
засвидетельствовать 3,506558 0,000816
заселять 2,813411 0,000655
заставлять 2,407946 0,000561
засушливый 1,714798 0,000399
затем 0,527633 0,000123
защита 0,616186 0,000430
защитить 1,139434 0,000265
заявление -0,009950 -0,000002
звено 2,302585 0,000536
земельный 1,514128 0,000353
землевладелец 3,912023 0,000911
землетрясение 1,897120 0,000442
земля 0,400478 0,000932
зирихгеран 3,912023 0,000911
зихия 3,912023 0,000911
злоупотребление 2,813411 0,000655
знак -0,009950 -0,000002
значение 0,061875 0,000072
значит 1,560648 0,000363
значительный 0,328504 0,000076
золотой 0,597837 0,000557
зольмсена 3,912023 0,000911
зольмсеном 3,912023 0,000911
зона 0,400478 0,000186
зрение 1,203973 0,000280
зрых 3,912023 0,000911
зуб 2,659260 0,000619
иберия 3,506558 0,002449
иван 0,843970 0,000393
игнорировать 2,659260 0,000619
игорь 1,714798 0,000399
идарову 3,912023 0,000911
известие 0,994252 0,001157
известный 0,287682 0,000134
изгнание 3,218876 0,000749
изд 0,314711 0,000586
илисуйский 3,912023 0,000911
имам 3,218876 0,000749
имамат 3,912023 0,001822
именно 0,544727 0,000127
имеретинец 3,506558 0,000816
имеретинский 3,506558 0,001633
имеретия 3,912023 0,000911
имерхевцы 3,912023 0,000911
императорский 1,469676 0,000684
империя 0,653926 0,002284
ингилойцы 3,912023 0,000911
ингуш 1,897120 0,001767
ингушетия 3,218876 0,000749
ингушский 3,912023 0,000911
инд 3,912023 0,000911
индийский 1,609438 0,001124
индоевропейский 2,995732 0,002790
иноземный 3,912023 0,000911
инструмент -0,009950 -0,000005
интеллигенция 2,525729 0,000588
интерпретация 2,120264 0,000494
ионийский 3,506558 0,000816
иоряс 3,912023 0,000911
иран 2,207275 0,001028
ирана 2,995732 0,001395
ираном 3,912023 0,000911
иранский 2,407946 0,003364
ирану 3,912023 0,000911
исключительный 2,207275 0,000514
искомое 3,506558 0,000816
ислам 1,386294 0,000323
исламский 1,771957 0,000413
исполком 2,040221 0,000475
использование -0,009950 -0,000002
использовать 0,020203 0,000009
использоваться 0,223144 0,000052
испортить 3,912023 0,000911
исследование 0,462035 0,000215
исследователь 0,941609 0,000219
истолковать 3,912023 0,000911
историко-географическом 3,912023 0,000911
исторический 0,314711 0,000440
история 0,051293 0,000107
источник -0,009950 -0,000021
исходить 1,832581 0,000427
исходный 1,714798 0,000399
иудаизм 1,771957 0,000413
ичкерия 3,912023 0,001822
июль 0,116534 0,000027
июнь 0,116534 0,000054
йозеф 3,912023 0,000911
йорисом 3,912023 0,000911
кабарда 3,912023 0,000911
кабардинец 1,832581 0,000853
кабардино-балкарии 3,912023 0,000911
кабардино-балкария 2,995732 0,000697
кабардино-черкесских 3,912023 0,000911
кабардинский 3,506558 0,001633
кабарды 3,912023 0,000911
кавказ 1,771957 0,029705
кавказа 1,660731 0,022427
кавказе 2,207275 0,010278
кавказец 3,912023 0,000911
кавказоведение 3,912023 0,000911
кавказоведческий 3,912023 0,000911
кавказом 3,506558 0,000816
кавказский 1,966113 0,019226
кавказскрытые 3,912023 0,000911
кавказу 3,218876 0,002248
кавкасионский 3,912023 0,000911
каганат 2,659260 0,001238
кадыров 3,912023 0,000911
казак 1,309333 0,000305
казани 1,771957 0,000413
казахский 2,407946 0,000561
казачий 1,469676 0,001027
казбек 3,912023 0,003643
казембека 3,912023 0,000911
казиев 3,912023 0,000911
казикумухское 3,912023 0,001822
кайтагское 3,912023 0,000911
какой 0,820981 0,000382
какой-либо 1,272966 0,000593
калмык 1,560648 0,000363
камнепад 3,912023 0,000911
кампания 2,040221 0,000475
каньон 2,995732 0,000697
капитал 1,469676 0,000342
капиталистический 2,659260 0,000619
карабах 3,912023 0,001822
карабаха 3,912023 0,000911
карабахский 3,912023 0,003643
карадаг 3,912023 0,000911
карачаевец 1,966113 0,001373
карачаево-черкесия 3,218876 0,000749
кариб 2,995732 0,000697
карла 1,386294 0,000323
карной 3,912023 0,000911
карпеев 3,912023 0,000911
карс 3,912023 0,000911
карсе 3,912023 0,001822
карское 2,302585 0,000536
карсский 3,912023 0,000911
карстовый 3,912023 0,001822
карт 0,301105 0,000701
карта 2,995732 0,000697
картвельский 3,912023 0,000911
картина 1,347074 0,000314
картли-кахетинским 3,912023 0,000911
картли-кахетинское 3,912023 0,001822
картлиец 3,912023 0,000911
картлийское 3,912023 0,000911
каспий 2,302585 0,000536
каспийский 1,514128 0,003525
касымов 3,912023 0,000911
каталанский 0,527633 0,000123
каталог 0,094311 0,000022
катастрофический 2,525729 0,000588
категория -0,009950 -0,000005
кахетинец 3,912023 0,000911
кахетинский 3,912023 0,000911
кахетия 3,912023 0,000911
качество 0,287682 0,000067
керченский 2,995732 0,000697
керчь 1,966113 0,000458
кизляр 3,506558 0,001633
километровый 2,407946 0,000561
кинбурн 3,912023 0,000911
киргизский 2,659260 0,000619
китайский 0,653926 0,000152
кичиться 3,912023 0,000911
класс 0,616186 0,000143
классический 0,755023 0,000527
княжество 1,714798 0,001597
княжна 3,506558 0,000816
князь 0,867501 0,000606
кодаистория 2,040221 0,000475
кодекс -0,009950 -0,000002
кодорского 3,912023 0,000911
колония 1,771957 0,000825
колхида 3,218876 0,002248
колхиде 3,912023 0,000911
колхидский 3,218876 0,001499
командование 1,609438 0,000749
комитет 0,653926 0,000457
комма 2,995732 0,000697
комментарий 1,237874 0,000288
компромисс 3,218876 0,000749
конгресс 2,302585 0,000536
конец 0,198451 0,000092
контролировать 1,469676 0,000342
контроль 0,994252 0,000231
контртеррористический 3,218876 0,001499
конфиденциальность -0,009950 -0,000002
конфликт 1,347074 0,004077
копие 0,223144 0,000260
кордонный 3,912023 0,000911
корень 1,609438 0,000749
короткий -0,009950 -0,000005
косвенный 2,995732 0,000697
космос 1,237874 0,000288
котловина 1,897120 0,000442
который 0,000000 0,000000
кочевой 2,302585 0,000536
коштантау 3,912023 0,000911
край 0,544727 0,000761
крайний 1,514128 0,000705
краснодарский 2,302585 0,001072
краснодарского 2,407946 0,000561
крепость 0,994252 0,001852
крестьянский 1,714798 0,000399
кречмер 3,912023 0,000911
кречмера 3,912023 0,000911
крещение 2,659260 0,000619
кровопролитный 2,525729 0,000588
крупный 0,210721 0,000196
крутой 1,514128 0,000353
крымских 2,302585 0,000536
крымского 1,832581 0,000853
крымское 2,813411 0,001310
крымской 2,813411 0,000655
крымскому 3,912023 0,000911
крыму 2,407946 0,000561
кубани 2,995732 0,001395
кубано-приазовскую 3,912023 0,000911
кубанский 2,302585 0,001072
кубань 2,659260 0,001857
кубанью 3,506558 0,000816
кубинский 3,912023 0,001822
кузнец 1,560648 0,000363
кузнецов 1,771957 0,000413
куки -0,009950 -0,000002
культура 0,356675 0,000083
кумо-манычской 3,506558 0,000816
кумык 1,832581 0,001707
кумыкский 3,506558 0,001633
кур 3,218876 0,000749
кура 3,506558 0,000816
кура-араксинская 3,912023 0,000911
кура-араксинской 3,912023 0,000911
курбанов 3,506558 0,000816
курд 2,040221 0,001425
курдистанский 3,912023 0,000911
курды-езиды 3,912023 0,000911
куроед 3,912023 0,000911
кутаисский 3,912023 0,000911
куча 2,995732 0,000697
кученей 3,912023 0,000911
кюмюркей 3,912023 0,000911
кюре 3,912023 0,000911
кючук-кайнарджийского 3,912023 0,000911
лавина 3,912023 0,000911
лагонаки 3,912023 0,000911
лагорио 3,912023 0,000911
лаз 3,506558 0,002449
лазика 3,912023 0,000911
лакец 1,832581 0,000853
лакз 3,912023 0,000911
ларусса 1,078810 0,000251
латинский 2,040221 0,000950
латы 1,771957 0,001650
латыш 1,660731 0,000387
лахлухи 3,912023 0,000911
легенда 1,469676 0,000342
лед 1,171183 0,000818
ледник 2,120264 0,000494
ледовитый 1,514128 0,000353
ледяной 2,407946 0,000561
лежать 0,994252 0,000231
лезгин 1,771957 0,000825
ленкоранская 3,912023 0,000911
ленкоранской 3,912023 0,000911
лет 0,597837 0,000139
лечхумцы 3,912023 0,000911
лингвист 2,813411 0,001965
линия 0,462035 0,000430
лист 1,203973 0,000280
литература 0,051293 0,000036
лить 2,302585 0,001608
лихским 3,912023 0,000911
лицензия -0,009950 -0,000002
лишить 1,771957 0,000413
лишь 0,478036 0,000111
льдистоблистающий 3,912023 0,000911
льдоблистающие 3,912023 0,000911
любкер 3,506558 0,000816
май 0,127833 0,000060
македонский 3,506558 0,000816
мала 1,237874 0,000576
малое 0,994252 0,000694
малый 0,139262 0,000357
мансур 3,506558 0,000816
мансура 3,912023 0,000911
марзпанская 3,912023 0,000911
марией 3,506558 0,000816
маркварт 3,912023 0,000911
март 0,116534 0,000027
маршрут 0,673345 0,000157
массовый 0,494296 0,000115
масштаб 1,108663 0,000258
материал -0,009950 -0,000007
мегрел 3,912023 0,001822
медленный 2,995732 0,000697
межгорный 3,506558 0,001633
меланезия 2,995732 0,000697
менять 1,714798 0,000399
месопотамия 3,912023 0,000911
местность 1,049822 0,000244
местный 0,478036 0,000668
место 0,139262 0,000032
месхетинец 3,912023 0,000911
мехтулинского 3,912023 0,000911
мехтулинское 3,912023 0,000911
мидия 2,995732 0,000697
мижирги 3,912023 0,000911
микронезия 2,659260 0,000619
мингрелия 3,912023 0,000911
минераловодский 3,506558 0,000816
мир 0,094311 0,000110
мирза 3,912023 0,000911
мирной 1,609438 0,002623
мировая 0,527633 0,000246
мировой 1,469676 0,000342
миротворец 3,912023 0,000911
миф 1,966113 0,000458
многие 0,356675 0,000083
много 0,150823 0,000035
многолетний 1,560648 0,000363
многочисленный 0,693147 0,000484
множество 0,462035 0,000108
мобильный -0,009950 -0,000002
моздок 3,506558 0,001633
монблана 3,912023 0,000911
монголо-татарский 2,995732 0,000697
моральный 2,659260 0,000619
море 0,562119 0,001309
москву 1,139434 0,000265
мохевцы 3,912023 0,000911
мочь -0,009950 -0,000002
мтиулы 3,912023 0,000911
муганской 3,912023 0,000911
муж 2,407946 0,000561
мусульман 1,171183 0,000273
навигация -0,009950 -0,000007
нагорный 2,302585 0,001072
нагорье 2,659260 0,009906
название 0,105361 0,000270
назвать 0,371064 0,000259
называть 0,174353 0,000162
называться 0,328504 0,000076
наиболее 0,139262 0,000065
найти 0,733969 0,000342
наместник 2,407946 0,000561
наместничество 1,514128 0,001763
нанесение 3,218876 0,000749
написание 1,514128 0,000353
направить 0,867501 0,000202
направление 0,385662 0,000090
народ 0,579818 0,003510
народность 2,040221 0,000475
население 0,462035 0,000430
населить 0,597837 0,000139
насильственный 2,995732 0,000697
наступление 1,714798 0,000399
наука 0,235722 0,000274
нахичеванский 3,506558 0,001633
находиться 0,174353 0,000325
нахский 3,912023 0,000911
нахско-дагестанской 3,912023 0,000911
начало 0,116534 0,000217
началось 0,616186 0,000287
начать 0,510826 0,000119
начаться 0,562119 0,000785
начинаться 0,527633 0,000123
неверно 3,506558 0,000816
недалеко 1,469676 0,000342
недостаток 0,579818 0,000135
недоступный 0,446287 0,000104
независимость 1,966113 0,001831
независимый 1,049822 0,000244
некоммерческий -0,009950 -0,000002
немецкий 0,798508 0,000186
немецко-фашистскими 2,525729 0,000588
неограниченный 3,218876 0,000749
неоднократно 1,139434 0,000265
неокончательный 3,912023 0,000911
непосредственно 0,478036 0,000223
нерабочий 0,994252 0,000231
неринга 3,506558 0,002449
несколько 0,116534 0,000081
несторианство 3,912023 0,000911
нефтепромысел 3,912023 0,000911
неясно 3,506558 0,000816
ниже 0,693147 0,000161
низменность 1,714798 0,004392
николая 0,916291 0,000213
никонов 2,525729 0,001176
новицкий 3,506558 0,000816
новоафонский 3,912023 0,000911
новое 0,287682 0,000067
новость 0,544727 0,000127
новый 0,083382 0,000097
ногаец 1,771957 0,000825
номинатив 3,912023 0,000911
норвежский 0,248461 0,000058
ночь 1,309333 0,000305
ноябрь 0,127833 0,000149
ныне 0,653926 0,000457
нынешний 1,021651 0,000238
оба 0,597837 0,000139
обеспечение 0,634878 0,000296
область 0,150823 0,000386
оборона 1,108663 0,000258
обострение 2,813411 0,000655
обостриться 3,506558 0,000816
обрабатывать 1,049822 0,000244
образ 0,287682 0,000201
образование 0,356675 0,000249
образовать 0,385662 0,000629
образоваться 0,967584 0,000225
обрамлять 3,506558 0,000816
обратить 1,966113 0,000458
обращаться 2,040221 0,000475
обращение 0,030459 0,000028
обстановка 1,386294 0,000646
обуславливать 2,813411 0,000655
обширный 1,078810 0,000251
общенациональный 2,813411 0,000655
общероссийский 1,427116 0,000332
общество 0,415515 0,000290
общий 0,186330 0,000043
объединить 0,867501 0,000202
объединиться 2,995732 0,001395
объяснять 1,832581 0,000853
обычно 0,693147 0,000161
обязаться 3,218876 0,000749
ограничить 0,653926 0,000305
один 0,051293 0,000048
однако 0,174353 0,000122
одновременно 0,776529 0,000181
одновременный 2,302585 0,000536
ожесточить 2,407946 0,000561
озеро 0,673345 0,000314
означать 0,798508 0,000186
оказать 1,427116 0,000332
окаймлять 3,912023 0,000911
океан 0,994252 0,000463
океания 2,525729 0,000588
оккупант 2,813411 0,000655
оконечность 1,966113 0,000458
окончание 1,309333 0,000305
окончательно 1,203973 0,000280
окраинный 2,525729 0,000588
округ 0,562119 0,000654
октябрь 0,072571 0,000051
окутать 3,912023 0,000911
онлайн 0,198451 0,000046
операция 0,776529 0,000362
описание -0,009950 -0,000002
оползень 2,995732 0,000697
определение 0,967584 0,000225
определяться 1,078810 0,000251
опускание 3,912023 0,000911
опыт 1,427116 0,000332
орган 0,616186 0,000287
организация -0,009950 -0,000002
орда 1,714798 0,001597
оригинал 0,139262 0,000032
ориентальный 3,506558 0,000816
ориентировать 1,660731 0,000387
орографический 3,912023 0,000911
ороним 3,912023 0,001822
оронима 3,912023 0,000911
осаждать 2,813411 0,000655
осевой 3,912023 0,000911
оседлый 2,995732 0,000697
осетии 3,912023 0,001822
осетин 1,771957 0,000825
осетино-ингушский 3,912023 0,000911
осетию 3,506558 0,000816
осетия 2,659260 0,004334
осетия-алания 3,506558 0,000816
ослабление 2,995732 0,001395
османский 2,813411 0,005895
основание 0,494296 0,000115
основатель 0,967584 0,000225
основать 0,274437 0,000192
основной 0,040822 0,000133
особенно 0,562119 0,000393
особый 0,776529 0,000362
оставаться 0,544727 0,000127
оставить 1,427116 0,000332
остальной 0,616186 0,000143
островной 2,407946 0,000561
острый 2,407946 0,003364
отбросить 2,995732 0,000697
ответственность -0,009950 -0,000002
отдел 1,171183 0,000273
отделение 0,713350 0,000166
отдельный -0,009950 -0,000002
отделять 2,207275 0,001028
отказ -0,009950 -0,000002
отказываться 2,995732 0,000697
откупщик 3,912023 0,005465
отличие 0,798508 0,000186
отмена 1,714798 0,000399
отменить 1,427116 0,000332
отмести 3,912023 0,000911
отметить 0,616186 0,000287
отмечать 1,078810 0,000251
относительно 0,415515 0,000097
относиться 0,328504 0,000382
отношение 0,430783 0,000602
отойти 2,207275 0,000514
отражение 1,714798 0,000399
отрасль 0,653926 0,000152
отредактировать -0,009950 -0,000002
отряд 1,272966 0,000296
отстраивать 2,995732 0,000697
отто 3,218876 0,000749
официально 0,693147 0,000161
официальный 0,356675 0,000083
охватывать 1,237874 0,000288
очередь 0,510826 0,000238
очерк 0,733969 0,000684
ошибкекак -0,009950 -0,000002
падение 1,560648 0,000363
палеогеография 2,995732 0,002092
памяти 1,078810 0,000251
параллельно 1,237874 0,000288
партийный 1,660731 0,000387
пауль 3,912023 0,000911
пеласг 3,912023 0,001822
первое 0,150823 0,000035
первый 0,162519 0,000227
переворот 2,302585 0,000536
передний 2,525729 0,000588
перейти -0,009950 -0,000012
переменная 2,302585 0,000536
перенести 0,994252 0,000231
перераб 1,609438 0,000375
переселение 2,120264 0,000494
переселить 2,525729 0,000588
переть 1,108663 0,000258
переход 0,653926 0,000457
переходить 1,237874 0,000288
перечисление 3,218876 0,000749
перешеек 2,659260 0,000619
период 0,274437 0,000447
перс 1,897120 0,000442
персидский 1,897120 0,000442
персией 3,218876 0,000749
персии 2,995732 0,003487
персия 3,912023 0,003643
персональный -0,009950 -0,000002
петербургский 1,660731 0,001547
петроград 2,659260 0,000619
печать -0,009950 -0,000005
печенег 3,506558 0,000816
пещер 1,897120 0,001325
пие 3,912023 0,000911
пик 1,609438 0,000375
пиренейский 2,995732 0,000697
плато 2,040221 0,000950
племя 1,514128 0,000705
плиний 3,218876 0,000749
плоскогорье 2,659260 0,001238
площадь 0,385662 0,000090
побережье 1,171183 0,002454
поведение -0,009950 -0,000002
повести 1,832581 0,000427
повседневный 2,302585 0,000536
повысить 1,021651 0,000238
повышаться 2,525729 0,000588
погибнуть 1,469676 0,000342
погибший 1,203973 0,000280
пограничный 1,469676 0,000342
подавить 2,525729 0,000588
подвергнуться 1,714798 0,000399
подвижной 1,832581 0,000427
подданство 2,813411 0,003275
поддержать 1,966113 0,000458
поддержка 0,653926 0,000152
подниматься 1,427116 0,000665
поднятие 2,407946 0,000561
подняться 1,660731 0,000387
подписание 2,407946 0,001682
подполковник 3,218876 0,000749
подразделяться 2,207275 0,000514
подразумеваться 2,407946 0,000561
подтвердить 1,309333 0,000610
подтверждение 1,771957 0,000413
подтип 3,506558 0,001633
подход 0,994252 0,000231
подчиниться 3,912023 0,000911
поздно 0,713350 0,000664
позже 0,733969 0,000171
позиция 1,347074 0,000314
познакомиться 3,218876 0,000749
поиск -0,009950 -0,000005
покорение 2,302585 0,000536
покорить 2,525729 0,001764
покорность 3,912023 0,000911
покров 0,843970 0,000197
покровительство 3,506558 0,001633
поле 1,049822 0,000244
полевой 1,966113 0,000458
полинезия 2,659260 0,000619
политик -0,009950 -0,000005
политико-административного 3,912023 0,000911
политический 0,597837 0,000696
полностью 0,400478 0,000093
половина 0,430783 0,000100
пологий 2,302585 0,000536
положение 0,415515 0,000193
положено 2,813411 0,000655
полоса 0,916291 0,000427
полуостров 1,171183 0,001091
получить 0,150823 0,000105
полярный 1,347074 0,000314
помещик 3,506558 0,000816
помимо 0,562119 0,000131
помочь 1,171183 0,000273
помощник 2,302585 0,000536
помощь 0,342490 0,000080
понижаться 2,525729 0,001176
понтийские 3,506558 0,001633
понтийский 3,912023 0,000911
понтийскими 3,912023 0,000911
попытка 1,272966 0,000593
пора 0,776529 0,000181
порт-петровска 3,912023 0,000911
портовый 2,040221 0,000475
поручение 1,832581 0,000853
порядок 0,994252 0,000231
посвятить 0,634878 0,000148
поселенец 2,407946 0,000561
поселение 0,634878 0,000148
последнее 0,843970 0,000197
последний -0,009950 -0,000002
последующий 1,272966 0,000296
посольство 1,897120 0,000883
постепенно 0,867501 0,000808
постоянная 0,843970 0,000197
построить 0,301105 0,000140
постсоветский 1,609438 0,000749
поти 2,995732 0,000697
поход 1,203973 0,001402
появиться 0,248461 0,000058
появляться 0,733969 0,000171
пояс 0,597837 0,000139
правитель 1,771957 0,000825
правительство 0,510826 0,000119
править -0,009950 -0,000005
правкиновые -0,009950 -0,000002
правкипостоянная -0,009950 -0,000002
право 0,314711 0,000073
правобережье 1,966113 0,000458
православие 1,386294 0,000646
правый 0,798508 0,000372
праиндоевропейский 3,912023 0,000911
практически 0,755023 0,000352
превратиться 1,386294 0,000323
предание 1,771957 0,000413
предел 0,400478 0,000280
предкавказский 3,506558 0,001633
предкавказье 3,218876 0,003747
предлагаться 1,966113 0,000458
предлог 2,995732 0,000697
предложить 0,820981 0,000382
предоставить 1,714798 0,000399
предположение 1,897120 0,000442
предприниматься 2,813411 0,000655
предпринять 2,040221 0,000950
представитель 0,653926 0,000457
представить 0,328504 0,000076
представиться -0,009950 -0,000002
представление 0,776529 0,000181
представлять 0,328504 0,000229
предыдущий 1,609438 0,000375
предыстория 2,995732 0,000697
президент 0,597837 0,000278
преимущественно 0,776529 0,000542
пресноводный 2,207275 0,000514
прибыть 1,514128 0,000353
привести 0,356675 0,000415
приводить 0,776529 0,000181
придвинуться 3,912023 0,000911
придти 0,755023 0,000176
призн 3,912023 0,001822
признаваться 2,659260 0,000619
признать 0,494296 0,000806
прикаспийский 2,659260 0,000619
приковать 3,912023 0,000911
прикубанье 3,912023 0,001822
прилегать 1,237874 0,000288
примечание -0,009950 -0,000005
приморский 1,897120 0,000442
принадлежать 0,755023 0,000352
принудительный 2,813411 0,000655
принять 0,248461 0,000174
природный 0,510826 0,000119
присоединение 1,469676 0,001369
присоединить 1,660731 0,002320
пристав 3,218876 0,000749
приставств 3,912023 0,000911
пристань 1,427116 0,000332
приступить 2,302585 0,000536
присутствие 1,514128 0,000353
причерноморье 2,525729 0,001176
причина 0,562119 0,000262
проблема 0,274437 0,000128
провести 0,579818 0,000135
проводить 0,843970 0,000197
провозгласить 2,040221 0,000950
прогресс 1,309333 0,000305
продвижение 2,040221 0,000475
продвинуться 3,218876 0,000749
продолжение 1,347074 0,000314
продольный 2,407946 0,000561
проект -0,009950 -0,000002
проживать 0,776529 0,000362
произойти 0,430783 0,000501
происходить 0,328504 0,000153
происхождение 0,776529 0,000904
пройти 0,544727 0,000127
прокуратура 2,040221 0,000475
пролив 1,771957 0,000413
прометей 2,995732 0,000697
промышленность 0,494296 0,000115
проникновение 1,832581 0,000427
пропасть 2,813411 0,000655
просмотр -0,009950 -0,000002
простираться 1,714798 0,000399
пространство 0,634878 0,000148
протекторат 3,506558 0,001633
против 0,798508 0,000930
противник 2,040221 0,000950
противоборство 3,912023 0,000911
протяжение 0,843970 0,000590
протяженность 0,776529 0,000181
проф 1,771957 0,000413
профессор 0,967584 0,000225
проходить 0,462035 0,000323
прохоров 1,078810 0,000502
процесс 0,415515 0,000193
прочее 0,544727 0,000254
прочитать 3,218876 0,000749
прошение 2,995732 0,000697
проявлять 2,407946 0,000561
псоу 3,218876 0,000749
путь 0,261365 0,000122
пушкин 0,916291 0,000213
пшавы 3,912023 0,000911
пытаться 1,237874 0,000576
пятитысячник 3,912023 0,001822
равнина 0,867501 0,001414
равный 1,203973 0,000280
развиваться 0,597837 0,000139
развитие 0,127833 0,000030
раздача 3,506558 0,000816
разделить 0,527633 0,000737
разделять 1,609438 0,000749
различный 0,116534 0,000027
разное 1,078810 0,000251
разнообразие 1,832581 0,000427
разогнать 3,506558 0,000816
разработчик -0,009950 -0,000002
район 0,430783 0,000301
районирование 2,040221 0,000950
ранний 0,733969 0,000171
рано 0,261365 0,000122
раса 3,912023 0,000911
распад 1,514128 0,001410
распасться 2,525729 0,000588
расположение 0,776529 0,000181
расположить 0,385662 0,000449
распределить 0,693147 0,000161
распространение 0,891598 0,000208
расселение 1,832581 0,000427
рассматриваться 1,203973 0,000841
рассчитывать 2,407946 0,000561
растительный 1,386294 0,000323
расчленить 2,659260 0,000619
расширить 0,967584 0,000225
рачинцы 3,912023 0,000911
реальный 0,967584 0,000451
революция 0,562119 0,000131
регион 0,385662 0,001437
ред 0,235722 0,000110
редактирование 1,897120 0,000442
редакция 0,916291 0,000213
режим 0,653926 0,000305
результат 0,174353 0,000284
река 0,446287 0,000623
рекомендовать 1,966113 0,000458
реконструкция 0,820981 0,000191
религиозно-политического 3,912023 0,000911
религия 0,755023 0,000703
реликт 2,995732 0,000697
рельеф 0,798508 0,000558
репрессия 1,897120 0,000442
республик-учредителей 3,912023 0,000911
республика 0,527633 0,002948
ресурс 0,020203 0,000005
ретроспективно-сравнительного 3,912023 0,000911
реформа 1,108663 0,000258
рец 3,506558 0,000816
решение 0,328504 0,000153
римлянин 2,995732 0,000697
римский 1,897120 0,001325
роланд 3,506558 0,000816
российский 0,105361 0,000466
россия 0,174353 0,001299
рсфср 0,733969 0,000171
рубеж 1,021651 0,000476
рука 1,139434 0,000265
руководство 0,544727 0,000380
рум 3,506558 0,000816
румом 3,912023 0,000911
руниверс 3,912023 0,001822
рус 0,162519 0,000076
руслан 2,659260 0,000619
русский -0,009950 -0,000070
русско-кумыкские 3,912023 0,000911
русско-персидская 3,912023 0,001822
русско-персидской 3,912023 0,000911
русско-турецкая 3,506558 0,002449
русско-турецкой 2,659260 0,002477
русскоскифские 3,912023 0,000911
рутулец 1,897120 0,000883
рутульский 3,218876 0,000749
рыбный 1,609438 0,000375
ряд 0,223144 0,000260
савромат 3,912023 0,000911
сайт 0,210721 0,000147
салариды 3,912023 0,000911
сам 0,162519 0,000038
самобытный 2,659260 0,000619
самоназвание 3,506558 0,000816
самоуправление 0,891598 0,000208
самур 3,218876 0,001499
самцхе-саатабаго 3,912023 0,000911
самый 0,174353 0,000041
сарир 3,912023 0,000911
сармат 2,659260 0,000619
сван 3,912023 0,001822
сванетии 3,912023 0,000911
сведение 0,579818 0,000135
сверкать 3,912023 0,000911
светить 2,995732 0,000697
свидетельство 1,714798 0,000399
свободный -0,009950 -0,000002
свое 0,287682 0,000201
свой 0,150823 0,000211
связаться -0,009950 -0,000002
связываться 2,407946 0,000561
связь 0,174353 0,000122
святой 0,755023 0,000176
себелан 3,912023 0,000911
себя 0,198451 0,000139
севан 3,912023 0,001822
север 0,527633 0,000614
северные 1,171183 0,000273
северный 0,385662 0,005926
северо-восток 1,237874 0,000288
северо-восточный 1,386294 0,000968
северо-западный 1,078810 0,001256
северо-кавказский 2,659260 0,001238
северо-кавказского 2,813411 0,000655
сегодня 0,616186 0,000143
сей 0,693147 0,000161
сейсмичность 3,218876 0,000749
селение 1,832581 0,000427
селивановского 3,506558 0,001633
селиться 2,407946 0,000561
сель 3,218876 0,000749
семья 0,843970 0,000983
сентябре-ноябре 3,912023 0,000911
сентябрь 0,072571 0,000051
сепаратист 3,218876 0,001499
середина 0,356675 0,000498
сефевид 3,912023 0,000911
сефевидский 3,912023 0,000911
сжать 2,995732 0,000697
сжечь 2,407946 0,000561
сибирь 1,469676 0,000342
сила 0,494296 0,000230
сильно 0,755023 0,000176
сильный 0,544727 0,000127
симпатия 3,506558 0,000816
симпозиум 2,659260 0,000619
синдик 3,912023 0,000911
система 0,051293 0,000131
системеобсуждениевкладсоздать -0,009950 -0,000002
ситуация 0,693147 0,000161
скала 2,407946 0,000561
скачать -0,009950 -0,000002
скиф 2,525729 0,001176
скифский 2,525729 0,001176
складчато-глыбовое 3,912023 0,000911
складчатый 2,813411 0,000655
складывание 3,506558 0,000816
склон 1,347074 0,001568
следственный 2,120264 0,000494
сливаться 2,407946 0,000561
словарь 0,094311 0,000198
словесность 3,506558 0,000816
слово 0,210721 0,000098
словообразовательный 3,218876 0,000749
сломить 3,912023 0,000911
служить 0,820981 0,000573
случай -0,009950 -0,000005
снег 1,386294 0,000323
снежный 1,078810 0,000251
снытко 3,912023 0,000911
снять 1,237874 0,000288
собисевич 3,912023 0,000911
соболевский 3,912023 0,000911
соболевского 3,912023 0,000911
собрание 0,634878 0,000148
собственный 0,446287 0,000104
событияпожертвовать -0,009950 -0,000002
совершить 0,994252 0,000694
совет 0,462035 0,000215
советский 0,261365 0,000791
совпадать 1,832581 0,000427
совпасть 2,407946 0,001121
современный 0,150823 0,000140
согласно 0,301105 0,000140
согратль 3,912023 0,000911
содержание 0,010050 0,000002
соединительный 3,218876 0,000749
соединять 1,108663 0,000516
создание 0,301105 0,000140
создать 0,210721 0,000392
солин 3,912023 0,000911
солина 3,912023 0,000911
соображение 2,302585 0,000536
сообщить -0,009950 -0,000002
соответствовать 0,371064 0,000086
сопоставление 2,525729 0,000588
сопоставлять 2,813411 0,000655
сопротивление 2,207275 0,001028
соседний 1,203973 0,000561
состав 0,248461 0,000174
составить 0,400478 0,000186
составной 1,966113 0,000458
состоять 0,385662 0,000269
сотня 1,609438 0,000375
сотрудничество 1,078810 0,000251
сохранение -0,009950 -0,000002
сохраняться 1,108663 0,000516
социалистический 1,272966 0,000593
социально-экономических 2,659260 0,000619
сочетание 1,771957 0,000825
союз 0,579818 0,000270
союзник 2,407946 0,000561
спб 0,385662 0,000718
способный 1,309333 0,000305
способствовать 0,867501 0,000202
спрунер 3,912023 0,000911
сравнение 0,733969 0,000171
сразу 0,994252 0,000231
среди 0,198451 0,000231
средневековье 1,660731 0,001160
средневысотный 3,218876 0,001499
среднее 0,342490 0,000080
средний 0,371064 0,000173
средство 0,287682 0,000067
сср 0,820981 0,000191
ссср 0,314711 0,000366
ссылаться 2,407946 0,000561
ссылка -0,009950 -0,000032
ссылкасведения -0,009950 -0,000002
стабилизация 2,995732 0,000697
стабильность 2,207275 0,000514
ставрополе 3,218876 0,000749
ставрополь-кавказский 3,506558 0,001633
ставропольская 2,995732 0,000697
ставропольский 2,659260 0,000619
ставропольской 3,218876 0,000749
ставропольскую 3,218876 0,000749
сталь 0,415515 0,000097
старший 1,386294 0,000323
старый 0,314711 0,000073
статистик -0,009950 -0,000002
статус 0,430783 0,000100
стать 0,083382 0,000116
статьевикипедия 1,660731 0,000387
статьестатьи 0,843970 0,000197
статьислучайная -0,009950 -0,000002
статьисообществофорумсправкасвежие -0,009950 -0,000002
статья 0,020203 0,000075
статьяобсуждение -0,009950 -0,000002
статьятекущие -0,009950 -0,000002
степной 1,609438 0,000375
степь 1,469676 0,000342
стер 2,207275 0,000514
столкновение 2,207275 0,000514
сторона 0,235722 0,000220
сторонник 2,407946 0,000561
страбон 2,813411 0,000655
страбона 3,218876 0,000749
страна 0,235722 0,000220
страница -0,009950 -0,000009
страницасодержаниеизбранные -0,009950 -0,000002
страницецитировать -0,009950 -0,000002
страницуполучить -0,009950 -0,000002
страницыслужебные -0,009950 -0,000002
стратегический 1,469676 0,000342
стремление 2,407946 0,000561
строение 0,891598 0,000208
строительство 0,462035 0,000108
структурный 1,427116 0,000332
ступень 2,525729 0,000588
субмеридиональный 3,218876 0,000749
субрегион 3,912023 0,000911
субъект 0,597837 0,000139
субэтнос 3,912023 0,001822
суджук-кале 3,912023 0,000911
султанат 3,506558 0,001633
суннитский 2,525729 0,000588
суть 2,120264 0,000494
суффозия 3,912023 0,000911
существование 0,693147 0,000161
существовать 0,020203 0,000009
сход 2,813411 0,000655
считать 0,597837 0,000139
сюдасвязанные -0,009950 -0,000002
сюникское 3,912023 0,000911
сюпхан 3,912023 0,000911
табасаран 1,832581 0,001280
тавр 3,218876 0,000749
такое 0,328504 0,000306
талыш 1,897120 0,000442
талышский 3,506558 0,004082
таманского 3,506558 0,000816
тамары 3,506558 0,000816
тао-кларджети 3,506558 0,000816
тарковского 3,506558 0,000816
тарковское 3,912023 0,001822
тат 2,120264 0,000987
татарин 0,733969 0,000171
татарский 1,203973 0,000280
ташир-дзорагетское 3,912023 0,000911
тбилиси 2,813411 0,000655
текст -0,009950 -0,000002
тектонический 2,659260 0,000619
темир-хан-шура 3,506558 0,000816
темрюк 2,525729 0,000588
теория 1,049822 0,000244
терек 3,506558 0,001633
терека 3,912023 0,000911
тереком 3,912023 0,000911
терка 3,912023 0,000911
термин 0,198451 0,000092
территориально-административное 3,912023 0,000911
территория 0,356675 0,001246
терроризм 2,995732 0,000697
террористический 2,407946 0,000561
терский 3,506558 0,001633
терско-кумскую 3,912023 0,000911
течение 0,314711 0,000073
тиграна 3,912023 0,000911
тип 0,072571 0,000118
тифлис 3,506558 0,000816
тифлисе 3,912023 0,000911
тифлисский 3,506558 0,000816
тихий 1,347074 0,000314
тмутараканский 2,995732 0,000697
товарный -0,009950 -0,000002
тойбнер 3,912023 0,000911
толк 2,525729 0,000588
томниевым 3,912023 0,000911
топоним 1,078810 0,000502
топчишвили 3,912023 0,000911
торговый 0,597837 0,000139
точка 0,478036 0,000890
традиционно 1,347074 0,000627
традиционный 0,941609 0,000438
трактат 2,302585 0,000536
транспортный 0,616186 0,000143
требоваться 1,386294 0,000323
три 0,248461 0,000058
тронского 3,912023 0,000911
трубачев 3,218876 0,000749
трубачева 2,407946 0,000561
трухмены 3,912023 0,000911
турецкий 1,771957 0,000825
туристический 1,021651 0,000238
турка 1,469676 0,000342
турки-месхетинцы 2,525729 0,001176
турки-османы 3,506558 0,000816
туркманчайскому 3,912023 0,000911
турцией 2,995732 0,000697
турции 2,407946 0,002243
турция 2,207275 0,001542
тушины 3,912023 0,000911
тыл 1,771957 0,000413
тыс 0,430783 0,000201
тысяча 0,371064 0,000086
тысячелетие 1,427116 0,000665
тюркоязычный 3,218876 0,000749
тюркский 1,386294 0,000323
тянуться 2,407946 0,000561
убедительный 2,995732 0,000697
угасание 3,506558 0,000816
угрожать 2,525729 0,000588
угроза 1,469676 0,000342
удачно 3,218876 0,000749
уездный 1,469676 0,000342
узкий 1,171183 0,000273
указание -0,009950 -0,000002
указать 0,083382 0,000078
украинец 0,867501 0,000202
укрепить 1,427116 0,000997
укрепление 1,272966 0,000593
ума-хаджи 3,912023 0,000911
универсал 3,506558 0,000816
университет 0,328504 0,000535
управление 0,248461 0,000231
упразднение 2,407946 0,000561
упразднить 1,237874 0,000288
урарт 3,912023 0,003643
урартский 3,912023 0,000911
уровень 0,150823 0,000035
усиление 1,832581 0,001707
усиливаться 2,120264 0,000494
усилиться 2,525729 0,000588
условие -0,009950 -0,000009
успех 1,021651 0,000238
установить 0,328504 0,000229
установление 1,021651 0,000238
уступать 1,609438 0,000375
устье 0,634878 0,000296
утамышский 3,912023 0,000911
утверждение 0,400478 0,000093
уцмийство 3,912023 0,000911
участие -0,009950 -0,000002
участок 0,616186 0,000143
ученый 0,653926 0,000152
учет 0,597837 0,000139
учетный -0,009950 -0,000002
ущелье 3,506558 0,000816
фаза 2,302585 0,003217
фактически 0,916291 0,000213
фасмер 1,966113 0,000458
фауна 1,108663 0,000258
февраль 0,051293 0,000024
федеральный 0,462035 0,000430
федеративный 1,897120 0,001325
федерация 0,510826 0,000357
феодал 3,912023 0,000911
феодальный 2,525729 0,000588
ферейданцы 3,912023 0,000911
физико-географический 0,693147 0,000484
физический 0,798508 0,000186
филология 2,813411 0,000655
флаг 0,597837 0,000139
фланг 3,218876 0,000749
фомин 2,525729 0,000588
фон 1,203973 0,000280
фонд -0,009950 -0,000002
форма 0,287682 0,000268
формально 2,525729 0,000588
формальный 1,832581 0,000427
формирование 0,597837 0,000139
формироваться 1,078810 0,000251
фото 1,203973 0,000280
франко-советский 3,912023 0,000911
хазарский 2,302585 0,001072
халифат 3,218876 0,000749
хамса 3,218876 0,000749
ханство 1,771957 0,011139
характер 0,653926 0,000152
характеризоваться 0,891598 0,000415
характерный 0,693147 0,000161
хаченское 3,912023 0,000911
хашимиды 3,912023 0,000911
хевсур 3,912023 0,000911
ход 0,510826 0,000357
хозяйство 0,579818 0,000135
холм 1,386294 0,000323
хотя 0,653926 0,000152
хребет 1,560648 0,004724
христианин 1,514128 0,000353
христианство 1,660731 0,000387
царский 1,386294 0,000323
царство 1,237874 0,004611
царствование 2,407946 0,000561
царь 1,078810 0,000251
цахур 2,040221 0,001425
цез 3,912023 0,000911
цель 0,371064 0,000086
центр 0,287682 0,000402
центральный 0,400478 0,000653
цепь 2,040221 0,000475
церковь 0,673345 0,000470
цибарта 3,912023 0,000911
цуциев 3,912023 0,000911
чан 3,218876 0,000749
частично 0,653926 0,002436
частичный 1,514128 0,000353
частность 0,462035 0,000215
часто 0,415515 0,000097
частый 1,309333 0,000610
часть 0,061875 0,000231
чаячий 3,912023 0,000911
чвенебури 3,912023 0,000911
чеберлой 3,912023 0,000911
чередование 2,659260 0,000619
черкас 2,813411 0,000655
черкес 1,771957 0,001650
черкесия 3,218876 0,001499
черкесский 2,813411 0,001965
черное 1,237874 0,001441
черноморский 1,832581 0,002560
четвертый 0,994252 0,000231
четверть 1,966113 0,000458
четыре 0,597837 0,000139
чеченец 1,714798 0,002396
чечено-ингушская 3,912023 0,000911
чечено-ингушской 3,506558 0,000816
чеченский 2,995732 0,009765
чечне 2,995732 0,003487
чечни 2,995732 0,002790
чечня 2,995732 0,001395
чечняджавахетско-армянского 3,912023 0,000911
чиасср 3,912023 0,001822
число 0,186330 0,000043
читатьпросмотр 2,040221 0,000475
чтение 1,714798 0,000399
шавшат 3,912023 0,000911
шамиль 3,912023 0,000911
шамхальство 3,912023 0,003643
шандан 3,912023 0,000911
шапи 3,912023 0,000911
шапсуг 2,995732 0,001395
шахдагские 3,912023 0,000911
шеддадиды 3,912023 0,000911
шейх 3,506558 0,001633
шекинского 3,912023 0,000911
шекинское 3,912023 0,002732
шемахинский 3,912023 0,000911
шиизм 3,912023 0,000911
ширванского 3,912023 0,000911
ширванское 3,912023 0,001822
ширваншах 3,912023 0,000911
широкий 0,494296 0,000115
школа 0,478036 0,000223
шрадера 3,912023 0,002732
штаб 1,560648 0,000363
шхара 3,912023 0,001822
шхару 3,912023 0,000911
эгриси 3,506558 0,000816
эдрианом 3,912023 0,000911
экз 0,415515 0,000097
экономика 0,400478 0,000093
экономический 0,478036 0,000223
экскурсия 2,040221 0,000475
экспансия 2,525729 0,001176
экспорт -0,009950 -0,000002
элемент 0,544727 0,000380
эльбрус 2,995732 0,001395
эльбруса 3,912023 0,000911
эльбрусом 3,912023 0,000911
эльбурс 3,912023 0,001822
эмиграция 2,813411 0,000655
эмират 3,218876 0,000749
эндиреевское 3,912023 0,000911
энергичный 3,506558 0,000816
энциклопедический 0,733969 0,000513
энциклопедия -0,009950 -0,000016
эратосфена 3,912023 0,000911
эребуни 3,912023 0,001822
эрети 3,912023 0,000911
эриванская 3,912023 0,000911
эриванского 3,912023 0,000911
эриванское 3,912023 0,000911
эрозия 2,302585 0,000536
эскалация 3,912023 0,000911
эсхила 3,506558 0,000816
этап 0,634878 0,000296
этимологический 2,040221 0,000950
этимология 0,616186 0,001865
этнолингвистический 3,912023 0,000911
этнополитика 3,912023 0,000911
этнополитический 3,506558 0,002449
этюд 2,995732 0,000697
эффективный 1,609438 0,000375
юг 0,693147 0,000646
юго-восток 1,171183 0,000273
юго-восточный 1,108663 0,000774
юго-запад 1,309333 0,000305
юго-западный 1,049822 0,000489
южнее 1,832581 0,000853
южно-кавказского 3,912023 0,000911
южно-кавказское 3,912023 0,000911
южный 0,385662 0,001975
ююкин 3,912023 0,000911
ююкину 3,912023 0,000911
явиться 2,525729 0,000588
являться 0,040822 0,000038
язык -0,009950 -0,000023
языковой 1,660731 0,001933
языкознание 2,995732 0,000697
январь 0,105361 0,000074
ясно 2,407946 0,000561
ясский 3,912023 0,000911
ястреб 2,813411 0,000655
