август 0,072571 0,000080
автономный 0,867501 0,001274
автор 0,462035 0,000170
авторитетный 0,891598 0,000655
авторство -0,009950 -0,000004
автохтонный 3,912023 0,001437
агентство 0,798508 0,000293
административно-территориальных 2,207275 0,000811
административный 0,597837 0,000220
азия 0,755023 0,000555
акклиматизация 3,912023 0,001437
аксаков 2,813411 0,001033
активно 0,733969 0,000270
алексей 1,049822 0,001542
алешин 3,912023 0,001437
алмаз 2,407946 0,000884
алфавитупро 1,771957 0,000651
американский 0,994252 0,000365
аминь 3,912023 0,001437
ананьинский 3,912023 0,001437
андрианову 3,912023 0,001437
андроновский 3,506558 0,001288
аника 3,912023 0,001437
анфаловский 3,912023 0,001437
апрель 0,150823 0,000166
арал 3,506558 0,001288
аралтова 3,912023 0,001437
арис 3,912023 0,001437
артемием 3,912023 0,001437
архангельский 1,832581 0,000673
археологический 1,309333 0,000481
архивировать 0,020203 0,000059
архивный 0,248461 0,000182
архипова 3,912023 0,001437
архитектура 0,462035 0,000170
асбест 3,506558 0,001288
ассоциация 1,309333 0,000481
аст 0,820981 0,000301
асыка 3,912023 0,001437
асыкой 3,912023 0,001437
аятская 3,912023 0,001437
бабиновской 3,912023 0,001437
бабиновым 3,912023 0,001437
бажов 3,506558 0,001288
баз 0,371064 0,000545
база 2,040221 0,000749
баргузинский 3,218876 0,001182
бардаково 3,912023 0,001437
бархатовская 3,912023 0,001437
барьер 2,659260 0,000977
бассейн 0,653926 0,000480
бахарев 3,506558 0,001288
баш 3,506558 0,003863
башкир 1,347074 0,002968
башкирский 2,302585 0,005074
башкортостан 2,207275 0,000811
белогорский 3,912023 0,001437
белый 0,867501 0,000319
берег 0,478036 0,000176
березка 2,407946 0,000884
березник 3,506558 0,001288
березовая 2,040221 0,000749
березовское 3,912023 0,001437
бессильный 3,912023 0,001437
библиографический 0,083382 0,000031
битва 1,560648 0,000573
благодать 2,659260 0,000977
благородный 1,966113 0,000722
бобр 2,207275 0,001621
богатство 1,771957 0,001301
богач 2,995732 0,001100
боксит 3,912023 0,001437
болото 1,771957 0,000651
большое 0,385662 0,000142
большой 0,040822 0,000090
борьба 0,820981 0,000301
бражник 3,506558 0,001288
брат 1,272966 0,000935
братие 3,912023 0,001437
бронзовый 1,386294 0,000509
брусиловский 3,912023 0,001437
булатный 3,912023 0,001437
бурый 1,897120 0,000697
быньги 3,912023 0,001437
быстро 0,967584 0,000355
важенское 3,912023 0,001437
важный 0,494296 0,000182
валерьяна 3,912023 0,001437
варнак 3,912023 0,001437
вассал 3,218876 0,001182
вблизи 1,139434 0,000418
вглубь 2,407946 0,000884
век 0,248461 0,001460
великий 0,356675 0,000655
великопермский 3,912023 0,001437
вера 1,049822 0,000386
вероятно 1,560648 0,000573
версия -0,009950 -0,000011
верх-исетский 3,506558 0,001288
верх-нейвинск 3,912023 0,001437
верхний 0,494296 0,000363
верхотурье 2,995732 0,001100
вершина 1,514128 0,002780
вершинина 3,506558 0,002576
вес 1,560648 0,000573
весна 0,713350 0,000262
весь 0,301105 0,000221
весьма 1,514128 0,000556
взимать 3,506558 0,001288
вид 0,061875 0,000068
видимость 2,525729 0,000928
видно 2,407946 0,000884
викигидвикипедия 1,427116 0,000524
викигиде 0,776529 0,000285
викиданных -0,009950 -0,000004
викимедиа -0,009950 -0,000004
википедии -0,009950 -0,000007
википедия -0,009950 -0,000015
викискладвикиновостивикицитатниквикигидэлемент 1,272966 0,000467
викискладе 0,174353 0,000064
викискладепутеводитель 0,713350 0,000262
викискладстатьи 0,891598 0,000327
викицитатникемедиафайлы 1,469676 0,000540
викицитатникстатьи 2,207275 0,000811
висеть 3,218876 0,001182
виталий 1,966113 0,001444
вишере 3,912023 0,001437
вклад 0,994252 0,000730
владение 0,916291 0,001010
влажный 1,427116 0,000524
внести 1,021651 0,000375
внешний 0,051293 0,000038
внутренний 0,314711 0,000116
внучек 3,912023 0,002873
водиться 1,897120 0,000697
водораздельный 2,659260 0,000977
водохранилище 1,139434 0,000418
воевода 1,714798 0,001259
военный 0,494296 0,000182
возвысить 2,207275 0,000811
возвышенность 1,386294 0,000509
возможность 0,314711 0,000116
возникнуть 0,653926 0,001441
возобновиться 2,207275 0,000811
возраст 1,078810 0,000396
возродить 2,207275 0,000811
война 0,430783 0,000316
войско 0,798508 0,000880
волегова 3,912023 0,001437
волк 1,771957 0,000651
волович 3,912023 0,001437
волшебный 0,030459 0,000011
воробей 2,302585 0,000846
воспользоваться 2,120264 0,000779
восток 0,494296 0,000908
восточно-европейской 1,832581 0,001346
восточно-европейскую 3,506558 0,001288
восточный 0,430783 0,001107
восходить 1,609438 0,000591
впадать 1,309333 0,000481
впадение 1,139434 0,000418
время 0,020203 0,000052
вскоре 1,309333 0,000481
встретить 1,966113 0,000722
встретиться 2,659260 0,000977
встречаться 0,713350 0,000262
вступ 3,506558 0,001288
входить 0,287682 0,000528
вхождение 2,302585 0,000846
выбрать 1,139434 0,000418
выдра 3,218876 0,001182
выжить 3,506558 0,001288
выйти 0,798508 0,000293
выпадать 1,139434 0,000418
выплавлять 3,912023 0,001437
выразить 1,427116 0,000524
вырасти 1,108663 0,000407
вырубка 2,207275 0,000811
высокий 0,139262 0,000153
высококачественный 3,218876 0,001182
высота 0,415515 0,000305
вытеснить 2,525729 0,000928
выход 1,078810 0,000396
выхухоль 3,912023 0,001437
выше 0,616186 0,000679
вятка 2,407946 0,000884
газ 0,941609 0,000346
гай 2,995732 0,001100
геннадий 2,302585 0,000846
гео 2,995732 0,001100
географически 2,813411 0,001033
географический 0,356675 0,000917
география 0,415515 0,000458
геология 1,609438 0,000591
геохимия 2,995732 0,001100
гера 1,272966 0,000467
герцинский 2,995732 0,001100
гидроэнергетический 3,912023 0,001437
глубокий 1,078810 0,000396
год -0,009950 -0,000146
годавикипедия 0,616186 0,000226
годастатьи 2,659260 0,000977
голенище 3,912023 0,001437
голубятник 3,912023 0,001437
гора 0,616186 0,006336
горно-лесной 3,506558 0,001288
горнодобывающий 2,995732 0,001100
горнозаводский 3,218876 0,008275
горнорудный 3,912023 0,001437
горностай 2,207275 0,000811
горный 0,941609 0,001037
город 0,371064 0,001226
города-миллионеры 1,714798 0,000630
города-полумиллионеры 3,912023 0,001437
городов-миллионеров 2,813411 0,001033
городок 1,272966 0,001870
горшок 3,506558 0,001288
господин 3,218876 0,001182
государство 0,579818 0,000639
граница 0,356675 0,000262
гребень 2,813411 0,001033
гриф 2,995732 0,001100
грозный 1,272966 0,000467
грызун 2,207275 0,000811
грязный 1,771957 0,001301
губерлинские 3,912023 0,001437
губерния 0,891598 0,000327
густо 3,912023 0,001437
гэс 1,832581 0,000673
давать 0,820981 0,000603
далекий 2,525729 0,000928
далматовского 3,912023 0,001437
дань 2,407946 0,000884
дата 0,030459 0,000089
два 0,150823 0,000055
движение 0,544727 0,000400
девиз 2,407946 0,000884
дедушка 3,506558 0,001288
действовать -0,009950 -0,000011
декабрь 0,094311 0,000035
декоративно-прикладной 2,525729 0,001855
дело 0,562119 0,000826
демидовым 3,506558 0,001288
денисов-уральский 3,912023 0,001437
день 0,210721 0,000077
деревня 1,021651 0,000375
дерево 0,867501 0,000319
деревянный 0,941609 0,000346
держава 2,040221 0,000749
деятельность 0,342490 0,000126
дикий 1,469676 0,000540
дмитрий 0,967584 0,000355
добавить 0,562119 0,000413
добраться 2,120264 0,000779
добровольный 2,525729 0,000928
добрый 2,207275 0,000811
добыча 1,386294 0,000509
довольно 0,891598 0,000327
документальный 1,427116 0,000524
должный 0,356675 0,000262
долина 0,916291 0,000673
дом 0,446287 0,000164
домашний 1,237874 0,000455
дон 1,660731 0,000610
донбассе 3,506558 0,001288
доп 0,597837 0,000220
дополнительный -0,009950 -0,000004
дорога 0,527633 0,000388
доступный -0,009950 -0,000004
драгоценный 2,995732 0,002200
древнегреческий 1,832581 0,000673
древние 0,967584 0,000711
древний 0,653926 0,000480
дробно -0,009950 -0,000004
дрофа 2,995732 0,001100
другой -0,009950 -0,000029
дубасами 3,912023 0,001437
духовная 1,108663 0,000407
европа 0,301105 0,000221
европейский 0,494296 0,000182
единица 0,478036 0,000176
екатеринбург 0,843970 0,001860
екатеринбурга 2,525729 0,002783
екатеринбурге 2,659260 0,001953
екатеринбургский 2,659260 0,000977
ель 2,120264 0,001557
енотовидный 3,506558 0,001288
епархия 0,967584 0,000355
епископ 1,966113 0,000722
ермаком 3,506558 0,001288
ермолаевич 3,912023 0,001437
ерунами 3,912023 0,001437
железа 2,207275 0,001621
железненке 3,912023 0,001437
железный 0,616186 0,000226
железоделательный 2,525729 0,004638
живопись 1,609438 0,000591
животное 0,798508 0,000293
животный 1,714798 0,000630
житель 0,562119 0,000826
жить 0,820981 0,000904
журналист 1,660731 0,000610
завал 3,506558 0,001288
завод 0,693147 0,003818
заглавный -0,009950 -0,000004
зайков 3,218876 0,002364
законодательный 1,347074 0,000495
закрепление 2,659260 0,000977
заложить 0,843970 0,000310
заметно 1,771957 0,000651
заметный 1,427116 0,000524
заниматься 0,634878 0,000233
зап 2,813411 0,001033
запад 0,634878 0,000466
западно-сибирская 3,218876 0,001182
западно-сибирский 2,525729 0,000928
западно-сибирской 2,120264 0,001557
западно-сибирскую 2,995732 0,001100
западный 0,462035 0,001357
записьвойти -0,009950 -0,000004
заповедник 1,714798 0,000630
зарасти 2,813411 0,001033
зарегистрировать -0,009950 -0,000004
зародиться 2,525729 0,000928
заседание 1,309333 0,000481
заселение 2,407946 0,003537
заслонка 3,912023 0,001437
заслужить 1,714798 0,000630
затем 0,527633 0,000194
зато 1,560648 0,000573
зауралье 3,218876 0,005911
защита 0,616186 0,000453
заявление -0,009950 -0,000004
звезда 0,916291 0,000337
земледелие 2,207275 0,000811
землеройка 3,912023 0,001437
земля 0,400478 0,000882
зигальга 3,912023 0,001437
зима 0,478036 0,000176
зипун 3,506558 0,001288
зло 3,506558 0,001288
змей 2,407946 0,000884
знак -0,009950 -0,000004
значение 0,061875 0,000091
значительно 0,510826 0,000188
значительный 0,328504 0,000121
зоб 3,912023 0,002873
золото 1,469676 0,002159
золотой 0,597837 0,000659
зона 0,400478 0,000441
ивана 1,078810 0,000396
иванов 1,560648 0,002293
иваном 2,040221 0,000749
игнатьевская 3,912023 0,001437
игнатьевской 3,912023 0,001437
идет 1,078810 0,000396
идол 3,506558 0,002576
ижевск 1,139434 0,000418
из-за 0,415515 0,000153
известное 0,994252 0,000365
известный 0,287682 0,000951
изготавливать 3,218876 0,001182
изд 0,314711 0,000347
изд-во 1,049822 0,000771
издательский 1,272966 0,000467
издательство 0,494296 0,000363
изделие 1,108663 0,000407
издревле 3,506558 0,001288
изображать 2,525729 0,000928
изумруд 3,506558 0,001288
изучение 0,713350 0,000786
илецкое 3,912023 0,001437
илимка 3,912023 0,001437
ильменский 3,912023 0,001437
иметь 0,094311 0,000069
империя 0,653926 0,000240
иначе 0,733969 0,000809
индо-иранской 3,912023 0,001437
инженер 1,139434 0,000418
инициировать 2,302585 0,000846
иной 0,867501 0,000319
инспекционный 3,506558 0,001288
институт 0,371064 0,000136
инструмент -0,009950 -0,000007
инташтинская 3,912023 0,001437
информация 0,162519 0,000119
иремель 3,912023 0,001437
ириклинская 3,912023 0,001437
исетский 3,218876 0,001182
исеть 3,506558 0,002576
искать 1,966113 0,000722
ископаемое 1,560648 0,000573
искусство 0,478036 0,001229
использование -0,009950 -0,000004
использовать 0,020203 0,000007
исток 0,755023 0,000277
исторически 1,078810 0,000396
история 0,051293 0,000226
источник -0,009950 -0,000037
исчезнуть 1,771957 0,000651
итог 0,494296 0,000182
ишимбай 1,309333 0,000481
июнь 0,116534 0,000171
каждый 0,261365 0,000096
казак 1,309333 0,000481
казанец 2,995732 0,001100
казанский 1,049822 0,000386
казань 0,891598 0,000327
казахстан 1,469676 0,001079
казахстана 1,966113 0,000722
казахстане 3,218876 0,002364
казенный 2,040221 0,001499
казымское 3,912023 0,001437
калаты 3,912023 0,001437
калийный 2,813411 0,001033
кам 2,207275 0,001621
каменный 0,733969 0,001617
камень 0,994252 0,001095
камнерезный 3,506558 0,002576
камский 1,714798 0,000630
каповый 3,912023 0,001437
карабаш 3,506558 0,001288
карательный 3,912023 0,001437
карт 0,301105 0,000221
каслинский 3,218876 0,001182
каспийский 1,514128 0,001112
каталог 0,094311 0,000035
категория -0,009950 -0,000007
качество 0,287682 0,000106
качканар 3,506558 0,001288
кедровка 2,813411 0,001033
километр 0,693147 0,000255
класс 0,616186 0,000226
климат 0,446287 0,001311
климатический 1,049822 0,000386
ключевой 1,203973 0,000442
книга 0,415515 0,000305
книжный 0,798508 0,000880
княжество 1,714798 0,007557
князь 0,867501 0,001274
ковальчук 3,218876 0,001182
ковер 2,407946 0,000884
код -0,009950 -0,000066
кодекс -0,009950 -0,000004
кодистория 0,116534 0,000043
кодское 3,912023 0,001437
кокурочниками 3,912023 0,001437
колдун 3,506558 0,001288
колонизация 2,207275 0,002432
командование 1,609438 0,000591
комбинат 1,021651 0,000375
коми 1,514128 0,001112
коми-зырянин 3,506558 0,001288
коммент 3,218876 0,001182
конде 3,912023 0,002873
кондинское 3,912023 0,001437
конец 0,198451 0,000292
конкуренция 2,120264 0,000779
контакт 2,120264 0,000779
контекст 1,427116 0,000524
континентальность 2,407946 0,000884
континентальный 0,527633 0,000581
контролировать 1,469676 0,000540
конфиденциальность -0,009950 -0,000004
конфликт 1,347074 0,000495
копие 0,223144 0,000164
коптяковская 3,912023 0,001437
копытные 3,218876 0,001182
корить 1,309333 0,000481
коротеев 3,912023 0,001437
короткий -0,009950 -0,000004
косая 3,218876 0,001182
косуля 2,525729 0,000928
котел 2,813411 0,001033
который 0,000000 0,000000
кочевник 2,040221 0,000749
кочевой 2,302585 0,000846
кошель 3,912023 0,001437
край 0,544727 0,001400
красноборский 3,912023 0,001437
красноуфимский 3,912023 0,001437
краткий 0,653926 0,000240
крепость 0,994252 0,000365
крестьянин 1,832581 0,000673
кривая 2,302585 0,000846
кризис 1,386294 0,000509
кругляшовой 3,912023 0,001437
крупный 0,210721 0,000464
кряж 2,813411 0,001033
кузнеца-великана 3,912023 0,001437
куки -0,009950 -0,000004
кулак 3,506558 0,001288
культура 0,356675 0,002620
куноватско-ляпинское 3,912023 0,001437
купец 1,078810 0,001189
курбского 3,912023 0,001437
курганский 2,525729 0,001855
кусок 3,218876 0,001182
кустарник 1,771957 0,001301
кын 3,912023 0,001437
ландшафт 1,427116 0,001048
лапоть 3,912023 0,001437
лебедев 3,218876 0,001182
легенда 1,469676 0,001619
легировать 3,912023 0,001437
ледовитый 1,514128 0,001112
леонидом 3,218876 0,001182
лес 0,733969 0,000809
лесной 0,843970 0,001860
лесостепной 1,771957 0,000651
линия 0,462035 0,000170
лисица 2,407946 0,000884
литература 0,051293 0,000075
литье 3,218876 0,003546
лицензия -0,009950 -0,000004
лозьва 3,912023 0,001437
лом 2,525729 0,000928
лось 2,407946 0,000884
лошадь 1,966113 0,000722
лучший 0,776529 0,000285
лысьвы 3,912023 0,001437
магнитный 2,207275 0,000811
магнитогорск 1,272966 0,000467
магнитогорский 3,912023 0,001437
максимовский 3,912023 0,001437
мало 0,579818 0,000213
малой 0,776529 0,000285
малый 0,139262 0,000153
мамин-сибиряк 3,912023 0,001437
манарага 3,912023 0,002873
манси 2,813411 0,006199
марал 3,912023 0,001437
март 0,116534 0,000128
мартьянова 3,912023 0,001437
маршрут 0,673345 0,000247
массив 0,891598 0,000655
мастер 1,171183 0,000430
мастерство 2,407946 0,000884
матвеев 2,040221 0,002248
материал -0,009950 -0,000004
машиностроение 1,049822 0,000386
мегалит 3,912023 0,001437
медведь 1,660731 0,001220
медеплавильный 2,995732 0,001100
медиафайлы 0,301105 0,000111
медногорск 3,506558 0,001288
медный 2,525729 0,001855
медь 2,040221 0,001499
межовская 3,912023 0,001437
межрегиональный 1,771957 0,000651
мелькать 3,912023 0,001437
менделеева 2,659260 0,000977
менделеевым 3,912023 0,001437
менять 1,714798 0,000630
мера 0,820981 0,000301
меридиональный 2,525729 0,000928
местность 1,049822 0,000386
местный 0,478036 0,000176
место 0,139262 0,000409
месторождение 1,427116 0,004193
месяцевикипедия 0,776529 0,000285
металл 1,272966 0,001870
металлургический 1,469676 0,001619
металлургия 1,714798 0,001889
метафорический 3,912023 0,001437
метр 0,653926 0,000240
миллионный 1,771957 0,000651
минерал 2,525729 0,000928
минеральный 1,139434 0,000418
мир 0,094311 0,000069
мирной 1,609438 0,000591
миссионер 3,506558 0,001288
миссионерский 3,218876 0,001182
михаил 0,916291 0,000337
миша 3,912023 0,001437
млн 0,462035 0,000170
многие 0,356675 0,000393
много 0,150823 0,000055
многочисленный 0,693147 0,000509
множество 0,462035 0,000339
мобильный -0,009950 -0,000004
могучий 3,506558 0,001288
молчановская 3,912023 0,001437
монастырь 0,867501 0,000319
монгол 1,660731 0,000610
монгольский 1,832581 0,001346
монополизм 3,912023 0,001437
мор 1,021651 0,000375
море 0,562119 0,000206
мосин 3,218876 0,001182
москва 0,400478 0,000147
московский 0,527633 0,002131
мох 2,302585 0,000846
мочь -0,009950 -0,000018
мрамор 2,995732 0,001100
мугоджары 3,506558 0,001288
мурзаев 2,995732 0,004401
мысль 1,469676 0,000540
мышь 2,207275 0,000811
мягкий 1,714798 0,000630
навигация -0,009950 -0,000011
навстречу 3,218876 0,001182
нагромождение 3,506558 0,001288
надей 3,912023 0,001437
назад 1,108663 0,001221
название 0,105361 0,000503
назвать 0,371064 0,000273
называть 0,174353 0,000192
называться 0,328504 0,000121
наиболее 0,139262 0,000153
найти 0,733969 0,001078
намного 2,302585 0,001691
нанести 1,832581 0,000673
напасть 3,506558 0,001288
написать 0,867501 0,000319
напоминать 1,714798 0,000630
направление 0,385662 0,000142
например 0,328504 0,000362
напрямую 1,660731 0,000610
народ 0,579818 0,001703
народный 0,616186 0,001358
население 0,462035 0,001018
населить 0,597837 0,000439
населять 2,207275 0,000811
научно-исследовательский 0,798508 0,000293
находиться 0,174353 0,000384
находка 0,994252 0,000365
национальный 0,342490 0,000252
начало 0,116534 0,000128
началось 0,616186 0,000905
начаться 0,562119 0,000619
начинаться 0,527633 0,000194
нашествие 2,120264 0,000779
небо 1,272966 0,000467
небольшой 0,494296 0,000363
невысокий 1,966113 0,001444
невьянский 3,506558 0,001288
недропользование 3,506558 0,001288
нейве 3,912023 0,001437
некий 2,207275 0,000811
некоммерческий -0,009950 -0,000004
некоторые 0,127833 0,000047
немытый 3,912023 0,001437
ненецкий 2,659260 0,000977
неприступный 3,912023 0,001437
неравномерно 2,659260 0,000977
нередко 1,108663 0,000407
несколько 0,116534 0,000128
несметный 3,912023 0,001437
нефть 1,347074 0,000495
ниже 0,693147 0,000255
нижнее 0,916291 0,000337
нижнетагильский 3,912023 0,001437
нижний 0,494296 0,000363
низовье 1,966113 0,000722
никелевый 3,506558 0,001288
никель 2,407946 0,000884
нице 3,912023 0,001437
ницинский 3,912023 0,001437
ничем 3,506558 0,001288
новгородский 2,040221 0,001499
ново-закамская 3,912023 0,001437
новое 0,287682 0,000106
новость 0,544727 0,000200
новый 0,083382 0,000061
норка 2,995732 0,001100
ныне 0,653926 0,000240
обдорское 3,912023 0,001437
обеспечивать 0,415515 0,000153
обзор 1,078810 0,000792
оби 2,207275 0,000811
обида 3,912023 0,001437
обитание 2,040221 0,000749
обитатель 2,120264 0,000779
обиход 2,525729 0,000928
область 0,150823 0,000665
обломка 3,506558 0,001288
обозначение 1,386294 0,000509
обрабатывать 1,049822 0,000386
обработка 1,309333 0,000481
образ 0,287682 0,000211
образовать 0,385662 0,000283
обращать 2,813411 0,001033
обращение 0,030459 0,000089
обушниками 3,912023 0,001437
обширный 1,078810 0,000396
общность 2,813411 0,001033
объединение 0,776529 0,000570
объект 0,235722 0,000087
объясняться 1,560648 0,000573
обычно 0,693147 0,000255
овраг 1,660731 0,000610
огораживать 3,912023 0,001437
один 0,051293 0,000038
однако 0,174353 0,000128
одноименный 0,967584 0,000355
озеро 0,673345 0,000742
оказаться 0,820981 0,000301
океан 0,994252 0,001095
окончательный 1,897120 0,000697
окраина 1,049822 0,000386
округ 0,562119 0,001032
октябрь 0,072571 0,000053
олень 2,207275 0,003242
ондатра 3,218876 0,001182
описание -0,009950 -0,000007
опорный 1,560648 0,000573
опоясывать 3,506558 0,001288
определить 0,527633 0,000194
опустошить 3,218876 0,001182
оралтова 3,912023 0,001437
организация -0,009950 -0,000004
орда 1,714798 0,000630
орел 1,386294 0,000509
оренбург 1,966113 0,002166
оренбургский 1,714798 0,001889
оружие 1,203973 0,000442
осадка 1,237874 0,000455
осадок 0,544727 0,000400
осваиваться 3,218876 0,001182
освоение 1,309333 0,003366
освоить 2,525729 0,000928
осиновый 2,407946 0,000884
ослянка 3,912023 0,001437
основа 0,210721 0,000077
основатель 0,967584 0,000711
основать 0,274437 0,000403
основной 0,040822 0,000090
особый 0,776529 0,000285
осознаваться 3,218876 0,001182
остальной 0,616186 0,000226
остров 0,820981 0,000603
ответственность -0,009950 -0,000004
отдельный -0,009950 -0,000007
отечественный 0,634878 0,000466
отказ -0,009950 -0,000004
откочевать 3,912023 0,001437
открытие 0,616186 0,000453
открыто 1,078810 0,000396
открыть 0,150823 0,000055
отливать 3,912023 0,001437
отличаться 0,342490 0,000126
отнести 1,560648 0,000573
относить 1,469676 0,001079
относиться 0,328504 0,000483
отражать 1,309333 0,000481
отредактировать -0,009950 -0,000011
отсталость 3,506558 0,001288
официальный 0,356675 0,000131
охота 1,966113 0,000722
очерк 0,733969 0,000270
ошибкекак -0,009950 -0,000004
павел 1,078810 0,000396
павловская 3,218876 0,001182
пай-хой 3,912023 0,001437
пайер 3,912023 0,001437
палата 1,347074 0,000495
палеозой 3,218876 0,001182
палеолит 2,813411 0,001033
палеолитический 3,506558 0,001288
памятник 0,597837 0,000659
память 0,820981 0,000301
паренек 3,912023 0,001437
парк 0,653926 0,000240
парфеновым 3,912023 0,001437
пелым 3,506558 0,001288
пелыма 3,506558 0,001288
пелымский 3,912023 0,002873
пелымскими 3,912023 0,001437
пелымское 3,506558 0,002576
первое 0,150823 0,000443
первый 0,162519 0,000239
передаваться 2,207275 0,000811
передать 0,798508 0,000293
перейти -0,009950 -0,000007
перенять 2,995732 0,001100
перераб 1,609438 0,000591
пересечение 1,171183 0,000430
период 0,274437 0,000403
перми 2,407946 0,000884
пермский 1,966113 0,004332
пермь 0,994252 0,001461
пермяк 3,218876 0,001182
персональный -0,009950 -0,000004
песня 1,427116 0,001048
пестрый 3,912023 0,002873
песчаник 3,506558 0,001288
петербург 1,897120 0,000697
петре 2,659260 0,000977
петрогромская 3,912023 0,001437
петцольд 3,912023 0,001437
печать -0,009950 -0,000007
печеры 3,506558 0,001288
печора 3,912023 0,001437
печоры 3,912023 0,001437
печь 2,525729 0,000928
пещер 1,897120 0,001393
пещерный 3,912023 0,001437
писатель 0,916291 0,000337
писатель-документалист 3,912023 0,001437
писатель-ураловед 3,912023 0,001437
писцовый 3,506558 0,001288
пихта 2,407946 0,000884
пихтовый 3,506558 0,001288
платина 2,995732 0,003300
племенной 3,218876 0,002364
площадка 0,867501 0,000319
площадь 0,385662 0,000142
побывать 1,897120 0,000697
поведение -0,009950 -0,000004
повествовать 2,995732 0,001100
подгорный 2,813411 0,001033
подниматься 1,427116 0,001048
подножие 2,525729 0,001855
подчинение 1,237874 0,000455
подчинить 1,347074 0,000495
подъем 1,386294 0,000509
пожаловать 2,207275 0,000811
пожар 1,171183 0,000860
поздний 1,171183 0,000430
поздно 0,713350 0,000262
позже 0,733969 0,000270
поиск -0,009950 -0,000018
поколение 1,203973 0,000884
покорение 2,302585 0,001691
покорить 2,525729 0,000928
покрыть 1,309333 0,000481
покча 3,912023 0,001437
покчи 3,912023 0,001437
полевой 1,966113 0,000722
полезный 1,203973 0,000442
политик -0,009950 -0,000007
полк 1,469676 0,000540
полностью 0,400478 0,000147
половина 0,430783 0,000316
пологий 2,302585 0,000846
полоса 0,916291 0,000673
полтора 2,040221 0,000749
полудрагоценный 3,506558 0,001288
полупустынный 2,659260 0,000977
получение 1,203973 0,000442
получить 0,150823 0,000111
поляна 1,427116 0,000524
полярный 1,347074 0,000495
пометка 2,995732 0,001100
понятие 0,967584 0,000355
попадаться 3,912023 0,001437
породить 2,525729 0,000928
посвятить 0,634878 0,000233
поселенец 2,407946 0,000884
посетить 1,203973 0,000442
последний -0,009950 -0,000011
последующее 1,714798 0,000630
последующий 1,272966 0,000467
поставить 1,021651 0,000375
построить 0,301105 0,000221
потенциал 0,967584 0,000355
потомок 2,040221 0,000749
потоп 2,525729 0,000928
поход 1,203973 0,002211
поэтому 0,616186 0,000453
появиться 0,248461 0,000274
пояс 0,597837 0,000878
править -0,009950 -0,000139
правка 0,274437 0,000101
правкиновые -0,009950 -0,000004
правкипостоянная -0,009950 -0,000004
православие 1,386294 0,001018
православный 0,755023 0,000277
прародитель 3,218876 0,001182
пратюркскому 3,912023 0,001437
превышать 0,673345 0,000247
преграждать 3,506558 0,001288
предание 1,771957 0,002603
предгорье 2,659260 0,000977
предел 0,400478 0,000294
предлог 2,995732 0,001100
предмет 0,713350 0,000262
предок 1,832581 0,001346
предприятие 0,527633 0,000388
председатель 0,916291 0,000337
представиться -0,009950 -0,000004
предуралье 2,813411 0,003100
преодоление 2,407946 0,000884
преславный 3,912023 0,001437
привести 0,356675 0,000262
привокзальный 1,832581 0,000673
прииск 3,218876 0,001182
прикамье 2,995732 0,002200
прилегать 1,237874 0,000909
применять 0,510826 0,000188
применяться 1,139434 0,000418
примечание -0,009950 -0,000007
примыкать 1,386294 0,000509
принадлежать 0,755023 0,000832
принять 0,248461 0,000274
приостановиться 3,506558 0,001288
приписываться 2,525729 0,000928
приполярный 3,218876 0,003546
природа 0,653926 0,000961
природный 0,510826 0,001126
приуралье 3,912023 0,002873
приуральем 3,912023 0,001437
приуральский 3,912023 0,002873
приуралья 3,506558 0,003863
причина 0,562119 0,000206
проверять 0,820981 0,000603
провести 0,579818 0,000213
прогнозирование 2,525729 0,000928
проект -0,009950 -0,000004
проектахцитаты 2,525729 0,000928
проигрывать 3,506558 0,001288
производство 0,527633 0,000388
произойти 0,430783 0,000475
происхождение 0,776529 0,000570
пройти 0,544727 0,000200
прокин 3,912023 0,001437
прокудина-горского 3,506558 0,001288
промышленность 0,494296 0,001089
промышлять 0,462035 0,001357
проникновение 1,832581 0,000673
проникнуть 2,525729 0,000928
проповедовать 3,912023 0,001437
просмотр -0,009950 -0,000004
простираться 1,714798 0,000630
противостоять 2,995732 0,001100
протяжение 0,843970 0,000310
протяженный 2,207275 0,000811
протянуться 1,897120 0,000697
прохоров 1,078810 0,000396
процесс 0,415515 0,000153
прочесть 3,912023 0,001437
прочие 0,798508 0,000293
пруд 1,609438 0,000591
птица 1,272966 0,000467
пустозерск 3,912023 0,001437
путь 0,261365 0,000384
пушнина 2,995732 0,002200
пыскорского 3,912023 0,001437
пышма 1,309333 0,000481
пятнистый 3,218876 0,001182
работа 0,127833 0,000047
равнина 0,867501 0,002867
раз -0,009950 -0,000004
разбить 1,514128 0,000556
разведать 3,506558 0,001288
развитие 0,127833 0,000047
разгром 2,302585 0,000846
раздел 0,342490 0,000629
разделять 1,609438 0,001182
различие 1,714798 0,000630
различный 0,116534 0,000214
разница 1,897120 0,000697
разновидность 2,407946 0,000884
разноцветный 3,506558 0,001288
разный 0,314711 0,000116
разработка 0,653926 0,000240
разработчик -0,009950 -0,000004
разрешение 1,660731 0,000610
район 0,430783 0,001107
рана 0,776529 0,000285
ранний 0,733969 0,000270
рано 0,261365 0,000096
распахать 3,912023 0,001437
распашка 3,912023 0,001437
располагаться 0,544727 0,000200
расположить 0,385662 0,000283
распределить 0,693147 0,000255
распределяться 2,407946 0,000884
распространиться 2,302585 0,000846
расселить 2,813411 0,001033
рассечь 3,218876 0,001182
рассказ 1,514128 0,000556
расти 0,941609 0,000346
расшириться 2,407946 0,000884
регион 0,385662 0,000708
регулярный 0,798508 0,000293
ред 0,235722 0,000087
редкий 1,237874 0,000909
резко 0,967584 0,000355
результат 0,174353 0,000128
река 0,446287 0,002786
рекомендательный 3,506558 0,001288
рекомендация 0,776529 0,000570
республика 0,527633 0,000581
ресурс 0,020203 0,000045
ресурсный 2,525729 0,000928
речной 0,693147 0,000509
рифейский 3,506558 0,002576
ровный 1,771957 0,000651
род 0,843970 0,000310
родственный 0,579818 0,000213
роль 0,494296 0,000182
росомаха 2,995732 0,001100
российский 0,105361 0,000077
россия 0,174353 0,000832
россыпь 2,813411 0,002066
рсфср 0,733969 0,000270
руд 2,040221 0,002248
рус 0,162519 0,000716
русский -0,009950 -0,000095
русь 1,139434 0,000418
рысь 2,813411 0,001033
ряд 0,223144 0,000246
сайгак 3,506558 0,001288
сайт 0,210721 0,000077
сакмарская 3,912023 0,001437
саксонец 3,912023 0,001437
салават 2,813411 0,001033
салтык 3,506558 0,001288
самовластье 3,912023 0,001437
самородок 3,912023 0,001437
самостоятельный 0,820981 0,000301
самоцвет 3,218876 0,001182
самый 0,174353 0,000064
свердловск 2,995732 0,001100
свердловская 2,659260 0,001953
свердловской 2,995732 0,003300
свет 0,941609 0,000346
светешников 3,506558 0,001288
свободный -0,009950 -0,000004
своеобразный 1,966113 0,001444
свой 0,150823 0,000111
свыше 0,891598 0,000655
связать 0,174353 0,000320
связаться -0,009950 -0,000004
связывать 0,916291 0,000337
сгорать 3,912023 0,001437
сделать 0,616186 0,000226
север 0,527633 0,000775
северные 1,171183 0,000430
северный 0,385662 0,000991
семья 0,843970 0,000620
сентябрь 0,072571 0,000053
сергей 0,967584 0,000355
серебро 2,040221 0,000749
середина 0,356675 0,000393
серия 0,713350 0,000524
серовский 3,912023 0,001437
сеть 0,356675 0,000131
сибай 3,506558 0,001288
сибири 1,347074 0,000989
сибирский 1,049822 0,000386
сиг 2,995732 0,001100
символизировать 1,469676 0,000540
симонята 3,912023 0,001437
система 0,051293 0,000038
системеобсуждениевкладсоздать -0,009950 -0,000004
сказ 2,813411 0,001033
сказание 3,218876 0,001182
скачать -0,009950 -0,000004
складчатость 3,218876 0,001182
склон 1,347074 0,001484
скульптор 1,237874 0,000455
скульптура 0,916291 0,001010
слабеть 3,506558 0,001288
следует 0,755023 0,000277
слепень 3,912023 0,001437
слияние 1,609438 0,000591
словарь 0,094311 0,000069
слово 0,210721 0,000155
служить 0,820981 0,000301
случай -0,009950 -0,000004
смещение 0,733969 0,000270
снегирь 3,218876 0,001182
сноска 0,733969 0,000539
собака 2,207275 0,000811
соболь 2,302585 0,001691
собрание 0,634878 0,000233
событие 0,733969 0,000539
событияпожертвовать -0,009950 -0,000004
совет 0,462035 0,000170
советский 0,261365 0,000480
совместно 1,427116 0,001048
совокупность 1,469676 0,000540
современный 0,150823 0,000055
содержание 0,010050 0,000004
содержать 0,634878 0,000233
создание 0,301105 0,000221
создать 0,210721 0,000464
сократ 2,995732 0,001100
сокровище 2,659260 0,000977
солеварение 3,912023 0,001437
соликамск 3,506558 0,002576
солома 3,506558 0,001288
соль 1,660731 0,001220
сообщать 1,966113 0,001444
сообщить -0,009950 -0,000004
сосновые 2,525729 0,000928
сост 0,597837 0,000220
состав 0,248461 0,000182
составлять 0,198451 0,000073
состояние 0,248461 0,000091
состоять 0,385662 0,000142
сосьва 3,912023 0,001437
сосьвы 3,912023 0,001437
сотня 1,609438 0,000591
сохранение -0,009950 -0,000004
сохраниться 0,820981 0,000904
социально-культурную 3,912023 0,001437
сочинение 1,771957 0,000651
способствовать 0,867501 0,000319
сравнительно 1,897120 0,000697
среди 0,198451 0,000073
средне-уральское 3,218876 0,001182
среднее 0,342490 0,000377
средний 0,371064 0,000273
ссылка -0,009950 -0,000055
ссылкасведения -0,009950 -0,000004
стадо 3,218876 0,001182
сталь 0,415515 0,000916
старожил 2,813411 0,001033
старший 1,386294 0,000509
старый 0,314711 0,000231
статистик -0,009950 -0,000004
стать 0,083382 0,000214
статьислучайная -0,009950 -0,000004
статьисообществофорумсправкасвежие -0,009950 -0,000004
статья 0,020203 0,000052
статьяобсуждение -0,009950 -0,000004
статьятекущие -0,009950 -0,000004
ствол 2,995732 0,001100
степной 1,609438 0,000591
степь 1,469676 0,000540
стеречь 3,506558 0,001288
стерлитамак 2,995732 0,001100
стефан 2,995732 0,001100
стих 1,966113 0,000722
стихотворение 2,120264 0,000779
столетие 1,469676 0,001079
столица 0,755023 0,001109
стоять 1,386294 0,000509
страна 0,235722 0,000346
страница -0,009950 -0,000015
страницасодержаниеизбранные -0,009950 -0,000004
страницецитировать -0,009950 -0,000004
страницуполучить -0,009950 -0,000004
страницыслужебные -0,009950 -0,000004
стрепет 3,218876 0,001182
строганов 3,506558 0,001288
строгановский 3,506558 0,001288
строгановы 3,912023 0,001437
строгановым 3,506558 0,001288
строительство 0,462035 0,000339
строчка 2,525729 0,000928
стык 1,832581 0,000673
сундучник 3,912023 0,001437
сурков-байбаков 3,912023 0,001437
суровый 1,714798 0,000630
сухой 1,049822 0,000386
сухопутный 2,040221 0,000749
сухостой 3,912023 0,001437
существовать 0,020203 0,000030
считать 0,597837 0,000220
считаться 0,385662 0,000142
сыграть 1,714798 0,001259
сылва 3,912023 0,001437
сюдасвязанные -0,009950 -0,000004
табарское 3,912023 0,001437
табары 3,912023 0,001437
тавалги 3,912023 0,001437
тавда 3,218876 0,001182
тавдой 3,912023 0,001437
тагил 1,272966 0,001402
такое 0,328504 0,000121
такой 0,162519 0,000060
тасс 1,171183 0,000430
татарин 0,733969 0,000270
ташковская 3,912023 0,001437
твардовского 3,506558 0,001288
творожник 3,912023 0,001437
творчество 1,021651 0,000375
текст -0,009950 -0,000011
тельпосиз 3,912023 0,002873
тема 0,693147 0,000255
тепляк 3,912023 0,001437
термин 0,198451 0,000073
территория 0,356675 0,000786
тесно 1,832581 0,000673
течение 0,314711 0,000116
течь 0,274437 0,000101
тимофеевичем 3,506558 0,001288
тип 0,072571 0,000027
типичный 1,427116 0,001048
тобол 2,813411 0,001033
товар 0,916291 0,000337
товарный -0,009950 -0,000004
той 0,994252 0,000365
токунами 3,912023 0,001437
топоним 1,078810 0,001981
топонимический 0,776529 0,000285
торгаш 3,912023 0,001437
трава 1,609438 0,001773
травина 3,506558 0,001288
травянистый 2,659260 0,000977
традиционный 0,941609 0,000346
треугольник 3,506558 0,001288
три 0,248461 0,000091
труд 0,597837 0,000220
тумашевых 3,912023 0,001437
тундра 2,407946 0,001769
тур 1,609438 0,000591
тынская 3,912023 0,001437
тыс 0,430783 0,000475
тысяча 0,371064 0,000409
тысячелетие 1,427116 0,000524
тюменская 2,813411 0,001033
тюменской 2,659260 0,000977
тюрк 2,525729 0,000928
тюркский 1,386294 0,001527
тяжелый 1,108663 0,000814
убить 1,897120 0,000697
увеличиваться 1,309333 0,000481
уголь 1,714798 0,000630
угр 3,218876 0,001182
угрюмый 3,912023 0,001437
удалить 0,579818 0,000426
удачно 3,218876 0,001182
удмурт 1,660731 0,000610
удмуртия 2,659260 0,000977
уезд 1,272966 0,000467
узнать 1,771957 0,000651
указание -0,009950 -0,000004
указывать 1,272966 0,000467
украсить 2,120264 0,000779
укрепить 1,427116 0,000524
уникальный 0,776529 0,000570
уничтожить 1,203973 0,000442
упасть 1,771957 0,000651
ура 3,506558 0,001288
урал 1,560648 0,025218
урал-батыр 3,912023 0,002873
урала 1,609438 0,027188
урале 2,525729 0,022261
уралмак 3,912023 0,001437
уралмаш 3,506558 0,001288
уралом 1,609438 0,001773
уралскрытые 3,912023 0,001437
уралтау 3,912023 0,001437
уралу 3,506558 0,002576
уральский 1,560648 0,014902
ургу 3,506558 0,001288
уро 2,995732 0,001100
урфо 3,506558 0,002576
усвоить 3,506558 0,001288
усиление 1,832581 0,000673
усилить 2,207275 0,000811
условие -0,009950 -0,000015
условно 2,040221 0,000749
усой 3,912023 0,001437
усолье 2,813411 0,001033
установить 0,328504 0,000241
устный 2,407946 0,000884
устье 0,634878 0,000466
утка 2,659260 0,000977
уфа 0,967584 0,000355
участие -0,009950 -0,000007
учетный -0,009950 -0,000004
учиться 1,272966 0,000467
ушкуйник 3,912023 0,001437
фауна 1,108663 0,000814
февраль 0,051293 0,000094
федеральный 0,462035 0,000339
федор 1,560648 0,000573
федора 1,771957 0,000651
федорович 1,771957 0,000651
филоненко 3,506558 0,001288
фильм 1,049822 0,000386
финно-угорский 2,302585 0,000846
флор 1,021651 0,000750
фольклорный 2,525729 0,000928
фонд -0,009950 -0,000004
фото 1,203973 0,000442
фундамент 1,966113 0,000722
ханство 1,771957 0,001301
хант 2,207275 0,002432
ханты-мансийский 2,813411 0,001033
ханты-мансийского 3,218876 0,001182
характеристика 0,415515 0,000153
хвастун 3,912023 0,001437
хватать 0,820981 0,000603
хищник 2,302585 0,000846
холм 1,386294 0,000509
хомяк 2,659260 0,000977
хохол 2,995732 0,001100
хребет 1,560648 0,002293
художественный 0,653926 0,000480
художник 0,967584 0,000711
царево-александровском 3,912023 0,001437
царство 1,237874 0,000455
цвет 0,941609 0,000346
цветной 1,560648 0,000573
целый 1,108663 0,000407
цель 0,371064 0,000273
цельный 3,506558 0,001288
центр 0,287682 0,000423
церковь 0,673345 0,000247
цивилизация 1,771957 0,001952
цикл 1,237874 0,000455
чагин 3,218876 0,001182
час 0,867501 0,000319
часовой 0,713350 0,000262
частное 1,514128 0,000556
частность 0,462035 0,000339
частный 0,634878 0,000233
частокол 3,506558 0,001288
частый 1,309333 0,000481
часть 0,061875 0,000227
чахлый 3,912023 0,001437
чело 0,713350 0,000786
человек 0,186330 0,000342
челябинск 0,994252 0,001826
челябинска 2,302585 0,000846
челябинская 2,302585 0,002537
чердынский 3,506558 0,001288
черемис 3,506558 0,001288
черкаскульская 3,912023 0,001437
черта 0,994252 0,000365
число 0,186330 0,000137
читатель 2,407946 0,000884
читатьправитьправить 0,494296 0,000182
чугун 2,659260 0,000977
чугунный 2,659260 0,003906
чудо 2,207275 0,000811
чусовой 2,995732 0,003300
чусовом 3,912023 0,001437
шадринск 3,912023 0,001437
шайтанка 3,912023 0,001437
шарташ 3,506558 0,001288
шигирский 3,506558 0,002576
широко 0,653926 0,000240
широковская 3,912023 0,001437
шубник 3,912023 0,001437
шульганом 3,912023 0,001437
шурала 3,912023 0,001437
эвакуировать 1,272966 0,000467
эдуард 2,525729 0,000928
экз 0,415515 0,000305
экономика 0,400478 0,000147
экономически 2,525729 0,000928
экономический 0,478036 0,000527
экспансия 2,525729 0,000928
экспедиция 1,469676 0,002159
экспорт -0,009950 -0,000004
энциклопедия -0,009950 -0,000018
эпос 2,525729 0,002783
эпоха 0,713350 0,000262
этап 0,634878 0,000233
этимология 0,616186 0,000453
этногенез 3,218876 0,002364
юг 0,693147 0,000509
югра 2,995732 0,003300
югыд 3,912023 0,001437
юдинской 3,912023 0,001437
южно-уральское 3,506558 0,002576
южный 0,385662 0,001133
юлаев 3,506558 0,001288
юмагузинская 3,912023 0,001437
юмшаном 3,912023 0,001437
юрий 1,203973 0,000442
явление 1,021651 0,000375
являться 0,040822 0,000045
язык -0,009950 -0,000015
языковой 1,660731 0,001830
яицкий 2,995732 0,001100
ямало-ненецкий 2,813411 0,001033
ямало-ненецкого 3,218876 0,001182
ямантау 3,912023 0,004310
янао 3,218876 0,001182
январь 0,105361 0,000039
ярко 2,302585 0,000846
ястреб 2,813411 0,001033
яхонтова 3,506558 0,001288
яшма 3,506558 0,001288
ящерица 2,813411 0,001033
