абакан 2,659260 0,000522
аблажей 3,912023 0,000768
абориген 3,506558 0,000688
аборигенный 3,506558 0,000688
август 0,072571 0,000171
августинович 3,912023 0,000768
австралия 1,966113 0,000772
автономия 2,525729 0,000991
автономный 0,867501 0,000341
автор 0,462035 0,000091
автор-сост 3,218876 0,000632
авторитетный 0,891598 0,000525
авторство -0,009950 -0,000002
агеева 1,469676 0,000288
агломерация 0,798508 0,000157
ад 1,966113 0,000386
аджиев 3,912023 0,000768
административный 0,597837 0,000469
адрианов 3,218876 0,000632
аз 2,302585 0,000452
азиатский 1,609438 0,001895
азия 0,755023 0,001186
азияистория 3,912023 0,000768
академический 0,916291 0,000180
академия 0,544727 0,000214
акватория 1,560648 0,000306
активистский 3,912023 0,000768
активность 1,309333 0,000257
активный 0,527633 0,000104
актуальный 1,347074 0,000264
александр 0,462035 0,000091
алексей 1,049822 0,000206
алеут 3,218876 0,000632
алтае-саянская 3,506558 0,000688
алтаец 1,966113 0,000386
алтай 2,407946 0,001890
алтайский 1,897120 0,000745
алфавитувикипедия 0,776529 0,000152
алфавитупро 1,771957 0,000348
алюминиевый 2,407946 0,000473
алюторец 3,912023 0,000768
америка 1,386294 0,000272
американский 0,994252 0,000195
амур 2,525729 0,000496
амурский 1,966113 0,000386
ангарск 3,506558 0,002065
англ 0,174353 0,000205
англоязычный 2,659260 0,000522
андрий 3,912023 0,000768
антарктика 2,302585 0,000452
антибольшевистский 2,659260 0,001044
антиколчаковского 3,912023 0,000768
апеллировать 3,506558 0,000688
апрель 0,150823 0,000207
арестовать 1,897120 0,000745
арктика 2,120264 0,000416
армия 0,916291 0,000360
арсеньев 3,506558 0,000688
артель 2,995732 0,000588
арх 0,544727 0,000214
археология 1,171183 0,000230
архивировать 0,020203 0,000159
аст 0,820981 0,000161
астероид 1,771957 0,000348
астрель 1,049822 0,000206
астроном 2,207275 0,000433
астрономия 2,207275 0,000866
атлантический 1,609438 0,000316
атлас 1,108663 0,000435
атласи 3,912023 0,000768
атмосфера 0,994252 0,000585
афина 3,218876 0,000632
африка 1,560648 0,000306
баз 0,371064 0,000073
байкал 2,525729 0,000991
байкальский 2,659260 0,001044
балканский 2,525729 0,000496
барнаул 1,203973 0,000473
бассейн 0,653926 0,000513
батеньков 3,912023 0,000768
баш 3,506558 0,000688
башкир 1,347074 0,000264
башкирский 2,302585 0,000452
башмачок 3,506558 0,000688
безземельный 3,912023 0,000768
безотходный 3,912023 0,000768
бекбулат 3,912023 0,000768
бело-зеленые 3,912023 0,000768
бело-красно-зеленым 3,912023 0,000768
белоголовый 3,912023 0,000768
белое 0,994252 0,000195
белый 0,867501 0,000341
белявским 3,912023 0,000768
береза 1,714798 0,000337
березов 3,912023 0,001536
беринг 3,506558 0,001376
бестужев 3,912023 0,000768
библая 3,506558 0,000688
библиографический 0,083382 0,000016
библиотека 0,328504 0,000064
бийск 2,995732 0,001176
бир 3,506558 0,000688
бить 2,659260 0,000522
благоприятный 1,660731 0,000326
ближний 1,469676 0,000288
близкий 0,820981 0,000322
блокироваться 3,506558 0,000688
бобр 2,207275 0,000433
богатый 1,049822 0,000206
богоспасаемый 3,912023 0,000768
болотистый 2,525729 0,000496
болховский 3,912023 0,000768
большевик 1,347074 0,000264
большевистский 2,525729 0,000991
большинство 0,342490 0,000067
большой 0,040822 0,000144
борьба 0,820981 0,000161
бояршинова 3,912023 0,000768
бояршиновой 3,912023 0,000768
брат 1,272966 0,000250
братск 3,506558 0,002065
брать 1,714798 0,000337
британский 1,469676 0,000288
брокгауза 0,328504 0,000258
бросить 2,659260 0,000522
буга 3,912023 0,001536
буквально 2,995732 0,000588
бунт 2,207275 0,000433
бунтовщик 3,912023 0,000768
буровский 3,912023 0,000768
бурят 1,609438 0,000316
бурятии 3,218876 0,000632
бурятия 2,525729 0,000991
буторина 3,218876 0,000632
буферный 3,218876 0,000632
бухарский 3,506558 0,000688
быстрый 0,916291 0,000180
быть -0,009950 -0,000002
вагина 3,506558 0,000688
варламов 3,218876 0,001264
варламова 3,218876 0,000632
варфоломея 3,912023 0,000768
василевич 3,912023 0,003071
василий 1,078810 0,000212
васильевич 1,609438 0,000316
вассальный 3,506558 0,002065
вахтовый 3,218876 0,000632
введение 1,078810 0,000423
ввиду 2,120264 0,000416
вводить 1,832581 0,000360
вдали 3,218876 0,000632
вдоль 0,755023 0,000148
ведать 3,218876 0,001264
век 0,248461 0,002048
великий 0,356675 0,000210
величина 1,108663 0,000218
вероятно 1,560648 0,000306
версия -0,009950 -0,000023
верховный 1,108663 0,000218
верхотуров 3,912023 0,000768
верхотурье 2,995732 0,000588
весомость 3,912023 0,000768
вести 0,356675 0,000070
вестись 0,673345 0,000396
вестник 1,049822 0,000412
весь 0,301105 0,000236
ветреница 3,912023 0,000768
вечный 1,309333 0,000257
вещество 0,994252 0,000390
взаимоотношение 2,659260 0,000522
взгляд 1,309333 0,000257
взлет 3,506558 0,000688
вид 0,061875 0,000061
видеть 1,272966 0,000250
видовой 2,525729 0,000496
византийский 2,525729 0,000496
викигидепортал 1,469676 0,000288
викигидстатьи 2,120264 0,000416
викиданных -0,009950 -0,000002
викиданныхприродные 3,912023 0,000768
викимедиа -0,009950 -0,000002
википедии -0,009950 -0,000004
википедия -0,009950 -0,000012
викискладвикиновостивикицитатниквикигидэлемент 1,272966 0,000250
викискладе 0,174353 0,000034
викискладепутеводитель 0,713350 0,000140
викискладстатьи 0,891598 0,000175
викисловарецитаты 1,108663 0,000218
викисловарьвикипедия 1,309333 0,000257
викитекемедиафайлы 1,272966 0,000250
викитеку 1,347074 0,000264
викицитатник 1,272966 0,000250
викицитатникетексты 1,427116 0,000280
витсена 3,218876 0,000632
витус 3,218876 0,001264
включать 0,235722 0,000046
включаться 1,966113 0,000386
включая 0,527633 0,000104
включение 1,108663 0,000218
влад 3,506558 0,000688
владение 0,916291 0,000540
владивостоке 3,218876 0,001264
владимир 0,653926 0,000128
владычество 3,218876 0,000632
власть 0,544727 0,000855
влияние 0,527633 0,000207
вместе 0,510826 0,000201
вместо 0,798508 0,000157
внешний 0,051293 0,000010
вновь 0,755023 0,000148
внутренний 0,314711 0,000124
внутриконтинентальный 3,218876 0,000632
вогул 3,912023 0,000768
вогульский 3,912023 0,000768
вода 0,527633 0,000104
водораздел 2,040221 0,000400
водораздельный 2,659260 0,000522
воевода 1,714798 0,003029
военачальник 2,302585 0,000452
военно-кадетскими 3,912023 0,000768
военный 0,494296 0,000097
возводить 2,302585 0,000452
возводиться 2,120264 0,000416
возможно 0,867501 0,000170
возможность 0,314711 0,000062
возникнуть 0,653926 0,000257
возрасти 1,660731 0,000652
воинственный 3,506558 0,000688
вой 3,912023 0,001536
война 0,430783 0,000085
войско 0,798508 0,000784
войти 0,634878 0,000125
волга 1,347074 0,000264
волна 0,916291 0,000180
вологодский 2,207275 0,000433
волшебный 0,030459 0,000006
вольный 1,832581 0,000360
вообще 1,560648 0,000306
вооружение 1,832581 0,000360
вооружить 1,609438 0,000316
вопрос 0,371064 0,000218
воспроизводить 2,659260 0,000522
восставать 3,912023 0,000768
восстание 1,237874 0,000486
восток 0,494296 0,002716
востокаазиатская 3,912023 0,000768
восточнее 2,407946 0,000473
восточно-сибирский 3,218876 0,001264
восточно-сибирской 3,506558 0,000688
восточно-тюркском 3,912023 0,000768
восточный 0,430783 0,001184
восходить 1,609438 0,000316
впадина 2,207275 0,000433
впас 3,506558 0,000688
впервые 0,385662 0,000151
впечатлять 3,506558 0,001376
вплоть 1,108663 0,000218
впоследствии 0,653926 0,000257
временной 0,967584 0,000190
время 0,020203 0,000056
всемерный 3,506558 0,000688
всемирный 0,891598 0,000175
всероссийский 0,634878 0,000374
всесибирского 3,912023 0,000768
всесторонний 3,218876 0,000632
всп 3,912023 0,001536
вспыхнуть 2,525729 0,000496
встречаться 0,713350 0,000140
втора 0,274437 0,000269
второе 0,653926 0,000385
второй 0,891598 0,000350
вулканический 2,995732 0,000588
входить 0,287682 0,000226
выбрасывать 2,813411 0,000552
выброс 1,347074 0,001058
выбыть 2,995732 0,000588
выводить 1,832581 0,000719
выглядеть 1,832581 0,000719
выделиться 2,525729 0,000496
выделять 1,139434 0,000447
выделяться 0,941609 0,000185
вынудить 1,514128 0,000297
вып 0,798508 0,000313
выплачивать 3,218876 0,001264
выпускать 1,237874 0,000243
выражение 1,714798 0,000337
высокий 0,139262 0,000082
выступать 0,916291 0,000540
выше 0,616186 0,000242
габдельбар 3,912023 0,000768
гавриил 3,506558 0,000688
гаврила 3,912023 0,000768
газ 0,941609 0,000370
газета 0,579818 0,000228
газовый 1,469676 0,000577
газпром 1,714798 0,000673
гайда 3,506558 0,000688
галина 2,207275 0,000433
гарнизон 1,966113 0,000772
гектар 1,609438 0,000316
генерал-губернатор 2,207275 0,000433
генри 3,912023 0,000768
гео 2,995732 0,000588
географически 2,813411 0,000552
географический 0,356675 0,000770
география 0,415515 0,000245
геокаре 2,813411 0,000552
геолог 2,302585 0,000904
геологический 1,139434 0,000224
геополитический 2,302585 0,000452
германий 0,843970 0,000166
геттинского 3,912023 0,000768
гигантский 1,897120 0,001117
гипотеза 1,560648 0,000613
главный 0,210721 0,000165
глинозем 3,912023 0,000768
глобальный 1,203973 0,000236
глухов 3,506558 0,000688
гмелин 3,218876 0,000632
говориться 2,525729 0,000496
год -0,009950 -0,000205
годавикипедия 0,616186 0,000363
годувикипедия 2,407946 0,000473
головачев 3,912023 0,000768
головачева 3,912023 0,000768
гора 0,616186 0,000605
горит 2,813411 0,000552
горный 0,941609 0,000924
город 0,371064 0,002112
города-крепости 2,659260 0,000522
городнаселение 3,506558 0,000688
городок 1,272966 0,000500
городской 0,544727 0,000535
государев 2,040221 0,000801
государственность 2,995732 0,000588
государственный 0,261365 0,000410
государство 0,579818 0,001366
государь 2,040221 0,000400
гравюра 2,120264 0,000416
град 1,832581 0,001079
градостроительный 1,660731 0,000326
градостроительство 1,660731 0,000326
градус 1,514128 0,000297
гражданин 0,733969 0,000288
гражданский 0,733969 0,000144
гранат 1,386294 0,000272
граница 0,356675 0,000630
граничитъ 3,912023 0,000768
граничить 1,832581 0,000360
григорий 1,832581 0,000719
грозный 1,272966 0,000750
груз 1,309333 0,000257
грузии 1,771957 0,000348
группа 0,314711 0,000371
грустина 3,912023 0,000768
грустины 3,912023 0,000768
грязный 1,771957 0,000348
гу-вшэ 3,912023 0,001536
губерния 0,891598 0,000175
гунн 2,813411 0,000552
гуннский 3,506558 0,001376
давний 2,659260 0,000522
далее 0,693147 0,000136
далеко 1,347074 0,000264
даль 1,609438 0,000316
дальневосточник 3,506558 0,000688
дальневосточный 1,966113 0,002315
дальний 0,446287 0,001664
даниэль 2,995732 0,000588
дань 2,407946 0,000945
дата 0,030459 0,000257
датский 0,328504 0,000064
дать 0,072571 0,000028
даурия 3,912023 0,000768
даурский 3,218876 0,000632
два 0,150823 0,000030
двадцать 1,771957 0,000348
дважды 1,272966 0,000250
двести 2,525729 0,000496
движение 0,544727 0,000107
дво 3,218876 0,000632
дворец 0,843970 0,000166
двояко 3,912023 0,000768
дежнев 2,995732 0,000588
дезурбанизация 3,506558 0,000688
действие 0,776529 0,000152
действительно 2,302585 0,000904
действовать -0,009950 -0,000002
декабрист 2,813411 0,000552
декабрь 0,094311 0,000148
делиться 1,078810 0,000212
дело 0,562119 0,000441
демография 2,120264 0,001665
демократический 2,040221 0,000400
демоскоп 0,820981 0,000161
день 0,210721 0,000290
депопуляция 2,525729 0,000496
десятка 1,139434 0,000224
десятый 2,040221 0,000400
десять 1,078810 0,000212
деталь 1,714798 0,000337
деятель 1,108663 0,000435
дикий 1,469676 0,000288
диктатура 2,813411 0,000552
динамик 1,272966 0,000250
династия 2,207275 0,000433
дискурс 2,995732 0,000588
дискуссия 1,660731 0,000326
днейвикипедия 0,967584 0,000190
добавить 0,562119 0,000331
добираться 2,659260 0,000522
добровольческий 2,207275 0,000433
довольно 0,891598 0,000175
доклад 1,237874 0,000243
документ 0,415515 0,000082
долган 2,813411 0,000552
долгий 1,021651 0,000602
долгосрочный 1,966113 0,000386
должно 1,714798 0,000337
должный 0,356675 0,000350
долой 3,912023 0,000768
доля 0,544727 0,000107
доминион 3,912023 0,000768
доп 0,597837 0,000117
дополнительный -0,009950 -0,000002
дополнить 1,714798 0,000673
доработка 3,506558 0,000688
дореф 3,912023 0,000768
дорожный 1,021651 0,000201
дословно 2,659260 0,001044
достаточно 0,820981 0,000161
достигаетъ 3,912023 0,000768
достигать 0,843970 0,000166
достигнуть 1,272966 0,000250
достижение 1,139434 0,000224
доступный -0,009950 -0,000002
древние 0,967584 0,000380
древний 0,653926 0,000513
древность 1,203973 0,000709
дробно -0,009950 -0,000002
дрофа 2,995732 0,000588
другое 0,462035 0,000091
другой -0,009950 -0,000014
дружина 2,302585 0,000452
дулин 3,912023 0,001536
дума 0,916291 0,000180
душ 1,771957 0,000348
дфо 3,506558 0,000688
дьяк 2,813411 0,000552
ебергардом 3,912023 0,000768
евразийский 1,966113 0,000386
еврейский 0,755023 0,000296
европа 0,301105 0,000059
европейский 0,494296 0,000485
едигер 3,912023 0,001536
единица 0,478036 0,000281
единство 1,897120 0,000372
ежесуточно 3,912023 0,000768
екатерины 1,514128 0,000297
елизавете 3,218876 0,000632
енисей 2,659260 0,000522
енисейск 2,813411 0,000552
енисейскиенароды 3,912023 0,000768
енисея 2,302585 0,001808
ермак 3,506558 0,000688
ермака 3,912023 0,002303
ермаком 3,506558 0,000688
еро 3,506558 0,000688
есиповской 3,912023 0,000768
ефрона 0,328504 0,000258
жадность 3,912023 0,000768
жалованье 3,218876 0,000632
жан 3,218876 0,000632
железный 0,616186 0,000242
жестоко 2,995732 0,000588
жесточью 3,912023 0,000768
животное 0,798508 0,000470
жизнь 0,342490 0,000202
житель 0,562119 0,000662
жить 0,820981 0,000483
жукова 2,302585 0,000904
журавль 2,525729 0,000496
журнал 0,301105 0,000118
забайкалье 2,813411 0,000552
забайкальский 2,302585 0,000904
зависимость 0,713350 0,000420
завоевание 2,525729 0,000991
завоевать 1,660731 0,000326
загадка 2,659260 0,000522
заглавный -0,009950 -0,000002
загоскин 3,912023 0,000768
загрязнить 1,514128 0,000297
загрязнять 1,514128 0,000594
заимка 2,659260 0,000522
закавказье 2,040221 0,001201
заканчиваться 1,966113 0,000386
закаспийский 3,912023 0,001536
законодательство 1,609438 0,000316
закрепление 2,659260 0,000522
закреплять 2,995732 0,000588
залежь 2,407946 0,000473
заливать 2,995732 0,000588
заложить 0,843970 0,000166
замена 1,660731 0,000326
замысел 2,659260 0,000522
занимаетъ 3,912023 0,000768
занимать 0,430783 0,000169
заниматься 0,634878 0,000125
зап 2,813411 0,001104
запад 0,634878 0,000997
западно-сибирская 3,218876 0,001264
западно-сибирский 2,525729 0,000496
западно-сибирского 2,813411 0,001104
западносибирский 3,218876 0,000632
западный 0,462035 0,001270
запас 1,560648 0,000613
записка 1,139434 0,000224
записьвойти -0,009950 -0,000002
запрос 1,021651 0,000201
зарегистрировать -0,009950 -0,000002
зарождаться 2,995732 0,000588
заросль 2,813411 0,000552
зарубежный 0,994252 0,000195
заселенность 3,506558 0,000688
заселить 1,897120 0,000372
затем 0,527633 0,000414
захватить 1,272966 0,000750
заходить 2,407946 0,000473
защита 0,616186 0,000242
защищать 2,302585 0,000452
заявление -0,009950 -0,000002
зеландия 3,218876 0,000632
землепроходец 2,995732 0,000588
земля 0,400478 0,001651
земский 1,609438 0,000632
зимовье 3,218876 0,000632
знак -0,009950 -0,000006
знамя 1,386294 0,000272
значение 0,061875 0,000049
значительный 0,328504 0,000258
золото 1,469676 0,000288
золотой 0,597837 0,000235
зональный 2,302585 0,000452
зрение 1,203973 0,000236
иван 0,843970 0,000497
ивана 1,078810 0,000423
иванова 1,966113 0,000386
ивановичем 2,995732 0,000588
ивану 2,995732 0,000588
игла 3,506558 0,000688
игнатий 3,218876 0,000632
иде 3,506558 0,001376
идеология 2,813411 0,001104
идес 3,912023 0,000768
идет 1,078810 0,000423
идея 1,108663 0,000218
иж 3,506558 0,000688
из-за 0,415515 0,000245
избегоша 3,912023 0,000768
избраннедес 3,912023 0,000768
избрант 3,912023 0,000768
извергать 3,912023 0,000768
известно 1,237874 0,000486
известное 0,994252 0,000195
известный 0,287682 0,000113
изд 0,314711 0,000124
издание 0,415515 0,000082
изменение 0,301105 0,000059
изменить 1,049822 0,000206
изученность 2,525729 0,000496
изъятие 3,218876 0,000632
имать 3,506558 0,000688
именно 0,544727 0,000107
именовать 1,560648 0,000613
иметь 0,094311 0,000074
иметься 0,385662 0,000151
императорский 1,469676 0,000865
империя 0,653926 0,000898
имэмо 3,506558 0,000688
имя 0,274437 0,000269
иначе 0,733969 0,000432
инвестиция 1,237874 0,000243
индигирки 3,506558 0,000688
индийский 1,609438 0,000316
инициатива 1,171183 0,000460
иной 0,867501 0,000170
инородец 3,506558 0,001376
иностранный 0,916291 0,000180
институт 0,371064 0,000218
инструмент -0,009950 -0,000004
интегрировать 1,771957 0,000348
интеллигенция 2,525729 0,000991
интенсивный 1,237874 0,000243
интерес 1,021651 0,000602
интразональный 3,218876 0,000632
инфо 2,659260 0,000522
инфолио-пресс 3,912023 0,000768
информация 0,162519 0,000096
инфраструктура 0,891598 0,000175
иоганн 3,218876 0,001264
иоганном 3,912023 0,000768
иран 2,207275 0,000433
иранский 2,407946 0,000473
ирбис 3,506558 0,000688
иркутск 1,171183 0,000690
иркутский 2,120264 0,000416
ирландии 3,912023 0,000768
иртыша 3,218876 0,001264
иртыше 3,506558 0,000688
иртышу 3,506558 0,001376
искер 3,912023 0,000768
искитимский 3,506558 0,000688
исключение 0,891598 0,000525
искусство 0,478036 0,000094
использование -0,009950 -0,000002
использовать 0,020203 0,000012
использоваться 0,223144 0,000044
исправить 1,347074 0,000264
исследование 0,462035 0,000635
исследователь 0,941609 0,000554
исследовать 1,469676 0,000288
историко-географический 2,995732 0,000588
историко-этнографические 3,912023 0,000768
историография 2,659260 0,000522
исторически 1,078810 0,000635
исторический 0,314711 0,000803
историческо-культурный 3,912023 0,000768
история 0,051293 0,000171
источник -0,009950 -0,000047
источниквикипедия 2,525729 0,000496
источникевикипедия 2,302585 0,000452
истый 2,659260 0,000522
исчезнуть 1,771957 0,000348
италии 1,966113 0,000386
ительмен 2,995732 0,000588
итог 0,494296 0,000291
июль 0,116534 0,000160
июнь 0,116534 0,000457
кавказ 1,771957 0,000348
каган 3,912023 0,000768
каганат 2,659260 0,002610
кадет 3,218876 0,000632
кадровая 3,506558 0,000688
каждый 0,261365 0,000051
казак 1,309333 0,001028
казанский 1,049822 0,000412
казахстана 1,966113 0,000386
казна 1,966113 0,000386
какой-либо 1,272966 0,000250
календарь 1,469676 0,000288
калийный 2,813411 0,000552
калисилит 3,912023 0,000768
кальдера 3,506558 0,000688
камчатский 2,659260 0,000522
канада 2,207275 0,000433
канадой 3,506558 0,000688
капитализм 2,995732 0,000588
капиталистический 2,659260 0,000522
каразин 3,912023 0,000768
каракин 3,912023 0,000768
каргалов 3,506558 0,000688
кариб 2,995732 0,000588
карское 2,302585 0,000452
карт 0,301105 0,000414
карточка 2,040221 0,000400
карьер 2,207275 0,000433
каталанский 0,527633 0,000104
каталог 0,094311 0,000019
каталонский 3,218876 0,000632
категория -0,009950 -0,000004
каторжный 3,218876 0,000632
качество 0,287682 0,000056
квадратный 1,660731 0,000326
кейс 3,218876 0,000632
кемерова 3,218876 0,000632
кемерово 1,237874 0,000486
кемеровский 2,040221 0,000400
керамик 2,659260 0,000522
керек 3,506558 0,000688
кет 2,302585 0,000452
километр 0,693147 0,000136
китай 0,776529 0,000305
китайский 0,653926 0,000513
класс 0,616186 0,000121
классик 2,120264 0,000416
клеандрова 3,912023 0,000768
климат 0,446287 0,000438
книга 0,415515 0,000326
кнут 2,813411 0,000552
княжество 1,714798 0,000673
князь 0,867501 0,001192
код -0,009950 -0,000041
кодекс -0,009950 -0,000002
кодистория 0,116534 0,000023
козьмин 3,912023 0,000768
колебание 1,386294 0,000544
колева 3,912023 0,000768
колоб 3,912023 0,000768
колониальный 3,506558 0,001376
колонизация 2,207275 0,000866
колония 1,771957 0,002434
колчак 2,302585 0,000904
колымы 3,218876 0,000632
кольцов-мосальский 3,506558 0,000688
комбинация 3,218876 0,000632
коммерсантъ 1,139434 0,000224
компетенция 2,659260 0,001566
комплекс 0,579818 0,000341
компрессорная 2,995732 0,000588
компромиссный 3,506558 0,000688
кон 2,659260 0,001566
конде 3,912023 0,000768
кондинского 3,912023 0,000768
конец 0,198451 0,000195
консолидировать 2,813411 0,000552
контакт 2,120264 0,000416
контекст 1,427116 0,000280
континентальный 0,527633 0,000311
конфиденциальность -0,009950 -0,000002
кооперация 2,040221 0,000400
корить 1,309333 0,002056
королева 3,912023 0,000768
короткий -0,009950 -0,000002
короткоживущий 3,912023 0,000768
коршунок 3,912023 0,000768
коряк 3,218876 0,000632
котел 2,813411 0,000552
который 0,000000 0,000000
кочевой 2,302585 0,000452
краеведческий 1,108663 0,000218
край 0,544727 0,000962
крайне 1,832581 0,000719
краковецкий 3,912023 0,000768
красивое 3,218876 0,001264
красная 0,713350 0,000280
красноярск 0,967584 0,001139
красноярский 1,609438 0,000632
краткий 0,653926 0,000128
крепко 3,912023 0,000768
крепостной 1,714798 0,000337
крестьянин 1,832581 0,002158
крестьянский 1,714798 0,000337
криминальный 2,302585 0,000452
кром 0,235722 0,000046
кроншнеп 3,506558 0,000688
круг 0,967584 0,000380
круглый 1,897120 0,000372
крупноцветковый 3,506558 0,000688
крупный 0,210721 0,000372
крутовский 3,912023 0,000768
крыло 1,966113 0,000386
крымского 1,832581 0,000360
крыму 2,407946 0,000473
кузанский 2,995732 0,000588
кузнецк 2,302585 0,000452
куки -0,009950 -0,000002
культура 0,356675 0,000350
культурный 0,597837 0,000117
кумо-манычской 3,506558 0,000688
купец 1,078810 0,000423
курган 1,203973 0,000236
курганский 2,525729 0,000496
кустарный 2,813411 0,000552
кутьина 3,912023 0,000768
кучум 3,912023 0,000768
кучума 3,912023 0,000768
кызласов 3,912023 0,000768
кызласова 3,912023 0,001536
кызыл 2,995732 0,000588
кыргызского 3,506558 0,000688
кырык 1,771957 0,000348
лава 3,218876 0,000632
лагерь 1,514128 0,000594
ламин 3,506558 0,000688
ландшафт 1,427116 0,000560
ларусса 1,078810 0,000212
ласково 3,912023 0,000768
латинский 2,040221 0,000400
легитимация 3,912023 0,000768
ледовитаго 3,912023 0,000768
ледовитый 1,514128 0,001783
лежать 0,994252 0,000195
лен 2,207275 0,001300
ленинград 2,120264 0,000416
леопард 2,659260 0,000522
лес 0,733969 0,000864
лесной 0,843970 0,000828
лесостепь 1,897120 0,000372
летний 0,579818 0,000114
летописный 2,525729 0,000496
летопись 1,237874 0,000486
либеральный 2,813411 0,000552
ликвидация 1,609438 0,000316
линия 0,462035 0,000272
литература 0,051293 0,000040
литературный 0,867501 0,000170
литовский 1,203973 0,000236
лить 2,302585 0,000452
лихорадка 2,995732 0,000588
лицензия -0,009950 -0,000002
лицо 0,673345 0,000264
лишь 0,478036 0,000094
лозунг 3,506558 0,001376
лотарингии 3,912023 0,000768
люд 2,995732 0,000588
люди 0,755023 0,000445
маак 3,912023 0,001536
магаданский 2,813411 0,000552
магистр 2,995732 0,000588
май 0,127833 0,000527
макса 1,897120 0,000372
маленький 2,040221 0,000400
малозаселенный 3,912023 0,000768
малой 0,776529 0,000305
малонаселенный 3,912023 0,000768
малочисленность 3,912023 0,000768
малый 0,139262 0,000082
мангазея 3,912023 0,001536
манси 2,813411 0,001104
мансуров 3,506558 0,000688
марий 2,525729 0,000496
март 0,116534 0,000069
масло 2,407946 0,000473
масс-медиа-центр 3,912023 0,000768
массовый 0,494296 0,000097
масштаб 1,108663 0,000435
масштабный 1,139434 0,000224
материал -0,009950 -0,000002
мбук 2,659260 0,000522
мегадения 3,912023 0,000768
медиафайлы 0,301105 0,000059
медь 2,040221 0,000400
меланезия 2,995732 0,000588
менандра 3,912023 0,000768
мера 0,820981 0,000161
мерзлота 2,525729 0,000496
мессершмидт 3,506558 0,000688
мести 3,912023 0,000768
местность 1,049822 0,000618
местный 0,478036 0,000563
место 0,139262 0,000082
месторождение 1,427116 0,000560
месяц 0,415515 0,000082
металлургия 1,714798 0,000337
метель 2,525729 0,000496
мех 3,218876 0,001264
механизм 1,347074 0,000264
миграционный 1,560648 0,000306
миграция 1,309333 0,000771
микронезия 2,659260 0,000522
миллион 0,776529 0,000610
миллионный 1,771957 0,000348
милованов 3,912023 0,000768
минерал 2,525729 0,000496
минимальный 1,347074 0,000264
министерство 0,653926 0,000513
министр 1,171183 0,000230
минуя 2,813411 0,000552
мир 0,094311 0,000167
миф 1,966113 0,000386
мифология 2,302585 0,000452
михаила 1,171183 0,000230
млекопитающее 1,897120 0,000372
млн 0,462035 0,001360
мнение 0,634878 0,000997
многие 0,356675 0,000070
много 0,150823 0,000059
множество 0,462035 0,000091
мобильный -0,009950 -0,000004
могильник 2,813411 0,000552
молибден 3,506558 0,000688
молодежь 1,386294 0,000272
монастырь 0,867501 0,000170
монгол 1,660731 0,000326
монголии 2,659260 0,000522
монгольскиенароды 3,912023 0,000768
монгольский 1,832581 0,002158
монография 2,040221 0,000400
мор 1,021651 0,000201
море 0,562119 0,000221
мореплаватель 2,995732 0,000588
москва 0,400478 0,000157
москву 1,139434 0,000224
москвы 0,653926 0,000128
московский 0,527633 0,000414
мочь -0,009950 -0,000012
мужчина 1,347074 0,000264
муниципальный 0,713350 0,000700
мыреева 3,912023 0,001536
мысль 1,469676 0,000288
мясная 2,525729 0,000496
набег 1,660731 0,000652
навигация -0,009950 -0,000006
надлежать 3,506558 0,000688
надыма 3,912023 0,000768
название 0,105361 0,000248
назвать 0,371064 0,000073
назначать 2,207275 0,000433
называть 0,174353 0,000171
называться 0,328504 0,000129
наиболее 0,139262 0,000027
наказание 2,120264 0,000416
наказываться 3,912023 0,000768
наладить 2,302585 0,000452
намного 2,302585 0,000452
нанаец 2,302585 0,000452
нападение 1,832581 0,000360
написать 0,867501 0,000170
направить 0,867501 0,000170
направление 0,385662 0,000076
например 0,328504 0,000258
народ 0,579818 0,002048
народничество 3,912023 0,000768
народность 2,040221 0,000400
народный 0,616186 0,000242
наряд 1,049822 0,000206
население 0,462035 0,002630
населить 0,597837 0,000469
наследие 0,713350 0,000280
насчитываться 0,967584 0,000380
наука 0,235722 0,000601
наумов 2,525729 0,000496
науч 1,714798 0,000673
научный 0,248461 0,000244
находить 1,560648 0,000306
находиться 0,174353 0,000034
националист 3,912023 0,000768
национальный 0,342490 0,000067
нач 2,995732 0,001176
начало 0,116534 0,000274
началось 0,616186 0,000121
начальный 0,967584 0,000380
начаться 0,562119 0,000110
начинать 1,049822 0,000206
начинаться 0,527633 0,000104
начиная 0,733969 0,000144
наш 0,527633 0,000621
нганасан 3,506558 0,000688
не-сибирскими 3,912023 0,000768
неавторитетном 2,525729 0,000496
неавторитетный 2,407946 0,000945
неблагополучие 3,912023 0,000768
небольсин 3,912023 0,000768
небольшой 0,494296 0,000097
неверный 2,207275 0,000433
неволя 3,912023 0,000768
негативный 1,347074 0,000264
негидалец 2,813411 0,000552
недвусмысленно 3,912023 0,000768
недостаток 0,579818 0,000114
недостаточно 2,207275 0,000433
недра 2,525729 0,000496
незавершенный 2,525729 0,000991
нейтральность 3,912023 0,002303
некоммерческий -0,009950 -0,000002
некоторые 0,127833 0,000151
некоторый 1,237874 0,000243
немецкий 0,798508 0,000157
немногочисленный 2,302585 0,000452
ненец 2,120264 0,000416
необходимо 1,237874 0,000243
непосредственно 0,478036 0,000375
неправильно 2,040221 0,000400
нередко 1,108663 0,000218
несколько 0,116534 0,000046
несмотря 0,755023 0,000148
нетронутый 3,506558 0,000688
неудачный 2,207275 0,000433
нефтегазовый 2,120264 0,000832
нефть 1,347074 0,000264
нещадно 3,506558 0,000688
нивх 2,525729 0,000496
нидерландов 2,813411 0,000552
нижневартовск 2,659260 0,000522
низка 1,714798 0,000337
низложить 3,912023 0,000768
низовье 1,966113 0,000386
никель 2,407946 0,000473
никитин 2,302585 0,000904
николааса 3,218876 0,000632
николай 0,867501 0,000511
ниц 3,912023 0,000768
новгородец 2,659260 0,001566
ново-николаевску 3,506558 0,000688
новое 0,287682 0,000169
новокузнецк 1,272966 0,000750
новокузнецкавид 3,912023 0,000768
новониколаевск 3,506558 0,000688
новосибирск 0,916291 0,003237
новосибирский 1,714798 0,000673
новый 0,083382 0,000082
норвежский 0,248461 0,000049
норильск 1,203973 0,000709
ночница 3,218876 0,000632
ноябрь 0,127833 0,000251
нуждаться 1,660731 0,000326
нужно 1,049822 0,000618
ныне 0,653926 0,000128
оао 0,916291 0,000360
оба 0,597837 0,000117
обдорского 3,912023 0,000768
обещаться 3,912023 0,000768
оби 2,207275 0,002166
обл 1,714798 0,000337
обладать 0,843970 0,000166
областник 3,912023 0,005375
областнический 3,506558 0,001376
областничество 3,506558 0,008259
область 0,150823 0,000266
обменивать 3,912023 0,000768
обнаружить 1,021651 0,000201
обозначение 1,386294 0,000816
обозрение 1,897120 0,000745
образ 0,287682 0,000339
образование 0,356675 0,000560
образовать 0,385662 0,000227
образоваться 0,967584 0,000380
обратиться 2,120264 0,000416
обращение 0,030459 0,000245
обретение 2,995732 0,000588
обсерватория 1,966113 0,000386
обстановка 1,386294 0,000272
обстоятельство 2,040221 0,000400
обсуждение 2,120264 0,000416
обходиться 3,506558 0,000688
обширный 1,078810 0,000635
общее 0,301105 0,000059
общероссийский 1,427116 0,000280
общественно-политическое 3,912023 0,000768
общественно-политической 2,995732 0,001764
общество 0,415515 0,000245
общий 0,186330 0,000110
община 1,078810 0,000212
объединить 0,867501 0,000341
объект 0,235722 0,000046
обь 2,302585 0,001808
обь-иртыш 3,912023 0,000768
обязать 1,609438 0,000316
огиз 3,218876 0,000632
огнеупор 3,912023 0,000768
ограничить 0,653926 0,000128
огромный 0,776529 0,000457
один 0,051293 0,000050
одиссея 2,813411 0,000552
однако 0,174353 0,000205
однородно-социалистического 3,912023 0,000768
ожидать 1,272966 0,000250
озеро 0,673345 0,000529
означать 0,798508 0,001097
океан 0,994252 0,002537
океания 2,525729 0,000496
окладников 3,912023 0,000768
окончательно 1,203973 0,000473
окраина 1,049822 0,000206
округ 0,562119 0,000883
октябрь 0,072571 0,000100
омск 1,021651 0,000802
омская 2,407946 0,000473
онлайн 0,198451 0,000039
опасный 1,272966 0,000250
опираться 1,560648 0,000306
описание -0,009950 -0,000002
определение 0,967584 0,000190
определенно 3,912023 0,000768
определять 0,867501 0,000170
определяться 1,078810 0,000212
опубликовать 0,891598 0,000175
опыт 1,427116 0,000560
опытный 1,108663 0,000218
организация -0,009950 -0,000006
организм 2,207275 0,000433
органический 1,832581 0,000360
орда 1,714798 0,000673
оригинал 0,139262 0,000082
оригинальный 1,771957 0,000348
орок 3,912023 0,000768
ороч 3,218876 0,000632
оружие 1,203973 0,000236
осваивать 2,813411 0,000552
освоение 1,309333 0,002827
освоить 2,525729 0,000991
осипов 0,527633 0,000207
основа 0,210721 0,000165
основание 0,494296 0,000097
основать 0,274437 0,000162
основное 0,235722 0,000139
основной 0,040822 0,000072
особенно 0,562119 0,000110
особый 0,776529 0,000152
осознаваться 3,218876 0,000632
оставаться 0,544727 0,000428
оставиша 3,912023 0,000768
остальной 0,616186 0,000121
остоке 3,912023 0,000768
острог 1,897120 0,002234
остроухий 3,912023 0,000768
осудить 2,525729 0,000496
отв 0,755023 0,000148
ответственность -0,009950 -0,000002
отвечать 1,609438 0,000316
отд 2,525729 0,000496
отдел 1,171183 0,000460
отделение 0,713350 0,000140
отделить 1,966113 0,000386
отдельный -0,009950 -0,000004
отказ -0,009950 -0,000002
открытие 0,616186 0,000484
открыть 0,150823 0,000030
отмена 1,714798 0,000337
отметить 0,616186 0,000121
отнести 1,560648 0,000613
относительный 1,560648 0,000306
относиться 0,328504 0,000129
отношение 0,430783 0,000338
отразиться 2,659260 0,000522
отредактировать -0,009950 -0,000008
отрош 3,912023 0,000768
отрывок 3,218876 0,000632
отряд 1,272966 0,000999
отсутствие 0,891598 0,000350
оттуда 2,525729 0,000496
отход 1,514128 0,000297
отъ 3,506558 0,000688
официальный 0,356675 0,000420
оформить 1,514128 0,000297
оценивать 2,207275 0,000433
оцениваться 1,560648 0,000306
оценка 0,400478 0,000079
очень 0,494296 0,000097
очерк 0,733969 0,000432
ошибка 0,994252 0,000390
ошибкекак -0,009950 -0,000002
павел 1,078810 0,000212
падение 1,560648 0,000306
памятный 0,798508 0,000157
параметрывикипедия 3,506558 0,000688
парламентский 2,813411 0,000552
партийный 1,660731 0,000652
патканова 3,912023 0,000768
пелым 3,506558 0,000688
пелыма 3,506558 0,000688
пелымское 3,506558 0,000688
пепеляев 3,506558 0,000688
первое 0,150823 0,000178
первопроходец 3,218876 0,001895
первый 0,162519 0,000255
перевести 0,994252 0,000195
перевод 0,941609 0,000185
переворот 2,302585 0,000452
передавать 1,560648 0,000306
передать 0,798508 0,000157
переезжать 2,813411 0,000552
переименовать 0,941609 0,000185
перейти -0,009950 -0,000004
перекочевать 3,218876 0,000632
перелом 2,995732 0,000588
перенаправляться 1,560648 0,000306
перепись 0,755023 0,000741
переработка 1,469676 0,000288
переселение 2,120264 0,001248
переселиться 3,218876 0,000632
переть 1,108663 0,000435
переходить 1,237874 0,000243
перечень 1,108663 0,000435
период 0,274437 0,000539
персональный -0,009950 -0,000002
перспектива 1,049822 0,000206
петр 1,108663 0,000218
петра 1,078810 0,000212
петрухин 3,218876 0,001264
петрухина 3,912023 0,000768
печатный 1,021651 0,000201
печать -0,009950 -0,000004
пикулина 3,506558 0,000688
пила 2,995732 0,000588
пиренейский 2,995732 0,000588
писать 0,820981 0,000161
плавание 1,714798 0,001010
плавильный 3,218876 0,000632
плакатный 3,912023 0,000768
план 0,527633 0,000104
планирование 1,427116 0,000280
платина 2,995732 0,000588
платформа 1,049822 0,000206
племя 1,514128 0,000892
плоскость 2,813411 0,000552
площадь 0,385662 0,000530
площадьоколо 3,506558 0,000688
плюс 1,272966 0,000250
по-казахски 3,912023 0,000768
победоносно 3,912023 0,000768
побережье 1,171183 0,000230
побочный 2,813411 0,000552
поведение -0,009950 -0,000002
повеление 3,506558 0,000688
повествование 2,813411 0,000552
поволжье 1,832581 0,000360
повсеместный 2,040221 0,000400
повторить 2,207275 0,000433
погиб 2,525729 0,000496
пограничный 1,469676 0,000288
подведение 3,912023 0,000768
подвид 2,302585 0,000904
подвоз 3,506558 0,000688
подготовить 1,386294 0,000272
подданство 2,813411 0,001104
поддерживать 0,994252 0,000195
подкреплять 3,912023 0,000768
поднимать 2,813411 0,000552
подобный 0,994252 0,000195
подразделяться 2,207275 0,000866
подробность 2,407946 0,000473
подробный 1,832581 0,000360
подсчет 2,120264 0,000832
подсчитать 3,218876 0,000632
подходить 1,386294 0,000272
пожалуйста 1,469676 0,000288
пожар 1,171183 0,000919
позволять 0,462035 0,000181
поздний 1,171183 0,000230
поздно 0,713350 0,000420
поземка 3,506558 0,000688
позже 0,733969 0,000144
позитивно 3,506558 0,000688
поиск -0,009950 -0,000010
покорение 2,302585 0,001356
покорить 2,525729 0,001487
покровского 2,407946 0,000473
покрыть 1,309333 0,000257
пол 0,446287 0,000263
полевой 1,966113 0,000386
полинезия 2,659260 0,000522
политик -0,009950 -0,000008
политический 0,597837 0,000469
полностью 0,400478 0,000157
половина 0,430783 0,000507
положение 0,415515 0,000082
полоцкий 3,218876 0,000632
полуостров 1,171183 0,000460
получать 0,916291 0,000540
получить 0,150823 0,000059
полярный 1,347074 0,000264
помимо 0,562119 0,000110
понимание 1,560648 0,000613
пониматься 1,966113 0,001544
понятие 0,967584 0,000190
поправка 2,407946 0,000473
попытка 1,272966 0,000250
пора 0,776529 0,000152
порасти 2,659260 0,000522
порозжих 3,912023 0,000768
порталвикипедия 2,120264 0,000416
порто-франко 3,506558 0,000688
порядка 1,139434 0,000224
порядок 0,994252 0,000195
посадков 3,506558 0,000688
поселение 0,634878 0,000997
поселок 0,634878 0,000623
послабление 3,912023 0,000768
послание 2,407946 0,000473
последний -0,009950 -0,000008
последующий 1,272966 0,000250
поспелов 1,021651 0,000201
поставить 1,021651 0,000401
постановка 2,120264 0,000416
постепенно 0,867501 0,000170
постоянная 0,843970 0,000331
постоянный 0,579818 0,000455
построить 0,301105 0,000059
потанин 3,506558 0,002753
потенциал 0,967584 0,000380
потепление 2,040221 0,000400
потомок 2,040221 0,000801
поход 1,203973 0,001182
похожие 2,659260 0,000522
почетный 0,820981 0,000322
появиться 0,248461 0,000098
правитель 1,771957 0,001391
правительство 0,510826 0,000401
править -0,009950 -0,000086
правка 0,274437 0,000054
правкиновые -0,009950 -0,000002
правкипостоянная -0,009950 -0,000002
правление 1,386294 0,000272
право 0,314711 0,000062
практик 1,049822 0,000412
практически 0,755023 0,000148
практический 1,560648 0,000613
превосходить 2,040221 0,000400
превращение 2,207275 0,000433
предводительство 1,897120 0,000372
предел 0,400478 0,000157
предисловие 2,995732 0,000588
предлагать 1,514128 0,000594
предмет 0,713350 0,000140
предок 1,832581 0,000360
предоставление 1,609438 0,000316
предписываться 3,218876 0,000632
предполагаться 1,078810 0,000212
председатель 0,916291 0,000180
представитель 0,653926 0,000128
представить 0,328504 0,000064
представиться -0,009950 -0,000002
представление 0,776529 0,000152
представлять 0,328504 0,000064
прежде 1,049822 0,000618
преимущественный 3,218876 0,000632
прекращение 1,771957 0,000348
преследовать 2,525729 0,000496
претендовать 1,897120 0,000372
прибайкалье 2,995732 0,000588
приведение 2,813411 0,001104
привезти 2,040221 0,000400
привести 0,356675 0,000210
привлечение 1,660731 0,000326
приводить 0,776529 0,000152
придоша 3,912023 0,000768
придти 0,755023 0,000148
призвать 1,560648 0,000306
признать 0,494296 0,000097
прииртышье 3,506558 0,000688
приказ 1,203973 0,001418
применение 0,967584 0,000190
применяться 1,139434 0,000224
пример 0,527633 0,000207
примечание -0,009950 -0,000004
примечанияхвикипедия 2,407946 0,000473
принять 0,248461 0,000146
природа 0,653926 0,000257
природно 3,912023 0,000768
природно-сырьевых 3,912023 0,000768
природный 0,510826 0,000401
присоединение 1,469676 0,000577
присоединиться 2,525729 0,000496
приходить 1,309333 0,000514
прицак 3,912023 0,001536
причем 0,994252 0,000195
причина 0,562119 0,000441
пришествие 3,506558 0,000688
проблема 0,274437 0,000162
проблемный 1,966113 0,000386
проверить 0,478036 0,000094
проверять 0,820981 0,000483
программа 0,415515 0,000163
продовольствие 2,995732 0,000588
продолжать 1,049822 0,000412
продукт 0,634878 0,000125
продуктивный 2,659260 0,000522
проект -0,009950 -0,000006
проектахзначения 1,237874 0,000243
проживание 1,832581 0,000360
проживать 0,776529 0,000762
производительный 2,813411 0,000552
производить 0,916291 0,000180
производство 0,527633 0,000311
произвол 3,218876 0,000632
произношение 2,659260 0,000522
произойти 0,430783 0,000169
происходить 0,328504 0,000193
происхождение 0,776529 0,000305
прокопия 2,995732 0,000588
прокопьевск 1,272966 0,000250
пролив 1,771957 0,000348
промзона 2,120264 0,000832
промышленник 2,525729 0,000496
промышленность 0,494296 0,000194
промышлять 0,462035 0,000181
проникнуть 2,525729 0,000496
пропаганда 2,525729 0,000496
пропагандист 3,218876 0,000632
просвещение 1,560648 0,000306
просмотр -0,009950 -0,000002
пространственный 2,040221 0,000400
просьба 2,302585 0,000452
протектор 3,912023 0,000768
против 0,798508 0,000157
противовес 3,912023 0,000768
протомонголов 3,912023 0,000768
протяжение 0,843970 0,000166
протяженность 0,776529 0,000152
профессор 0,967584 0,000380
процесс 0,415515 0,000082
проявлять 2,407946 0,000473
псевдолейцитовые 3,912023 0,000768
псковский 2,407946 0,000473
птица 1,272966 0,000250
публикация 1,272966 0,000250
публиковать 2,207275 0,000433
публицист 2,995732 0,000588
пункт 0,494296 0,000291
пура 3,912023 0,000768
пусто 3,218876 0,000632
пустошает 3,912023 0,000768
путешественник 1,714798 0,000337
путешествие 1,469676 0,000288
путь 0,261365 0,000154
пушкин 0,916291 0,000180
пушнина 2,995732 0,002352
работа 0,127833 0,000025
рабочий 0,597837 0,000117
равнина 0,867501 0,000341
раевский 3,912023 0,001536
раевского 3,218876 0,000632
раз -0,009950 -0,000002
разбить 1,514128 0,000892
разбойный 3,218876 0,000632
разведать 3,506558 0,000688
развитие 0,127833 0,000251
разграничение 2,813411 0,000552
раздел 0,342490 0,000471
разделамистатьи 3,912023 0,000768
разделенность 3,912023 0,000768
разделить 0,527633 0,000104
разделять 1,609438 0,000316
различный 0,116534 0,000069
размещение 0,673345 0,000264
разнообразие 1,832581 0,000719
разорвать 1,897120 0,000372
разработка 0,653926 0,000128
разработчик -0,009950 -0,000002
разряд 2,040221 0,000801
район 0,430783 0,000507
районирование 2,040221 0,000801
рамка 0,478036 0,000188
рамстедта 3,912023 0,000768
рамстедта-фасмера 3,912023 0,000768
рана 0,776529 0,000457
ранний 0,733969 0,000144
рано 0,261365 0,000051
распад 1,514128 0,000297
располагать 1,386294 0,000272
расположить 0,385662 0,000303
распоряжение 1,139434 0,000224
распределить 0,693147 0,000136
распространение 0,891598 0,000525
распространить 0,616186 0,000121
рассеять 3,218876 0,000632
рассматривать 1,237874 0,000243
рассматриваться 1,203973 0,000236
растение 1,171183 0,000690
расти 0,941609 0,000185
расширение 0,415515 0,000082
ратник 3,506558 0,000688
рать 3,506558 0,000688
реализация 0,798508 0,000157
реальность 2,207275 0,000433
ревизский 3,506558 0,000688
революционеров-демократов 3,912023 0,000768
регион 0,385662 0,001514
региональный 0,634878 0,000623
регулярный 0,798508 0,000157
ред 0,235722 0,000370
редкий 1,237874 0,000243
режим 0,653926 0,000128
резванов 3,506558 0,001376
резко 0,967584 0,000380
результат 0,174353 0,000103
река 0,446287 0,000438
рекомендация 0,776529 0,000457
рельеф 0,798508 0,000157
репарация 3,912023 0,000768
республика 0,527633 0,000932
ресурс 0,020203 0,000028
реформа 1,108663 0,000218
речной 0,693147 0,000136
решение 0,328504 0,000064
ринат 3,218876 0,001264
рипол 3,912023 0,000768
ричард 3,506558 0,000688
род 0,843970 0,000331
родина 1,108663 0,000218
родиться 1,237874 0,000243
родственный 0,579818 0,000114
роль 0,494296 0,000291
романова 2,659260 0,000522
роса 2,207275 0,000433
росс 3,912023 0,001536
россиею 3,912023 0,000768
россиирегионы 3,912023 0,000768
россиискрытые 2,813411 0,000552
российский 0,105361 0,000538
россия 0,174353 0,001300
росстат 0,776529 0,000305
росстата 2,207275 0,000433
россыпь 2,813411 0,000552
руд 2,040221 0,000801
рука 1,139434 0,000224
руководство 0,544727 0,000107
рус 0,162519 0,001308
русификация 3,506558 0,000688
русский -0,009950 -0,000066
русско-эвенкийский 3,912023 0,000768
рустии 3,912023 0,000768
русь 1,139434 0,000224
ряд 0,223144 0,000131
рязанский 1,966113 0,000386
сабир 3,912023 0,000768
саблин 3,506558 0,000688
сабыр 3,912023 0,000768
савир 3,912023 0,000768
сайт 0,210721 0,000207
сам 0,162519 0,000032
самодержавие 2,813411 0,000552
самодийскиенароды 3,912023 0,000768
самойлова 3,506558 0,000688
самоназвание 3,506558 0,000688
самостоятельный 0,820981 0,000161
самоуправление 0,891598 0,000175
самоуправство 3,912023 0,000768
самый 0,174353 0,000171
санкт-петербург 0,616186 0,000121
санкт-петербургский 1,469676 0,000288
сапсан 2,407946 0,000473
сасанидский 3,912023 0,000768
саян 2,407946 0,000473
сбивати 3,912023 0,000768
сбиваться 3,912023 0,000768
сблизить 3,506558 0,000688
сбор 1,347074 0,000264
сборник 0,597837 0,000235
свержение 2,813411 0,001657
свидетельство 1,714798 0,000337
свинец 2,302585 0,000452
свободный -0,009950 -0,000004
свое 0,287682 0,000226
свой 0,150823 0,000148
связать 0,174353 0,000171
связаться -0,009950 -0,000002
связь 0,174353 0,000068
сгореть 1,660731 0,000652
сдать 1,427116 0,000280
сделать 0,616186 0,000121
сдерживаться 2,659260 0,000522
се 2,407946 0,000945
себер 3,912023 0,000768
себя 0,198451 0,000117
сев 2,995732 0,000588
север 0,527633 0,000414
северный 0,385662 0,001135
северо-восточный 1,386294 0,001633
седоша 3,912023 0,000768
сей 0,693147 0,000136
селиться 2,407946 0,000945
село 0,891598 0,000175
селькуп 2,995732 0,000588
сельский 0,634878 0,000374
семен 1,966113 0,000386
сентябрь 0,072571 0,000028
сепаратист 3,218876 0,000632
сепыр 3,912023 0,000768
сергеем 2,407946 0,000473
серебренников 3,218876 0,000632
серебренникова 3,912023 0,000768
серебро 2,040221 0,000400
середина 0,356675 0,000280
серпонов 3,912023 0,000768
серпонова 3,912023 0,000768
серый 1,897120 0,000372
сжигание 2,995732 0,000588
сиберия 3,912023 0,000768
сибир 3,912023 0,002303
сибири 1,347074 0,026968
сибиридинамика 3,912023 0,000768
сибирк 3,912023 0,000768
сибирскиетатары 3,912023 0,000768
сибирский 1,049822 0,013599
сибирскотатарский 3,912023 0,000768
сибирь 1,469676 0,023365
сибирь-хан 3,912023 0,000768
сибирьсеверная 3,912023 0,000768
сибирью 2,207275 0,003033
сибиряк 2,659260 0,001044
сибоблума 3,912023 0,000768
сибом 3,912023 0,000768
сибревком 3,506558 0,000688
сибревкома 3,506558 0,000688
сибэ 3,912023 0,000768
сибэр 3,912023 0,000768
сивир 3,912023 0,001536
сиенит 3,912023 0,000768
сила 0,494296 0,000582
сильный 0,544727 0,000107
символ 0,733969 0,000144
симеизский 2,813411 0,000552
сино-тибетскиенароды 3,912023 0,000768
сип 3,912023 0,000768
сипыр 3,912023 0,000768
система 0,051293 0,000030
системеобсуждениевкладсоздать -0,009950 -0,000002
сказать 1,714798 0,000337
скачать -0,009950 -0,000002
скобелев 3,912023 0,001536
скромно 3,912023 0,000768
слабо 1,897120 0,000372
слабый 1,660731 0,000326
славянин 2,302585 0,000452
следовать 0,235722 0,000278
следует 0,755023 0,000148
слияние 1,609438 0,000316
словарь 0,094311 0,000111
слово 0,210721 0,000579
словцов 3,912023 0,000768
служба 0,527633 0,000207
служить 0,820981 0,000161
случай -0,009950 -0,000008
смертоносный 3,912023 0,000768
смерть 1,609438 0,000316
смоленский 1,966113 0,000386
смочь 1,203973 0,000236
смысл 1,272966 0,000500
сначала 1,386294 0,000272
снизиться 1,609438 0,000316
сноска 0,733969 0,000720
сноскамивикипедия 2,813411 0,000552
собирать 1,966113 0,000386
соболь 2,302585 0,000452
собор 0,733969 0,000144
собрание 0,634878 0,000374
собственно 1,386294 0,000272
собственный 0,446287 0,000175
событияпожертвовать -0,009950 -0,000002
сова 2,407946 0,001418
совать 3,912023 0,000768
совершать 2,407946 0,000473
совершенно 2,302585 0,000452
совершить 0,994252 0,000781
совет 0,462035 0,000181
советский 0,261365 0,000513
совокупный 1,832581 0,000719
современник 1,609438 0,000316
современный 0,150823 0,000059
согласие 1,897120 0,000372
согласно 0,301105 0,000295
содержание 0,010050 0,000002
содержать 0,634878 0,000249
создание 0,301105 0,000118
создать 0,210721 0,000165
созыв 1,514128 0,000297
сойот 3,506558 0,000688
сойти 3,506558 0,000688
сократиться 1,386294 0,000544
сокращение 0,867501 0,000170
соловьева 2,995732 0,000588
сомнение 2,040221 0,000400
сомнениевикипедия 3,912023 0,000768
сонинги 3,912023 0,000768
сообщение 0,478036 0,000281
сообщить -0,009950 -0,000002
соответствовать 0,371064 0,000073
сопоставимый 2,302585 0,000452
сопредельный 2,659260 0,000522
сопутствовать 2,525729 0,000496
сосед 2,995732 0,000588
соскин 3,506558 0,000688
сослать 2,659260 0,000522
сосредоточить 1,171183 0,000460
сост 0,597837 0,000469
состав 0,248461 0,000439
составить 0,400478 0,000079
составляетъ 3,912023 0,000768
составлять 0,198451 0,000390
состояние 0,248461 0,000146
сотни 1,427116 0,000280
сотрудничать 2,302585 0,000452
софронов 3,912023 0,000768
софронова 3,912023 0,000768
сохранение -0,009950 -0,000002
сохраниться 0,820981 0,000161
сохраняться 1,108663 0,000218
социализм 2,995732 0,000588
социалист 3,912023 0,000768
социально-демографические 3,912023 0,000768
социально-политические 3,506558 0,000688
сочинить 2,813411 0,000552
спафарий 3,912023 0,000768
спб 0,385662 0,000151
сперанского 3,506558 0,000688
сперва 3,506558 0,000688
специалист 0,755023 0,000148
специальный 0,415515 0,000082
специфика 2,407946 0,000473
список 0,210721 0,000041
способствовать 0,867501 0,000170
среда 0,385662 0,000076
среднеазиатский 2,525729 0,000496
средневековый 1,386294 0,001088
средневековье 1,660731 0,000326
среднее 0,342490 0,000471
средний 0,371064 0,000510
ссср 0,314711 0,000124
ссылаться 2,407946 0,000473
ссылка -0,009950 -0,000039
ссылкасведения -0,009950 -0,000002
ссыльный 2,659260 0,001566
стадий 1,660731 0,000326
сталь 0,415515 0,000245
становление 1,237874 0,000486
станция 0,579818 0,000114
старожил 2,813411 0,001104
старый 0,314711 0,000124
статистик -0,009950 -0,000004
статус 0,430783 0,000254
стать 0,083382 0,000164
статьевикипедия 1,660731 0,000326
статьестатьи 0,843970 0,000166
статьислучайная -0,009950 -0,000002
статьисообществофорумсправкасвежие -0,009950 -0,000002
статья 0,020203 0,000079
статьяобсуждение -0,009950 -0,000002
статьятекущие -0,009950 -0,000002
стационарный 1,108663 0,000435
стб 2,995732 0,000588
степень 0,673345 0,000264
степь 1,469676 0,000288
стереотип 1,469676 0,000288
столица 0,755023 0,000445
стольный 3,506558 0,000688
стр 1,309333 0,000257
страна 0,235722 0,000555
страница -0,009950 -0,000014
страницасодержаниеизбранные -0,009950 -0,000002
страницецитировать -0,009950 -0,000002
страницуполучить -0,009950 -0,000002
страницыслужебные -0,009950 -0,000002
стратегия 1,514128 0,000297
стремиться 2,120264 0,000416
стрепет 3,218876 0,000632
строительство 0,462035 0,000181
структура 0,400478 0,000079
структурный 1,427116 0,000280
субъект 0,597837 0,000117
сувар 3,218876 0,000632
сугубо 2,525729 0,000496
судовой 3,218876 0,000632
сукин 3,218876 0,000632
сулить 3,506558 0,000688
суммарный 1,386294 0,000272
супер-извержений 3,912023 0,000768
супервулкан 3,912023 0,000768
супоницкая 3,912023 0,000768
сургут 2,407946 0,001890
сургута 2,995732 0,000588
сурик 2,813411 0,000552
суровый 1,714798 0,000337
суша 1,609438 0,000632
существенный 1,237874 0,000243
существование 0,693147 0,000408
существовать 0,020203 0,000028
сфо 3,506558 0,001376
считать 0,597837 0,000704
считаться 0,385662 0,000227
сша 0,562119 0,000221
сыграть 1,714798 0,000337
сын 1,660731 0,000326
сынныр 3,912023 0,000768
сынныритов 3,912023 0,000768
сынныриты 3,912023 0,000768
сырой 2,525729 0,000496
сюда 1,108663 0,000218
сюдасвязанные -0,009950 -0,000002
сяньби 3,912023 0,000768
таблица 0,544727 0,000107
тавде 3,912023 0,000768
таежный 2,120264 0,000832
таз 3,218876 0,001264
тайбуги 3,912023 0,000768
тайбугина 3,912023 0,000768
тайбугинами 3,912023 0,000768
тайга 1,427116 0,000560
таймыр 2,813411 0,000552
таковой 1,514128 0,000297
такое 0,328504 0,000258
такой 0,162519 0,000064
таншихая 3,912023 0,000768
тар 2,813411 0,000552
тарифный 3,506558 0,000688
татарин 0,733969 0,000432
татарове 3,912023 0,000768
татарский 1,203973 0,000236
тверской 2,659260 0,000522
тег 1,897120 0,000372
текст -0,009950 -0,000006
телеканал 0,916291 0,000180
телеут 2,995732 0,000588
тема 0,693147 0,000136
тематический 0,510826 0,000100
темп 1,347074 0,000529
температура 0,510826 0,000100
тенденция 1,237874 0,000486
теплоэнергетика 3,506558 0,000688
терещенко 3,912023 0,000768
термин 0,198451 0,000234
терпение 3,912023 0,000768
территориально 2,525729 0,000496
территориально-производственных 3,912023 0,000768
территория 0,356675 0,002170
течение 0,314711 0,000247
течь 0,274437 0,000108
тигр 2,302585 0,000452
тимофеевичем 3,506558 0,000688
тип 0,072571 0,000014
типичный 1,427116 0,000280
титул 1,832581 0,000360
тихаго 3,912023 0,000768
тихий 1,347074 0,001851
ткань 2,207275 0,000433
тоба 3,912023 0,000768
тобол 2,813411 0,001657
тоболеск 3,506558 0,000688
тобольск 2,995732 0,000588
тобольска 2,659260 0,001044
тобольский 2,525729 0,001487
товар 0,916291 0,000180
товарный -0,009950 -0,000002
той 0,994252 0,000390
толстый 1,309333 0,000257
томск 1,108663 0,001088
томская 2,407946 0,000945
томского 2,207275 0,000433
томской 2,659260 0,000522
томскую 3,506558 0,000688
тонкий 2,302585 0,000452
тонкоклювый 3,912023 0,000768
тонна 1,108663 0,000653
топоним 1,078810 0,001482
топонимический 0,776529 0,000152
топор 2,659260 0,000522
торг 2,659260 0,000522
торгандун 3,912023 0,000768
торгандунин 3,912023 0,000768
торговля 0,579818 0,000114
торговый 0,597837 0,000352
торф 3,218876 0,000632
тофалар 3,506558 0,000688
точка 0,478036 0,000188
тпк 3,912023 0,000768
традиция 0,891598 0,000175
трактовать 2,995732 0,000588
трапп 3,506558 0,001376
требование 0,967584 0,000190
требовать 0,562119 0,000110
треть 1,237874 0,000243
три 0,248461 0,000049
трлн 2,207275 0,000866
трудовой 0,967584 0,000190
тува 3,506558 0,000688
тувинец 1,966113 0,000386
тунгусо-маньчжур-ские 3,912023 0,000768
тунгусоведения 3,912023 0,000768
туринск 3,218876 0,000632
туркестан 3,912023 0,001536
тыл 1,771957 0,000348
тыс 0,430783 0,001015
тысяча 0,371064 0,000437
тюменская 2,813411 0,001104
тюменской 2,659260 0,000522
тюмень 1,171183 0,000690
тюрк 2,525729 0,000496
тюрк-шад 3,912023 0,001536
тюркоязычный 3,218876 0,001264
тюркскиенароды 3,912023 0,000768
тюркский 1,386294 0,002993
тюрок 3,912023 0,001536
тянуться 2,407946 0,000945
убояшася 3,912023 0,000768
убсу-нур 3,506558 0,000688
увеличение 0,733969 0,000288
увеличиться 0,843970 0,000166
угодье 2,207275 0,000866
уголовный 2,302585 0,000452
уголь 1,714798 0,000337
угорский 3,506558 0,000688
удалить 0,579818 0,000341
удобрение 2,407946 0,000473
удэгеец 2,995732 0,000588
указ 0,733969 0,000144
указание -0,009950 -0,000002
указать 0,083382 0,000131
указывать 1,272966 0,000250
укрепить 1,427116 0,000280
улан-удэ 1,237874 0,000486
уложение 3,506558 0,000688
улучшить 1,049822 0,000206
ульч 3,218876 0,000632
умерить 1,049822 0,000206
универсальный 0,544727 0,000107
университет 0,328504 0,000129
уничтожение 1,660731 0,000326
уничтожить 1,203973 0,000236
уполномочить 2,813411 0,001104
упоминание 0,967584 0,000190
упоминаться 1,203973 0,000473
управление 0,248461 0,000244
управляться 2,407946 0,000945
упразднение 2,407946 0,000473
упразднить 1,237874 0,000243
урала 1,609438 0,000948
уралом 1,609438 0,000316
уральский 1,560648 0,000919
уральскимъ 3,912023 0,000768
уровень 0,150823 0,000030
урфо 3,506558 0,000688
условие -0,009950 -0,000008
усолье-сибирское 3,506558 0,000688
успенский 1,237874 0,000243
успех 1,021651 0,000201
устанавливаться 1,609438 0,000316
установление 1,021651 0,000401
усть 3,506558 0,000688
устье 0,634878 0,000249
утвердивше 3,912023 0,000768
утверждение 0,400478 0,000393
утонуть 3,912023 0,000768
утратить 1,272966 0,000250
участие -0,009950 -0,000002
ученый 0,653926 0,000257
учетный -0,009950 -0,000002
учитывать 1,514128 0,000297
учредительный 2,659260 0,000522
учредить 1,108663 0,000218
ушастый 3,218876 0,000632
файзрахманов 3,912023 0,000768
факт 0,634878 0,000125
фасмер 1,966113 0,000772
фасмера 2,659260 0,001044
фауна 1,108663 0,000435
февраль 0,051293 0,000070
федерализация 3,912023 0,000768
федеральный 0,462035 0,000635
федеративный 1,897120 0,000372
федерация 0,510826 0,000902
физико-географический 0,693147 0,000408
финно-угорскиенароды 3,912023 0,000768
фишер 3,506558 0,001376
фишером 3,912023 0,000768
флаг 0,597837 0,000235
флор 1,021651 0,000401
фольклор 2,525729 0,001487
фома 2,659260 0,000522
фонд -0,009950 -0,000004
формирование 0,597837 0,000117
форсировать 2,525729 0,000496
франций 1,139434 0,000224
функционер 3,912023 0,000768
функция 0,693147 0,000136
хади 3,912023 0,000768
хазарский 2,302585 0,000452
хакас 2,040221 0,000400
хакасия 2,659260 0,000522
хан 1,897120 0,001117
ханство 1,771957 0,002782
хант 2,207275 0,000433
ханты-мансийским 3,912023 0,000768
характерный 0,693147 0,000136
харьков 2,120264 0,000416
хатанги 3,912023 0,000768
хватать 0,820981 0,000483
ход 0,510826 0,000100
ходить 1,514128 0,000594
холст 3,912023 0,000768
хотя 0,653926 0,000128
хребет 1,560648 0,001225
хребтомъ 3,912023 0,000768
хронограф 2,813411 0,001657
художественный 0,653926 0,000257
худой 3,218876 0,000632
хунну 3,912023 0,000768
царский 1,386294 0,000544
царство 1,237874 0,000972
царь 1,078810 0,000212
цбс 2,659260 0,000522
целлюлозный 3,912023 0,000768
целое 0,634878 0,000374
цель 0,371064 0,000364
цемент 2,813411 0,000552
цена 1,237874 0,000243
центр 0,287682 0,000339
центральный 0,400478 0,000550
цитата 2,040221 0,000400
чан 3,218876 0,000632
частично 0,653926 0,000128
частность 0,462035 0,000363
часто 0,415515 0,000163
часть 0,061875 0,000255
чаща 1,108663 0,000218
чебаркуль 2,659260 0,000522
чело 0,713350 0,000560
человек 0,186330 0,000549
человечество 1,660731 0,000326
челябинского 2,995732 0,000588
черниговский 2,813411 0,000552
черный 0,843970 0,000166
черский 2,995732 0,000588
честь 0,562119 0,000110
четверть 1,966113 0,001158
четь 3,912023 0,000768
чжурчжэньских 3,912023 0,000768
чибэр 3,912023 0,000768
чинги-туры 3,506558 0,000688
чингизида 3,912023 0,000768
чингисхан 3,912023 0,000768
чингисхана 3,506558 0,001376
чирик 3,912023 0,000768
численно 3,506558 0,000688
численность 0,616186 0,001693
число 0,186330 0,000183
числовой 2,040221 0,000400
чисто 2,040221 0,000801
чистое 2,302585 0,000452
чита 1,203973 0,000473
читать 1,832581 0,000360
читатьправитьправить 0,494296 0,000097
член 0,755023 0,000296
чуванец 3,218876 0,000632
чукотско-камчат-ские 3,912023 0,000768
чукча 2,207275 0,000433
чулымец 3,218876 0,000632
шаблон 0,462035 0,000272
шапп 3,912023 0,000768
шар 2,407946 0,000945
шашков 3,506558 0,000688
швейцарии 2,659260 0,000522
шелехов 3,506558 0,000688
шельф 2,040221 0,000801
шерстова 3,912023 0,000768
шесть 1,021651 0,000201
шибанид 3,912023 0,000768
шибанидами 3,912023 0,000768
шибать 3,912023 0,000768
шибир 3,912023 0,001536
шибир-хан 3,912023 0,001536
шиловский 2,995732 0,002940
широкий 0,494296 0,000291
широко 0,653926 0,000128
шишкин 2,659260 0,001566
шорец 2,525729 0,000496
шпат 3,912023 0,000768
штаб-квартира 1,832581 0,000360
штат 1,560648 0,000919
штрафная 3,912023 0,000768
щапов 3,912023 0,000768
эбергард 3,912023 0,001536
эвен 2,302585 0,000452
эвенк 1,832581 0,002158
эвенкийский 2,813411 0,001104
эверт 3,912023 0,000768
экологически 2,813411 0,000552
экологический 0,693147 0,000272
экология 0,562119 0,000221
экономика 0,400478 0,000157
экономический 0,478036 0,000188
экспансия 2,525729 0,000991
экспедиция 1,469676 0,000577
эксплуатация 0,776529 0,000152
экспорт -0,009950 -0,000002
элемент 0,544727 0,000107
эмиграция 2,813411 0,001657
энец 3,506558 0,000688
энциклопедический 0,733969 0,000144
энциклопедия -0,009950 -0,000025
эпопея 3,506558 0,000688
эпос 2,525729 0,000496
эра 1,514128 0,001189
эсбе 3,218876 0,000632
эсер 2,659260 0,001044
эскимос 2,813411 0,000552
эскимосско-алеут-ские 3,912023 0,000768
этап 0,634878 0,000125
этимологический 2,040221 0,001201
этимология 0,616186 0,000605
этнический 1,897120 0,001117
этногенез 3,218876 0,000632
этнограф 2,813411 0,000552
этнографический 2,040221 0,000400
этнография 1,966113 0,000386
этнокультурный 2,995732 0,000588
этноним 2,995732 0,001764
эфталит 3,912023 0,000768
эффективный 1,609438 0,000316
юас 3,912023 0,000768
юг 0,693147 0,000544
юго-восточный 1,108663 0,000435
юго-западный 1,049822 0,000206
югорский 3,506558 0,002065
южнее 1,832581 0,000360
южный 0,385662 0,000833
юрид 3,912023 0,000768
юрьевна 2,813411 0,000552
явление 1,021651 0,000201
являть 3,912023 0,000768
являться 0,040822 0,000048
ядринцев 3,912023 0,003071
ядро 1,171183 0,000230
язык -0,009950 -0,000016
языковой 1,660731 0,000652
якут 1,660731 0,000326
якутии 2,995732 0,001764
якутия 2,407946 0,000473
якутск 1,203973 0,000473
якутский 2,659260 0,000522
якушев 3,506558 0,001376
якушева 3,912023 0,000768
ямало-ненецким 3,912023 0,000768
январь 0,105361 0,000248
ясак 2,995732 0,002352
ясачный 3,912023 0,003071
