абакан 2,659260 0,000522
аблажей 3,912023 0,000768
аборигенное 3,912023 0,000768
аборигены 3,912023 0,000768
август 1,237874 0,000243
августа 0,072571 0,000157
августинович 3,912023 0,000768
австралия 2,040221 0,000801
автономии 3,218876 0,000632
автономия 3,218876 0,000632
автономной 1,832581 0,000360
автономными 3,912023 0,000768
автор-сост 3,218876 0,000632
авторитетные 0,941609 0,000554
авторов 1,386294 0,000272
авторства -0,009950 -0,000002
автоссылка 0,000000 0,000000
агеева 1,469676 0,000288
агломерации 0,916291 0,000180
аде 3,506558 0,000688
аджиев 3,912023 0,000768
административная 2,525729 0,000496
административную 2,995732 0,000588
административным 1,514128 0,000594
адрианов 3,218876 0,000632
аза 3,912023 0,000768
азиатская 3,218876 0,001264
азиатские 2,995732 0,001176
азиатской 2,407946 0,000945
азии 0,916291 0,001079
азия 1,897120 0,000745
азияистория 3,912023 0,000768
академии 0,693147 0,000272
академическом 2,995732 0,000588
акватории 1,660731 0,000326
активистское 3,912023 0,000768
активное 1,469676 0,000288
активность 2,302585 0,000452
актуальных 3,506558 0,000688
александр 0,693147 0,000136
алексей 1,049822 0,000206
алеуты 3,218876 0,000632
алтае-саянская 3,506558 0,000688
алтай 2,407946 0,001890
алтайский 2,302585 0,000904
алтайцы 1,966113 0,000386
алфавитувикипедия 0,776529 0,000152
алфавитупро 1,771957 0,000348
алюминиевой 3,912023 0,000768
алюторцы 3,912023 0,000768
америка 2,040221 0,000400
американский 1,897120 0,000372
амур 2,813411 0,000552
амурский 2,407946 0,000473
ангарск 3,506558 0,002065
англ 0,174353 0,000205
англоязычной 3,912023 0,000768
андрий 3,912023 0,000768
антарктика 2,813411 0,000552
антибольшевистские 3,506558 0,000688
антибольшевистской 3,912023 0,000768
антиколчаковского 3,912023 0,000768
апеллировали 3,912023 0,000768
апреля 0,174353 0,000240
арестован 2,525729 0,000496
арестовано 3,506558 0,000688
арктика 2,813411 0,000552
армию 2,813411 0,001104
арсеньев 3,506558 0,000688
артелей 3,912023 0,000768
арх 0,544727 0,000214
археологии 1,309333 0,000257
архивировано 0,020203 0,000159
аст 0,820981 0,000161
астероид 1,966113 0,000386
астрель 1,049822 0,000206
астрономии 2,302585 0,000904
астрономом 2,407946 0,000473
атлантический 2,040221 0,000400
атлас 1,272966 0,000250
атласе 3,218876 0,000632
атласи 3,912023 0,000768
атмосферу 1,514128 0,000892
атскими 0,000000 0,000000
афины 3,218876 0,000632
африка 2,120264 0,000416
б-ка 0,000000 0,000000
базами 2,659260 0,000522
байкал 2,525729 0,000991
байкальская 2,995732 0,001176
балканский 2,813411 0,000552
барнаул 1,203973 0,000473
бассейне 1,897120 0,000372
бассейнов 1,660731 0,000326
бассейну 2,659260 0,000522
бассейны 1,660731 0,000326
батеньков 3,912023 0,000768
баш 3,506558 0,000688
башкирского 2,995732 0,000588
башкиры 1,347074 0,000264
башмачок 3,506558 0,000688
безземельные 3,912023 0,000768
безотходное 3,912023 0,000768
бекбулат 3,912023 0,000768
беларуская 0,000000 0,000000
беларускаябългарски 0,000000 0,000000
бело-зеленые 3,912023 0,000768
бело-красно-зеленым 3,912023 0,000768
белоголовый 3,912023 0,000768
белой 1,660731 0,000326
белому 2,995732 0,000588
белу 0,000000 0,000000
белых 2,407946 0,000473
белявским 3,912023 0,000768
березами 3,912023 0,000768
березов 3,912023 0,001536
беринг 3,506558 0,001376
бестужев 3,912023 0,000768
библая 3,506558 0,000688
библиографических 0,094311 0,000019
библиотека 0,462035 0,000091
бийск 2,995732 0,001176
бир 3,506558 0,000688
бить 3,912023 0,000768
благоприятная 3,506558 0,000688
ближайшее 2,813411 0,000552
ближний 2,407946 0,000473
близкой 3,506558 0,000688
блокироваться 3,912023 0,000768
бобр 2,995732 0,000588
богата 2,659260 0,000522
богоспасаемый 3,912023 0,000768
болотистую 3,912023 0,000768
болховский 3,912023 0,000768
большая 0,072571 0,000128
большевиков 1,966113 0,000386
большевистской 3,218876 0,000632
большевистском 3,912023 0,000768
большей 1,078810 0,000635
большие 0,891598 0,000175
большинство 0,597837 0,000117
большой 0,328504 0,000129
большую 0,891598 0,000525
борьба 1,897120 0,000372
бояршинова 3,912023 0,000768
бояршиновой 3,912023 0,000768
брат 3,506558 0,000688
братск 3,506558 0,002065
брать 2,995732 0,000588
британской 2,813411 0,000552
брокгауза 0,328504 0,000258
бросить 3,912023 0,000768
буга 3,912023 0,001536
будущее 1,386294 0,000272
буквально 2,995732 0,000588
бунтовщики 3,912023 0,000768
бунты 3,912023 0,000768
буровский 3,912023 0,000768
буряад 0,000000 0,000000
бурятии 3,218876 0,000632
бурятия 2,525729 0,000991
буряты 1,714798 0,000337
буторина 3,218876 0,000632
буферной 3,506558 0,000688
бухарского 3,912023 0,000768
быстрейшей 3,912023 0,000768
вагин 3,506558 0,000688
варламов 3,218876 0,001264
варламова 3,218876 0,000632
варфоломея 3,912023 0,000768
василевич 3,912023 0,003071
василий 1,386294 0,000272
васильевич 1,609438 0,000316
вассальная 3,912023 0,000768
вассальную 3,506558 0,000688
вассальные 3,912023 0,000768
вахтовых 3,912023 0,000768
вашла 0,000000 0,000000
введение 1,609438 0,000632
ввиду 2,120264 0,000416
вводит 2,813411 0,000552
вдали 3,218876 0,000632
вдоль 0,755023 0,000148
ведал 3,912023 0,000768
ведала 3,912023 0,000768
ведущие 2,040221 0,000400
век 0,733969 0,001441
века 0,248461 0,001024
веках 1,021651 0,000602
веке 0,597837 0,000821
веков 0,713350 0,000140
великий 1,469676 0,000577
великого 1,203973 0,000236
величине 1,771957 0,000348
велось 1,966113 0,001158
вернаго 0,000000 0,000000
вероятно 1,609438 0,000316
версией 2,813411 0,000552
версии 0,446287 0,000438
версий 1,347074 0,000264
версию 2,207275 0,000433
версия -0,009950 -0,000008
верховный 2,207275 0,000433
верхотуров 3,912023 0,000768
верхотурье 2,995732 0,000588
веръ 0,000000 0,000000
весомость 3,912023 0,000768
вестник 1,049822 0,000412
весь 0,755023 0,000296
ветреница 3,912023 0,000768
вечной 2,659260 0,000522
веществ 1,171183 0,000460
взаимоотношения 3,218876 0,000632
взглядов 2,995732 0,000588
взлет 3,506558 0,000688
вид 0,494296 0,000097
виде 0,235722 0,000139
видели 3,506558 0,000688
видовом 3,912023 0,000768
виды 0,798508 0,000157
византийскую 3,912023 0,000768
викигидепортал 1,469676 0,000288
викигидстатьи 2,120264 0,000416
викиданных -0,009950 -0,000002
викиданныхприродные 3,912023 0,000768
викимедиа -0,009950 -0,000002
википедии -0,009950 -0,000004
википедия -0,009950 -0,000012
викискладвикиновостивикицитатниквикигидэлемент 1,272966 0,000250
викискладе 0,174353 0,000034
викискладепутеводитель 0,713350 0,000140
викискладстатьи 0,891598 0,000175
викисловарецитаты 1,108663 0,000218
викисловарьвикипедия 1,309333 0,000257
викитекемедиафайлы 1,272966 0,000250
викитеку 1,347074 0,000264
викицитатник 1,272966 0,000250
викицитатникетексты 1,427116 0,000280
витсена 3,218876 0,000632
витус 3,218876 0,001264
включался 2,995732 0,000588
включать 1,897120 0,000372
включая 0,527633 0,000104
включения 1,771957 0,000348
влад 3,506558 0,000688
владения 2,040221 0,000801
владениями 3,506558 0,000688
владивостоке 3,218876 0,001264
владимир 0,733969 0,000144
владычества 3,218876 0,000632
власти 0,634878 0,000498
власть 0,733969 0,000576
влиянием 1,897120 0,000372
влиянии 2,995732 0,000588
вместе 0,510826 0,000201
вместо 0,798508 0,000157
внешние 0,051293 0,000010
вновь 0,755023 0,000148
внутренней 2,040221 0,000801
внутриконтинентальной 3,912023 0,000768
вогулов 3,912023 0,000768
вогульских 3,912023 0,000768
вода 1,203973 0,000236
водораздела 2,995732 0,000588
водораздельными 3,912023 0,000768
воевод 2,659260 0,000522
воевода 2,302585 0,000452
воеводам 3,506558 0,000688
воеводы 2,040221 0,002403
военачальниками 3,912023 0,000768
военно-кадетскими 3,912023 0,000768
военные 1,237874 0,000243
возводил 3,506558 0,000688
возводились 2,995732 0,000588
возможно 0,867501 0,000170
возможность 0,616186 0,000121
возник 1,469676 0,000288
возникших 2,995732 0,000588
возросла 2,407946 0,000473
возросло 2,407946 0,000473
вои 3,912023 0,000768
воинственных 3,506558 0,000688
вой 3,912023 0,000768
войны 0,478036 0,000094
войск 1,347074 0,000264
войска 1,237874 0,000243
войсками 1,386294 0,000272
войско 2,040221 0,000400
войском 2,302585 0,000452
волги 1,771957 0,000348
волна 1,427116 0,000280
вологодский 3,912023 0,000768
волшебные 0,040822 0,000008
вольная 2,659260 0,000522
вообще 1,560648 0,000306
вооружением 3,912023 0,000768
вооруженном 3,912023 0,000768
вопросов 1,560648 0,000306
вопросу 1,386294 0,000272
вопросы 1,049822 0,000206
воспроизводившие 3,912023 0,000768
восставали 3,912023 0,000768
восстания 1,660731 0,000652
восток 1,021651 0,002005
востока 1,078810 0,002329
востокаазиатская 3,912023 0,000768
востоке 1,108663 0,001088
востоку 1,514128 0,000594
восточная 1,309333 0,001799
восточнее 2,407946 0,000473
восточно-сибирский 3,218876 0,001264
восточно-сибирской 3,506558 0,000688
восточно-тюркском 3,912023 0,000768
восточное 2,040221 0,000400
восточной 0,693147 0,000544
восточную 1,897120 0,000745
восходит 2,040221 0,000400
вошла 1,609438 0,000316
впадины 2,995732 0,000588
впас 3,506558 0,000688
впервые 0,385662 0,000151
впечатляющей 3,912023 0,000768
впечатляющим 3,912023 0,000768
вплоть 1,108663 0,000218
впоследствии 0,653926 0,000257
времен 0,941609 0,000185
времена 1,108663 0,001088
времени 0,186330 0,000110
временного 1,897120 0,000372
время 0,030459 0,000030
всей 0,693147 0,000136
всемерное 3,912023 0,000768
всемирное 2,995732 0,000588
всероссийской 0,713350 0,000420
всесибирского 3,912023 0,000768
всестороннее 3,218876 0,000632
всея 2,207275 0,000433
всп 3,912023 0,001536
вспыхнули 3,912023 0,000768
встречается 1,203973 0,000236
вторая 0,994252 0,000390
второй 0,274437 0,000269
втором 1,660731 0,000326
вторым 1,832581 0,000719
вулканических 3,506558 0,000688
входила 2,207275 0,000433
входили 2,120264 0,000832
входят 0,713350 0,000140
выбрасывали 3,912023 0,000768
выбросов 1,609438 0,000632
выбросы 1,771957 0,000696
выбыли 3,912023 0,000768
выводит 2,995732 0,000588
выводят 2,813411 0,000552
выглядел 2,995732 0,000588
выглядела 3,912023 0,000768
выделился 3,506558 0,000688
выделять 2,813411 0,000552
выделяться 3,218876 0,000632
выделяют 1,609438 0,000316
вынуждены 2,659260 0,000522
вып 0,798508 0,000313
выплачивать 3,506558 0,001376
выпускавшего 3,912023 0,000768
выражение 2,407946 0,000473
высокую 1,832581 0,000360
высочайшая 3,218876 0,000632
выступали 1,966113 0,000386
выступало 3,912023 0,000768
выступая 2,995732 0,000588
выше 0,616186 0,000242
габдельбар 3,912023 0,000768
гавриил 3,506558 0,000688
гаврила 3,912023 0,000768
газа 1,309333 0,000514
газета 0,616186 0,000242
газовая 3,218876 0,000632
газового 3,506558 0,000688
газпром 1,714798 0,000673
гайда 3,506558 0,000688
галина 2,207275 0,000433
гарнизоны 3,506558 0,001376
гектаров 1,771957 0,000348
генерал-губернаторами 3,912023 0,000768
генри 3,912023 0,000768
гео 2,995732 0,000588
географией 3,506558 0,000688
географически 2,813411 0,000552
географические 0,713350 0,000280
географический 1,832581 0,001079
географического 1,386294 0,000544
географическое 0,693147 0,000136
географической 0,798508 0,000157
географическом 3,218876 0,001264
география 0,462035 0,000181
геокаре 2,813411 0,000552
геологическая 2,525729 0,000496
геологов 3,218876 0,001264
геополитическое 3,506558 0,000688
германии 1,427116 0,000280
геттинского 3,912023 0,000768
гигантские 2,995732 0,000588
гигантских 3,218876 0,001264
гипотеза 2,407946 0,000473
гипотезы 2,302585 0,000452
главным 0,967584 0,000570
главными 1,832581 0,000360
глинозем 3,912023 0,000768
глобальная 2,995732 0,000588
глухов 3,506558 0,000688
гмелин 3,218876 0,000632
говорится 2,525729 0,000496
год 0,235722 0,000324
года -0,009950 -0,000125
годавикипедия 0,616186 0,000363
годах 0,385662 0,000151
годом 0,941609 0,000185
году 0,072571 0,000370
годувикипедия 2,407946 0,000473
годы 0,356675 0,000210
головачев 3,912023 0,000768
головачева 3,912023 0,000768
гор 1,309333 0,000514
гора 1,139434 0,000224
горами 2,207275 0,000433
горит 2,813411 0,000552
горная 2,120264 0,000832
горной 2,525729 0,000991
горный 1,832581 0,000360
город 0,544727 0,000535
города 0,430783 0,000761
города-крепости 2,659260 0,000522
городами 0,916291 0,000180
городах 1,272966 0,000500
городнаселение 3,506558 0,000688
городов 0,579818 0,001366
городок 1,386294 0,000544
городские 0,941609 0,000185
городских 0,713350 0,000420
городского 0,693147 0,000136
горы 1,108663 0,000218
государево 3,506558 0,000688
государеву 2,659260 0,000522
государств 1,203973 0,000236
государства 0,843970 0,000828
государственного 0,616186 0,000363
государственное 0,776529 0,000152
государственной 0,616186 0,000363
государственности 2,995732 0,000588
государственный 0,430783 0,000085
государство 1,347074 0,000529
государством 2,040221 0,000801
государству 2,207275 0,000866
государь 2,525729 0,000496
гравюра 2,302585 0,000452
град 2,040221 0,000801
града 2,525729 0,000496
градостроительных 2,995732 0,000588
градостроительства 1,966113 0,000386
градусов 1,897120 0,000372
гражданин 1,309333 0,000514
гражданской 0,967584 0,000190
гранат 1,386294 0,000272
границ 0,916291 0,000360
границей 1,966113 0,000772
границы 0,867501 0,000851
граничит 2,040221 0,000400
граничитъ 3,912023 0,000768
григорий 1,832581 0,000719
грозного 1,966113 0,000386
грозному 3,506558 0,000688
грозный 1,771957 0,000348
груз 3,218876 0,000632
грузии 1,771957 0,000348
групп 1,514128 0,000297
группе 1,832581 0,000360
группой 2,120264 0,000416
группы 0,634878 0,000374
грустина 3,912023 0,000768
грустины 3,912023 0,000768
грязных 2,995732 0,000588
гу-вшэ 3,912023 0,001536
губерниях 3,506558 0,000688
гуннов 2,995732 0,000588
гуннское 3,912023 0,000768
гуннскому 3,912023 0,000768
давние 3,506558 0,000688
давшего 3,912023 0,000768
далее 0,693147 0,000136
далеко 1,966113 0,000386
дали 2,120264 0,000416
дальневосточная 2,995732 0,001176
дальневосточники 3,912023 0,000768
дальневосточного 2,813411 0,000552
дальневосточный 2,813411 0,001657
дальнего 1,514128 0,002972
дальнейшего 2,525729 0,000496
дальнем 2,040221 0,000801
дальний 1,966113 0,002315
дани 2,995732 0,000588
даниэль 2,995732 0,000588
данным 0,415515 0,000082
дань 2,659260 0,000522
дата 0,030459 0,000245
датская 0,342490 0,000067
даты 1,427116 0,000560
даурия 3,912023 0,000768
даурский 3,506558 0,000688
двадцать 2,040221 0,000400
дважды 1,272966 0,000250
две 0,527633 0,000104
движения 0,733969 0,000144
дво 3,218876 0,000632
дворца 1,660731 0,000326
двояко 3,912023 0,000768
двухсот 2,659260 0,000522
дежнев 2,995732 0,000588
дезурбанизации 3,506558 0,000688
действительно 2,302585 0,000904
действия 1,427116 0,000280
действовать -0,009950 -0,000002
декабрист 3,506558 0,000688
декабря 0,105361 0,000165
дела 1,469676 0,000288
делами 2,120264 0,000832
деле 1,660731 0,000326
делится 1,427116 0,000280
демографии 3,218876 0,001264
демография 2,407946 0,000945
демократические 3,506558 0,000688
демоскоп 0,820981 0,000161
депопуляции 2,995732 0,000588
десятки 1,347074 0,000264
десятой 2,995732 0,000588
десять 1,514128 0,000297
деталях 3,506558 0,000688
деятель 1,966113 0,000386
деятелями 3,506558 0,000688
дикий 3,218876 0,000632
диктатуре 3,506558 0,000688
динамика 1,427116 0,000280
династии 2,207275 0,000433
дискурса 3,912023 0,000768
дискуссий 2,813411 0,000552
дней 0,446287 0,000088
днейвикипедия 0,967584 0,000190
дня 0,478036 0,000563
добавив 0,941609 0,000554
добираться 2,813411 0,000552
добровольческую 3,912023 0,000768
довольно 0,891598 0,000175
докладе 2,813411 0,000552
документах 1,560648 0,000306
долганы 2,813411 0,000552
долгих 2,995732 0,000588
долгого 2,525729 0,000496
долгое 1,386294 0,000272
долгосрочного 3,912023 0,000768
должна 0,544727 0,000321
должно 1,714798 0,000337
должны 1,021651 0,000401
доли 1,832581 0,000360
долой 3,912023 0,000768
доминионов 3,912023 0,000768
доп 0,597837 0,000117
дополните 2,813411 0,000552
дополнительные -0,009950 -0,000002
дополнить 2,813411 0,000552
доработки 3,912023 0,000768
дореф 3,912023 0,000768
дорожная 2,995732 0,000588
дословно 2,659260 0,001044
достаточно 0,820981 0,000161
достигает 1,347074 0,000264
достигаетъ 3,912023 0,000768
достигнув 3,218876 0,000632
достижения 1,514128 0,000297
доступен -0,009950 -0,000002
древнего 1,832581 0,000360
древнейших 1,609438 0,000316
древние 1,560648 0,000306
древний 1,660731 0,000652
древних 1,469676 0,000288
древностей 2,207275 0,000433
древности 1,469676 0,000288
древностях 3,912023 0,000768
дрофа 3,218876 0,000632
другие 0,030459 0,000024
других -0,009950 -0,000004
другому 2,302585 0,000452
другую 2,407946 0,000473
дружину 3,218876 0,000632
дулин 3,912023 0,001536
думы 1,078810 0,000212
душ 3,506558 0,000688
дфо 3,506558 0,000688
дьяка 3,506558 0,000688
ебергардом 3,912023 0,000768
евразийская 3,218876 0,000632
еврейская 0,843970 0,000331
европа 0,941609 0,000185
европейская 2,407946 0,000473
европейской 0,891598 0,000350
европейскою 3,912023 0,000768
европейскую 2,813411 0,000552
едигер 3,912023 0,001536
единиц 0,673345 0,000132
единица 1,609438 0,000316
единицу 2,207275 0,000433
единства 2,207275 0,000433
ежесуточно 3,912023 0,000768
екатерины 1,514128 0,000297
елизавете 3,218876 0,000632
енисей 2,659260 0,000522
енисейск 2,813411 0,000552
енисейскиенароды 3,912023 0,000768
енисея 2,302585 0,001808
ермак 3,506558 0,000688
ермака 3,912023 0,002303
ермаком 3,506558 0,000688
еро 3,506558 0,000688
есиповской 3,912023 0,000768
ефрона 0,328504 0,000258
жадности 3,912023 0,000768
жалованье 3,506558 0,000688
жан 3,218876 0,000632
железной 0,755023 0,000148
железным 3,218876 0,000632
жестоко 2,995732 0,000588
жесточью 3,912023 0,000768
животного 2,995732 0,000588
животных 1,203973 0,000473
живущие 3,506558 0,000688
жившей 3,912023 0,000768
жизни 0,562119 0,000331
жили 1,832581 0,000360
жителей 0,673345 0,000529
жители 1,049822 0,000206
жителями 1,609438 0,000316
жукова 2,302585 0,000904
журавль 3,506558 0,000688
журнал 0,510826 0,000201
забайкалье 2,813411 0,000552
забайкальский 2,659260 0,001044
зависимости 0,798508 0,000157
зависимость 2,659260 0,001044
завоевание 2,995732 0,000588
завоевания 2,813411 0,000552
завоеванного 3,912023 0,000768
загадка 3,218876 0,000632
заглавная -0,009950 -0,000002
загоскин 3,912023 0,000768
загрязненных 2,407946 0,000473
загрязняющих 1,660731 0,000652
заимка 2,995732 0,000588
закавказье 2,525729 0,000496
закавказья 2,525729 0,000991
заканчивалась 3,912023 0,000768
закаспийской 3,912023 0,001536
законодательство 2,407946 0,000473
закрепления 3,218876 0,000632
закрепляли 3,912023 0,000768
залежей 3,912023 0,000768
заливали 3,912023 0,000768
заложил 2,407946 0,000473
замена 2,407946 0,000473
замыслов 3,912023 0,000768
занимаемых 3,506558 0,000688
занимает 0,616186 0,000121
занимаетъ 3,912023 0,000768
занимались 2,407946 0,000473
зап 2,813411 0,001104
запад 1,427116 0,000840
запада 1,021651 0,000401
западе 1,347074 0,000793
западная 1,560648 0,001838
западно-сибирская 3,218876 0,001264
западно-сибирский 2,525729 0,000496
западно-сибирского 2,813411 0,001104
западной 0,994252 0,000976
западносибирский 3,912023 0,000768
западную 2,040221 0,001201
запасов 2,207275 0,000866
записки 1,560648 0,000306
записьвойти -0,009950 -0,000002
запрос 1,514128 0,000297
зарегистрированный -0,009950 -0,000002
зарождаются 3,912023 0,000768
заросль 3,912023 0,000768
зарубежных 1,469676 0,000288
заселена 3,218876 0,000632
заселенность 3,912023 0,000768
затем 0,527633 0,000414
захватив 2,995732 0,000588
захватил 2,659260 0,000522
захвачена 2,407946 0,000473
заходили 3,912023 0,000768
защита 1,469676 0,000288
защиты 0,941609 0,000185
защищать 3,506558 0,000688
заявление -0,009950 -0,000002
збекча 0,000000 0,000000
зеландия 3,218876 0,000632
земель 1,272966 0,001249
землей 2,302585 0,000452
землепроходцах 3,912023 0,000768
земли 0,634878 0,001121
землю 1,771957 0,000696
земля 1,139434 0,000447
землями 2,525729 0,000496
землях 2,407946 0,000473
земского 2,995732 0,001176
зимовьями 3,912023 0,000768
знак -0,009950 -0,000004
знаком 2,302585 0,000452
знаменем 3,218876 0,000632
значении 1,714798 0,000337
значения 0,105361 0,000062
значительной 1,469676 0,000577
значительную 1,309333 0,000514
золота 2,302585 0,000452
золотой 0,843970 0,000331
зональных 3,506558 0,000688
зрения 1,272966 0,000250
иван 0,843970 0,000497
ивана 1,078810 0,000423
иванова 1,966113 0,000386
ивановичем 2,995732 0,000588
ивану 2,995732 0,000588
иглы 3,506558 0,000688
игнатий 3,218876 0,000632
иде 3,506558 0,001376
идеи 1,714798 0,000337
идеология 3,912023 0,001536
идес 3,912023 0,000768
идет 1,078810 0,000423
иже 3,506558 0,000688
из-за 0,415515 0,000245
избегоша 3,912023 0,000768
избраннедес 3,912023 0,000768
избрант 3,912023 0,000768
извергала 3,912023 0,000768
известно 1,237874 0,000486
известной 1,966113 0,000386
известному 2,659260 0,000522
известны 1,309333 0,000257
изд 0,314711 0,000124
изданий 1,469676 0,000288
изменений 1,272966 0,000250
изменить 2,207275 0,000433
изученность 2,525729 0,000496
изъятиями 3,912023 0,000768
имать 3,506558 0,000688
имевший 2,525729 0,000496
имеет 0,235722 0,000046
имеется 0,653926 0,000128
имели 1,386294 0,000272
имелось 2,207275 0,000433
именем 1,272966 0,000250
имени 0,462035 0,000181
именно 0,544727 0,000107
именуемый 3,912023 0,001536
имеют 0,371064 0,000073
импер 0,000000 0,000000
императорского 2,040221 0,000801
императорской 2,659260 0,000522
империи 0,733969 0,000432
империя 2,040221 0,001602
имэмо 3,506558 0,000688
имя 0,891598 0,000350
иначе 0,733969 0,000432
инвестиций 1,560648 0,000306
индигирки 3,506558 0,000688
индийский 2,525729 0,000496
инициативе 1,427116 0,000560
иной 1,714798 0,000337
инородцев 3,912023 0,001536
иностранные 1,660731 0,000326
институт 0,478036 0,000094
института 0,755023 0,000296
инструменты -0,009950 -0,000004
интегрированной 3,506558 0,000688
интеллигенции 2,995732 0,000588
интеллигенция 2,995732 0,000588
интенсивными 3,912023 0,000768
интересам 2,995732 0,000588
интересов 2,407946 0,000473
интересы 2,207275 0,000433
интразональных 3,912023 0,000768
инфо 2,659260 0,000522
инфолио-пресс 3,912023 0,000768
информация 0,446287 0,000263
инфраструктура 1,347074 0,000264
иоганн 3,218876 0,001264
иоганном 3,912023 0,000768
иран 2,207275 0,000433
иранских 3,912023 0,000768
ирбис 3,506558 0,000688
иркутск 1,171183 0,000690
иркутская 2,525729 0,000496
ирландии 3,912023 0,000768
ирон 0,000000 0,000000
иртыша 3,218876 0,001264
иртыше 3,506558 0,000688
иртышу 3,506558 0,001376
искер 3,912023 0,000768
искитимский 3,506558 0,000688
исключением 1,347074 0,000793
искусств 0,916291 0,000180
использовал 2,120264 0,000416
использовали 2,525729 0,000496
использования -0,009950 -0,000002
используются 0,916291 0,000180
использующие 0,040822 0,000008
исправить 1,832581 0,000360
исследовавших 3,506558 0,000688
исследование 1,427116 0,000280
исследований 0,941609 0,000185
исследования 0,733969 0,000576
исследованиями 2,407946 0,000473
исследователей 1,966113 0,000386
исследователи 1,469676 0,000577
ист 2,659260 0,000522
истории 0,248461 0,000293
историко-географический 2,995732 0,000588
историко-этнографические 3,912023 0,000768
историографии 2,813411 0,000552
историческая 1,237874 0,000972
исторически 1,078810 0,000635
исторический 0,653926 0,000128
исторических 1,139434 0,000447
историческо-культурный 3,912023 0,000768
исторического 1,049822 0,000412
историческое 1,660731 0,000326
исторической 1,171183 0,000460
историческом 1,771957 0,000348
историю 0,843970 0,000331
история 0,051293 0,000091
источник -0,009950 -0,000020
источниками 0,776529 0,000152
источниквикипедия 2,525729 0,000496
источникевикипедия 2,302585 0,000452
источники 0,415515 0,000571
источников 0,371064 0,000437
исчезнувшие 3,218876 0,000632
италии 1,966113 0,000386
ительмены 2,995732 0,000588
итоги 0,713350 0,000420
июле 0,967584 0,000190
июля 0,116534 0,000137
июня 0,116534 0,000457
йской 0,000000 0,000000
кавказ 1,771957 0,000348
каган 3,912023 0,000768
каганат 3,506558 0,000688
каганата 2,659260 0,001566
каганате 3,912023 0,000768
кадетов 3,506558 0,000688
кадровой 3,506558 0,000688
каждый 0,733969 0,000144
казаки 2,040221 0,000400
казаков 1,660731 0,000978
казанского 1,660731 0,000652
казахстана 1,966113 0,000386
казну 2,813411 0,000552
каких-либо 2,302585 0,000452
календарь 1,514128 0,000297
калийные 3,506558 0,000688
калисилит 3,912023 0,000768
кальдера 3,912023 0,000768
камчатские 3,912023 0,000768
канада 2,207275 0,000433
канадой 3,506558 0,000688
капитализма 2,995732 0,000588
капиталистические 3,912023 0,000768
каразин 3,912023 0,000768
каракин 3,912023 0,000768
каргалов 3,506558 0,000688
карибы 2,995732 0,000588
карское 2,302585 0,000452
карт 1,514128 0,000297
карта 0,776529 0,000610
картами 0,562119 0,000110
карте 1,108663 0,000218
карточка 2,659260 0,000522
карьер 2,995732 0,000588
каталанская 0,527633 0,000104
каталогах 0,094311 0,000019
каталонском 3,218876 0,000632
категории -0,009950 -0,000004
каторжные 3,912023 0,000768
кату 0,000000 0,000000
качестве 0,478036 0,000094
квадратных 1,832581 0,000360
кейс 3,218876 0,000632
кемерова 3,218876 0,000632
кемерово 1,237874 0,000486
кемеровская 2,407946 0,000473
керамику 3,912023 0,000768
кереки 3,506558 0,000688
кеты 3,218876 0,000632
километров 1,078810 0,000212
китай 0,867501 0,000341
китайская 0,776529 0,000457
китайской 2,407946 0,000473
класс 1,514128 0,000297
классик 3,912023 0,000768
клеандрова 3,912023 0,000768
климат 0,494296 0,000485
книга 0,843970 0,000331
книге 1,309333 0,000257
книги 0,916291 0,000180
кнутом 3,912023 0,000768
княжества 2,120264 0,000416
княжество 2,120264 0,000416
князей 2,525729 0,000496
князь 1,771957 0,001043
князя 1,139434 0,000671
код -0,009950 -0,000041
кодекс -0,009950 -0,000002
кодистория 0,116534 0,000023
козьмин 3,912023 0,000768
колебания 1,714798 0,000673
колева 3,912023 0,000768
колобов 3,912023 0,000768
колониальной 3,912023 0,000768
колониальный 3,912023 0,000768
колонией 3,912023 0,002303
колонизации 2,813411 0,000552
колонизация 2,525729 0,000496
колоний 3,218876 0,000632
колонию 3,506558 0,000688
колония 2,302585 0,000904
колчак 3,218876 0,000632
колчака 2,302585 0,000452
колымы 3,218876 0,000632
кольцов-мосальский 3,506558 0,000688
комбинации 3,506558 0,000688
коммерсантъ 1,139434 0,000224
компетенции 2,995732 0,000588
компетенциям 3,912023 0,000768
компетенциями 3,912023 0,000768
комплекс 0,653926 0,000128
комплекса 1,272966 0,000250
комплексов 1,386294 0,000272
компрессорных 3,912023 0,000768
компромиссные 3,912023 0,000768
кон 3,218876 0,001895
конде 3,912023 0,000768
кондинского 3,912023 0,000768
консолидировать 3,912023 0,000768
контактов 3,506558 0,000688
контексте 1,560648 0,000306
континентальный 0,776529 0,000457
конфиденциальности -0,009950 -0,000002
конца 0,562119 0,000110
конце 0,430783 0,000254
концу 0,994252 0,000195
кооперации 2,120264 0,000416
коренные 2,407946 0,001418
коренных 2,207275 0,002166
королеве 3,912023 0,000768
короткий -0,009950 -0,000002
короткоживущей 3,912023 0,000768
коршунков 3,912023 0,000768
коряки 3,218876 0,000632
котел 3,218876 0,000632
которая 0,287682 0,000056
которого 0,301105 0,000059
которое 0,478036 0,000281
которой 0,174353 0,000103
котором 0,301105 0,000177
которую 0,867501 0,000170
которые 0,162519 0,000223
который 0,105361 0,000083
которым 0,798508 0,000157
которых 0,094311 0,000093
кочевых 2,995732 0,000588
краеведческий 1,237874 0,000243
край 0,891598 0,000875
крайне 1,832581 0,000719
краковецкий 3,912023 0,000768
красивое 3,912023 0,001536
красная 1,108663 0,000435
красноярск 0,967584 0,001139
красноярский 2,207275 0,000433
красноярского 2,302585 0,000452
краткая 0,967584 0,000190
края 0,713350 0,000560
крепко 3,912023 0,000768
крепостного 3,218876 0,000632
крестьян 2,302585 0,001356
крестьянам 3,912023 0,000768
крестьяне 3,218876 0,001264
крестьянского 3,506558 0,000688
криминальной 2,995732 0,000588
кроме 0,235722 0,000046
кроншнеп 3,912023 0,000768
круг 2,207275 0,000433
кругами 3,218876 0,000632
круглый 2,659260 0,000522
крупнейшие 0,776529 0,000457
крупнейший 0,755023 0,000148
крупнейших 0,634878 0,000125
крупное 1,897120 0,000372
крупноцветковый 3,912023 0,000768
крупные 0,579818 0,000114
крупными 1,309333 0,000257
крупных 0,494296 0,000097
крутовский 3,912023 0,000768
крыло 3,506558 0,000688
крымского 1,832581 0,000360
крыму 2,407946 0,000473
кузанский 2,995732 0,000588
кузнецк 2,302585 0,000452
куки -0,009950 -0,000002
культура 0,653926 0,000128
культурное 2,207275 0,000433
культуры 0,462035 0,000363
кумо-манычской 3,506558 0,000688
купцы 1,832581 0,000719
курган 1,237874 0,000243
курганская 2,813411 0,000552
кустарного 3,506558 0,000688
кутьина 3,912023 0,000768
кучум 3,912023 0,000768
кучума 3,912023 0,000768
кызласов 3,912023 0,000768
кызласова 3,912023 0,001536
кызыл 2,995732 0,000588
кыргызского 3,506558 0,000688
кырык 1,771957 0,000348
лавой 3,912023 0,000768
лагерь 2,120264 0,000832
ламин 3,506558 0,000688
ландшафтов 2,995732 0,001176
ларусса 1,078810 0,000212
ласково 3,912023 0,000768
латинская 2,813411 0,000552
легитимации 3,912023 0,000768
ледовитаго 3,912023 0,000768
ледовитого 1,832581 0,001439
ледовитый 2,407946 0,000945
лежащих 2,813411 0,000552
лезги 0,000000 0,000000
лена 2,659260 0,001044
ленинград 2,120264 0,000416
лены 2,659260 0,000522
леопард 2,995732 0,000588
лес 1,514128 0,000297
леса 1,021651 0,000401
лесах 2,302585 0,000452
лесной 1,272966 0,000250
лесную 2,995732 0,000588
лесные 1,560648 0,000306
лесных 2,120264 0,000832
лесов 1,469676 0,000288
лесом 2,302585 0,000452
лесостепью 3,912023 0,000768
лет 0,223144 0,000088
летние 1,714798 0,000337
летописи 1,609438 0,000316
летописное 3,506558 0,000688
летописях 2,659260 0,000522
либеральное 3,912023 0,000768
либо 0,000000 0,000000
ликвидации 1,609438 0,000316
линии 0,755023 0,000445
лит 2,302585 0,000452
литература 0,061875 0,000024
литературе 1,514128 0,000594
литературное 2,813411 0,000552
литовская 1,309333 0,000257
лихорадки 3,506558 0,000688
лицах 2,659260 0,000522
лице 2,525729 0,000496
лицензии -0,009950 -0,000002
лишь 0,478036 0,000094
лозунги 3,912023 0,000768
лозунгом 3,506558 0,000688
лотарингии 3,912023 0,000768
люда 2,995732 0,000588
людей 0,693147 0,000272
люди 0,755023 0,000445
людьми 1,609438 0,000316
маак 3,912023 0,001536
магаданская 2,813411 0,000552
магистр 3,506558 0,000688
македонски 0,000000 0,000000
макса 3,218876 0,000632
маленькая 3,506558 0,000688
малозаселенный 3,912023 0,000768
малонаселенная 3,912023 0,000768
малочисленности 3,912023 0,000768
малый 0,371064 0,000073
малыми 2,302585 0,000452
малых 1,309333 0,000257
мангазея 3,912023 0,001536
манси 2,813411 0,001104
мансуров 3,506558 0,000688
марий 2,525729 0,000496
марта 0,139262 0,000082
мары 0,000000 0,000000
масло 2,995732 0,000588
масс-медиа-центр 3,912023 0,000768
массовые 2,207275 0,000433
масштаб 1,897120 0,000372
масштабам 3,506558 0,000688
масштабными 3,912023 0,000768
материал -0,009950 -0,000002
мая 0,139262 0,000574
мбук 2,659260 0,000522
мегадения 3,912023 0,000768
меди 2,207275 0,000433
медиафайлы 0,301105 0,000059
меланезия 2,995732 0,000588
менандра 3,912023 0,000768
менее 0,314711 0,000124
мерам 3,912023 0,000768
мерзлоты 2,995732 0,000588
мессершмидт 3,506558 0,000688
мест 0,713350 0,000280
местах 1,049822 0,000206
мести 3,912023 0,000768
местного 0,941609 0,000185
местное 1,427116 0,000280
местность 1,660731 0,000978
местные 1,049822 0,000412
местных 1,108663 0,000435
месторождение 2,302585 0,000904
месяцев 1,171183 0,000230
металлургии 2,040221 0,000400
метель 3,218876 0,000632
меха 3,218876 0,000632
мехами 3,912023 0,000768
механизм 1,660731 0,000326
миграцией 3,912023 0,000768
миграции 1,660731 0,000326
миграционная 3,218876 0,000632
миграция 2,120264 0,000416
микронезия 2,813411 0,000552
миллиона 1,386294 0,000544
миллионная 3,912023 0,000768
миллионов 1,078810 0,000212
миллионы 2,995732 0,000588
милованов 3,912023 0,000768
минерала 3,506558 0,000688
минимальной 3,506558 0,000688
министерства 0,891598 0,000350
министерство 1,108663 0,000435
министров 1,660731 0,000326
минуя 2,813411 0,000552
мир 0,342490 0,000202
мира 0,415515 0,000489
мифологии 2,525729 0,000496
мифы 2,302585 0,000452
михаила 1,171183 0,000230
млекопитающих 1,966113 0,000386
млн 0,462035 0,001360
мнению 0,967584 0,001519
многие 0,356675 0,000070
многих 0,494296 0,000194
множеством 2,040221 0,000400
мобильная -0,009950 -0,000002
мобильным 3,506558 0,000688
могильник 3,218876 0,000632
могло 2,120264 0,000416
могут -0,009950 -0,000004
можете 0,653926 0,000385
молибдена 3,912023 0,000768
молодежи 1,469676 0,000288
монастыри 2,407946 0,000473
монгол 0,000000 0,000000
монголии 2,659260 0,000522
монголы 1,897120 0,000372
монгольские 3,506558 0,000688
монгольскиенароды 3,912023 0,000768
монгольских 2,995732 0,000588
монгольского 2,407946 0,000945
монгольской 2,813411 0,000552
монгольскую 3,218876 0,000632
монографию 3,912023 0,000768
море 1,049822 0,000206
мореплавателях 3,912023 0,000768
морю 1,966113 0,000386
моря 0,579818 0,000114
москва 0,400478 0,000157
москву 1,139434 0,000224
москвы 0,653926 0,000128
московские 2,407946 0,000473
московского 0,867501 0,000170
московской 1,237874 0,000486
мужчины 1,832581 0,000360
муниципальным 0,776529 0,000457
муниципальных 0,776529 0,000305
мыреева 3,912023 0,001536
мысль 1,897120 0,000372
мясной 2,659260 0,000522
набеги 2,525729 0,000496
набегов 2,120264 0,000416
навигации -0,009950 -0,000002
навигация -0,009950 -0,000004
надлежало 3,912023 0,000768
надыма 3,912023 0,000768
назван 1,078810 0,000212
название 0,198451 0,000273
названием 0,820981 0,000161
названия 0,342490 0,000269
назначаемыми 3,912023 0,000768
называвший 3,912023 0,000768
называемой 2,040221 0,000400
называл 3,218876 0,000632
называли 1,347074 0,000264
назывались 1,897120 0,000372
назывался 1,347074 0,000264
называть 1,966113 0,000386
наиболее 0,139262 0,000027
наивысшего 2,659260 0,000522
наказания 2,995732 0,000588
наказывались 3,912023 0,000768
наладить 3,218876 0,000632
нами -0,009950 -0,000002
намного 2,302585 0,000452
нанайцы 2,407946 0,000473
нападения 3,218876 0,000632
написал 1,897120 0,000372
направления 0,755023 0,000148
направлены 2,659260 0,000522
например 0,328504 0,000258
народ 2,120264 0,000416
народная 0,713350 0,000140
народничества 3,912023 0,000768
народность 2,995732 0,000588
народных 1,203973 0,000236
народов 0,798508 0,001097
народы 1,832581 0,003597
наряду 1,078810 0,000212
население 0,693147 0,001496
населением 0,776529 0,000152
населения 0,494296 0,001649
населенные 0,673345 0,000132
населенных 0,693147 0,000408
наследие 1,347074 0,000264
наследия 0,820981 0,000161
насчитывалось 1,347074 0,000529
наук 0,693147 0,000408
наука 0,301105 0,000591
наумов 2,525729 0,000496
науч 1,714798 0,000673
научная 0,798508 0,000157
научного 1,309333 0,000257
научной 1,108663 0,000218
научный 0,941609 0,000185
научных 0,776529 0,000152
находились 1,714798 0,000337
находит 2,207275 0,000433
националистов 3,912023 0,000768
национальный 0,597837 0,000117
нач 2,995732 0,001176
начал 0,798508 0,000157
начала 0,314711 0,000124
начале 0,314711 0,000185
начало 0,415515 0,000326
началом 1,171183 0,000230
началось 0,616186 0,000121
начался 1,347074 0,000264
началу 1,171183 0,000230
начального 1,832581 0,000360
начальные 2,659260 0,000522
начиналась 2,525729 0,000496
начинают 1,771957 0,000348
начиная 0,733969 0,000144
нашего 2,040221 0,000400
нашей 1,386294 0,001088
наших 1,469676 0,000288
нганасаны 3,506558 0,000688
не-сибирскими 3,912023 0,000768
неавторитетном 2,525729 0,000496
неавторитетный 2,407946 0,000945
неблагополучия 3,912023 0,000768
небольсин 3,912023 0,000768
небольшим 2,040221 0,000400
неверный 2,407946 0,000473
неволею 3,912023 0,000768
негативно 2,120264 0,000416
негидальцы 3,218876 0,000632
недвусмысленно 3,912023 0,000768
недостатков 0,653926 0,000128
недостаточно 2,207275 0,000433
недра 3,218876 0,000632
незавершенными 2,813411 0,001104
нейтральность 3,912023 0,002303
некоммерческой -0,009950 -0,000002
некоторого 2,813411 0,000552
некоторые 0,301105 0,000236
некоторым 1,966113 0,000386
некоторыми 2,120264 0,000416
нем 0,356675 0,000070
немецком 2,813411 0,000552
немногочисленным 3,912023 0,000768
ненцы 2,120264 0,000416
необходимо 1,237874 0,000243
непосредственно 0,478036 0,000375
неправильно 2,040221 0,000400
нередко 1,108663 0,000218
несколько 0,150823 0,000059
несмотря 0,755023 0,000148
нетронутой 3,912023 0,000768
неудачной 3,218876 0,000632
нефтегазового 3,506558 0,000688
нефтегазовый 3,912023 0,000768
нефти 1,514128 0,000297
нещадно 3,506558 0,000688
нивхи 2,813411 0,000552
нидерландов 2,813411 0,000552
нижневартовск 2,659260 0,000522
низкой 1,771957 0,000348
низложено 3,912023 0,000768
низовьях 2,207275 0,000433
никеля 2,659260 0,000522
никитин 2,302585 0,000904
николааса 3,218876 0,000632
николай 0,867501 0,000511
ниц 3,912023 0,000768
новая 0,634878 0,000125
новгородец 3,506558 0,000688
новгородцы 3,218876 0,001264
новейшее 2,813411 0,001104
ново-николаевску 3,506558 0,000688
нового 0,579818 0,000228
новое 0,755023 0,000148
новокузнецк 1,272966 0,000750
новокузнецкавид 3,912023 0,000768
новониколаевск 3,506558 0,000688
новосибирск 0,916291 0,003237
новосибирская 2,659260 0,000522
новосибирской 2,407946 0,000473
новые 0,342490 0,000067
новых 0,430783 0,000085
норвежская 0,248461 0,000049
норильск 1,203973 0,000709
нохчийн 0,000000 0,000000
ночница 3,912023 0,000768
ноябре 0,994252 0,000195
ноября 0,127833 0,000226
нском 0,000000 0,000000
нська 0,000000 0,000000
нуждались 3,912023 0,000768
нужно 1,049822 0,000618
ныне 0,653926 0,000128
ньскъ 0,000000 0,000000
оао 0,916291 0,000360
обдорского 3,912023 0,000768
обеими 3,218876 0,000632
обещалась 3,912023 0,000768
оби 2,207275 0,002166
обл 1,714798 0,000337
обладало 3,912023 0,000768
области 0,223144 0,000307
областни 0,000000 0,000000
областники 3,912023 0,004607
областников 3,912023 0,000768
областнические 3,912023 0,000768
областнического 3,506558 0,000688
областничества 3,506558 0,002065
областничестве 3,912023 0,000768
областничество 3,912023 0,006143
область 0,385662 0,000151
обменивали 3,912023 0,000768
обнаружено 2,207275 0,000433
обозначение 2,995732 0,000588
обозначением 2,995732 0,000588
обозначения 1,660731 0,000326
обозрение 2,120264 0,000832
образован 1,347074 0,000264
образование 0,494296 0,000194
образованию 2,040221 0,000400
образования 0,478036 0,000188
образованиям 0,776529 0,000457
образовано 1,609438 0,000316
образованы 2,040221 0,000400
образом 0,371064 0,000437
образуется 1,966113 0,000772
обратились 3,218876 0,000632
обращения 0,030459 0,000245
обретение 3,506558 0,000688
обсерватории 2,207275 0,000433
обстановка 1,966113 0,000386
обстоятельство 2,407946 0,000473
обсуждения 2,525729 0,000496
обходиться 3,506558 0,000688
обширном 3,912023 0,001536
обширный 2,659260 0,000522
общая 0,673345 0,000132
общего 0,713350 0,000140
общей 0,597837 0,000117
общероссийских 2,302585 0,000452
общества 0,776529 0,000305
общественно-политическое 3,912023 0,000768
общественно-политической 2,995732 0,001764
общество 0,713350 0,000140
общин 1,897120 0,000372
общих 1,771957 0,000348
объединив 2,995732 0,000588
объединить 3,506558 0,000688
объекты 0,478036 0,000094
обь 2,302585 0,001808
обь-иртыш 3,912023 0,000768
обязаны 2,659260 0,000522
огиз 3,218876 0,000632
огнеупоры 3,912023 0,000768
ограниченный 2,659260 0,000522
огромные 2,302585 0,000904
огромным 3,506558 0,000688
одиссей 3,218876 0,000632
одна 0,527633 0,000104
однако 0,174353 0,000205
одни 1,714798 0,000337
одними 2,207275 0,000433
одно 0,693147 0,000136
одной 0,371064 0,000073
однородно-социалистического 3,912023 0,000768
ожидать 2,813411 0,000552
озера 0,967584 0,000380
озеро 1,049822 0,000412
означает 1,237874 0,000729
означающего 2,813411 0,001657
означающее 2,995732 0,000588
океан 1,714798 0,000337
океана 1,272966 0,001999
океания 2,659260 0,000522
океанов 2,040221 0,000400
океаном 2,525729 0,000496
океаны 2,659260 0,001044
окладников 3,912023 0,000768
около 0,000000 0,000000
окончательно 1,203973 0,000473
окраин 2,813411 0,000552
округ 0,673345 0,000264
округа 0,653926 0,000257
округами 2,659260 0,000522
округов 0,776529 0,000457
октября 0,083382 0,000115
олык 0,000000 0,000000
омск 1,021651 0,000802
омская 2,407946 0,000473
онлайн 0,198451 0,000039
оно 0,000000 0,000000
опасный 3,506558 0,000688
опираясь 2,659260 0,000522
описание -0,009950 -0,000002
определения 1,560648 0,000306
определенно 3,912023 0,000768
определял 2,995732 0,000588
определялся 3,218876 0,000632
опубликованные 3,218876 0,000632
опыт 1,714798 0,000337
опытными 1,714798 0,000337
опыту 3,506558 0,000688
организации -0,009950 -0,000004
организаций 0,776529 0,000152
организма 3,912023 0,000768
органическою 3,912023 0,000768
орды 1,966113 0,000772
оригинала 0,162519 0,000096
оригинальный 2,302585 0,000452
ороки 3,912023 0,000768
орочи 3,506558 0,000688
ортса 0,000000 0,000000
оружием 2,525729 0,000496
осваивали 3,506558 0,000688
освоение 1,966113 0,001544
освоением 2,813411 0,000552
освоении 2,995732 0,000588
освоения 1,897120 0,001862
освоили 3,912023 0,000768
освоить 3,912023 0,000768
осипов 0,527633 0,000207
основа 1,832581 0,000360
основали 2,659260 0,000522
основало 3,912023 0,000768
основания 0,713350 0,000140
основанными 2,525729 0,000496
основе 0,494296 0,000097
основная 0,116534 0,000069
основное 1,347074 0,000264
основной 0,653926 0,000257
основном 0,510826 0,000201
основную 1,832581 0,000360
основные 0,223144 0,000088
основных 0,634878 0,000125
основой 1,237874 0,000486
особенно 0,562119 0,000110
особый 2,040221 0,000400
осознавался 3,912023 0,000768
оставалась 2,302585 0,000452
оставались 2,302585 0,000452
оставиша 3,912023 0,000768
остается 0,891598 0,000175
остальную 3,218876 0,000632
остаются 2,040221 0,000400
остоке 3,912023 0,000768
острогами 3,912023 0,001536
остроги 3,506558 0,000688
острогов 3,506558 0,002065
остроухая 3,912023 0,000768
осуждено 3,912023 0,000768
отв 0,755023 0,000148
ответственности -0,009950 -0,000002
отвечал 2,813411 0,000552
отд 2,525729 0,000496
отдела 2,207275 0,000866
отделена 3,912023 0,000768
отделения 1,021651 0,000201
отдельную 1,832581 0,000360
отдельных -0,009950 -0,000002
отказ -0,009950 -0,000002
открытие 0,941609 0,000185
открытия 0,916291 0,000540
открытый 1,049822 0,000206
отмены 2,302585 0,000452
отмечено 1,966113 0,000386
отнесены 2,659260 0,000522
отнести 2,207275 0,000433
относительной 2,407946 0,000473
относится 0,733969 0,000144
относящиеся 2,659260 0,000522
отношении 1,203973 0,000473
отношения 0,994252 0,000390
отразиться 3,912023 0,000768
отредактирована -0,009950 -0,000002
отредактировать 0,967584 0,000570
отрош 3,912023 0,000768
отрывок 3,506558 0,000688
отряда 2,659260 0,000522
отрядом 2,659260 0,000522
отряду 3,912023 0,000768
отряды 2,040221 0,000400
отсутствия 1,714798 0,000673
оттуда 2,525729 0,000496
отходов 1,966113 0,000386
отъ 3,506558 0,000688
официальном 2,120264 0,000832
официальные 1,469676 0,000288
официальный 0,510826 0,000201
официальных 2,207275 0,000433
оформленными 2,302585 0,000452
оценивалась 2,813411 0,000552
оценивало 3,912023 0,000768
оценке 1,560648 0,000306
очень 0,494296 0,000097
очерк 1,237874 0,000243
очерки 1,171183 0,000460
ошибка 1,832581 0,000360
ошибками 2,207275 0,000433
ошибкекак -0,009950 -0,000002
павел 1,469676 0,000288
падение 2,302585 0,000452
памятные 1,832581 0,000360
параметрывикипедия 3,506558 0,000688
парламентской 3,912023 0,000768
партийное 3,218876 0,000632
партийные 3,218876 0,000632
патканова 3,912023 0,000768
пелым 3,506558 0,000688
пелыма 3,506558 0,000688
пелымское 3,506558 0,000688
пепеляев 3,506558 0,000688
пер 1,108663 0,000435
первая 0,430783 0,000169
первого 0,733969 0,000144
первое 0,544727 0,000321
первой 0,462035 0,000453
первом 1,237874 0,000243
первопроходцами 3,506558 0,000688
первопроходцы 3,912023 0,001536
первые 0,494296 0,000097
первый 0,385662 0,000076
переведены 2,207275 0,000433
переводе 2,040221 0,000400
переворот 2,813411 0,000552
передавали 3,506558 0,000688
переданы 2,302585 0,000452
переезжать 3,218876 0,000632
переименованный 2,813411 0,000552
перейти -0,009950 -0,000004
перекочевавших 3,506558 0,000688
перелома 3,506558 0,000688
перенаправляется 1,771957 0,000348
переписи 0,755023 0,000741
переработка 2,995732 0,000588
переселение 3,218876 0,000632
переселения 2,995732 0,001176
переселилось 3,912023 0,000768
переходил 3,218876 0,000632
перечня 2,120264 0,000832
период 0,342490 0,000672
персональные -0,009950 -0,000002
перспективы 1,347074 0,000264
петр 1,108663 0,000218
петра 1,078810 0,000212
петрухин 3,218876 0,001264
петрухина 3,912023 0,000768
печати -0,009950 -0,000002
печатных 1,609438 0,000316
печать -0,009950 -0,000002
пикулина 3,506558 0,000688
пилы 3,506558 0,000688
пиренейский 2,995732 0,000588
писал 1,514128 0,000297
плавание 2,302585 0,000452
плавании 3,506558 0,000688
плаваниях 3,506558 0,000688
плавильный 3,912023 0,000768
плакатное 3,912023 0,000768
плане 1,660731 0,000326
планирования 1,714798 0,000337
платины 3,218876 0,000632
платформе 2,302585 0,000452
племен 1,966113 0,000386
племена 2,120264 0,000416
племенам 3,506558 0,000688
плоскость 3,506558 0,000688
площади 0,510826 0,000201
площадь 0,478036 0,000375
площадьоколо 3,506558 0,000688
площадью 0,994252 0,000195
плюс 1,386294 0,000272
по-казахски 3,912023 0,000768
победоносно 3,912023 0,000768
побережью 2,813411 0,000552
побочного 3,912023 0,000768
поведения -0,009950 -0,000002
повелению 3,912023 0,000768
повествования 3,506558 0,000688
поволжье 1,832581 0,000360
повсеместное 2,995732 0,000588
повторил 3,218876 0,000632
погиб 2,525729 0,000496
пограничную 3,912023 0,000768
подведение 3,912023 0,000768
подвид 3,912023 0,001536
подвоза 3,912023 0,000768
подготовленном 3,912023 0,000768
подданстве 3,912023 0,000768
подданство 2,813411 0,000552
поддерживал 2,995732 0,000588
подкрепляет 3,912023 0,000768
поднимали 3,912023 0,000768
подобных 2,040221 0,000400
подразделяется 2,525729 0,000991
подробнее -0,009950 -0,000002
подробности 2,813411 0,000552
подробную 3,506558 0,000688
подсчетам 2,813411 0,001104
подсчитали 3,912023 0,000768
подходящие 3,218876 0,000632
пожалуйста 1,469676 0,000288
пожарам 3,506558 0,000688
пожаров 2,302585 0,000452
пожары 2,302585 0,000904
позволяет 0,755023 0,000148
позволяли 3,506558 0,000688
позднее 0,798508 0,000470
позднем 2,995732 0,000588
поземка 3,912023 0,000768
позже 0,733969 0,000144
позитивно 3,506558 0,000688
поиск -0,009950 -0,000002
поиску -0,009950 -0,000008
покорение 2,813411 0,001657
покоренные 3,912023 0,000768
покорили 3,912023 0,001536
покровского 2,407946 0,000473
покрытая 3,912023 0,000768
пол 1,897120 0,000745
поле 0,798508 0,000157
полевой 2,813411 0,000552
полинезия 2,659260 0,000522
политика -0,009950 -0,000006
политики 1,237874 0,000243
политический 2,120264 0,000416
политических 1,660731 0,000652
политической 1,469676 0,000288
полностью 0,400478 0,000157
половина 1,171183 0,000230
половине 0,634878 0,000623
положение 0,510826 0,000100
полоцкий 3,912023 0,000768
полуостров 1,714798 0,000673
получает 1,660731 0,000326
получал 3,218876 0,000632
получая 3,218876 0,000632
получивших 2,813411 0,000552
получили 0,967584 0,000190
полярные 2,302585 0,000452
помимо 0,562119 0,000110
понимается 2,659260 0,000522
понимались 3,506558 0,000688
понимании 1,897120 0,000745
понимаются 2,995732 0,001176
понятия 1,560648 0,000306
поправке 3,912023 0,000768
попытке 2,995732 0,000588
пор 0,941609 0,000185
порозжих 3,912023 0,000768
поросшую 3,912023 0,000768
порталвикипедия 2,120264 0,000416
порто-франко 3,506558 0,000688
порядка 1,139434 0,000224
порядок 1,966113 0,000386
посадков 3,506558 0,000688
поселение 1,309333 0,000514
поселений 0,798508 0,000313
поселения 0,941609 0,000739
поселки 1,347074 0,000264
поселков 1,469676 0,001154
послабление 3,912023 0,000768
послании 3,912023 0,000768
последние 0,755023 0,000296
последний -0,009950 -0,000002
последняя 0,342490 0,000067
последующие 1,660731 0,000326
поспелов 1,021651 0,000201
поставлена 2,407946 0,000945
постановке 3,218876 0,000632
постепенно 0,867501 0,000170
постоянная 2,813411 0,000552
постоянного 0,693147 0,000544
постоянной 1,897120 0,000372
построены 1,021651 0,000201
потанин 3,506558 0,002753
потенциал 1,347074 0,000264
потенциала 1,897120 0,000372
потепление 2,407946 0,000473
потомками 3,506558 0,001376
поход 1,897120 0,000745
похода 1,897120 0,000745
походе 2,813411 0,000552
похожие 2,995732 0,000588
почетный 1,469676 0,000577
появились 0,579818 0,000114
появилось 1,171183 0,000230
права 0,755023 0,000148
правители 2,995732 0,000588
правитель 2,995732 0,000588
правительства 0,693147 0,000272
правительство 0,843970 0,000166
правительством 1,832581 0,000360
правителя 3,218876 0,001264
править -0,009950 -0,000086
правка 0,328504 0,000064
правкиновые -0,009950 -0,000002
правкипостоянная -0,009950 -0,000002
правлением 3,218876 0,000632
практики 2,525729 0,000991
практически 0,755023 0,000148
практических 3,218876 0,000632
практическую 3,218876 0,000632
превосходило 3,912023 0,000768
превращения 2,659260 0,000522
предводительством 1,966113 0,000386
пределах 0,510826 0,000201
предисловия 3,506558 0,000688
предком 3,912023 0,000768
предлагающая 3,912023 0,000768
предлагающие 3,218876 0,000632
предметом 1,560648 0,000306
предоставления 2,120264 0,000416
предписывалось 3,506558 0,000688
предполагается 1,560648 0,000306
председатель 1,347074 0,000264
представились -0,009950 -0,000002
представители 1,272966 0,000250
представлениям 3,218876 0,000632
представлено 1,560648 0,000306
представляют 1,237874 0,000243
прежде 1,049822 0,000618
преимущественную 3,912023 0,000768
прекращение 2,813411 0,000552
преследуя 3,506558 0,000688
претендовали 3,912023 0,000768
прибайкалье 2,995732 0,000588
приведение 2,995732 0,001176
приведенного 3,506558 0,000688
привез 2,659260 0,000522
привели 1,560648 0,000306
привело 1,108663 0,000218
привлечения 2,302585 0,000452
приводит 1,171183 0,000230
придоша 3,912023 0,000768
призванное 3,912023 0,000768
признал 2,207275 0,000433
прииртышье 3,506558 0,000688
приказ 1,714798 0,001346
приказа 2,525729 0,000496
приказом 1,966113 0,000386
применение 1,469676 0,000288
применяться 2,407946 0,000473
пример 1,171183 0,000230
примеру 2,040221 0,000400
примечания -0,009950 -0,000004
примечанияхвикипедия 2,407946 0,000473
принявшим 3,218876 0,000632
принято 0,713350 0,000280
природа 1,309333 0,000514
природно 3,912023 0,000768
природно-сырьевых 3,912023 0,000768
природные 1,108663 0,000435
природными 2,659260 0,001044
присоединение 2,407946 0,000945
присоединились 3,218876 0,000632
приходили 2,813411 0,000552
приходит 1,897120 0,000372
прицак 3,912023 0,001536
причем 0,994252 0,000195
причина 2,407946 0,000473
причине 1,771957 0,000348
причины 1,771957 0,000696
пришед 3,912023 0,000768
пришествия 3,912023 0,000768
проблем 0,798508 0,000313
проблемном 3,912023 0,000768
проблемы 0,544727 0,000107
проверить 2,207275 0,000433
проверяема 0,967584 0,000570
программа 0,994252 0,000195
программы 0,713350 0,000140
продовольствии 3,912023 0,000768
продолжает 1,714798 0,000337
продолжало 2,813411 0,000552
продукта 2,207275 0,000433
продуктивному 3,912023 0,000768
проект 0,400478 0,000079
проекта 0,616186 0,000121
проектах -0,009950 -0,000002
проектахзначения 1,237874 0,000243
проживала 3,218876 0,000632
проживали 1,660731 0,000326
проживало 1,514128 0,000892
проживания 1,832581 0,000360
производительных 3,218876 0,000632
производств 1,832581 0,000360
производства 0,616186 0,000121
производство 0,941609 0,000185
производят 1,966113 0,000386
произвола 3,218876 0,000632
произношение 2,995732 0,000588
произошли 1,832581 0,000360
произошло 0,733969 0,000144
происходит 0,634878 0,000374
происхождение 1,427116 0,000560
прокопия 2,995732 0,000588
прокопьевск 1,272966 0,000250
пролива 2,407946 0,000473
промзону 3,506558 0,001376
промышленников 2,813411 0,000552
промышленности 0,579818 0,000228
промышленных 0,916291 0,000360
проникли 2,995732 0,000588
пропагандистов 3,912023 0,000768
пропаганды 2,659260 0,000522
просвещение 2,302585 0,000452
просмотры -0,009950 -0,000002
пространственное 3,912023 0,000768
просьбой 3,218876 0,000632
протектора 3,912023 0,000768
против 0,798508 0,000157
противовеса 3,912023 0,000768
протомонголов 3,912023 0,000768
протяжении 0,867501 0,000170
протяженность 0,941609 0,000185
профессора 1,660731 0,000326
профессором 2,525729 0,000496
процессы 1,514128 0,000297
проявляли 3,912023 0,000768
псевдолейцитовые 3,912023 0,000768
псковский 3,912023 0,000768
птиц 1,469676 0,000288
публикациях 3,506558 0,000688
публиковали 3,912023 0,000768
публицист 3,506558 0,000688
пунктов 0,653926 0,000257
пункты 0,616186 0,000121
пура 3,912023 0,000768
пуста 3,912023 0,000768
пустошает 3,912023 0,000768
путей 0,916291 0,000180
путешественники 2,659260 0,000522
путешествие 1,897120 0,000372
пути 0,693147 0,000136
путях 3,218876 0,000632
пушкина 1,139434 0,000224
пушнина 3,506558 0,000688
пушниной 3,506558 0,001376
пушнины 3,506558 0,000688
работы 0,314711 0,000062
рабочих 1,108663 0,000218
равнина 2,120264 0,000832
раевский 3,912023 0,001536
раевского 3,218876 0,000632
раза 0,867501 0,000170
разбив 3,912023 0,000768
разбил 3,506558 0,000688
разбили 2,995732 0,000588
разбойного 3,912023 0,000768
разведаны 3,912023 0,000768
развитие 0,314711 0,000124
развитием 1,171183 0,000230
развитии 1,078810 0,000423
развития 0,287682 0,000282
разграничение 3,218876 0,000632
раздел 0,891598 0,000350
разделами 0,891598 0,000350
разделамистатьи 3,912023 0,000768
разделе 0,776529 0,000457
разделенности 3,912023 0,000768
разделено 2,813411 0,000552
разделяющими 3,912023 0,000768
различного 1,714798 0,000337
различные 0,693147 0,000136
различным 1,469676 0,000288
размещение 2,120264 0,000416
размещения 0,843970 0,000166
разнообразием 2,813411 0,000552
разнообразии 3,506558 0,000688
разорвал 2,525729 0,000496
разработка 1,347074 0,000264
разработчики -0,009950 -0,000002
разряд 3,218876 0,000632
разряда 2,525729 0,000496
район 0,597837 0,000352
районе 0,527633 0,000104
районирование 2,525729 0,000496
районировании 3,218876 0,000632
районов 0,562119 0,000221
рамках 0,544727 0,000214
рамстедта 3,912023 0,000768
рамстедта-фасмера 3,912023 0,000768
ран 0,776529 0,000457
ранее 0,430783 0,000085
раннем 2,659260 0,000522
распада 1,714798 0,000337
располагает 1,609438 0,000316
расположена 0,916291 0,000180
расположенная 1,609438 0,000316
расположенному 3,218876 0,000632
расположено 0,916291 0,000180
распоряжению 2,207275 0,000433
распределенные 1,514128 0,000297
распространение 1,237874 0,000729
распространено 2,302585 0,000452
рассеянные 3,912023 0,000768
рассматривалась 3,218876 0,000632
рассматривали 3,912023 0,000768
растений 1,386294 0,000544
растения 1,771957 0,000348
расширения 1,514128 0,000297
рати 3,912023 0,000768
ратниками 3,912023 0,000768
реализации 0,994252 0,000195
реальность 2,813411 0,000552
ревизских 3,912023 0,000768
революционеров-демократов 3,912023 0,000768
регион 1,021651 0,000802
региона 0,776529 0,001524
регионального 1,108663 0,000435
региональной 1,966113 0,000772
региональные 1,171183 0,000230
регионе 1,049822 0,000618
регионов 0,941609 0,000185
регионы 1,049822 0,000412
регулярное 1,714798 0,000337
ред 0,235722 0,000370
редкие 2,040221 0,000400
режима 2,120264 0,000416
резванов 3,506558 0,001376
резко 0,967584 0,000380
результат 1,469676 0,000288
результате 0,342490 0,000067
результатов 1,897120 0,000372
рек 0,820981 0,000322
реке 0,713350 0,000140
реки 0,462035 0,000181
рекомендации 0,843970 0,000497
рельефа 1,514128 0,000297
репарации 3,912023 0,000768
республика 0,843970 0,000994
республики 0,916291 0,000540
ресурсами 2,040221 0,000400
ресурсов 0,798508 0,000157
ресурсом 3,218876 0,000632
ресурсы 0,020203 0,000016
реформ 2,207275 0,000433
речной 0,916291 0,000180
решение 0,755023 0,000148
ринат 3,218876 0,001264
рипол 3,912023 0,000768
ричард 3,506558 0,000688
рода 1,560648 0,000613
родился 1,660731 0,000326
родины 2,525729 0,000496
родственных 0,755023 0,000148
роль 0,579818 0,000341
романова 2,659260 0,000522
рос 2,407946 0,000473
росло 2,995732 0,000588
росс 3,912023 0,001536
россией 1,427116 0,000560
россиею 3,912023 0,000768
россии 0,186330 0,001170
россиирегионы 3,912023 0,000768
россиискрытые 2,813411 0,000552
российская 0,186330 0,000219
российским 1,514128 0,000297
российских 0,733969 0,000432
российского 0,634878 0,000249
российское 1,771957 0,000348
российской 0,385662 0,000833
российскому 2,207275 0,000866
россию 1,966113 0,000386
россия 0,371064 0,000218
росстат 0,776529 0,000305
росстата 2,207275 0,000433
россыпь 3,912023 0,000768
рудам 3,912023 0,000768
руды 2,525729 0,000496
руководство 1,272966 0,000250
руку 3,218876 0,000632
рус 0,162519 0,001308
руси 1,347074 0,000264
русиньскыйсаха 0,000000 0,000000
русификации 3,912023 0,000768
русские 0,544727 0,000748
русский -0,009950 -0,000002
русским 1,560648 0,000613
русскими 1,660731 0,000978
русских 0,843970 0,000994
русско-эвенкийский 3,912023 0,000768
русского 0,494296 0,000679
русское 0,755023 0,000296
русской 0,673345 0,000661
русскою 3,912023 0,000768
рустии 3,912023 0,000768
ряд 0,385662 0,000076
ряда 0,994252 0,000195
рядом 0,733969 0,000144
рязанский 3,218876 0,000632
сабир 3,912023 0,000768
саблин 3,506558 0,000688
сабыр 3,912023 0,000768
савир 3,912023 0,000768
сайт 0,371064 0,000146
сайте 0,967584 0,000380
сайты 0,478036 0,000094
самого 0,891598 0,000175
самодержавия 2,813411 0,000552
самодийскиенароды 3,912023 0,000768
самойлова 3,506558 0,000688
самоназвание 3,506558 0,000688
самостоятельную 2,207275 0,000433
самоуправления 0,994252 0,000195
самоуправство 3,912023 0,000768
самый 0,579818 0,000228
самым 0,653926 0,000128
самыми 1,832581 0,000360
самых 0,544727 0,000107
санкт-петербург 0,776529 0,000152
санкт-петербургской 2,813411 0,000552
сапсан 2,525729 0,000496
сасанидский 3,912023 0,000768
саяны 3,218876 0,000632
сбивати 3,912023 0,000768
сбиваться 3,912023 0,000768
сближено 3,912023 0,000768
сбора 1,832581 0,000360
сборник 0,653926 0,000257
свержение 3,218876 0,000632
свержении 3,506558 0,001376
свидетельство 2,525729 0,000496
свинца 2,407946 0,000473
свободной -0,009950 -0,000002
свободные 2,813411 0,000552
свое 0,616186 0,000121
своего 0,776529 0,000152
своей 0,776529 0,000152
своему 2,120264 0,000416
своим 0,967584 0,000190
своих 0,776529 0,000305
свой 0,653926 0,000257
свяжитесь -0,009950 -0,000002
связанная 2,302585 0,000452
связанную 3,218876 0,000632
связано 1,078810 0,000635
связи 0,235722 0,000093
сгорело 2,659260 0,001044
сдавший 3,912023 0,000768
сделать 1,386294 0,000272
сдерживается 3,506558 0,000688
себер 3,912023 0,000768
сев 2,995732 0,000588
север 1,171183 0,000460
севера 0,941609 0,000370
северная 1,078810 0,000847
северного 1,021651 0,000802
северной 0,693147 0,000544
северный 0,820981 0,000483
северо-восточная 2,659260 0,002088
северо-восточную 3,218876 0,001264
сего 2,659260 0,001044
седоша 3,912023 0,000768
сей 1,660731 0,000326
селились 3,506558 0,000688
селиться 2,525729 0,000496
село 1,469676 0,000288
селькупы 3,218876 0,000632
сельских 0,776529 0,000457
семен 1,966113 0,000386
сентября 0,072571 0,000028
сепаратистов 3,218876 0,000632
сепыр 3,912023 0,000768
сер 3,218876 0,000632
сергеем 2,407946 0,000473
серебра 2,407946 0,000473
серебренников 3,218876 0,000632
серебренникова 3,912023 0,000768
середине 0,562119 0,000331
середины 0,967584 0,000190
серпонов 3,912023 0,000768
серпонова 3,912023 0,000768
сжиганию 3,506558 0,000688
сиберия 3,912023 0,000768
сиби 0,000000 0,000000
сибир 3,912023 0,002303
сибири 1,347074 0,026968
сибиридинамика 3,912023 0,000768
сибирк 3,912023 0,000768
сибирская 1,832581 0,002158
сибирские 2,207275 0,003466
сибирскиетатары 3,912023 0,000768
сибирский 1,469676 0,002596
сибирским 2,813411 0,001104
сибирскими 3,218876 0,001895
сибирских 1,966113 0,002701
сибирского 1,714798 0,004712
сибирское 1,832581 0,003237
сибирской 1,832581 0,002158
сибирскотатарский 3,912023 0,000768
сибирскую 2,407946 0,000945
сибирь 1,469676 0,023365
сибирь-хан 3,912023 0,000768
сибирьсеверная 3,912023 0,000768
сибирью 2,207275 0,003033
сибиряки 3,218876 0,001264
сибоблума 3,912023 0,000768
сибом 3,912023 0,000768
сибревком 3,506558 0,000688
сибревкома 3,506558 0,000688
сибэ 3,912023 0,000768
сибэр 3,912023 0,000768
сивир 3,912023 0,001536
сиениты 3,912023 0,000768
сил 1,771957 0,000696
силу 1,021651 0,000401
силы 1,427116 0,000560
сильном 2,995732 0,000588
символы 1,386294 0,000272
симеизской 2,813411 0,000552
сино-тибетскиенароды 3,912023 0,000768
сип 3,912023 0,000768
сипыр 3,912023 0,000768
системе 0,733969 0,000144
системеобсуждениевкладсоздать -0,009950 -0,000002
систему 0,673345 0,000132
системы 0,342490 0,000067
сказано 2,407946 0,000473
скачать -0,009950 -0,000002
скобелев 3,912023 0,001536
скромнее 3,912023 0,000768
слабо 1,966113 0,000386
слабую 3,912023 0,000768
славяне 2,813411 0,000552
следовал 3,506558 0,000688
следует 0,755023 0,000148
следующая 2,525729 0,000496
следующее 2,525729 0,000496
следующие 0,544727 0,000107
следующим 1,386294 0,000544
слияния 1,966113 0,000386
слов 1,560648 0,000613
слова 0,562119 0,000883
словари 0,116534 0,000046
словарь 0,274437 0,000215
слово 0,673345 0,000529
словцов 3,912023 0,000768
служба 0,693147 0,000136
службой 2,207275 0,000433
служивших 3,506558 0,000688
случае 0,843970 0,000497
случаях -0,009950 -0,000002
смерти 1,771957 0,000348
смертоносный 3,912023 0,000768
смогли 2,040221 0,000400
смоленский 2,995732 0,000588
смысле 1,832581 0,000719
сначала 1,386294 0,000272
снизится 2,995732 0,000588
сноскамивикипедия 2,813411 0,000552
сносках 2,302585 0,000452
сносок 0,843970 0,000663
собирали 3,506558 0,000688
собой 0,328504 0,000193
соболь 2,659260 0,000522
собора 1,108663 0,000218
собрании 2,302585 0,000452
собрания 1,139434 0,000447
собственно 1,386294 0,000272
собственное 2,525729 0,000496
собственной 1,660731 0,000326
событияпожертвовать -0,009950 -0,000002
сова 2,813411 0,001657
совершали 3,912023 0,000768
совершен 2,813411 0,000552
совершенно 2,302585 0,000452
совершенное 3,218876 0,000632
совершенных 2,407946 0,000473
совершил 2,659260 0,000522
совет 0,916291 0,000180
совета 0,798508 0,000157
советская 0,371064 0,000218
советским 2,120264 0,000416
советского 0,776529 0,000305
советское 0,994252 0,000195
советской 0,755023 0,000445
совокупное 3,912023 0,000768
совокупной 3,218876 0,000632
современниками 3,506558 0,000688
современного 0,653926 0,000128
современную 2,525729 0,000496
согласие 2,659260 0,000522
согласно 0,301105 0,000295
содержание 0,010050 0,000002
содержат 1,966113 0,000386
содержит 1,386294 0,000272
создавший 3,506558 0,000688
создан 0,693147 0,000136
создана 0,891598 0,000175
создание 0,733969 0,000288
создать 1,171183 0,000230
созыв 3,218876 0,000632
сойоты 3,506558 0,000688
сократилось 1,897120 0,000745
сокращения 1,714798 0,000337
соловьева 2,995732 0,000588
сомнение 2,407946 0,000473
сомнениевикипедия 3,912023 0,000768
сонинги 3,912023 0,000768
сообщение 1,049822 0,000206
сообщения 0,820981 0,000322
сообщить -0,009950 -0,000002
соответствовали 3,218876 0,000632
сопоставима 3,506558 0,000688
сопредельные 3,506558 0,000688
сопутствующих 3,506558 0,000688
соседей 3,218876 0,000632
соскин 3,506558 0,000688
сослано 3,506558 0,000688
сосредоточено 1,897120 0,000745
сост 0,597837 0,000469
состав 0,400478 0,000550
составе 0,616186 0,000121
составлена 2,207275 0,000433
составляет 0,314711 0,000432
составляетъ 3,912023 0,000768
составляли 1,660731 0,000326
составляют 0,798508 0,000313
составу 2,302585 0,000452
состоянию 0,544727 0,000321
сотни 1,427116 0,000280
сотрудничали 3,506558 0,000688
софронов 3,912023 0,000768
софронова 3,912023 0,000768
сохранением -0,009950 -0,000002
сохранилась 2,120264 0,000416
сохраняется 1,560648 0,000306
социализма 3,218876 0,000632
социалистов 3,912023 0,000768
социально-демографические 3,912023 0,000768
социально-политические 3,506558 0,000688
сочиненная 3,912023 0,000768
сошло 3,912023 0,000768
спафарий 3,912023 0,000768
спб 0,385662 0,000151
сперанского 3,506558 0,000688
сперва 3,506558 0,000688
специалистов 1,078810 0,000212
специальный 1,832581 0,000360
специфики 3,912023 0,000768
списка 1,469676 0,000288
способствовать 3,912023 0,000768
среде 1,660731 0,000326
среднеаз 0,000000 0,000000
среднеазиатскими 3,912023 0,000768
средневековой 2,040221 0,000801
средневековый 2,525729 0,000991
средневековье 2,659260 0,000522
среднего 1,049822 0,000412
среднее 1,272966 0,000250
средней 0,867501 0,000170
среднем 0,693147 0,000136
среднему 2,813411 0,000552
средние 0,941609 0,000370
средний 0,494296 0,000097
среднюю 2,407946 0,000945
средняя 0,510826 0,000301
српски 0,000000 0,000000
српскохрватски 0,000000 0,000000
ссср 0,314711 0,000124
ссылаясь 2,813411 0,000552
ссылка 0,274437 0,000108
ссылками 0,186330 0,000146
ссылкасведения -0,009950 -0,000002
ссылки -0,009950 -0,000020
ссылок 0,693147 0,000544
ссыльные 3,506558 0,000688
ссыльных 2,813411 0,001104
ставшие 2,302585 0,000452
стадию 3,506558 0,000688
стал 0,314711 0,000124
стали 0,430783 0,000254
стало 0,494296 0,000097
становлению 2,813411 0,000552
становления 1,609438 0,000316
станциях 2,302585 0,000452
старая 0,430783 0,000085
старожилов 2,995732 0,000588
старожилы 3,912023 0,000768
старый 1,049822 0,000206
статей 0,967584 0,000380
статистика -0,009950 -0,000002
статистики 0,713350 0,000140
статус 0,510826 0,000301
статье 0,941609 0,000370
статьевикипедия 1,660731 0,000326
статьестатьи 0,843970 0,000166
статьи 0,072571 0,000214
статьислучайная -0,009950 -0,000002
статьисообществофорумсправкасвежие -0,009950 -0,000002
статью 0,616186 0,000484
статья 0,105361 0,000062
статьяобсуждение -0,009950 -0,000002
статьятекущие -0,009950 -0,000002
стационарных 1,660731 0,000652
стб 2,995732 0,000588
степени 0,843970 0,000331
степи 1,966113 0,000386
стереотип 1,514128 0,000297
столица 0,967584 0,000190
столицы 1,049822 0,000412
стольный 3,912023 0,000768
стр 1,309333 0,000257
стран 0,597837 0,000235
страна 0,462035 0,000363
стране 0,867501 0,000341
страница -0,009950 -0,000002
страницасодержаниеизбранные -0,009950 -0,000002
странице 2,120264 0,000416
страницецитировать -0,009950 -0,000002
страницуполучить -0,009950 -0,000002
страницы -0,009950 -0,000010
страницыслужебные -0,009950 -0,000002
страной 2,659260 0,000522
страною 3,912023 0,000768
страны 0,634878 0,000249
стратегии 2,040221 0,000400
стремились 3,506558 0,000688
стрепет 3,506558 0,000688
строительства 0,673345 0,000132
строительство 0,510826 0,000100
структура 0,967584 0,000190
структурная 2,995732 0,000588
субъектов 0,755023 0,000148
сувар 3,218876 0,000632
сугубо 2,525729 0,000496
судовой 3,218876 0,000632
суй 3,912023 0,000768
сукин 3,218876 0,000632
сулит 3,912023 0,000768
суммарные 3,912023 0,000768
супер-извержений 3,912023 0,000768
супервулкан 3,912023 0,000768
супоницкая 3,912023 0,000768
сургут 2,407946 0,001890
сургута 2,995732 0,000588
суриков 2,813411 0,000552
суровыми 3,912023 0,000768
суши 2,207275 0,000866
существенных 2,659260 0,000522
существовавшего 2,525729 0,000496
существовал 1,469676 0,000288
существовало 1,427116 0,000280
существование 1,049822 0,000412
существования 1,272966 0,000250
существуют 0,162519 0,000128
сфо 3,506558 0,001376
считает 1,714798 0,000337
считается 0,693147 0,000136
считал 2,407946 0,000945
считали 2,302585 0,000452
считался 2,813411 0,001104
считают 1,660731 0,000652
сша 0,562119 0,000221
сыгравший 3,506558 0,000688
сын 2,407946 0,000473
сынныр 3,912023 0,000768
сынныритов 3,912023 0,000768
сынныриты 3,912023 0,000768
сырая 3,506558 0,000688
сюда 1,108663 0,000218
сюдасвязанные -0,009950 -0,000002
сяньби 3,912023 0,000768
таблица 0,653926 0,000128
тавде 3,912023 0,000768
таежной 2,995732 0,000588
таежных 3,218876 0,000632
таза 3,912023 0,000768
тазы 3,506558 0,000688
тайбуги 3,912023 0,000768
тайбугина 3,912023 0,000768
тайбугинами 3,912023 0,000768
тайга 1,966113 0,000386
тайги 2,040221 0,000400
таймыр 2,813411 0,000552
также 0,000000 0,000000
такие 0,261365 0,000051
таким 0,527633 0,000207
такими 1,660731 0,000326
таковой 2,813411 0,000552
такое 1,108663 0,000218
таком 1,660731 0,000326
таншихая 3,912023 0,000768
тара 3,218876 0,000632
тарашкев 0,000000 0,000000
тарифного 3,912023 0,000768
татар 1,469676 0,000288
татарове 3,912023 0,000768
татарском 2,995732 0,000588
татарча 0,000000 0,000000
татары 0,798508 0,000313
тверской 2,995732 0,000588
тег 1,966113 0,000386
текст -0,009950 -0,000006
текущем 0,544727 0,000107
текущих 2,659260 0,000522
телеканал 1,309333 0,000257
телеуты 2,995732 0,000588
тематические 0,510826 0,000100
темпами 2,302585 0,000904
температуры 1,139434 0,000224
тему 1,771957 0,000348
тенденцией 2,813411 0,000552
тенденции 1,832581 0,000360
теплоэнергетики 3,506558 0,000688
терещенко 3,912023 0,000768
термин 1,049822 0,000618
термина 0,400478 0,000236
терпение 3,912023 0,000768
территориально 2,525729 0,000496
территориально-производственных 3,912023 0,000768
территории 0,400478 0,002044
территория 0,755023 0,000593
территориями 1,897120 0,000372
тех 0,798508 0,000313
течение 0,527633 0,000311
течения 1,897120 0,000372
тигр 2,813411 0,000552
тимофеевичем 3,506558 0,000688
типам 1,609438 0,000316
типичной 3,506558 0,000688
титул 2,302585 0,000452
тихаго 3,912023 0,000768
тихий 2,302585 0,000904
тихим 2,995732 0,000588
тихого 2,120264 0,001665
ткани 2,525729 0,000496
тоба 3,912023 0,000768
тобола 2,995732 0,001764
тоболеск 3,506558 0,000688
тобольск 2,995732 0,000588
тобольска 2,659260 0,001044
тобольский 2,995732 0,000588
тобольской 3,218876 0,000632
тобольскую 3,218876 0,000632
товар 3,218876 0,000632
товарный -0,009950 -0,000002
той 1,049822 0,000412
толстые 3,912023 0,000768
томск 1,108663 0,001088
томская 2,407946 0,000945
томского 2,207275 0,000433
томской 2,659260 0,000522
томскую 3,506558 0,000688
тонкие 3,218876 0,000632
тонкоклювый 3,912023 0,000768
тонн 1,108663 0,000218
тонны 2,813411 0,001104
топоним 2,302585 0,001808
топонима 1,386294 0,000816
топонимический 0,798508 0,000157
топоры 3,912023 0,000768
торг 3,218876 0,000632
торгандун 3,912023 0,000768
торгандунин 3,912023 0,000768
торговлей 2,995732 0,000588
торговом 2,407946 0,000473
торговыми 1,897120 0,000372
торговых 1,108663 0,000218
торфа 3,218876 0,000632
тофалары 3,506558 0,000688
точка 1,309333 0,000257
точки 1,049822 0,000206
тпк 3,912023 0,000768
традиция 2,207275 0,000433
трактовали 3,912023 0,000768
траппы 3,912023 0,001536
требовавшее 3,912023 0,000768
требованием 3,506558 0,000688
трети 1,897120 0,000372
трех 0,713350 0,000140
трлн 2,207275 0,000866
трудовым 3,912023 0,000768
тува 3,506558 0,000688
тувинцы 2,120264 0,000416
тунгусо-маньчжур-ские 3,912023 0,000768
тунгусоведения 3,912023 0,000768
туринск 3,218876 0,000632
туркестана 3,912023 0,001536
тыла 1,897120 0,000372
тыс 0,430783 0,001015
тысяч 0,415515 0,000408
тысячах 2,995732 0,000588
тюменская 2,813411 0,001104
тюменской 2,659260 0,000522
тюмень 1,171183 0,000690
тюрк-шад 3,912023 0,001536
тюрки 3,912023 0,000768
тюркоязычной 3,912023 0,001536
тюркская 3,912023 0,000768
тюркские 2,813411 0,001104
тюркскиенароды 3,912023 0,000768
тюркский 3,506558 0,001376
тюркским 2,659260 0,000522
тюркских 2,302585 0,000904
тюркского 2,407946 0,000945
тюркскую 3,912023 0,000768
тюрок 3,912023 0,001536
тянется 2,659260 0,001044
убояшася 3,912023 0,000768
убсу-нур 3,506558 0,000688
увеличение 1,347074 0,000264
увеличении 2,525729 0,000496
увеличилось 1,309333 0,000257
угля 2,525729 0,000496
угодий 3,218876 0,000632
угодья 2,659260 0,000522
уголовного 2,525729 0,000496
угорской 3,506558 0,000688
удалена 0,941609 0,000554
удобрения 2,813411 0,000552
удэгейцы 2,995732 0,000588
указан 0,139262 0,000219
указанием -0,009950 -0,000002
указу 1,714798 0,000337
указывая 3,506558 0,000688
укра 0,000000 0,000000
укрепленных 2,813411 0,000552
улан-удэ 1,237874 0,000486
уложение 3,506558 0,000688
улучшите 1,897120 0,000372
ульчи 3,218876 0,000632
умеренного 1,897120 0,000372
универсальная 0,891598 0,000175
университета 0,446287 0,000175
уничтожение 2,302585 0,000452
уничтожив 3,912023 0,000768
уполномоченным 3,912023 0,000768
уполномоченных 3,912023 0,000768
упоминается 1,660731 0,000326
упоминание 1,237874 0,000243
упоминаться 3,912023 0,000768
управление 0,527633 0,000311
управления 0,415515 0,000163
управлялась 3,912023 0,001536
упразднен 2,659260 0,000522
упразднение 2,995732 0,000588
урала 1,609438 0,000948
уралом 1,609438 0,000316
уральским 2,995732 0,000588
уральскими 3,218876 0,000632
уральскимъ 3,912023 0,000768
уральских 2,659260 0,000522
уровню 1,897120 0,000372
урфо 3,506558 0,000688
условий -0,009950 -0,000002
условия -0,009950 -0,000004
условиями 2,407946 0,000473
усолье-сибирское 3,506558 0,000688
успенский 1,514128 0,000297
успех 2,407946 0,000473
устанавливается 1,832581 0,000360
установлением 2,525729 0,000496
установления 1,832581 0,000360
усть 3,506558 0,000688
устье 0,994252 0,000195
устьях 3,506558 0,000688
утвердивше 3,912023 0,000768
утверждении 1,427116 0,000560
утверждению 2,525729 0,000496
утверждениями 0,713350 0,000280
утонув 3,912023 0,000768
утратил 2,407946 0,000473
участие -0,009950 -0,000002
ученого 2,207275 0,000433
ученые 1,427116 0,000280
учетную -0,009950 -0,000002
учитывали 3,912023 0,000768
учредительного 2,995732 0,000588
учрежден 1,832581 0,000360
ушастый 3,912023 0,000768
файзрахманов 3,912023 0,000768
факт 1,514128 0,000297
фасмер 1,966113 0,000772
фасмера 2,659260 0,001044
фауна 1,272966 0,000500
февраля 0,051293 0,000070
федерализация 3,912023 0,000768
федеральная 0,713350 0,000140
федерального 0,673345 0,000264
федеральному 2,525729 0,000496
федеральный 0,653926 0,000257
федеральных 0,776529 0,000152
федеративного 3,912023 0,000768
федерации 0,544727 0,000962
физико-географических 2,995732 0,000588
физико-географическое 2,659260 0,000522
физико-географическом 3,912023 0,000768
финно-угорскиенароды 3,912023 0,000768
фишер 3,506558 0,001376
фишером 3,912023 0,000768
флаг 0,673345 0,000132
флаги 2,995732 0,000588
флора 1,171183 0,000460
фольклор 2,659260 0,001044
фольклоре 3,218876 0,000632
фома 2,659260 0,000522
фонд -0,009950 -0,000004
формирования 1,108663 0,000218
форсированной 3,912023 0,000768
франции 1,609438 0,000316
функции 1,049822 0,000206
функционеры 3,912023 0,000768
хади 3,912023 0,000768
хазарских 3,506558 0,000688
хакасия 2,659260 0,000522
хакасы 2,040221 0,000400
хан 2,659260 0,001044
хана 2,302585 0,000452
ханств 3,218876 0,000632
ханства 2,207275 0,002599
ханство 2,207275 0,000433
ханты 2,207275 0,000433
ханты-мансийским 3,912023 0,000768
характерен 2,207275 0,000433
харьков 2,120264 0,000416
хатанги 3,912023 0,000768
хватает 0,843970 0,000497
ходе 0,562119 0,000110
ходил 3,506558 0,000688
ходили 2,995732 0,000588
холст 3,912023 0,000768
хотя 0,653926 0,000128
хребта 2,302585 0,000452
хребтами 3,218876 0,000632
хребте 3,506558 0,000688
хребтом 3,506558 0,000688
хребтомъ 3,912023 0,000768
хронограф 2,813411 0,001657
худ 3,218876 0,000632
художественная 1,714798 0,000337
художественной 1,469676 0,000288
хунну 3,912023 0,000768
царское 2,995732 0,000588
царскую 3,506558 0,000688
царства 1,469676 0,000865
царством 3,506558 0,000688
царю 2,040221 0,000400
цбс 2,659260 0,000522
целлюлозной 3,912023 0,000768
целое 2,407946 0,000473
целом 0,755023 0,000296
цель 1,832581 0,000360
целью 0,733969 0,000288
целях 1,171183 0,000460
цемент 2,995732 0,000588
центр 0,400478 0,000157
центральная 0,755023 0,000593
центральную 1,832581 0,000360
центральных 1,427116 0,000560
центрами 1,469676 0,000288
центров 0,776529 0,000152
центром 0,713350 0,000280
цену 2,813411 0,000552
цитата 3,218876 0,000632
чаны 3,218876 0,000632
части 0,198451 0,000234
частично 0,653926 0,000128
частности 0,462035 0,000363
часто 0,415515 0,000163
часть 0,105361 0,000248
частью 0,755023 0,000445
чащу 3,912023 0,000768
чебаркуль 2,659260 0,000522
чел 0,713350 0,000560
человек 0,400478 0,000943
человечества 1,897120 0,000372
челябинского 2,995732 0,000588
черниговский 3,506558 0,000688
черный 1,386294 0,000272
черский 2,995732 0,000588
чество 0,000000 0,000000
честь 0,562119 0,000110
четверти 2,302585 0,001356
четь 3,912023 0,000768
чжурчжэньских 3,912023 0,000768
чибэр 3,912023 0,000768
чинги-туры 3,506558 0,000688
чингизида 3,912023 0,000768
чингисхан 3,912023 0,000768
чингисхана 3,506558 0,001376
чириков 3,912023 0,000768
числе 0,248461 0,000146
численно 3,506558 0,000688
численности 0,653926 0,000513
численность 0,653926 0,000898
численностью 1,049822 0,000618
число 0,478036 0,000188
числовые 2,659260 0,000522
чисто 2,207275 0,000866
чистого 2,659260 0,000522
чита 1,237874 0,000486
читанная 3,912023 0,000768
читатьправитьправить 0,494296 0,000097
членом 1,897120 0,000745
чуванцы 3,218876 0,000632
чукотско-камчат-ские 3,912023 0,000768
чукчи 2,207275 0,000433
чулымцы 3,506558 0,000688
шаблонами 0,634878 0,000125
шаблоном 1,897120 0,000745
шапп 3,912023 0,000768
шар 2,813411 0,001104
шашков 3,506558 0,000688
швейцарии 2,659260 0,000522
шелехов 3,506558 0,000688
шельфа 2,813411 0,001104
шерстова 3,912023 0,000768
шесть 1,272966 0,000250
шибана 3,912023 0,000768
шибанид 3,912023 0,000768
шибанидами 3,912023 0,000768
шибир 3,912023 0,001536
шибир-хан 3,912023 0,001536
шиловский 2,995732 0,002940
широко 0,673345 0,000132
широкой 2,207275 0,000433
широком 2,120264 0,000832
шишкин 2,659260 0,001566
шорцы 2,525729 0,000496
шпат 3,912023 0,000768
штаб-квартирой 3,506558 0,000688
штата 2,813411 0,000552
штатами 3,506558 0,000688
штаты 2,995732 0,000588
штрафной 3,912023 0,000768
щапов 3,912023 0,000768
эбергард 3,912023 0,001536
эвенки 2,120264 0,000832
эвенкийского 3,506558 0,000688
эвенкийском 3,912023 0,000768
эвенков 2,995732 0,002352
эвены 2,407946 0,000473
эверт 3,912023 0,000768
экологическая 1,560648 0,000306
экологически 2,813411 0,000552
экологического 1,771957 0,000348
экология 0,693147 0,000272
экономика 0,510826 0,000201
экономический 1,139434 0,000447
экспансии 3,506558 0,001376
экспедиции 1,771957 0,000348
экспедиций 2,995732 0,000588
эксплуатацию 0,994252 0,000195
экспорт -0,009950 -0,000002
элементы 0,891598 0,000175
эмиграции 2,995732 0,001764
энциклопедией 3,912023 0,000768
энциклопедии -0,009950 -0,000004
энциклопедический 0,733969 0,000144
энциклопедия 0,210721 0,000414
энцы 3,506558 0,000688
эпопея 3,506558 0,000688
эпосе 3,506558 0,000688
эры 1,560648 0,001225
эсбе 3,218876 0,000632
эсерами 3,506558 0,000688
эсеров 3,912023 0,000768
эскимосско-алеут-ские 3,912023 0,000768
эскимосы 2,813411 0,000552
эта 0,000000 0,000000
этапе 1,714798 0,000337
этими 1,560648 0,000306
этимологии 2,407946 0,000473
этимологическая 3,912023 0,000768
этимологический 2,040221 0,000400
этимологических 3,912023 0,000768
этимологию 3,218876 0,000632
этимология 0,616186 0,000363
этих 0,400478 0,000157
этническая 3,218876 0,000632
этнической 2,659260 0,001044
этногенез 3,218876 0,000632
этнограф 3,218876 0,000632
этнографии 2,207275 0,000433
этнографическом 3,912023 0,000768
этнокультурных 3,912023 0,000768
этнонима 3,218876 0,000632
этнониму 3,912023 0,000768
этнонимы 3,506558 0,000688
это 0,000000 0,000000
эфталитов 3,912023 0,000768
эффективного 2,659260 0,000522
юас 3,912023 0,000768
юга 1,171183 0,000460
юге 1,078810 0,000423
юго-восточная 2,302585 0,000904
юго-западная 2,525729 0,000496
югорский 3,506558 0,001376
югорского 3,506558 0,000688
южная 0,941609 0,000739
южнее 1,832581 0,000360
южной 0,733969 0,000288
южную 1,832581 0,000719
южные 1,560648 0,000306
южный 0,755023 0,000148
южных 1,897120 0,000372
юрид 3,912023 0,000768
юрьевна 2,813411 0,000552
явлениями 2,813411 0,000552
является 0,094311 0,000074
являла 3,912023 0,000768
являлись 1,897120 0,000372
являлся 1,347074 0,000264
ядринцев 3,912023 0,003071
ядро 1,660731 0,000326
язык 0,116534 0,000046
языка 0,798508 0,000470
языках -0,009950 -0,000004
языке 0,867501 0,000170
языковой 2,207275 0,000433
языковых 2,659260 0,000522
якутии 2,995732 0,001764
якутия 2,407946 0,000473
якутск 1,203973 0,000473
якутским 3,506558 0,000688
якуты 1,714798 0,000337
якушев 3,506558 0,001376
якушева 3,912023 0,000768
ямало-ненецким 3,912023 0,000768
ями 0,000000 0,000000
января 0,116534 0,000274
ясак 3,218876 0,001895
ясаке 3,912023 0,000768
ясачными 3,912023 0,000768
ясачных 3,912023 0,002303
