августа 0,072571 0,000139
австралия 2,040221 0,001958
автономная 1,469676 0,002821
автономный 2,302585 0,004420
автоподтвержденных 2,120264 0,002035
авторства -0,009950 -0,000010
азиатско-тихоокеанский 3,912023 0,003754
азиатского 2,995732 0,002875
азии 0,916291 0,000879
азию 2,407946 0,002311
азия 1,897120 0,009103
азиярегионы 3,912023 0,003754
аист 2,813411 0,005400
активная 2,207275 0,002118
алеутского 3,912023 0,003754
аллювиальные 3,506558 0,006730
америка 2,040221 0,001958
амур 2,813411 0,008100
амурская 2,659260 0,007656
амурский 2,407946 0,004622
амурскую 3,912023 0,003754
анадырское 3,912023 0,003754
англ 0,174353 0,000167
антарктика 2,813411 0,002700
апатиты 3,912023 0,003754
арктика 2,813411 0,002700
арктические 3,218876 0,003089
арктического 2,659260 0,005104
архивировано 0,020203 0,000058
атлантический 2,040221 0,001958
африка 2,120264 0,002035
байкал 2,525729 0,002424
балканский 2,813411 0,002700
бассейне 1,897120 0,001821
баш 3,506558 0,003365
беларуская 0,000000 0,000000
беларускаябългарски 0,000000 0,000000
белый 1,514128 0,001453
берегов 1,832581 0,001759
берегу 0,616186 0,000591
библиографических 0,094311 0,000091
бирманцы 3,912023 0,003754
ближний 2,407946 0,002311
богат 3,218876 0,003089
большая 0,072571 0,000209
большое 0,544727 0,001046
брокгауза 0,328504 0,000631
бруней 3,218876 0,003089
бурые 3,218876 0,003089
бурый 2,659260 0,002552
буряад 0,000000 0,000000
бурятия 2,525729 0,004848
буряты 1,714798 0,001646
бэра 3,912023 0,003754
вашла 0,000000 0,000000
вдоль 0,755023 0,000725
версия -0,009950 -0,000019
весной 1,049822 0,001008
вечнозеленых 3,912023 0,003754
взаимодействие 1,897120 0,001821
взаимодействием 3,506558 0,003365
взаимодействия 1,660731 0,001594
взаимодействуют 2,813411 0,002700
виде 0,235722 0,000226
виды 0,798508 0,003832
викиданных -0,009950 -0,000010
викимедиа -0,009950 -0,000010
википедии -0,009950 -0,000019
википедия -0,009950 -0,000010
викисклад 1,897120 0,001821
викискладе 0,174353 0,000335
викискладэлемент 2,659260 0,002552
включает 0,462035 0,000443
включающий 1,771957 0,001701
владивосток 1,897120 0,001821
влажным 3,218876 0,003089
влажных 2,813411 0,005400
влияние 0,776529 0,000745
внешние 0,051293 0,000049
военная 1,108663 0,002128
воздействие 1,514128 0,001453
воздух 1,660731 0,001594
воздуха 0,733969 0,000704
воздухом 2,659260 0,002552
воздушные 1,771957 0,003401
воздушных 1,347074 0,001293
возможной 3,218876 0,003089
возникают 1,714798 0,001646
вольфрамовые 3,912023 0,003754
восто 0,000000 0,000000
восток 1,021651 0,016668
востока 1,078810 0,012424
востоке 1,108663 0,002128
восточная 1,309333 0,005026
восточной 0,693147 0,000665
восточному 2,995732 0,002875
восточную 1,897120 0,001821
восточный 1,021651 0,000980
время 0,030459 0,000117
всей 0,693147 0,000665
всемирный 1,966113 0,003774
вследствие 1,203973 0,001155
вступает 2,813411 0,002700
вся 0,994252 0,000954
вулканизма 3,506558 0,003365
вулканические 3,912023 0,003754
вулканы 3,506558 0,003365
входят 0,713350 0,000685
выделяются 1,386294 0,001330
вынуждена 2,813411 0,002700
выпадает 1,203973 0,001155
высокие 1,560648 0,001498
высокотравных 3,912023 0,003754
высота 0,562119 0,000539
выходящих 3,506558 0,003365
вьетнам 2,813411 0,002700
вьеты 3,912023 0,003754
газ 1,660731 0,001594
галерея 1,203973 0,002311
географический 1,832581 0,003517
географическое 0,693147 0,001330
геополитический 3,218876 0,003089
геополитического 3,912023 0,003754
гидрология 2,120264 0,004070
года -0,009950 -0,000038
гонконг 2,995732 0,005750
горно-луговые 3,912023 0,003754
горные 1,832581 0,001759
горный 1,832581 0,003517
горных 1,966113 0,001887
горы 1,108663 0,002128
государство 1,347074 0,001293
графит 3,912023 0,003754
далайнор 3,506558 0,003365
дальневосточная 2,995732 0,002875
дальневосточный 2,813411 0,008100
дальнего 1,514128 0,017437
дальнем 2,040221 0,003916
дальний 1,966113 0,024529
дата 0,030459 0,000088
даурский 3,506558 0,003365
действовать -0,009950 -0,000010
декабря 0,105361 0,000303
дерново-грубогумусовые 3,912023 0,003754
дефицит 2,207275 0,002118
деятельность 0,653926 0,000628
джугджур 3,912023 0,003754
дикой 2,813411 0,005400
диком 3,912023 0,003754
дождей 2,525729 0,002424
дожди 2,302585 0,002210
долин 2,813411 0,005400
дополнительные -0,009950 -0,000010
достигать 1,966113 0,001887
доступен -0,009950 -0,000010
древесины 2,525729 0,002424
другие 0,030459 0,000029
других -0,009950 -0,000029
еврейская 0,843970 0,001620
европа 0,941609 0,000904
европы 0,673345 0,000646
ефрона 0,328504 0,000631
железные 1,771957 0,001701
желтоземы 3,912023 0,003754
женьшень 3,912023 0,007509
животных 1,203973 0,002311
жизни 0,562119 0,000539
жужелица 3,912023 0,003754
журавль 3,506558 0,003365
забайкальский 2,659260 0,005104
заглавная -0,009950 -0,000010
закавказье 2,525729 0,002424
заметно 1,832581 0,001759
занимает 0,616186 0,000591
запада 1,021651 0,000980
западная 1,560648 0,004493
запасы 1,832581 0,001759
записьвойти -0,009950 -0,000010
зарегистрированный -0,009950 -0,000010
зарубежной 2,659260 0,002552
зачастую 1,771957 0,001701
защита 1,469676 0,001410
защищена 2,040221 0,001958
заявление -0,009950 -0,000010
збекча 0,000000 0,000000
зейско-буреинская 3,912023 0,003754
землетрясений 2,995732 0,002875
зима 1,021651 0,000980
зимой 0,713350 0,001369
змеиная 3,218876 0,003089
знак -0,009950 -0,000010
значения 0,105361 0,000202
значительны 3,218876 0,003089
золото 2,407946 0,002311
зона 0,891598 0,000856
идут 1,832581 0,001759
из-за 0,415515 0,000399
импортировать 3,912023 0,003754
иная 2,995732 0,002875
индийский 2,525729 0,002424
индонезийцы 3,912023 0,003754
индонезия 2,813411 0,002700
инструменты -0,009950 -0,000019
исключительно 1,272966 0,001222
ископаемые 2,659260 0,007656
ископаемыми 3,506558 0,003365
ископаемых 1,714798 0,003291
использования -0,009950 -0,000010
испытывая 3,912023 0,003754
историко-культурный 2,995732 0,002875
историческая 1,237874 0,001188
источник -0,009950 -0,000010
исчезающие 3,506558 0,003365
исчерпаны 3,912023 0,003754
июля 0,116534 0,000112
кабарга 2,995732 0,002875
камбоджа 3,218876 0,003089
каменный 1,714798 0,001646
камчатка 3,218876 0,009267
камчатке 3,506558 0,003365
камчатский 2,995732 0,005750
карибы 2,995732 0,002875
каталанская 0,527633 0,000506
каталогах 0,094311 0,000091
катастрофическим 3,218876 0,003089
категории -0,009950 -0,000010
категория 0,916291 0,000879
каштановые 3,506558 0,003365
китае 2,040221 0,001958
китай 0,867501 0,003330
китайская 0,776529 0,001490
китайцы 1,660731 0,001594
китая 1,897120 0,001821
климат 0,494296 0,003321
климата 0,733969 0,000704
ключевская 3,506558 0,003365
кндр 2,813411 0,002700
книга 0,843970 0,001620
кодаистория 2,040221 0,001958
кодекс -0,009950 -0,000010
количество 0,328504 0,000315
колыма 3,506558 0,003365
колымские 3,912023 0,003754
колымское 3,912023 0,007509
командорские 3,912023 0,003754
комарова 2,302585 0,002210
континентального 1,832581 0,001759
континентальный 0,776529 0,000745
континентальными 3,912023 0,003754
континентальных 2,995732 0,002875
контрастностью 3,912023 0,003754
конфиденциальности -0,009950 -0,000010
кореи 2,995732 0,002875
корейцы 1,609438 0,001545
корень 2,995732 0,002875
корея 1,897120 0,003641
коричневые 3,912023 0,003754
короткий -0,009950 -0,000010
коротких 3,506558 0,003365
корякское 3,912023 0,003754
которой 0,174353 0,000167
который 0,105361 0,000101
которыми 1,469676 0,001410
край 0,891598 0,004278
красная 1,108663 0,002128
красно-желтые 3,912023 0,003754
красноземы 3,912023 0,003754
красные 1,660731 0,001594
края 0,713350 0,002054
кругом 2,040221 0,001958
крупнейшая 1,347074 0,001293
крупнейшие 0,776529 0,001490
ксерофитных 3,912023 0,003754
куки -0,009950 -0,000010
кукунор 3,912023 0,003754
курильские 3,506558 0,003365
кустарниковых 3,912023 0,003754
кхмеры 3,912023 0,003754
кыргызча 0,000000 0,000000
лаос 3,218876 0,003089
лаосцы 3,912023 0,003754
ларусса 1,078810 0,001035
латинская 2,813411 0,002700
ледовитый 2,407946 0,002311
лежат 2,407946 0,002311
лена 2,659260 0,002552
леопард 2,995732 0,005750
лесах 2,302585 0,002210
лесные 1,560648 0,001498
лесов 1,469676 0,007052
лесостепей 3,506558 0,003365
летом 0,597837 0,002295
литература 0,061875 0,000119
лицензии -0,009950 -0,000010
лотос 3,218876 0,006178
лугово-степные 3,912023 0,003754
льний 0,000000 0,000000
маака 3,506558 0,003365
магаданская 2,813411 0,005400
магаданской 3,912023 0,003754
макао 2,995732 0,002875
македонскимонголкырык 0,000000 0,000000
максимума 2,207275 0,002118
малайзия 2,995732 0,002875
малайцы 3,912023 0,003754
малой 1,514128 0,001453
малоснежная 3,218876 0,003089
малый 0,371064 0,000356
мангров 3,912023 0,007509
марганцевые 3,912023 0,003754
марта 0,139262 0,000134
маршей 3,912023 0,007509
мары 0,000000 0,000000
масс 1,714798 0,001646
массы 2,040221 0,001958
материал -0,009950 -0,000010
материковой 2,995732 0,002875
мая 0,139262 0,000134
медиафайлы 0,301105 0,000578
медные 3,506558 0,003365
межгорное 3,912023 0,003754
международная 1,309333 0,001257
меконг 3,912023 0,003754
меланезия 2,995732 0,002875
менее 0,314711 0,000302
мерзлотно-таежные 3,912023 0,003754
мерзлотные 3,506558 0,003365
местами 1,427116 0,001370
месяцев 1,171183 0,001124
метели 2,995732 0,002875
микронезия 2,813411 0,002700
миллионов 1,078810 0,001035
минимума 2,407946 0,002311
мира 0,415515 0,000399
миратихий 3,912023 0,003754
многими 2,040221 0,001958
мобильная -0,009950 -0,000010
могут -0,009950 -0,000010
монголия 2,525729 0,002424
монголы 1,897120 0,001821
монтела 3,912023 0,003754
морей 1,832581 0,005276
морские 1,609438 0,001545
морским 2,659260 0,002552
морских 1,832581 0,001759
морского 1,897120 0,001821
моря 0,579818 0,000556
мощного 2,659260 0,002552
муссонного 3,912023 0,011263
муссонные 3,218876 0,003089
муссонный 2,995732 0,002875
муссонообразного 3,912023 0,003754
мьянма 2,995732 0,002875
наблюдается 1,021651 0,000980
навигации -0,009950 -0,000010
навигация -0,009950 -0,000019
наводнениям 3,506558 0,003365
нагорье 2,995732 0,002875
нагорья 3,218876 0,003089
наиболее 0,139262 0,000134
нами -0,009950 -0,000010
например 0,328504 0,000315
насекомые 2,813411 0,002700
население 0,693147 0,000665
населенности 3,912023 0,003754
настоящее 0,328504 0,000631
некоммерческой -0,009950 -0,000010
неоподзолистые 3,912023 0,003754
нередки 2,813411 0,002700
нередко 1,108663 0,001064
нетронутыми 3,912023 0,003754
нефть 1,832581 0,001759
низкие 2,040221 0,001958
низменностях 3,506558 0,003365
никелевые 3,912023 0,003754
новицкого 2,995732 0,002875
новосибирские 3,506558 0,003365
норвежская 0,248461 0,000238
нська 0,000000 0,000000
нырок 3,912023 0,003754
обитает 2,207275 0,002118
обитающий 3,912023 0,003754
области 0,223144 0,000428
область 0,385662 0,002221
областьдальний 3,912023 0,003754
обращения 0,030459 0,000088
обусловлено 2,207275 0,002118
обычно 0,693147 0,000665
огромной 2,525729 0,004848
озера 0,967584 0,001857
оказывает 1,427116 0,001370
океана 1,272966 0,003665
океанических 3,218876 0,003089
океания 2,659260 0,002552
океаном 2,525729 0,002424
океанскрытая 3,912023 0,003754
океаны 2,659260 0,002552
окраине 1,966113 0,001887
окраинных 3,912023 0,003754
округ 0,673345 0,001292
оловянные 3,912023 0,003754
описание -0,009950 -0,000010
определяется 1,609438 0,001545
организации -0,009950 -0,000010
оригинала 0,162519 0,000312
орнитоптеры 3,912023 0,003754
ортса 0,000000 0,000000
осадков 0,544727 0,000523
основная 0,116534 0,000112
основном 0,510826 0,000490
особенно 0,562119 0,000539
особой 2,120264 0,002035
остальные 0,891598 0,000856
острова 1,078810 0,001035
островной 3,218876 0,003089
ответственности -0,009950 -0,000010
отдельных -0,009950 -0,000019
отказ -0,009950 -0,000010
отличается 0,579818 0,000556
отличия 2,525729 0,002424
отредактирована -0,009950 -0,000010
охватывает 1,771957 0,001701
охотского 2,813411 0,002700
ошибкекак -0,009950 -0,000010
палевые 3,912023 0,003754
парусник 3,912023 0,003754
пекин 2,659260 0,002552
перейти -0,009950 -0,000019
персональные -0,009950 -0,000010
печати -0,009950 -0,000010
печать -0,009950 -0,000010
пиренейский 2,995732 0,002875
плоскогорье 3,218876 0,003089
площади 0,510826 0,000490
площадь 0,478036 0,000459
побережья 1,427116 0,001370
поведения -0,009950 -0,000010
подзолистые 3,218876 0,003089
подзолы 3,912023 0,003754
подробнее -0,009950 -0,000010
поиск -0,009950 -0,000010
поиску -0,009950 -0,000010
покрова 1,203973 0,001155
полезные 2,407946 0,004622
полезными 3,506558 0,003365
полезных 1,660731 0,001594
полиметаллические 3,912023 0,003754
полинезия 2,659260 0,002552
политика -0,009950 -0,000010
положение 0,510826 0,000980
полуостров 1,714798 0,003291
полуострова 1,560648 0,001498
полуострове 2,525729 0,004848
полуостровной 3,912023 0,003754
полупустынь 2,813411 0,002700
полярные 2,302585 0,002210
полярным 2,813411 0,002700
помимо 0,562119 0,000539
понижение 2,813411 0,002700
понятия 1,560648 0,001498
последний -0,009950 -0,000010
постоянно-влажных 3,912023 0,003754
потоки 2,040221 0,003916
почвы 1,609438 0,012357
пояса 1,560648 0,002995
поясов 2,813411 0,010800
править -0,009950 -0,000019
правкиновые -0,009950 -0,000010
правкипостоянная -0,009950 -0,000010
практически 0,755023 0,001449
превышающей 3,506558 0,003365
пределах 0,510826 0,000490
представились -0,009950 -0,000010
представляется 2,813411 0,002700
преимущественно 0,776529 0,000745
преобладанием 2,302585 0,002210
преобладают 1,203973 0,001155
прерий 3,506558 0,003365
прибрежными 3,506558 0,003365
приводит 1,171183 0,001124
признанное 2,407946 0,002311
примечания -0,009950 -0,000019
приморский 2,207275 0,006355
приморского 2,813411 0,005400
природные 1,108663 0,001064
природный 1,660731 0,001594
природы 1,021651 0,001961
притоки 1,832581 0,001759
приходящие 3,912023 0,003754
продолжается 1,560648 0,001498
проектах -0,009950 -0,000010
произрастают 2,207275 0,002118
проносятся 3,912023 0,003754
просмотры -0,009950 -0,000010
протяженностью 1,386294 0,001330
протянулся 2,407946 0,002311
прошлом 1,108663 0,001064
пустынные 3,506558 0,003365
пухокрылая 3,912023 0,003754
равнина 2,120264 0,004070
равнинным 3,912023 0,003754
разливаются 3,506558 0,003365
размещены 2,120264 0,002035
разработчики -0,009950 -0,000010
разрушительные 3,506558 0,003365
район 0,597837 0,000574
районами 1,347074 0,001293
районах 0,941609 0,001807
районы 0,653926 0,001255
растений 1,386294 0,001330
регион 1,021651 0,003922
региона 0,776529 0,000745
регионы 1,049822 0,002015
ред 0,235722 0,000226
редактирования 1,897120 0,001821
редкие 2,040221 0,003916
резко 0,967584 0,000929
результате 0,342490 0,000657
результатом 1,771957 0,001701
рек 0,820981 0,000788
река 0,733969 0,000704
реки 0,462035 0,000887
реликт 3,912023 0,003754
рельеф 0,941609 0,003615
рельефом 3,218876 0,003089
республика 0,843970 0,003240
ресурсов 0,798508 0,000766
ресурсы 0,020203 0,000019
речных 1,609438 0,003089
россии 0,186330 0,000715
российский 0,634878 0,001828
российского 0,634878 0,000609
россия 0,371064 0,000712
ртутные 3,912023 0,003754
руды 2,525729 0,002424
рус 0,162519 0,000468
русские 0,544727 0,000523
русский -0,009950 -0,000010
рыбный 2,302585 0,002210
саванн 3,506558 0,003365
садовых 3,506558 0,003365
салуин 3,912023 0,003754
саха 2,813411 0,002700
сахалин 2,995732 0,002875
сахалине 3,506558 0,003365
сахалинская 2,813411 0,005400
свободной -0,009950 -0,000010
свяжитесь -0,009950 -0,000010
связано 1,078810 0,001035
связаны 1,237874 0,001188
севера 0,941609 0,000904
севере 1,139434 0,001094
северная 1,078810 0,004141
северной 0,693147 0,001996
северные 1,966113 0,001887
северный 0,820981 0,000788
северо-востоке 2,120264 0,002035
северо-восточная 2,659260 0,005104
северо-восточную 3,218876 0,003089
северо-западного 2,302585 0,002210
сезонно-влажных 3,912023 0,003754
сейсмическая 3,506558 0,003365
серицин 3,912023 0,003754
серо-коричневые 3,912023 0,003754
сероземы 3,912023 0,003754
сеул 3,218876 0,003089
сибири 1,347074 0,002586
сибирская 1,832581 0,001759
сибирь 1,469676 0,001410
сингапур 2,813411 0,002700
системеобсуждениевкладсоздать -0,009950 -0,000010
ситуация 1,469676 0,001410
сихотэ-алинь 2,813411 0,005400
скачать -0,009950 -0,000010
следующие 0,544727 0,001046
словари 0,116534 0,000112
сложный 2,995732 0,002875
случаях -0,009950 -0,000010
смешанных 2,207275 0,002118
снега 1,771957 0,001701
снегопады 3,218876 0,003089
снежного 1,966113 0,001887
событияпожертвовать -0,009950 -0,000010
совка 3,912023 0,007509
современной 0,579818 0,000556
содержание 0,010050 0,000010
содержит 1,386294 0,002661
сообщить -0,009950 -0,000010
сопка 2,813411 0,002700
состав 0,400478 0,000384
составная 3,218876 0,003089
состоит 0,755023 0,000725
сохранением -0,009950 -0,000010
спб 0,385662 0,000370
средиземноморья 2,995732 0,002875
средневысотные 3,912023 0,003754
средний 0,494296 0,000474
средняя 0,510826 0,000490
српски 0,000000 0,000000
српскохрватски 0,000000 0,000000
ссылками 0,186330 0,000179
ссылкасведения -0,009950 -0,000010
ссылки -0,009950 -0,000048
статистика -0,009950 -0,000010
статьи 0,072571 0,000070
статьислучайная -0,009950 -0,000010
статьисообществофорумсправкасвежие -0,009950 -0,000010
статья 0,105361 0,000101
статьяобсуждение -0,009950 -0,000010
статьятекущие -0,009950 -0,000010
степей 2,407946 0,006933
стороны 0,430783 0,001240
стран 0,597837 0,000574
страница -0,009950 -0,000019
страницасодержаниеизбранные -0,009950 -0,000010
страницецитировать -0,009950 -0,000010
страницуполучить -0,009950 -0,000010
страницы -0,009950 -0,000010
страницыслужебные -0,009950 -0,000010
страны 0,634878 0,001219
субарктические 3,912023 0,003754
субарктического 3,912023 0,007509
субтропического 3,506558 0,006730
субэкваториального 3,912023 0,007509
суровый 3,218876 0,003089
сухих 2,813411 0,002700
сушей 3,506558 0,003365
существенные 2,120264 0,002035
существуют 0,162519 0,000156
сытина 1,560648 0,002995
сюдасвязанные -0,009950 -0,000010
т-ва 0,000000 0,000000
таиланд 2,813411 0,002700
тайбэй 3,912023 0,003754
тайги 2,040221 0,001958
тайфуны 3,218876 0,003089
тайцы 3,912023 0,003754
также 0,000000 0,000000
тарашкев 0,000000 0,000000
татарча 0,000000 0,000000
текст -0,009950 -0,000010
теплым 2,302585 0,002210
термина 0,400478 0,000384
территории 0,400478 0,003075
территорию 0,941609 0,000904
территория 0,755023 0,000725
тигр 2,813411 0,005400
тимор 3,218876 0,003089
тип 0,356675 0,000342
типа 0,462035 0,000443
тихий 2,302585 0,002210
тихим 2,995732 0,002875
тихого 2,120264 0,006104
товарный -0,009950 -0,000010
токио 2,302585 0,002210
тонлесап 3,912023 0,003754
третичный 3,218876 0,003089
труднодоступна 3,506558 0,003365
тыла 1,897120 0,001821
убсу-нур 3,506558 0,003365
уголь 2,207275 0,002118
указанием -0,009950 -0,000010
укра 0,000000 0,000000
украины 0,616186 0,000591
умеренного 1,897120 0,003641
умеренных 2,207275 0,002118
условий -0,009950 -0,000010
условия -0,009950 -0,000019
устремляются 3,912023 0,007509
участие -0,009950 -0,000010
учетную -0,009950 -0,000010
фарралитные 3,912023 0,003754
фауна 1,272966 0,002443
ферралитные 3,912023 0,003754
филин 2,813411 0,002700
филиппинцы 3,912023 0,003754
филиппины 2,995732 0,002875
флора 1,171183 0,002248
фонд -0,009950 -0,000029
фосфориты 3,912023 0,003754
хабаровский 2,813411 0,005400
ханка 3,506558 0,003365
хар-ус-нуур 3,912023 0,003754
хозяйственная 2,659260 0,002552
холодного 1,966113 0,003774
холодной 2,040221 0,001958
холодный 1,771957 0,001701
хребты 2,659260 0,002552
хуанхэ 3,912023 0,003754
хубсугул 3,506558 0,003365
центральная 0,755023 0,002898
центрально-камчатская 3,912023 0,003754
циклоны 2,659260 0,002552
цунами 3,218876 0,003089
части 0,198451 0,000571
частичная 1,897120 0,001821
частично 0,653926 0,001883
часто 0,415515 0,000399
часть 0,105361 0,000202
частях 1,609438 0,001545
человек 0,400478 0,000384
черноземовидные 3,912023 0,003754
черноземы 2,813411 0,002700
читатьпросмотр 2,040221 0,001958
чукотка 3,506558 0,003365
чукотки 3,506558 0,003365
чукотский 2,995732 0,005750
чукотское 2,659260 0,002552
шантарские 3,912023 0,003754
шанхай 3,218876 0,003089
широколиственных 2,813411 0,002700
широт 2,525729 0,002424
широте 2,207275 0,002118
экваториального 3,912023 0,007509
экспорт -0,009950 -0,000010
энциклопедии -0,009950 -0,000019
энциклопедия 0,210721 0,000404
эта 0,000000 0,000000
это 0,000000 0,000000
юга 1,171183 0,001124
юге 1,078810 0,002071
юго-восток 2,120264 0,002035
юго-востоку 2,040221 0,001958
юго-восточная 2,302585 0,006629
юго-восточную 3,912023 0,003754
юго-западная 2,525729 0,002424
южная 0,941609 0,003615
южной 0,733969 0,000704
южные 1,560648 0,001498
южный 0,755023 0,000725
южных 1,897120 0,001821
юнона 3,912023 0,003754
является 0,094311 0,000091
являются 0,248461 0,000238
языках -0,009950 -0,000010
якутия 2,407946 0,006933
якуты 1,714798 0,001646
янковского 3,506558 0,003365
янцзы 3,912023 0,003754
япония 1,897120 0,005462
японцы 2,120264 0,002035
