абсолютный 0,616186 0,000112
авар 3,912023 0,000714
авария 1,771957 0,000323
август 0,072571 0,000066
авеста 3,912023 0,000714
авт 1,469676 0,000268
автодорожный 2,120264 0,000387
автомобильный 0,713350 0,000130
автоподтвержденных 2,120264 0,000387
автор 0,462035 0,000084
авторство -0,009950 -0,000002
агентивный 3,912023 0,000714
административный 0,597837 0,000109
адмиралтейство 2,813411 0,000513
аз 2,302585 0,000420
азовский 1,660731 0,000606
айвазовский 2,659260 0,000485
академик 1,203973 0,000220
аквариум 2,659260 0,000485
активный 0,527633 0,000193
акчагыльской 3,912023 0,000714
алабин 3,506558 0,000640
алг 3,912023 0,000714
алгоритм 1,771957 0,000323
алекс 3,506558 0,000640
александр 0,462035 0,000337
александровский 2,120264 0,000387
александровым 3,912023 0,000714
алексей 1,049822 0,000192
алешина 3,218876 0,000587
аллювиальный 2,995732 0,000547
аллювий 3,912023 0,001427
алтай 2,407946 0,000439
алфавит 2,302585 0,000420
алфавитувикипедия 0,776529 0,000142
алфавитуволгареки 3,912023 0,000714
алфавитукарточка 2,207275 0,000403
альбом 1,771957 0,000323
альтернативный 1,203973 0,000220
аммиана 3,912023 0,000714
амударья 3,912023 0,000714
анализ 0,967584 0,000177
ананьев 3,912023 0,000714
анастасия 2,813411 0,000513
анатолия 2,407946 0,000439
ангарой 3,506558 0,000640
англ 0,174353 0,000064
андрея 1,832581 0,000334
анненского 3,912023 0,000714
анофриев 3,506558 0,000640
античность 2,407946 0,000439
античный 2,207275 0,000805
антропоген 3,506558 0,000640
апрель 0,150823 0,000165
араб 1,609438 0,000294
арабелла 3,912023 0,000714
арабский 1,560648 0,000569
аракс 3,506558 0,001280
аракса 3,506558 0,000640
аридный 2,995732 0,000547
аристотеля 2,995732 0,000547
армия 0,916291 0,000167
армянский 1,347074 0,000246
арх 0,544727 0,000298
архангельский 1,832581 0,000334
археология 1,171183 0,000214
архивировать 0,020203 0,000096
архипов 3,506558 0,000640
арь 3,912023 0,002141
асафовы 3,912023 0,000714
аст 0,820981 0,000300
аст-пресс 3,506558 0,000640
астероид 1,771957 0,000323
астероидыскрытые 2,813411 0,000513
астрахани 2,407946 0,003515
астраханский 1,832581 0,003678
астрахань 0,967584 0,000530
астрономия 2,207275 0,000805
атевикипедия 3,912023 0,000714
атель 3,912023 0,000714
атл 3,912023 0,000714
атлантический 1,609438 0,000294
атлас 1,108663 0,000405
атлека 3,912023 0,001427
атырауской 3,912023 0,000714
афанасия 2,525729 0,000461
ахтуба 3,506558 0,001919
ахтубой 3,912023 0,000714
ахтубы 3,912023 0,000714
базис 3,218876 0,000587
бак 2,120264 0,000774
бакинский 2,407946 0,000439
бал 3,506558 0,000640
балаково 2,120264 0,001161
баланс 1,609438 0,000294
балахна 2,120264 0,000387
балахнинский 3,506558 0,001280
балтийский 1,514128 0,000553
балтского 3,912023 0,000714
банный 3,218876 0,000587
барбашов 3,912023 0,000714
баркас 3,912023 0,000714
баррикада 2,040221 0,000744
баскунчак 3,506558 0,000640
бассейн 0,653926 0,003460
бассейновый 2,525729 0,000461
бахтемир 3,912023 0,002141
бахчеводство 3,218876 0,000587
баш 3,506558 0,000640
башкортостан 2,207275 0,000403
баян 3,506558 0,000640
бейшлот 3,912023 0,001427
бейшлотп 3,912023 0,000714
белое 0,994252 0,000181
беломорско-балтийский 3,506558 0,000640
белоног 3,912023 0,000714
белуга 3,218876 0,000587
белый 0,867501 0,000633
беляна 3,506558 0,000640
берег 0,478036 0,000698
бережок 3,912023 0,000714
берет 1,966113 0,000717
бернштейна 3,912023 0,000714
бертюль 3,912023 0,000714
бесприданница 3,912023 0,001427
бессточный 2,659260 0,000485
библиографический 0,083382 0,000015
библиотека 0,328504 0,000120
биосферный 2,995732 0,000547
битва 1,560648 0,000285
бить 2,659260 0,000485
близ 1,237874 0,000678
близкий 0,820981 0,000150
богатый 1,049822 0,000192
боголюбов 3,912023 0,000714
богородские 3,912023 0,000714
богуславский 3,218876 0,000587
болгарин 1,427116 0,000260
болда 3,506558 0,001280
большевик 1,347074 0,000246
большинство 0,342490 0,000125
большое 0,385662 0,000211
большой 0,040822 0,000179
бор 1,203973 0,000220
борисовский 3,912023 0,000714
бородин 2,995732 0,000547
борок 2,813411 0,000513
борский 2,995732 0,001093
брат 1,272966 0,000465
браташова 3,912023 0,000714
брать 1,714798 0,000313
брокгауза 0,328504 0,000180
бронштэн 3,912023 0,000714
бросать 3,506558 0,000640
брянская 3,218876 0,000587
бузан 3,912023 0,002141
бузачи 3,506558 0,000640
булгар 2,659260 0,000485
булгария 3,506558 0,000640
булгарский 2,995732 0,000547
булычев 3,218876 0,000587
бульвар 1,237874 0,000226
бунтарь 3,218876 0,000587
бурение 2,659260 0,000485
бурлак 2,659260 0,002911
бурлачить 3,912023 0,000714
бывает 1,660731 0,000303
быстрый 0,916291 0,000167
быть -0,009950 -0,000002
бьеф 3,218876 0,000587
бюджетный 1,514128 0,000276
бюро 1,427116 0,000260
вавилова 2,995732 0,000547
важное 1,108663 0,000202
важный 0,494296 0,000271
вазуза 3,912023 0,002855
валдайский 3,218876 0,002936
валерию 3,912023 0,000714
вандал 3,218876 0,000587
ваня-коммунист 3,912023 0,000714
васильево 2,120264 0,000387
васильевские 3,506558 0,000640
васильсурск 2,120264 0,000387
вброд 3,912023 0,000714
вверх 1,832581 0,000334
ввести 0,634878 0,000116
вдоль 0,755023 0,000689
век 0,248461 0,001043
великий 0,356675 0,000586
великыи 3,912023 0,001427
величие 2,659260 0,000485
версия -0,009950 -0,000007
верхиты 3,912023 0,000714
верхне-ветлянский 3,912023 0,000714
верхне-волжская 3,506558 0,000640
верхне-волжский 3,912023 0,004996
верхне-кочергинский 3,912023 0,000714
верхне-парашинский 3,912023 0,000714
верхне-ревякский 3,912023 0,000714
верхневолжский 2,995732 0,004373
верхневолжье 3,218876 0,000587
верхний 0,494296 0,001443
верховье 2,302585 0,001260
весенний 1,660731 0,000909
весна 0,713350 0,000260
вестник 1,049822 0,000575
весь 0,301105 0,000275
ветлуга 3,506558 0,001280
ветлянкие 3,912023 0,000714
вех 2,525729 0,000461
вешин 3,506558 0,000640
вешний 3,912023 0,000714
вещество 0,994252 0,000181
взгляд 1,309333 0,000239
взрыв 1,771957 0,000323
взя 3,912023 0,000714
вид 0,061875 0,000068
видевдате 3,912023 0,000714
видео 1,049822 0,000192
видеть 1,272966 0,000232
византией 3,218876 0,000587
византийский 2,525729 0,000461
викиданные 0,776529 0,000283
викиданных -0,009950 -0,000002
викимедиа -0,009950 -0,000002
википедии -0,009950 -0,000005
википедия -0,009950 -0,000004
викискладвикиновостивикицитатникэлемент 2,525729 0,000461
викискладе 0,174353 0,000032
вильга 3,912023 0,000714
винныи 3,912023 0,000714
висячий 3,218876 0,000587
включать 0,235722 0,000043
влага 2,407946 0,000439
владимиро-суздальской 3,912023 0,000714
владимирович 1,771957 0,000323
владимирский 1,897120 0,000346
владыка 3,218876 0,000587
власть 0,544727 0,000099
влияние 0,527633 0,000096
вльга 3,912023 0,000714
вместить 3,912023 0,000714
вначале 2,813411 0,000513
вне 1,560648 0,000285
внешний 0,051293 0,000009
вниз 1,171183 0,000427
внутренний 0,314711 0,000230
вобла 3,506558 0,000640
вода 0,527633 0,002407
водарский 3,506558 0,000640
водиться 1,897120 0,000692
водность 3,912023 0,002141
водный 0,562119 0,001538
водовод 3,218876 0,000587
водоем 1,139434 0,000208
водораздел 2,040221 0,000372
водосбор 2,659260 0,000485
водосборный 2,525729 0,000922
водосток 2,813411 0,000513
водоток 2,407946 0,001318
водоходъ 3,912023 0,000714
водохранилище 1,139434 0,005613
военный 0,494296 0,000361
возвести 1,139434 0,000208
возвышенность 1,386294 0,002276
возможно 0,867501 0,000317
возможность 0,314711 0,000057
возникновение 0,941609 0,000344
возникнуть 0,653926 0,000239
возраст 1,078810 0,000394
возрасти 1,660731 0,000303
война 0,430783 0,000314
вокзал 0,755023 0,000138
вокруг 0,693147 0,000126
волга 1,347074 0,062672
волга-реченька 3,912023 0,001427
волга-речка 3,912023 0,000714
волгамар 3,912023 0,000714
волгарить 3,912023 0,000714
волгарь 2,995732 0,006559
волгарь-доброволец 3,912023 0,000714
волге-реке 3,912023 0,000714
волгеистория 3,912023 0,000714
волго 3,912023 0,001427
волго-ахтубинская 3,912023 0,000714
волго-ахтубинской 3,506558 0,000640
волго-балт 3,912023 0,000714
волго-балтийским 3,912023 0,000714
волго-вятском 3,912023 0,000714
волго-дон 3,912023 0,001427
волго-донской 2,813411 0,001540
волго-каспийский 3,912023 0,001427
волго-уральском 3,912023 0,000714
волговерховская 3,912023 0,000714
волговерховский 3,912023 0,000714
волговерховье 2,120264 0,001547
волгоград 1,139434 0,000624
волгограда 2,995732 0,004919
волгограде 3,506558 0,001919
волгоградом 3,218876 0,000587
волгоградский 2,813411 0,005133
волгодонский 3,218876 0,001762
волгонефть 3,506558 0,000640
волгореченск 2,120264 0,000387
волготанкер 3,912023 0,000714
волгыдо 3,912023 0,000714
волжанин 3,506558 0,001919
волжанъ 3,912023 0,001427
волжск 2,120264 0,000387
волжский 1,897120 0,013153
волжско-камского 3,912023 0,000714
волжско-камское 3,912023 0,000714
волжско-каспийская 3,912023 0,000714
волна 0,916291 0,000167
волога 3,912023 0,000714
вологда 1,203973 0,000220
вологодский 2,207275 0,000805
володарский 3,218876 0,000587
володимеромъ 3,912023 0,000714
волоковского 3,912023 0,000714
волшебный 0,030459 0,000006
вольск 2,120264 0,000387
вопрос 0,371064 0,000271
вороний 3,218876 0,000587
воронина 3,506558 0,000640
вороновская 3,912023 0,000714
восемь 1,469676 0,000268
воск 3,218876 0,000587
восстанавливаться 1,966113 0,000359
восстановление 1,078810 0,000197
восстать 2,525729 0,000461
восток 0,494296 0,000271
восточный 0,430783 0,000236
восходить 1,609438 0,000294
впадать 1,309333 0,002867
впадение 1,139434 0,001247
впервые 0,385662 0,000141
вперед 2,995732 0,000547
впечатление 2,525729 0,000461
вратарь 2,995732 0,000547
врезание 3,912023 0,000714
временной 0,967584 0,000177
время 0,020203 0,000048
все 0,040822 0,000022
всеи 3,912023 0,000714
вселуг 3,912023 0,000714
вселукский 3,912023 0,000714
всероссийский 0,634878 0,000116
вскрываться 2,995732 0,000547
вскрытие 2,302585 0,000420
встретить 1,966113 0,000359
встречаться 0,713350 0,000521
втечь 3,912023 0,000714
втора 0,274437 0,000050
второе 0,653926 0,000119
вход 0,755023 0,000138
входить 0,287682 0,000052
выбор 0,634878 0,000116
выводить 1,832581 0,000334
вывозиться 2,813411 0,000513
выделение 1,832581 0,000334
выделить 0,544727 0,000199
выделиться 2,525729 0,000461
выйти 0,798508 0,000146
вылавливаться 3,506558 0,000640
выловить 3,506558 0,000640
вымпел 2,995732 0,000547
выносить 2,813411 0,000513
вып 0,798508 0,000291
выполнение 1,049822 0,000383
высокий 0,139262 0,000051
высота 0,415515 0,000606
выставить 2,407946 0,000439
выставка 1,139434 0,000208
выше 0,616186 0,000787
вышневолоцкий 3,912023 0,001427
вязовские 3,912023 0,000714
вязовые 2,120264 0,000387
вятич 3,218876 0,001175
газ 0,941609 0,000172
газета 0,579818 0,000317
газли 3,506558 0,000640
галичско-чухломскую 3,912023 0,000714
гардкоуты 3,912023 0,000714
гаситель 3,912023 0,000714
гвр 2,659260 0,000485
гвркарточка 2,813411 0,000513
генезис 2,813411 0,000513
географ 2,040221 0,000744
географгиз 3,218876 0,001175
географический 0,356675 0,000586
география 0,415515 0,000076
геологический 1,139434 0,000208
геоморфология 3,912023 0,000714
георгиевский 2,407946 0,000439
георгий 1,139434 0,000208
геродот 3,218876 0,001762
геродота 2,659260 0,001456
геродотова 3,912023 0,000714
геродотову 3,912023 0,000714
гидрографический 2,302585 0,000420
гидрография 1,427116 0,000260
гидрологический 1,966113 0,003946
гидрометеоиздат 1,897120 0,003115
гидронимия 3,506558 0,000640
гидросооружение 3,912023 0,000714
гидроудар 3,912023 0,000714
гидроузел 2,407946 0,000879
гидроэлектростанция 2,525729 0,000922
гидроэлектроэнергия 3,912023 0,000714
гипотеза 1,560648 0,000285
гкгн 0,994252 0,000181
гкгнпро 0,916291 0,000167
глава 0,494296 0,000271
главенство 3,506558 0,000640
главный 0,210721 0,000154
глубина 1,139434 0,000416
глубокий 1,078810 0,000394
говор 2,659260 0,000970
говорить 1,049822 0,000192
говориться 2,525729 0,000922
говорок 3,912023 0,000714
год -0,009950 -0,000109
годавикипедия 0,616186 0,000112
годовой 0,994252 0,000907
годукарточка 2,995732 0,000547
головкинские 3,912023 0,000714
голодный 3,506558 0,000640
голоцен 2,659260 0,000485
гончарова 2,659260 0,000485
гора 0,616186 0,000899
горецкий 3,912023 0,000714
горный 0,941609 0,000344
город 0,371064 0,001692
города-миллионера 2,659260 0,000485
городец 2,120264 0,000387
городецкий 1,560648 0,001424
городок 1,272966 0,000232
городца 3,912023 0,001427
гортанный 3,912023 0,000714
горький 0,941609 0,000859
горьковское 3,218876 0,001175
государственный 0,261365 0,000095
государство 0,579818 0,000317
гражданский 0,733969 0,000402
граница 0,356675 0,000195
григорием 2,207275 0,000403
гроза 1,966113 0,000359
грозный 1,272966 0,000232
груз 1,309333 0,000239
грунтовой 1,832581 0,000334
группа 0,314711 0,000057
губайдуллиной 3,912023 0,000714
гулянье 3,506558 0,000640
гумилев 3,218876 0,000587
гэс 1,832581 0,005684
гэсаж 3,912023 0,002855
далее 0,693147 0,000126
даль 1,609438 0,000587
дамба 2,040221 0,000372
дарий 3,912023 0,000714
дария 3,912023 0,000714
дата 0,030459 0,000150
датский 0,328504 0,000060
дать 0,072571 0,000026
два 0,150823 0,000028
двигать 3,218876 0,000587
дебаркадер 3,218876 0,000587
действие 0,776529 0,000283
действовать -0,009950 -0,000002
декабрь 0,094311 0,000155
деление 0,579818 0,000106
дельта 1,832581 0,003678
денежный 1,660731 0,000303
день 0,210721 0,000308
деревня 1,021651 0,000373
держать 1,966113 0,000359
деятельность 0,342490 0,000062
дзержинский 2,302585 0,000420
диалектный 2,995732 0,000547
дивии 3,912023 0,000714
дилогия 3,912023 0,000714
димитриева 3,912023 0,000714
динамический 1,897120 0,000346
диодора 3,912023 0,000714
дискуссия 1,660731 0,000303
длина 0,579818 0,000952
длинный 1,237874 0,000678
дмитрии 3,218876 0,000587
днепровский 2,813411 0,000513
дноуглубительный 3,912023 0,000714
доватур 3,912023 0,000714
довольно 0,891598 0,000325
дождевой 2,207275 0,000805
докоица 3,912023 0,000714
документальный 1,427116 0,000521
долгий 1,021651 0,000186
доледниковый 3,912023 0,000714
долина 0,916291 0,002173
долинный 3,912023 0,000714
долматовский 3,912023 0,000714
доманицкий 3,912023 0,000714
дон 1,660731 0,001212
доном-азовским-черным 3,912023 0,000714
доп 0,597837 0,000218
дополнительный -0,009950 -0,000002
дореволюционный 1,347074 0,000246
дорога 0,527633 0,000193
дорогап 3,912023 0,000714
достигаев 3,912023 0,000714
достигать 0,843970 0,000616
достичь 0,733969 0,000134
доступ 0,755023 0,000276
доступный -0,009950 -0,000002
древнегреческий 1,832581 0,000334
древнеиранский 3,912023 0,000714
древнерусский 1,427116 0,000260
древние 0,967584 0,000530
древний 0,653926 0,000597
дробно -0,009950 -0,000002
другое 0,462035 0,000084
другой -0,009950 -0,000016
дубинушка 3,912023 0,000714
дубна 2,120264 0,000774
дубненский 3,912023 0,000714
дубны 3,912023 0,000714
дубовка 2,040221 0,000372
дубровина 3,506558 0,000640
дух 1,897120 0,000346
духовницкое 2,120264 0,000387
духовный 1,609438 0,000294
дятловы 3,912023 0,000714
евгением 2,995732 0,000547
европа 0,301105 0,000165
европейский 0,494296 0,000180
егор 2,659260 0,000485
единица 0,478036 0,000087
единственное 1,021651 0,000186
единый 0,544727 0,000099
ежегодно 0,916291 0,000167
екатерина 1,514128 0,000276
емельяна 2,813411 0,000513
енисея 2,302585 0,000840
епархия 0,967584 0,000177
ергени 3,506558 0,000640
еремина 3,912023 0,000714
еремяном 3,912023 0,000714
еруслан 3,912023 0,001427
естественный 0,776529 0,000283
естествознание 2,525729 0,000922
ефрона 0,328504 0,000180
железнодорожный 0,579818 0,000212
жестокий 2,995732 0,000547
живой 1,386294 0,000253
живопись 1,609438 0,000294
жигулевск 1,832581 0,000334
жигулевский 2,995732 0,004373
жигули 3,218876 0,001175
жизнь 0,342490 0,000125
житель 0,562119 0,001128
жить 0,820981 0,000300
журнал 0,301105 0,000055
забелин 3,506558 0,000640
заболотить 2,040221 0,000372
завод 0,693147 0,000632
завозня 3,912023 0,000714
заволжск 2,120264 0,000387
заволжье 2,040221 0,000372
заглавный -0,009950 -0,000002
заголовок 2,120264 0,000387
загрязнение 0,891598 0,000651
загрязнить 1,514128 0,000553
задолго 3,506558 0,000640
заиканова 3,912023 0,000714
займищенский 3,912023 0,000714
закавказье 2,040221 0,000372
залежь 2,407946 0,000439
залив 1,609438 0,000294
заложить 0,843970 0,000154
замер 2,659260 0,000485
замерзать 2,120264 0,000387
заметка 2,120264 0,000387
занимать 0,430783 0,000079
заниматься 0,634878 0,000116
занятие 1,469676 0,000268
занять 0,693147 0,000126
запад 0,634878 0,000347
западно-казахстанской 3,912023 0,000714
западный 0,462035 0,000169
записьвойти -0,009950 -0,000002
заповедник 1,714798 0,000626
запретить 1,309333 0,000239
запуск 1,347074 0,000246
зарегистрировать -0,009950 -0,000002
зарегулировать 2,995732 0,001640
заселенность 3,506558 0,000640
заселить 1,897120 0,000346
заселять 2,813411 0,000513
засолка 3,912023 0,000714
затем 0,527633 0,000385
затон 1,427116 0,000521
затонуть 2,659260 0,000485
затопить 1,832581 0,000334
затруднительный 3,506558 0,000640
зафиксировать 1,078810 0,000394
защита 0,616186 0,000225
защитить 1,139434 0,000208
защитный 2,407946 0,000439
заявление -0,009950 -0,000004
звенигово 2,120264 0,000387
зеленодольск 1,237874 0,000226
зеленодольский 3,506558 0,000640
земля 0,400478 0,000365
зерновой 2,995732 0,000547
зима 0,478036 0,000349
зимний 0,798508 0,000437
змеев 3,912023 0,000714
змеиный 2,659260 0,000485
знак -0,009950 -0,000002
значение 0,061875 0,000158
значительно 0,510826 0,000186
значительный 0,328504 0,000180
зона 0,400478 0,000438
зороастр 3,506558 0,000640
зосима 3,912023 0,000714
зрение 1,203973 0,000879
зубец 1,771957 0,000323
зубова 2,407946 0,000439
зубцовский 3,912023 0,001427
зыкиной 3,912023 0,001427
иван 0,843970 0,000154
иванов 1,560648 0,000285
ивановский 2,120264 0,001161
иваном 2,040221 0,000372
иваньковская 3,912023 0,001427
иваньковского 2,120264 0,000387
иваньковское 3,912023 0,001427
играть 0,867501 0,000475
идел 3,912023 0,002141
идет 1,078810 0,000197
идти 0,820981 0,000150
из-за 0,415515 0,000152
известно 1,237874 0,000226
известный 0,287682 0,000210
извод 3,912023 0,000714
изд 0,314711 0,000057
изд-во 1,049822 0,000192
издание 0,415515 0,000076
измениться 1,021651 0,000186
изученность 2,525729 0,003226
икра 3,218876 0,000587
илеть 3,912023 0,000714
илистый 3,218876 0,000587
иллюстрировать 2,040221 0,000372
илья 2,040221 0,000372
именно 0,544727 0,000298
иметь 0,094311 0,000034
императорский 1,469676 0,000536
империя 0,653926 0,000239
имя 0,274437 0,000050
индустриализация 1,832581 0,000334
инженерный 1,272966 0,000232
инкогнита 3,912023 0,000714
институт 0,371064 0,000068
инструмент -0,009950 -0,000004
инструментальная 2,659260 0,000485
интерес 1,021651 0,000186
интересно 3,218876 0,000587
иосиф 2,407946 0,000879
иранский 2,407946 0,000879
иргиз 3,506558 0,001919
исаева 3,506558 0,000640
исидора 3,912023 0,000714
исконный 3,218876 0,000587
искусство 0,478036 0,000262
исландия 2,407946 0,000439
испарение 2,407946 0,000879
исповедник 2,995732 0,000547
исполнение 0,867501 0,000158
исполнять 1,108663 0,000202
использование -0,009950 -0,000004
использовать 0,020203 0,000018
использоваться 0,223144 0,000081
исправить 1,347074 0,000246
испытывать 1,560648 0,000285
исследование 0,462035 0,000253
исследователь 0,941609 0,000515
исследовать 1,469676 0,000268
исток 0,755023 0,003031
истокустье 3,218876 0,000587
историко-бытового 3,912023 0,000714
историко-географический 2,995732 0,000547
исторически 1,078810 0,000197
исторический 0,314711 0,000287
история 0,051293 0,000094
источник -0,009950 -0,000015
исходить 1,832581 0,000669
исчезнуть 1,771957 0,000323
итацизм 3,912023 0,000714
итиль 3,912023 0,003569
итиля 3,912023 0,000714
июль 0,116534 0,000128
июнь 0,116534 0,000106
кавказ 1,771957 0,000323
кадышева 3,912023 0,000714
каз 2,995732 0,000547
казак 1,309333 0,000239
казани 1,771957 0,000970
казанка 3,506558 0,000640
казанский 1,049822 0,000575
казань 0,891598 0,000488
казахстана 1,966113 0,001435
казачий 1,469676 0,000268
калийный 2,813411 0,000513
каллистов 3,912023 0,000714
калм 3,912023 0,002141
калмыкииреки 3,912023 0,000714
калмыкия 2,659260 0,001941
калужский 2,659260 0,000485
калязин 2,040221 0,000372
калязинский 3,912023 0,000714
кам 2,207275 0,011276
кама 3,912023 0,001427
камелика 3,912023 0,000714
камский 1,714798 0,001877
камызяк 3,506558 0,001280
камышина 2,120264 0,001161
канал 0,673345 0,000614
канатный 2,207275 0,000403
канонерский 3,912023 0,001427
канцеляризм 2,995732 0,000547
караван 2,659260 0,000485
караман 3,912023 0,000714
карелия 2,525729 0,000461
карп 2,207275 0,000403
карт 0,301105 0,000385
картина 1,347074 0,000492
каскад 1,966113 0,001435
каспий 2,302585 0,001260
каспийский 1,514128 0,003868
каталанский 0,527633 0,000096
каталог 0,094311 0,000017
катастрофа 1,514128 0,000276
категория -0,009950 -0,000004
кашиной 3,912023 0,000714
керженец 3,912023 0,000714
кигач 3,912023 0,000714
километр 0,693147 0,000379
километровый 2,407946 0,000439
кимр 2,120264 0,000387
кимрский 3,912023 0,000714
кинематограф 2,120264 0,000387
кинешемский 3,912023 0,000714
кинешма 2,120264 0,000774
кинокомпания 2,659260 0,000485
кинорежиссер 2,813411 0,000513
кирилова 3,912023 0,000714
кировская 2,659260 0,000485
китайский 0,653926 0,000119
клавдий 3,218876 0,000587
клавдия 3,506558 0,000640
классический 0,755023 0,000138
климат 0,446287 0,000081
климовский 3,912023 0,000714
ключ 1,309333 0,000239
книга 0,415515 0,000152
княжеский 2,995732 0,000547
княжна 3,506558 0,000640
княземъ 3,912023 0,000714
князь 0,867501 0,000633
код -0,009950 -0,000005
кодаистория 2,040221 0,000372
кодекс -0,009950 -0,000002
козино 2,120264 0,000387
козинский 3,912023 0,000714
козловка 2,120264 0,000387
козьма 3,218876 0,000587
козьмодемьянск 2,120264 0,000387
коковкинская 3,912023 0,000714
кокшага 3,912023 0,001427
колебание 1,386294 0,000759
количество 0,210721 0,000192
колхозник 3,912023 0,001427
комедийный 2,995732 0,000547
комедия 1,966113 0,000359
коми 1,514128 0,000553
комитет 0,653926 0,000119
комлев 3,912023 0,000714
комментарий 1,237874 0,000226
коммерческий 1,021651 0,000186
компания 0,371064 0,000068
комплексный 1,078810 0,000197
композитор 1,514128 0,000276
конаково 2,120264 0,000387
конец 0,198451 0,000290
конкретизациивикипедия 1,714798 0,000313
коновал 3,218876 0,000587
константин 1,560648 0,000285
константиновский 1,966113 0,000359
конструкторский 2,407946 0,000439
контроль 0,994252 0,000363
конфиденциальность -0,009950 -0,000002
координата 1,347074 0,000492
кора 1,897120 0,000346
корабль 1,469676 0,000268
корить 1,309333 0,000239
коровий 3,912023 0,000714
коронкевич 3,912023 0,000714
короткий -0,009950 -0,000004
коротко 2,995732 0,000547
корчева 2,040221 0,000372
косарь 3,912023 0,000714
космонавт 1,514128 0,000276
кострома 1,171183 0,000855
костромской 2,525729 0,002304
костромы 3,506558 0,001280
которосль 3,506558 0,000640
который 0,000000 0,000000
кочевник 2,040221 0,000372
кочергинские 3,912023 0,000714
кочергинский 3,912023 0,000714
край 0,544727 0,000795
крайний 1,514128 0,000276
красавчик 3,912023 0,000714
красная 0,713350 0,000130
красницкий 3,912023 0,000714
красное-на-волге 2,120264 0,000387
краснослободск 2,120264 0,000387
краснощекова 3,912023 0,000714
красный 0,597837 0,000436
кременские 3,912023 0,000714
кремлевский 2,659260 0,000485
крепкий 2,995732 0,000547
крестный 2,995732 0,000547
крестьянин 1,832581 0,000334
кровопролитный 2,525729 0,000461
кром 0,235722 0,000129
круизный 2,040221 0,000744
крупный 0,210721 0,000692
крутой 1,514128 0,000276
крушение 3,218876 0,001762
кстово 2,040221 0,000372
кубенцовские 3,912023 0,000714
кудьма 3,506558 0,000640
куйбышевский 1,771957 0,000323
куйбышевского 2,525729 0,000922
куйбышевское 2,813411 0,001540
куки -0,009950 -0,000002
культура 0,356675 0,000325
купеческо-бурлацкий 3,912023 0,000714
куранта 2,995732 0,000547
курдюмские 3,912023 0,000714
курская 2,813411 0,000513
куст 2,995732 0,000547
кустодий 3,912023 0,001427
кучумова 3,912023 0,000714
кырык 1,771957 0,000323
лаббе 3,912023 0,000714
лабышкинские 3,912023 0,000714
лавка 2,120264 0,000387
лазурит 3,912023 0,000714
ларин 2,407946 0,000439
латы 1,771957 0,000323
лев 0,967584 0,000177
левашов 1,660731 0,002727
левенсон 3,912023 0,000714
левый 1,021651 0,000559
легенда 1,469676 0,000268
лед 1,171183 0,000214
ледник 2,120264 0,000387
ледниковый 2,407946 0,000439
ледовитый 1,514128 0,000276
ледовый 1,078810 0,000197
ледокол 2,525729 0,000461
лежать 0,994252 0,000181
лексика 3,218876 0,000587
ленин 0,755023 0,000276
ленинградский 1,560648 0,000569
леониды 1,966113 0,000359
лес 0,733969 0,000268
лесной 0,843970 0,000308
лесостепной 1,771957 0,000323
лет 0,597837 0,000109
летию 1,078810 0,000197
летне-осенний 3,506558 0,001280
летней-осенней 3,912023 0,000714
летний 0,579818 0,000212
летописный 2,525729 0,000461
летопись 1,237874 0,000452
лещ 2,813411 0,001027
лиза 3,912023 0,000714
лиман 2,995732 0,000547
лингвострановедческий 3,912023 0,000714
липецкий 2,813411 0,000513
лирический 3,912023 0,000714
литература 0,051293 0,000047
литературный 0,867501 0,000475
литературоведение 3,218876 0,000587
литогр 3,912023 0,000714
лицензия -0,009950 -0,000002
лицо 0,673345 0,000246
ловиться 3,506558 0,001280
ловля 2,995732 0,001093
лодка 1,660731 0,001212
локализация 3,218876 0,000587
локальный 0,673345 0,000123
лук 1,771957 0,000647
лысково 2,040221 0,000372
лысый 3,218876 0,000587
любое 1,139434 0,000208
любэ 3,912023 0,000714
люд 2,995732 0,000547
люди 0,755023 0,000276
людмилой 3,506558 0,000640
магнолия 2,813411 0,000513
май 0,127833 0,000210
майна 2,040221 0,000372
макарьево 2,120264 0,000387
максим 1,237874 0,000678
максимальный 0,867501 0,000317
максимум 0,579818 0,000106
мала 1,237874 0,000226
мало 0,579818 0,000317
малоги 3,912023 0,000714
малое 0,994252 0,000363
малочисленный 2,813411 0,000513
малый 0,139262 0,000127
мангистауской 3,912023 0,000714
мангышлак 3,506558 0,000640
мангышлака 3,912023 0,000714
мар 2,040221 0,001489
мариинский 1,469676 0,000536
марий 2,525729 0,001382
марийский 2,995732 0,000547
маркиз 2,995732 0,000547
маркс 1,309333 0,000239
март 0,116534 0,000340
марцеллина 3,912023 0,000714
маршака 3,506558 0,000640
массив 0,891598 0,000163
массовый 0,494296 0,000180
материал -0,009950 -0,000004
мать-волга 3,912023 0,000714
маяк 1,078810 0,000984
мга 2,040221 0,000372
мед 2,659260 0,000485
медведица 2,659260 0,000485
медиафайлы 0,301105 0,000055
межа 2,995732 0,000547
международный 0,385662 0,000141
меженный 3,506558 0,000640
межень 3,218876 0,002349
межледниковый 3,218876 0,000587
мелкий 1,309333 0,000239
мелководный 2,302585 0,000420
мель 2,995732 0,000547
мельников 2,813411 0,000513
меняла 2,995732 0,000547
меотиду 3,912023 0,000714
мера 0,820981 0,000300
меркурий 2,813411 0,000513
мероприятие 0,916291 0,000334
местный 0,478036 0,000174
место 0,139262 0,000203
местонахождение 2,995732 0,000547
местоположение 1,660731 0,000303
месторождение 1,427116 0,000260
месяц 0,415515 0,000076
металл 1,272966 0,000232
метр 0,653926 0,000835
мех 3,218876 0,000587
меч 2,995732 0,000547
мешаться 3,912023 0,000714
мигаловская 3,912023 0,000714
мигаловский 3,912023 0,000714
миллион 0,776529 0,000142
мимо 3,506558 0,000640
минеральный 1,139434 0,000208
минин 2,813411 0,000513
министерство 0,653926 0,000119
минприроды 2,659260 0,000485
минус 2,995732 0,000547
миоцен 3,218876 0,001175
мир 0,094311 0,000069
мирной 1,609438 0,000294
мировая 0,527633 0,000096
миръ 3,912023 0,000714
мифический 2,995732 0,000547
михаил 0,916291 0,000167
младший 2,525729 0,000461
млн 0,462035 0,000253
млрд 0,820981 0,000300
мнение 0,634878 0,000232
многие 0,356675 0,000130
многий 1,237874 0,000226
много 0,150823 0,000083
многоводнее 3,912023 0,000714
многолетний 1,560648 0,000285
многочисленный 0,693147 0,000379
мобильный -0,009950 -0,000002
могила 1,660731 0,000303
модернизировать 2,302585 0,000420
мокроусов 3,912023 0,000714
мокша 3,218876 0,000587
молога 2,120264 0,001161
момент 0,527633 0,000096
монголо-татарский 2,995732 0,000547
мор 1,021651 0,002423
мордовия 2,302585 0,000420
море 0,562119 0,001026
моререки 3,218876 0,000587
москва 0,400478 0,000219
москвич 2,407946 0,000439
москвы 0,653926 0,000239
московский 0,527633 0,000385
мост 0,713350 0,005596
мостаж 3,912023 0,002855
мостж 3,912023 0,006424
мостить 3,506558 0,002559
мостп 3,912023 0,002141
мостс 3,912023 0,000714
мох 2,302585 0,000420
мочь -0,009950 -0,000011
мстислав 3,218876 0,000587
музей 0,653926 0,000119
музыкальный 0,867501 0,000158
муниципальный 0,713350 0,000130
мурома 2,659260 0,000485
мышкарь 3,912023 0,000714
мышкин 2,120264 0,000774
наб 3,912023 0,000714
набег 1,660731 0,000303
набережная 0,891598 0,000163
наблюдение 1,108663 0,000202
навашинский 3,912023 0,000714
навигация -0,009950 -0,000005
наволок 2,120264 0,000387
надежда 1,469676 0,000268
назад 1,108663 0,000202
название 0,105361 0,000596
назвать 0,371064 0,000135
называть 0,174353 0,000095
называться 0,328504 0,000300
наиболее 0,139262 0,000102
наличие 0,867501 0,000158
нанос 3,506558 0,000640
написать 0,867501 0,000317
направить 0,867501 0,000158
направление 0,385662 0,000141
например 0,328504 0,000120
нариманов 2,120264 0,000387
народ 0,579818 0,000106
народный 0,616186 0,000675
нарушить 2,659260 0,000485
население 0,462035 0,000169
населить 0,597837 0,000218
наследие 0,713350 0,000130
наследник 2,407946 0,000439
насос 3,506558 0,000640
настоящее 0,287682 0,000157
насчитываться 0,967584 0,000177
насыпь 2,995732 0,001093
наталия 2,302585 0,000420
наука 0,235722 0,000387
наумовский 3,912023 0,000714
научно-образовательный 0,967584 0,000177
научно-промышленного 3,912023 0,000714
научный 0,248461 0,000272
находиться 0,174353 0,000159
начало 0,116534 0,000191
началось 0,616186 0,000112
начать 0,510826 0,000093
начаться 0,562119 0,000103
начинаться 0,527633 0,000289
начиная 0,733969 0,000268
наш 0,527633 0,000096
нашествие 2,120264 0,000387
небольшой 0,494296 0,000361
невский 1,272966 0,000232
невы 2,995732 0,000547
недостаток 0,579818 0,000106
незначительно 2,407946 0,000439
неизвестное 2,207275 0,000403
некий 2,207275 0,000403
некоммерческий -0,009950 -0,000002
некоторые 0,127833 0,000163
некрасов 2,407946 0,000879
некрасовский 2,040221 0,000372
немда 3,912023 0,000714
ненаписанный 3,506558 0,001280
ненастье 3,912023 0,000714
необъятное 3,912023 0,000714
неоплейстоцена 3,506558 0,000640
неофициальный 1,139434 0,000208
нерест 3,506558 0,001280
нерль 3,912023 0,000714
несколько 0,116534 0,000021
неумеренный 3,912023 0,000714
нефтебаза 3,218876 0,000587
нефть 1,347074 0,000983
нефтяной 1,514128 0,000553
ниже 0,693147 0,001391
нижегородский 1,832581 0,004681
нижне-ветлянский 3,912023 0,000714
нижне-волжская 3,218876 0,000587
нижне-кочергинский 3,912023 0,000714
нижне-ревякский 3,912023 0,000714
нижнее 0,916291 0,002173
нижний 0,494296 0,001713
низконапорный 3,506558 0,001280
низменность 1,714798 0,000313
низменный 1,897120 0,000692
никитина 2,302585 0,000420
николаевск 1,966113 0,000359
николай 0,867501 0,000158
николая 0,916291 0,000167
нобелевский 2,207275 0,000403
нобель 3,506558 0,000640
новаграда 3,912023 0,000714
новгород 0,867501 0,001741
новгорода 2,040221 0,001489
новгороде 2,659260 0,001456
новгородский 2,040221 0,000744
новогодний 2,407946 0,000439
новодевичье 2,120264 0,000387
новодевичьи 3,912023 0,000714
новое 0,287682 0,000105
новокуйбышевск 2,120264 0,000387
новосад 3,912023 0,000714
новоульяновск 2,120264 0,000387
новочебоксарск 2,120264 0,000387
новугороду 3,912023 0,000714
новъгород 3,912023 0,000714
новый 0,083382 0,000091
нога 2,995732 0,000547
нолинский 3,506558 0,000640
номер 0,634878 0,000116
норвежский 0,248461 0,000045
ноябрь 0,127833 0,000093
ныне 0,653926 0,000119
оар 3,912023 0,001427
оару 3,912023 0,000714
оба 0,597837 0,000109
обеспечивать 0,415515 0,000152
обитать 1,469676 0,000268
областиреки 3,506558 0,007037
область 0,150823 0,001513
облик 1,203973 0,000220
обмеление 2,813411 0,001027
обозначать 1,609438 0,000587
обозначить 1,771957 0,000323
оборона 1,108663 0,000202
образ 0,287682 0,000157
образование 0,356675 0,000065
образовать 0,385662 0,000352
образоваться 0,967584 0,000530
обращение 0,030459 0,000144
обрыв 3,218876 0,000587
обсерватория 1,966113 0,000359
обход 1,469676 0,000536
обширный 1,078810 0,000394
общепризнанный 2,407946 0,000439
общество 0,415515 0,000227
общий 0,186330 0,000102
объединение 0,776529 0,000283
объединить 0,867501 0,000158
объединять 1,108663 0,000405
объект 0,235722 0,000301
объективный 2,207275 0,000403
обычно 0,693147 0,000253
огибать 2,659260 0,000485
огрудок 3,912023 0,000714
ода 2,995732 0,000547
одежда 2,120264 0,000387
один 0,051293 0,000056
однако 0,174353 0,000223
одновременно 0,776529 0,000142
одноименный 0,967584 0,000353
оздоровление 3,912023 0,001427
озеро 0,673345 0,000860
ока 2,525729 0,003687
оказаться 0,820981 0,000300
окарь 3,912023 0,000714
океан 0,994252 0,000726
окраина 1,049822 0,000192
окрестность 0,941609 0,000172
округареки 2,995732 0,000547
окский 3,218876 0,001175
октябрь 0,072571 0,000093
октябрьск 2,120264 0,000387
октябрьский 0,776529 0,000142
олега 1,966113 0,000359
оледенение 2,525729 0,000461
онлайн 0,198451 0,000036
ооо 0,843970 0,000154
оопт 3,218876 0,000587
описание -0,009950 -0,000002
описать 1,347074 0,000246
описывать 1,427116 0,000521
оптимум 3,218876 0,000587
опыт 1,427116 0,000260
опытный 1,108663 0,000202
орбита 2,407946 0,000439
организация -0,009950 -0,000002
орел 1,386294 0,000253
оренбургский 1,714798 0,000313
оригинал 0,139262 0,000152
ориентировать 1,660731 0,000303
орион 2,995732 0,000547
орловский 2,302585 0,000840
орошение 2,995732 0,000547
орудие 1,897120 0,000346
оружие 1,203973 0,000220
оршинский 3,912023 0,000714
осадка 1,237874 0,000452
осадок 0,544727 0,000099
осенний 2,302585 0,000420
осень 0,941609 0,000344
осетр 2,207275 0,000805
осетровые 2,813411 0,001027
осипов 0,527633 0,000193
ослабевать 3,912023 0,000714
основа 0,210721 0,000038
основное 0,235722 0,000215
основной 0,040822 0,000074
особенно 0,562119 0,000103
оставаться 0,544727 0,000099
остальное 1,897120 0,000346
остановиться 2,120264 0,000387
остаток 1,203973 0,000220
осташковский 3,912023 0,000714
остров 0,820981 0,000749
островской 2,040221 0,000744
осуществить 1,237874 0,000226
осуществляться 0,616186 0,000225
отапливаться 3,912023 0,000714
отвести 2,813411 0,000513
ответственность -0,009950 -0,000002
отделение 0,713350 0,000130
отдельный -0,009950 -0,000005
отделяться 2,659260 0,000485
отечественный 0,634878 0,000116
отказ -0,009950 -0,000002
отклик 3,218876 0,000587
открытка 2,207275 0,000403
открыть 0,150823 0,000028
отличаться 0,342490 0,000062
отличие 0,798508 0,000146
отложение 2,040221 0,000372
отметка 1,386294 0,000253
отмечать 1,078810 0,000394
отмечаться 0,994252 0,000363
относиться 0,328504 0,000180
отождествляться 3,506558 0,000640
отправлять 2,040221 0,000372
отразить 1,832581 0,000334
отредактировать -0,009950 -0,000002
отрезка 2,525729 0,000461
отто 3,218876 0,000587
оунб 3,506558 0,001280
очень 0,494296 0,000180
очерк 0,733969 0,000134
очистка 1,771957 0,000323
ошибка 0,994252 0,000181
ошибкекак -0,009950 -0,000002
паводок 2,120264 0,001161
палео-волга 3,912023 0,002141
палео-дон 3,912023 0,000714
палео-дона 3,912023 0,000714
палео-кама 3,912023 0,000714
палео-ока 3,912023 0,000714
палеопотамологических 3,912023 0,000714
памятник 0,597837 0,000327
пар 1,309333 0,000239
параллельно 1,237874 0,000226
парашинский 3,912023 0,001427
парк 0,653926 0,000239
паромный 2,302585 0,001260
пароход 2,207275 0,002014
пароходный 2,995732 0,000547
пароходство 1,832581 0,001672
пароходы-паромы 3,912023 0,000714
паспорт 1,897120 0,000346
паулсен 3,506558 0,000640
пежма 3,912023 0,000714
пежмарь 3,912023 0,000714
пензенская 2,207275 0,000403
пено 3,912023 0,000714
пеновский 3,912023 0,001427
первое 0,150823 0,000193
первоначальный 1,203973 0,000220
первый 0,162519 0,000148
перевозка 0,891598 0,000163
переволок 2,302585 0,001260
перегородить 3,218876 0,000587
переизд 3,912023 0,000714
переименование 1,469676 0,000268
перейти -0,009950 -0,000004
перекат 2,995732 0,000547
переломный 2,813411 0,001027
перемещаться 2,407946 0,000439
переправа 1,514128 0,001658
перераспределить 3,912023 0,000714
пересекать 1,966113 0,000717
пересечь 2,407946 0,000439
переставать 2,995732 0,000547
переть 1,108663 0,000607
переуглублений 3,912023 0,000714
перечень 1,108663 0,000202
период 0,274437 0,000701
пермский 1,966113 0,000717
пермь 0,994252 0,000181
персидский 1,897120 0,000692
персональный -0,009950 -0,000002
песнь 1,469676 0,000536
песня 1,427116 0,002083
петр 1,108663 0,000202
печать -0,009950 -0,000004
пешеходный 1,560648 0,000285
пещер 1,897120 0,000346
питание 1,171183 0,000427
питать 3,218876 0,000587
питаться 3,218876 0,000587
плейстоцен 3,218876 0,001175
плейстоценовый 3,912023 0,000714
плес 1,832581 0,001337
плиоцен 3,506558 0,001919
плоскодонный 3,912023 0,000714
плотина 1,514128 0,003315
плотинап 3,912023 0,000714
плотно 2,813411 0,000513
площадка 0,867501 0,000158
площадь 0,385662 0,000422
плюс 1,272966 0,000232
поварить 3,912023 0,000714
поведение -0,009950 -0,000002
поверхностный 1,514128 0,001934
повествование 2,813411 0,000513
повести 1,832581 0,000334
повод 1,897120 0,000346
поволжский 2,302585 0,001260
поволжье 1,832581 0,001003
поволжьем 3,506558 0,000640
поволжья 1,714798 0,001251
повыситься 2,407946 0,000439
погодин 3,912023 0,000714
подвесной 3,912023 0,000714
подготовить 1,386294 0,000253
поддержание 2,407946 0,000439
поддерживать 0,994252 0,000181
поддерживаться 1,660731 0,000303
поджабный 3,506558 0,000640
подкрепить 3,218876 0,000587
подняться 1,660731 0,000303
подобный 0,994252 0,000181
подосинов 3,912023 0,000714
подразделять 3,218876 0,000587
подъем 1,386294 0,000506
поздний 1,171183 0,000214
позже 0,733969 0,000134
поиск -0,009950 -0,000004
пойма 1,609438 0,001175
показать 0,891598 0,000163
покорение 2,302585 0,000420
покрывать 2,407946 0,000439
полагать 2,120264 0,000774
политик -0,009950 -0,000004
полноводный 2,995732 0,001093
полностью 0,400478 0,000073
полный 0,328504 0,000060
половина 0,430783 0,000236
половодье 2,207275 0,001611
положение 0,415515 0,000303
полужирный 1,966113 0,000359
полуостров 1,171183 0,000214
полупустынный 2,659260 0,000485
получать 0,916291 0,000167
получить 0,150823 0,000055
поль 3,506558 0,000640
польза 1,714798 0,000313
пользоваться 1,139434 0,000208
польше 2,659260 0,000485
помещать 2,407946 0,000439
помочь 1,171183 0,000214
понести 2,813411 0,000513
пономарева 2,813411 0,000513
понтонный 3,218876 0,001175
попадать 1,771957 0,000323
попасть 1,049822 0,000192
попеременный 3,912023 0,000714
пора 0,776529 0,000142
порт 0,733969 0,001071
портал 0,342490 0,000062
портыволжского 3,912023 0,000714
пос 2,040221 0,000372
посад 1,469676 0,000268
посвящать 3,506558 0,000640
посев 3,218876 0,000587
поселение 0,634878 0,000116
посидоний 3,912023 0,000714
поскольку 0,941609 0,000172
послевоенный 1,309333 0,000239
последнее 0,843970 0,000308
последний -0,009950 -0,000004
послужить 1,469676 0,000268
поспелов 1,021651 0,000186
пост 1,078810 0,000197
постепенно 0,867501 0,000158
постоянная 0,843970 0,000154
построение 1,560648 0,000285
построить 0,301105 0,000275
постройка 0,867501 0,000633
потечь 3,506558 0,000640
поход 1,203973 0,000439
поэма 2,302585 0,000420
поэтому 0,616186 0,000112
появление 0,653926 0,000119
пра-волги 3,912023 0,000714
правительство 0,510826 0,000280
править -0,009950 -0,000004
правка 0,274437 0,000050
правкиновые -0,009950 -0,000002
правкипостоянная -0,009950 -0,000002
правый 0,798508 0,000291
праздник 1,203973 0,000220
праславянский 3,912023 0,000714
превратиться 1,386294 0,000253
превышать 0,673345 0,000123
предел 0,400478 0,000219
предисл 2,120264 0,000774
предложить 0,820981 0,000150
предопределить 2,207275 0,000403
предотвращение 2,302585 0,000840
предполагать 1,171183 0,000427
предполагаться 1,078810 0,000197
предположительно 1,966113 0,000359
предположить 2,302585 0,000420
предпосылка 2,525729 0,000461
предприятие 0,527633 0,000385
представитель 0,653926 0,000239
представить 0,328504 0,000060
представиться -0,009950 -0,000002
представлять 0,328504 0,000060
представляться 2,407946 0,000439
прежде 1,049822 0,000192
президент 0,597837 0,000109
президентский 2,120264 0,000774
президиум 1,171183 0,000214
прекратить 0,916291 0,000334
прекратиться 2,407946 0,000439
преобладать 0,713350 0,000130
преследовать 2,525729 0,000461
пресный 2,407946 0,000439
прибалтийско-финских 3,912023 0,000714
приблизительно 1,514128 0,000276
привести 0,356675 0,000130
приветствовать 3,912023 0,000714
приводить 0,776529 0,000283
приволжский 1,609438 0,001175
придерживаться 2,995732 0,000547
признак 1,714798 0,000313
прилегать 1,237874 0,000226
приложение 0,733969 0,000134
пример 0,527633 0,000289
примерно 0,634878 0,000232
примечание -0,009950 -0,000007
примыкать 1,386294 0,000253
принимать 0,634878 0,000347
принять 0,248461 0,000136
приобретение 2,302585 0,000420
приоритетный 2,040221 0,000744
природа 0,653926 0,000119
природный 0,510826 0,000280
пристань 1,427116 0,000521
присущий 2,207275 0,000403
притка 1,427116 0,000260
приток 1,078810 0,002756
приходить 1,309333 0,000717
приходиться 0,693147 0,000253
причерноморье 2,525729 0,000461
проблемный 1,966113 0,000359
проведение 0,673345 0,000123
провести 0,579818 0,000106
проводиться 0,653926 0,000119
программа 0,415515 0,000076
программный 1,272966 0,000232
прогресс 1,309333 0,000239
прогулочный 2,525729 0,000461
продаваться 2,525729 0,000461
продолжение 1,347074 0,000246
продолжительность 1,021651 0,000186
продукция 0,941609 0,000172
проект -0,009950 -0,000005
проживать 0,776529 0,000142
произведение 1,021651 0,000373
производиться 1,108663 0,000405
производство 0,527633 0,000096
произойти 0,430783 0,000236
происходить 0,328504 0,000120
происхождение 0,776529 0,000567
пролеткина 3,912023 0,000714
пролив 1,771957 0,000323
промысел 2,659260 0,000485
промысловый 2,407946 0,000879
промышленность 0,494296 0,000090
промышлять 0,462035 0,000084
пропустить 2,995732 0,001093
прорубь 3,218876 0,000587
просмотр -0,009950 -0,000002
простираться 1,714798 0,001251
простор 2,040221 0,000372
пространство 0,634878 0,000463
протекать 1,108663 0,000809
против 0,798508 0,000437
протобулгарах 3,912023 0,000714
проток 1,660731 0,000606
протокол 1,139434 0,000208
проточный 3,912023 0,001427
протяжение 0,843970 0,000154
протяженность 0,776529 0,000142
протяжной 3,912023 0,000714
проф 1,771957 0,000647
профессиональный 0,733969 0,000268
профессия 2,302585 0,000420
проход 2,407946 0,000439
проходить 0,462035 0,000253
прохождение 2,659260 0,000485
прохоров 1,078810 0,000197
прохорова 3,218876 0,000587
прочее 0,544727 0,000099
прошлое 0,673345 0,000369
псковский 2,407946 0,000439
птолемееву 3,912023 0,000714
птолемей 3,218876 0,001175
птолемея 3,218876 0,000587
публикация 1,272966 0,000232
пугачева 2,302585 0,000420
пункт 0,494296 0,000180
пустой 2,525729 0,000922
путеводитель 0,713350 0,000521
путевой 2,525729 0,000461
путь 0,261365 0,000715
пучеж 2,120264 0,000387
пушкин 0,916291 0,000167
пьеса 2,120264 0,001161
пять 0,693147 0,000253
работа 0,127833 0,000047
работать 0,314711 0,000115
рав 3,912023 0,000714
равнина 0,867501 0,000158
рагозин 3,912023 0,001427
радиационный 2,302585 0,000420
раз -0,009950 -0,000002
развитие 0,127833 0,000163
развить 0,616186 0,000112
разговорный 2,995732 0,000547
разгром 2,302585 0,000420
раздел 0,342490 0,000250
разделамивикипедия 2,813411 0,000513
разин 2,813411 0,001027
разина 2,207275 0,000805
разиня 3,912023 0,000714
разлив 2,207275 0,001208
различный 0,116534 0,000021
разное 1,078810 0,000197
разный 0,314711 0,000115
разработчик -0,009950 -0,000002
разряд 2,040221 0,000744
райгород 3,912023 0,000714
район 0,430783 0,001572
рамка 0,478036 0,000087
рана 0,776529 0,000283
рангха 3,912023 0,000714
раннечетвертичный 3,912023 0,000714
ранний 0,733969 0,000670
рано 0,261365 0,000048
ранха 3,912023 0,000714
располагаться 0,544727 0,000298
расположение 0,776529 0,000142
расположить 0,385662 0,000422
распоряжение 1,139434 0,000208
распространить 0,616186 0,000112
рассказ 1,514128 0,000276
рассматриваться 1,203973 0,000220
растворить 2,995732 0,000547
расти 0,941609 0,000344
растянуть 3,218876 0,000587
расход 1,347074 0,001966
расходовать 2,995732 0,000547
расцвет 2,040221 0,000372
расчистка 3,218876 0,000587
расшива 3,506558 0,000640
расширение 0,415515 0,000076
расшифровать 3,506558 0,000640
рать 3,506558 0,000640
ревякский 3,912023 0,001427
регион 0,385662 0,000281
регнум 2,995732 0,000547
регулирование 2,040221 0,001117
ред 0,235722 0,000688
редактирование 1,897120 0,000346
реестр 1,272966 0,000232
режим 0,653926 0,000477
режиссер 1,660731 0,000909
резерват 3,506558 0,000640
резервный 2,525729 0,000461
резко 0,967584 0,000353
результат 0,174353 0,000159
река 0,446287 0,006025
реконструкция 0,820981 0,000150
религиозный 0,891598 0,000163
репин 1,966113 0,000717
репницын 3,912023 0,000714
республика 0,527633 0,000289
ресурс 0,020203 0,000037
речка 1,427116 0,000260
речной 0,693147 0,002782
речь 1,514128 0,000276
решаться 2,813411 0,000513
ржев 1,771957 0,000647
ржева 3,912023 0,001427
ржеве 3,912023 0,000714
ржевская 3,912023 0,000714
ржевский 2,995732 0,000547
ржевскоеи 3,912023 0,000714
рис 2,995732 0,000547
ровный 1,771957 0,000323
рогова 3,218876 0,000587
род 0,843970 0,000154
родиной-матерью 3,912023 0,000714
роль 0,494296 0,000721
роман 1,237874 0,000452
романов-борисоглебска 3,912023 0,000714
романовский 2,659260 0,000485
романс 3,506558 0,000640
российский 0,105361 0,000250
россия 0,174353 0,000573
рост 0,597837 0,000109
ростропович 3,218876 0,000587
рублев 3,506558 0,000640
рубль 0,755023 0,000276
рудный 2,407946 0,000439
рука 1,139434 0,000416
рукав 2,120264 0,003482
руководство 0,544727 0,000099
румо 3,506558 0,000640
рус 0,162519 0,001423
русло 1,386294 0,001265
русский -0,009950 -0,000034
русь 1,139434 0,000416
ручей 1,771957 0,000323
рыба 1,514128 0,001934
рыбак 2,040221 0,000372
рыбаков 3,506558 0,000640
рыбинск 1,203973 0,000439
рыбинска 3,506558 0,001280
рыбинске 3,506558 0,000640
рыбинский 1,966113 0,003228
рыбный 1,609438 0,000294
рыболовный 2,813411 0,000513
рыболовство 2,207275 0,000805
рыбопромышленность 3,912023 0,000714
ряд 0,223144 0,000204
рязанов 3,506558 0,000640
рязанский 1,966113 0,000359
сабанеев 3,912023 0,000714
саврас 2,995732 0,001093
садоводство 2,813411 0,000513
сазан 3,506558 0,000640
сайт 0,210721 0,000038
саксонию 3,912023 0,000714
сам 0,162519 0,000059
самара 0,891598 0,000651
самарская 2,207275 0,001611
самарского 2,659260 0,000485
самарской 2,813411 0,002567
самару 2,659260 0,000485
самары 2,659260 0,001456
самолет 1,237874 0,000452
самостоятельный 0,820981 0,000150
самый 0,174353 0,000127
сапожников 3,506558 0,000640
саратов 0,967584 0,000706
саратова 2,813411 0,001027
саратовас 3,912023 0,000714
саратове 2,813411 0,001027
саратовский 1,966113 0,005022
сармат 2,659260 0,000485
сарпинский 3,506558 0,000640
сахибгареевой 3,912023 0,000714
сборник 0,597837 0,000109
сброс 1,660731 0,000303
сведение 0,579818 0,000317
свердловская 2,659260 0,000485
свет 0,941609 0,000515
светлый 1,386294 0,000506
свидетельство 1,714798 0,000313
свинарь 3,912023 0,000714
свияга 3,506558 0,001280
свияжск 2,120264 0,000387
свобода 1,108663 0,000202
свободный -0,009950 -0,000004
свое 0,287682 0,000157
своимъ 3,912023 0,000714
свой 0,150823 0,000028
свойство 0,415515 0,000152
связать 0,174353 0,000223
связаться -0,009950 -0,000002
связывать 0,916291 0,000502
связь 0,174353 0,000191
святовский 3,912023 0,000714
святослава 2,813411 0,000513
сдерживаться 2,659260 0,000485
себя 0,198451 0,000036
север 0,527633 0,000193
севернее 1,966113 0,001076
северные 1,171183 0,000855
северный 0,385662 0,000422
северо-восток 1,237874 0,000226
северодвинский 3,912023 0,000714
севрюга 3,218876 0,000587
сезон 0,916291 0,000167
сей 0,693147 0,000126
секретно 3,506558 0,000640
селение 1,832581 0,000334
селигерский 3,912023 0,000714
селижаровка 3,912023 0,001427
селижарово 2,120264 0,000387
селижаровский 3,912023 0,001427
селищенский 3,912023 0,000714
село 0,891598 0,000163
сельскохозяйственный 0,941609 0,000344
семантический 2,525729 0,000922
семь 0,820981 0,000150
сенгилеевские 3,912023 0,000714
сенгилей 2,120264 0,000387
сентябрь 0,072571 0,000106
середина 0,356675 0,000390
середыш 3,912023 0,000714
серьезно 1,897120 0,000346
серьезный 1,386294 0,000253
сеть 0,356675 0,000195
сидор 2,995732 0,000547
сильно 0,755023 0,000413
сильный 0,544727 0,000099
симбирск 3,506558 0,000640
символ 0,733969 0,000134
симеизский 2,813411 0,000513
симонов 2,659260 0,000970
синоним 2,407946 0,000439
система 0,051293 0,000084
системаи 3,912023 0,000714
системеобсуждениевкладсоздать -0,009950 -0,000002
ситник 3,218876 0,001175
сить 3,912023 0,000714
сицилийский 3,912023 0,000714
сицкарь 3,912023 0,000714
сказать 1,714798 0,000313
сказка 1,660731 0,000303
скакулинский 3,912023 0,000714
скачать -0,009950 -0,000002
скворцовые 3,912023 0,000714
скиф 2,525729 0,000922
скифия 3,506558 0,000640
скифский 2,525729 0,000461
скобарь 3,912023 0,000714
скоропеч 3,912023 0,000714
скульптура 0,916291 0,000167
слабый 1,660731 0,000303
славянский 1,386294 0,000759
слева 1,108663 0,000202
следовать 0,235722 0,000086
следствие 1,560648 0,000285
сливаться 2,407946 0,000439
слияние 1,609438 0,001762
словарь 0,094311 0,000120
словарь-справочник 1,560648 0,000569
слово 0,210721 0,000384
случай -0,009950 -0,000004
случаться 1,832581 0,000334
смежность 3,912023 0,000714
смоленский 1,966113 0,000359
смотровой 3,506558 0,000640
смысл 1,272966 0,000232
снегов 3,506558 0,000640
снижаться 1,514128 0,000276
снизиться 1,609438 0,000294
снять 1,237874 0,000452
соболев 3,218876 0,000587
собрание 0,634878 0,000116
событияпожертвовать -0,009950 -0,000002
совершаться 2,120264 0,000387
совершенно 2,302585 0,000420
совет 0,462035 0,000084
советский 0,261365 0,000429
совместить 2,040221 0,000372
совр 2,813411 0,002567
современность 1,386294 0,000253
современный 0,150823 0,000220
согласно 0,301105 0,000220
согожа 3,912023 0,000714
содержание 0,010050 0,000002
содержать 0,634878 0,000116
содержаться 1,560648 0,000285
соединение 1,237874 0,000226
соединить 0,994252 0,000181
созвучный 3,506558 0,000640
создание 0,301105 0,000275
создать 0,210721 0,000115
сок 2,995732 0,001093
сокол 1,469676 0,001073
соколий 3,506558 0,000640
соколова 2,525729 0,000461
сокольское 2,040221 0,000372
сократить 1,560648 0,000285
сокращаться 1,897120 0,000346
соликамска 3,912023 0,000714
соль 1,660731 0,001212
сом 2,995732 0,000547
сообщаться 2,407946 0,000439
сообщить -0,009950 -0,000002
соорудить 1,897120 0,000692
сооружение 0,733969 0,001071
сооружениявдхр 3,912023 0,000714
сормово 3,506558 0,001280
сормовский 3,506558 0,001280
сорок 1,897120 0,000692
сост 0,597837 0,000218
состав 0,248461 0,000045
составлять 0,198451 0,000145
состояние 0,248461 0,000091
сотни 1,427116 0,000521
сохранение -0,009950 -0,000005
сохраниться 0,820981 0,000150
сохранять 1,427116 0,000260
социалистический 1,272966 0,000232
союз 0,579818 0,000106
спб 0,385662 0,000070
специальный 0,415515 0,000076
спиридонов 3,218876 0,000587
список 0,210721 0,000154
сплошь 3,506558 0,000640
способствовать 0,867501 0,000317
справка 1,203973 0,000220
справочный 1,514128 0,000276
спутник 1,560648 0,000854
сравнительно 1,897120 0,000346
среди 0,198451 0,000036
средне-волжский 3,506558 0,000640
средне-ревякский 3,912023 0,000714
среднегодовой 0,776529 0,000142
среднее 0,342490 0,000687
среднерусский 2,813411 0,000513
средниепритоки 3,912023 0,000714
средний 0,371064 0,000880
срезать 3,912023 0,000714
ссср 0,314711 0,000632
ссылка -0,009950 -0,000011
ссылкасведения -0,009950 -0,000002
став 1,771957 0,000323
сталин 2,525729 0,001382
сталинград 2,995732 0,000547
сталинграда 2,813411 0,000513
сталинградский 2,813411 0,000513
становиться 0,415515 0,000076
становление 1,237874 0,000226
старица 1,897120 0,000692
старицкий 3,912023 0,000714
староволжский 3,912023 0,000714
староречье 3,912023 0,000714
старый 0,314711 0,000287
статистик -0,009950 -0,000002
стать 0,083382 0,000091
статьислучайная -0,009950 -0,000002
статьисообществофорумсправкасвежие -0,009950 -0,000002
статья 0,020203 0,000037
статьяобсуждение -0,009950 -0,000002
статьятекущие -0,009950 -0,000002
стекать 3,218876 0,000587
степан 2,407946 0,000879
степана 1,966113 0,000717
степане 3,912023 0,000714
степень 0,673345 0,000123
степной 1,609438 0,000294
стер 2,207275 0,000403
стерж 3,912023 0,000714
стерлядь 2,995732 0,001093
стихотворение 2,120264 0,000774
сток 1,660731 0,003939
столбичи 3,912023 0,000714
сторона 0,235722 0,000086
сточный 1,560648 0,000285
стоя 2,995732 0,000547
стр 1,309333 0,000239
страбон 2,813411 0,000513
страна 0,235722 0,000172
страница -0,009950 -0,000011
страницасодержаниеизбранные -0,009950 -0,000002
страницецитировать -0,009950 -0,000002
страницуполучить -0,009950 -0,000002
страницыслужебные -0,009950 -0,000002
стратегический 1,469676 0,000536
стрежень 3,218876 0,000587
стрелка 1,560648 0,000854
строганов 3,506558 0,000640
строительство 0,462035 0,000506
строиться 0,693147 0,000253
струг 3,218876 0,000587
структура 0,400478 0,000073
структурный 1,427116 0,000260
субботин 3,506558 0,000640
субтропический 1,832581 0,000334
субширотный 3,912023 0,000714
субъект 0,597837 0,000545
суворов 2,302585 0,000840
суд 0,693147 0,001012
судак 2,525729 0,000922
судапароход 3,912023 0,000714
судовой 3,218876 0,000587
судостроительный 1,966113 0,001435
судоходный 1,714798 0,001877
судоходство 1,660731 0,002424
сужаться 3,506558 0,000640
суздаль 2,995732 0,000547
сура 2,995732 0,001093
сурик 2,813411 0,000513
суффикс 2,995732 0,002733
существо 2,302585 0,000420
существование 0,693147 0,000253
существовать 0,020203 0,000011
схема 0,916291 0,000167
счет 0,562119 0,000103
считать 0,597837 0,000436
считаться 0,385662 0,000281
сыграть 1,714798 0,000626
сызранка 3,912023 0,000714
сызранский 2,995732 0,000547
сызрань 1,237874 0,000226
сызранью 3,506558 0,000640
сырой 2,525729 0,000461
сюдасвязанные -0,009950 -0,000002
сюкеевы 3,912023 0,000714
такое 0,328504 0,000240
такой 0,162519 0,000119
таловый 3,912023 0,001427
тамбовский 2,659260 0,000485
танаис 3,218876 0,000587
танкер 2,659260 0,001941
тасс 1,171183 0,000214
тат 2,120264 0,001161
татарика 2,659260 0,000485
татарстан 2,120264 0,001161
татарстанареки 3,912023 0,000714
твардовского 3,506558 0,000640
тверец 3,912023 0,001427
твери 3,912023 0,002141
тверицкая 3,912023 0,000714
тверской 2,659260 0,003881
тверь 1,514128 0,002486
тверью 3,506558 0,000640
творчество 1,021651 0,000186
текст -0,009950 -0,000004
тематика 1,897120 0,000346
температура 0,510826 0,000093
теория 1,049822 0,000192
тепловой 1,660731 0,000303
теплоход 1,514128 0,001934
терентьев 3,506558 0,000640
терешка 3,912023 0,000714
терра 2,659260 0,000485
территория 0,356675 0,000716
терять 2,120264 0,000387
тетюши 2,120264 0,000387
тетюшинские 3,912023 0,000714
техник 0,713350 0,000260
технический 0,462035 0,000084
течение 0,314711 0,000689
течь 0,274437 0,000401
тил 3,912023 0,000714
тип 0,072571 0,000066
тихвинской 3,218876 0,000587
ткань 2,207275 0,000403
товарищество 1,966113 0,000359
товарный -0,009950 -0,000002
тогдашний 2,407946 0,000439
той 0,994252 0,000363
толстый 1,309333 0,000239
тольятти 1,514128 0,001381
тонна 1,108663 0,000202
топоним 1,078810 0,000197
топонимический 0,776529 0,000283
топор 2,659260 0,000485
торговля 0,579818 0,000423
торговый 0,597837 0,001527
тоска 3,912023 0,000714
точка 0,478036 0,000436
точно 1,966113 0,000359
традиция 0,891598 0,000163
трансгрессия 2,995732 0,000547
транспорт 0,616186 0,000337
транспортный 0,616186 0,000450
требовать 0,562119 0,000103
треть 1,237874 0,000226
три 0,248461 0,000045
тройной 3,218876 0,000587
трубачева 2,407946 0,000439
труд 0,597837 0,000109
тульский 2,659260 0,000485
тутаев 2,040221 0,000372
тыл 1,771957 0,000323
тыс 0,430783 0,000629
тысяча 0,371064 0,000271
тысячелетие 1,427116 0,000260
тюлень 2,813411 0,001027
тюрк 2,525729 0,000461
тюркология 3,912023 0,000714
тюркский 1,386294 0,000506
увеличение 0,733969 0,000134
увеличить 1,309333 0,000239
увеличиться 0,843970 0,000154
уводь 3,912023 0,000714
углич 2,040221 0,000744
угличский 3,506558 0,002559
угличско-даниловскую 3,912023 0,000714
углубление 3,218876 0,000587
углубляться 3,218876 0,000587
удмурт 1,660731 0,000303
удмуртия 2,659260 0,000485
уездный 1,469676 0,000268
узел 0,527633 0,000096
узкий 1,171183 0,000214
указание -0,009950 -0,000002
указать 0,083382 0,000046
уклон 2,207275 0,000403
ул 3,506558 0,000640
ульяновск 1,078810 0,000197
ульяновска 3,218876 0,000587
ульяновске 3,506558 0,000640
ульяновский 1,966113 0,001435
уменьшиться 1,832581 0,000669
ун-та 2,120264 0,000387
ундорские 3,912023 0,000714
унжа 3,912023 0,001427
унженской 3,912023 0,000714
университет 0,328504 0,000060
упадок 2,040221 0,000372
упоминание 0,967584 0,000353
упоминать 2,207275 0,000403
упоминаться 1,203973 0,000220
употребление 1,714798 0,000313
употребляться 1,832581 0,000334
управление 0,248461 0,000045
урала 1,609438 0,000881
уральский 1,560648 0,000285
уровень 0,150823 0,000193
уроженец 1,660731 0,000303
ус 2,995732 0,000547
усилие 1,660731 0,000303
усилиться 2,525729 0,000461
условие -0,009950 -0,000005
услонские 3,912023 0,000714
усольский 3,218876 0,000587
установить 0,328504 0,000120
установление 1,021651 0,000186
устный 2,407946 0,000439
уступать 1,609438 0,000294
устье 0,634878 0,002085
устьюгеографиябольшиеи 3,912023 0,000714
усыскин 3,912023 0,000714
усыхание 3,506558 0,000640
утв 3,506558 0,000640
утес 2,407946 0,000439
уфа 0,967584 0,000353
уходить 1,386294 0,000253
участие -0,009950 -0,000004
участок 0,616186 0,000675
ученый 0,653926 0,000239
учетный -0,009950 -0,000002
учитывать 1,514128 0,000553
учредительный 2,659260 0,000485
учредить 1,108663 0,000202
учреждение 0,653926 0,000119
ушакова 2,207275 0,000403
ушьи 3,912023 0,000714
факт 0,634878 0,000116
фактически 0,916291 0,000167
фактор 0,994252 0,000363
фасмер 1,966113 0,000359
февраль 0,051293 0,000028
феденко 3,506558 0,001280
федеральный 0,462035 0,000084
федерация 0,510826 0,000559
федор 1,560648 0,000285
федорова 2,207275 0,000403
федотов 2,995732 0,000547
федотова 2,995732 0,000547
феликс 3,912023 0,000714
феофан 2,995732 0,000547
феофана 3,912023 0,000714
фильм 1,049822 0,001341
фин 2,525729 0,000461
флот 1,347074 0,000492
флотилия 2,120264 0,001161
фольклор 2,525729 0,001382
фомин 2,525729 0,000461
фонд -0,009950 -0,000002
фонетически 3,912023 0,000714
формирование 0,597837 0,000218
форум 1,203973 0,000220
фотография 1,108663 0,000405
фраза 2,525729 0,000461
фридман 3,506558 0,000640
фрунзе 2,525729 0,000461
хазария 3,506558 0,000640
хазарский 2,302585 0,000840
халифат 3,218876 0,000587
ханство 1,771957 0,000323
характер 0,653926 0,000119
характеризоваться 0,891598 0,000163
характеристика 0,415515 0,000076
хвалисское 3,912023 0,000714
хвалынск 2,120264 0,000387
хвалынский 3,218876 0,000587
хлеб 1,832581 0,000334
хлебная 2,302585 0,000420
хлопок 3,506558 0,000640
ход 0,510826 0,000093
ходить 1,514128 0,000276
ходка 3,912023 0,000714
хозяйственный 1,203973 0,000220
хотя 0,653926 0,000119
хронист 3,912023 0,000714
художественный 0,653926 0,000119
худякова 3,506558 0,000640
царевна 3,218876 0,000587
царицын 2,813411 0,002053
царь 1,078810 0,000197
цвести 2,659260 0,000485
цель 0,371064 0,000068
центр 0,287682 0,000157
центральный 0,400478 0,000146
цивиль 3,912023 0,001427
цимлянский 2,995732 0,001640
чагра 3,912023 0,000714
чайкина 3,912023 0,000714
чапаевка 3,912023 0,000714
частично 0,653926 0,000239
частичный 1,514128 0,000276
частный 0,634878 0,000116
часто 0,415515 0,000227
часть 0,061875 0,000135
чебоксарский 3,506558 0,003839
чебоксары 1,171183 0,000641
человек 0,186330 0,000136
челябинская 2,302585 0,000420
черед 2,813411 0,000513
черемшан 3,912023 0,000714
черное 1,237874 0,000226
чернозатонские 3,912023 0,000714
черный 0,843970 0,000154
честь 0,562119 0,000205
четвертичный 2,302585 0,000840
четвертый 0,994252 0,000181
четыре 0,597837 0,000109
чехии 2,407946 0,000439
чешский 1,966113 0,000359
читатьпросмотр 2,040221 0,000372
читаться 2,995732 0,000547
чичерин 3,912023 0,000714
чичуров 3,912023 0,000714
чкаловск 2,040221 0,000372
чкалову 3,506558 0,000640
чопау 3,912023 0,000714
чув 3,218876 0,001762
чувашииреки 3,912023 0,000714
чувашия 2,659260 0,000970
чуна 3,506558 0,000640
чунарь 3,912023 0,000714
шабан 3,912023 0,004996
шаблон 0,462035 0,000084
шаляпин 2,813411 0,000513
шашков 3,506558 0,000640
шексна 3,912023 0,001427
шельф 2,040221 0,000372
шип 2,995732 0,000547
ширина 0,916291 0,000167
широкий 0,494296 0,000090
широко 0,653926 0,000239
широта 1,237874 0,000678
шишова 3,506558 0,000640
шкура 3,912023 0,000714
шлюз 2,525729 0,000922
шмидт 2,659260 0,000485
шоша 3,912023 0,000714
шрифт 1,897120 0,000346
щель 3,506558 0,000640
щука 2,813411 0,000513
щукобор 3,912023 0,000714
щучий 3,506558 0,000640
эдил 3,912023 0,000714
экз 0,415515 0,000455
экипаж 2,525729 0,000461
экологический 0,693147 0,000253
экология 0,562119 0,000308
экономический 0,478036 0,000174
экскурс 2,995732 0,000547
эксмо 2,525729 0,000461
эксплуатация 0,776529 0,000142
экспорт -0,009950 -0,000002
электронный 0,478036 0,000174
элреки 3,912023 0,000714
эльдар 3,506558 0,000640
эльтон 3,506558 0,000640
энгельс 1,560648 0,000285
энциклопедия -0,009950 -0,000024
эпоха 0,713350 0,000390
эратосфен 3,912023 0,000714
эрз 3,506558 0,000640
эрозия 2,302585 0,000420
эст 3,218876 0,000587
этацизм 3,912023 0,000714
этимологический 2,040221 0,000372
этимология 0,616186 0,000337
юбилейный 0,798508 0,000146
юго-восточный 1,108663 0,000202
южнее 1,832581 0,000334
южный 0,385662 0,000141
юрино 2,120264 0,000387
юршинский 3,912023 0,000714
юрьев 2,995732 0,000547
юрьевец 2,120264 0,000387
явление 1,021651 0,000559
являться 0,040822 0,000074
язык -0,009950 -0,000015
языкознание 2,995732 0,000547
ямнех 3,912023 0,000714
январь 0,105361 0,000173
ярослав 3,218876 0,000587
ярославле 3,506558 0,000640
ярославлем 2,995732 0,000547
ярославль 1,078810 0,001378
ярославля 3,218876 0,001175
ярославский 2,302585 0,002521
ясинский 3,218876 0,000587
яштах 3,912023 0,000714
