абсолютная 2,302585 0,000420
авар 3,912023 0,000714
авария 3,218876 0,000587
августа 0,072571 0,000066
авесте 3,912023 0,000714
авт 1,469676 0,000268
автодорожного 2,995732 0,000547
автомобильных 1,386294 0,000253
автоподтвержденных 2,120264 0,000387
авторов 1,386294 0,000253
авторства -0,009950 -0,000002
агентивный 3,912023 0,000714
административные 1,514128 0,000276
адмиралтейство 2,995732 0,000547
аза 3,912023 0,000714
азовским 2,407946 0,000439
азовское 2,407946 0,000439
айвазовский 2,659260 0,000485
академика 1,714798 0,000313
аквариум 2,813411 0,000513
активную 2,120264 0,000387
активным 2,407946 0,000439
акчагыльской 3,912023 0,000714
алабин 3,506558 0,000640
алг 3,912023 0,000714
алгоритм 2,120264 0,000387
алекс 3,506558 0,000640
александр 0,693147 0,000506
александровский 2,120264 0,000387
александровым 3,912023 0,000714
алексей 1,049822 0,000192
алешина 3,218876 0,000587
аллювиальной 3,912023 0,000714
аллювий 3,912023 0,001427
алтай 2,407946 0,000439
алфавиту 2,813411 0,000513
алфавитувикипедия 0,776529 0,000142
алфавитуволгареки 3,912023 0,000714
алфавитукарточка 2,207275 0,000403
альбом 2,120264 0,000387
альтернативные 2,302585 0,000420
аммиана 3,912023 0,000714
амударья 3,912023 0,000714
анализ 1,237874 0,000226
ананьев 3,912023 0,000714
анастасия 2,813411 0,000513
анатолия 2,407946 0,000439
ангарой 3,506558 0,000640
англ 0,174353 0,000064
андрея 1,832581 0,000334
анненского 3,912023 0,000714
анофриев 3,506558 0,000640
античности 2,525729 0,000461
античные 2,813411 0,000513
античных 2,659260 0,000485
антропогене 3,506558 0,000640
апрель 1,469676 0,000268
апреля 0,174353 0,000159
арабелла 3,912023 0,000714
арабская 3,506558 0,000640
арабского 2,407946 0,000439
арабы 1,832581 0,000334
аракс 3,506558 0,001280
аракса 3,506558 0,000640
аридной 3,506558 0,000640
аристотеля 2,995732 0,000547
армии 1,049822 0,000192
армянского 2,995732 0,000547
арх 0,544727 0,000298
архангельская 2,813411 0,000513
археология 2,120264 0,000387
архивировано 0,020203 0,000096
архипов 3,506558 0,000640
арь 3,912023 0,002141
асафовы 3,912023 0,000714
аст 0,820981 0,000300
аст-пресс 3,506558 0,000640
астероид 1,966113 0,000359
астероидыскрытые 2,813411 0,000513
астрахани 2,407946 0,003515
астраханская 2,302585 0,001260
астраханский 2,995732 0,002186
астраханского 2,813411 0,000513
астраханской 2,525729 0,001382
астрахань 0,967584 0,000530
астрономии 2,302585 0,000840
атевикипедия 3,912023 0,000714
атель 3,912023 0,000714
атл 3,912023 0,000714
атлантического 2,207275 0,000403
атлас 1,272966 0,000465
атлека 3,912023 0,001427
атырауской 3,912023 0,000714
афанасия 2,525729 0,000461
ахтуба 3,506558 0,001919
ахтубой 3,912023 0,000714
ахтубы 3,912023 0,000714
базис 3,506558 0,000640
бакинской 3,506558 0,000640
баку 2,207275 0,000805
бал 3,912023 0,000714
балаково 2,120264 0,001161
баланс 1,832581 0,000334
балахна 2,120264 0,000387
балахнинские 3,912023 0,000714
балахнинской 3,912023 0,000714
балтийским 2,407946 0,000439
балтийских 3,506558 0,000640
балтского 3,912023 0,000714
банные 3,912023 0,000714
барбашов 3,912023 0,000714
баркаса 3,912023 0,000714
баррикады 2,040221 0,000744
баскунчак 3,506558 0,000640
бассейн 1,078810 0,000984
бассейна 1,386294 0,004806
бассейне 1,897120 0,000692
бассейнов 1,660731 0,000606
бассейнового 2,525729 0,000461
бассейну 2,659260 0,000485
бахтемир 3,912023 0,002141
бахчеводство 3,218876 0,000587
баш 3,506558 0,000640
башкортостан 2,207275 0,000403
баяна 3,912023 0,000714
бейшлот 3,912023 0,000714
бейшлота 3,912023 0,000714
бейшлотп 3,912023 0,000714
беларуская 0,000000 0,000000
белая 1,832581 0,000334
белой 1,660731 0,000303
беломорско-балтийский 3,506558 0,000640
белоногов 3,912023 0,000714
белуга 3,218876 0,000587
белую 2,995732 0,000547
белый 1,514128 0,000276
белым 2,207275 0,000403
беляна 3,912023 0,000714
берег 1,021651 0,000186
берега 0,916291 0,000334
берегам 1,897120 0,000692
берегов 1,832581 0,001003
бережков 3,912023 0,000714
берет 1,966113 0,000717
бернштейна 3,912023 0,000714
бертюль 3,912023 0,000714
берущая 3,912023 0,000714
бесприданница 3,912023 0,001427
бессточный 3,912023 0,000714
библиографических 0,094311 0,000017
библиотека 0,462035 0,000169
биосферный 3,218876 0,000587
битвы 2,120264 0,000387
близ 1,237874 0,000678
близкое 2,659260 0,000485
богатые 2,407946 0,000439
боголюбов 3,912023 0,000714
богородские 3,912023 0,000714
богуславский 3,218876 0,000587
болгар 1,966113 0,000359
болда 3,506558 0,001280
большая 0,072571 0,000185
большевиков 1,966113 0,000359
большие 0,891598 0,000488
большинства 1,609438 0,000294
большинству 3,218876 0,000587
большое 0,544727 0,000298
большой 0,328504 0,000300
большую 0,891598 0,000163
бор 1,427116 0,000260
борисовский 3,912023 0,000714
бородин 2,995732 0,000547
борок 3,506558 0,000640
борский 2,995732 0,001093
браташова 3,912023 0,000714
братом 3,506558 0,000640
братьев 1,832581 0,000334
брокгауза 0,328504 0,000180
бронштэн 3,912023 0,000714
бросает 3,912023 0,000714
брянская 3,218876 0,000587
будут 1,203973 0,000220
бузан 3,912023 0,002141
бузачи 3,506558 0,000640
булгар 2,813411 0,000513
булгария 3,506558 0,000640
булгарский 3,912023 0,000714
булычев 3,506558 0,000640
бульвар 1,714798 0,000313
бунтарь 3,912023 0,000714
бурением 3,912023 0,000714
бурлак 3,912023 0,001427
бурлаки 3,218876 0,001175
бурлаков 3,506558 0,001280
бурлачить 3,912023 0,000714
буряад 0,000000 0,000000
български 0,000000 0,000000
бывает 1,660731 0,000303
быстрой 3,506558 0,000640
бьет 3,218876 0,000587
бьефах 3,912023 0,000714
бюджетное 2,302585 0,000420
бюро 1,427116 0,000260
вавилова 2,995732 0,000547
важнейшие 2,302585 0,000420
важнейший 2,813411 0,000513
важную 1,771957 0,000323
важным 1,386294 0,000253
вазуза 3,912023 0,002855
валдайская 3,506558 0,000640
валдайских 3,912023 0,000714
валдайской 3,912023 0,002141
валерию 3,912023 0,000714
вандал 3,912023 0,000714
ваня-коммунист 3,912023 0,000714
васильево 2,120264 0,000387
васильевские 3,506558 0,000640
васильсурск 2,120264 0,000387
вашла 0,000000 0,000000
вброд 3,912023 0,000714
введенный 2,813411 0,000513
вверх 1,832581 0,000334
вдоль 0,755023 0,000689
век 0,733969 0,000134
века 0,248461 0,000453
веках 1,021651 0,000373
веке 0,597837 0,000764
веков 0,713350 0,000390
великая 1,514128 0,000276
великие 2,207275 0,000403
великий 1,469676 0,000536
великой 0,653926 0,000477
великыи 3,912023 0,001427
величайшую 3,912023 0,000714
величия 3,218876 0,000587
версии 0,446287 0,000163
версия -0,009950 -0,000004
верхиты 3,912023 0,000714
верхне-ветлянский 3,912023 0,000714
верхне-волжская 3,506558 0,000640
верхне-волжский 3,912023 0,004996
верхне-кочергинский 3,912023 0,000714
верхне-парашинский 3,912023 0,000714
верхне-ревякский 3,912023 0,000714
верхневолжские 3,506558 0,000640
верхневолжский 3,218876 0,001175
верхневолжских 3,912023 0,000714
верхневолжского 3,912023 0,001427
верхневолжское 3,506558 0,001280
верхневолжье 3,218876 0,000587
верхней 1,272966 0,001626
верхнем 1,771957 0,001293
верхних 2,525729 0,000461
верхнюю 2,813411 0,001027
верхняя 1,108663 0,000405
верховье 3,912023 0,000714
верховья 3,506558 0,000640
верховьях 2,659260 0,000485
весеннее 3,218876 0,000587
весенний 2,207275 0,000403
весенним 3,218876 0,000587
весной 1,049822 0,000192
весну 3,218876 0,000587
вестник 1,049822 0,000383
вестника 3,506558 0,000640
ветлуга 3,506558 0,001280
ветлянкие 3,912023 0,000714
вехи 2,995732 0,000547
вешин 3,506558 0,000640
вешние 3,912023 0,000714
веществ 1,171183 0,000214
взгляд 1,514128 0,000276
взрыв 2,120264 0,000387
взя 3,912023 0,000714
вид 0,494296 0,000271
виде 0,235722 0,000043
видевдате 3,912023 0,000714
видео 1,049822 0,000192
видов 0,616186 0,000112
виды 0,798508 0,000146
видят 2,995732 0,000547
византией 3,218876 0,000587
византийский 3,218876 0,000587
викиданные 0,776529 0,000283
викиданных -0,009950 -0,000002
викимедиа -0,009950 -0,000002
википедии -0,009950 -0,000005
википедия -0,009950 -0,000004
викискладвикиновостивикицитатникэлемент 2,525729 0,000461
викискладе 0,174353 0,000032
вильга 3,912023 0,000714
винныи 3,912023 0,000714
висячий 3,506558 0,000640
включает 0,462035 0,000084
влага 2,813411 0,000513
владимиро-суздальской 3,912023 0,000714
владимирович 1,771957 0,000323
владимирская 2,407946 0,000439
владыка 3,218876 0,000587
власти 0,634878 0,000116
влияние 0,776529 0,000142
вльга 3,912023 0,000714
вместить 3,912023 0,000714
вначале 2,813411 0,000513
вне 1,560648 0,000285
внешние 0,051293 0,000009
вниз 1,171183 0,000427
внутреннего 2,120264 0,000387
внутренние 2,040221 0,000372
внутренний 2,302585 0,000420
внутренних 1,237874 0,000226
вобла 3,506558 0,000640
вод 1,078810 0,001575
вода 1,203973 0,000220
водами 1,897120 0,000346
водарский 3,506558 0,000640
водились 3,218876 0,000587
водная 1,771957 0,000647
водного 1,171183 0,000641
водности 3,912023 0,001427
водностью 3,912023 0,000714
водные 1,386294 0,001012
водный 1,237874 0,000452
водным 2,120264 0,000387
водных 1,347074 0,000737
водовод 3,912023 0,000714
водоем 2,302585 0,000420
водой 2,120264 0,000387
водораздел 3,218876 0,000587
водосбора 2,659260 0,000485
водосборного 2,813411 0,000513
водосборной 3,506558 0,000640
водосток 3,218876 0,000587
водоток 2,813411 0,000513
водотока 3,912023 0,000714
водотоков 2,995732 0,000547
водоходъ 3,912023 0,000714
водохранилищ 2,525729 0,005069
водохранилища 1,272966 0,001161
водохранилище 1,609438 0,002936
водохранилищем 2,995732 0,000547
воду 1,386294 0,000253
воды 0,653926 0,001551
водятся 2,302585 0,000420
военная 1,108663 0,000405
военные 1,237874 0,000452
возведена 1,966113 0,000359
возвышенностей 2,995732 0,001093
возвышенности 1,714798 0,001877
возвышенность 2,659260 0,000485
возможно 0,867501 0,000317
возможность 0,616186 0,000112
возник 1,469676 0,000268
возникли 1,714798 0,000313
возникновению 2,525729 0,000461
возникновения 1,469676 0,000268
возраст 1,897120 0,000692
возросло 2,407946 0,000439
войне 1,049822 0,000192
войны 0,478036 0,000262
вокзал 0,820981 0,000150
вокруг 0,693147 0,000126
волга 1,660731 0,030300
волга-реченька 3,912023 0,001427
волга-речка 3,912023 0,000714
волгамар 3,912023 0,000714
волгарей 3,912023 0,000714
волгари 3,912023 0,001427
волгарить 3,912023 0,000714
волгарь 2,995732 0,004919
волгарь-доброволец 3,912023 0,000714
волге 1,771957 0,016165
волге-реке 3,912023 0,000714
волгеистория 3,912023 0,000714
волги 1,771957 0,026510
волго 3,912023 0,001427
волго-ахтубинская 3,912023 0,000714
волго-ахтубинской 3,506558 0,000640
волго-балт 3,912023 0,000714
волго-балтийским 3,912023 0,000714
волго-вятском 3,912023 0,000714
волго-дон 3,912023 0,001427
волго-донской 2,813411 0,001540
волго-каспийский 3,912023 0,001427
волго-уральском 3,912023 0,000714
волговерховская 3,912023 0,000714
волговерховский 3,912023 0,000714
волговерховье 2,120264 0,001547
волгоград 1,139434 0,000624
волгограда 2,995732 0,004919
волгограде 3,506558 0,001919
волгоградом 3,218876 0,000587
волгоградская 2,995732 0,001640
волгоградский 3,218876 0,001762
волгоградское 3,506558 0,001280
волгоградской 3,506558 0,001280
волгодонская 3,506558 0,001280
волгодонскую 3,912023 0,000714
волгой 2,407946 0,003075
волгонефть 3,506558 0,000640
волгореченск 2,120264 0,000387
волготанкер 3,912023 0,000714
волгу 1,966113 0,005739
волгыдо 3,912023 0,000714
волжане 3,912023 0,001427
волжанин 3,506558 0,000640
волжанъ 3,912023 0,001427
волжск 2,120264 0,000387
волжская 2,659260 0,002911
волжские 3,506558 0,001280
волжский 2,120264 0,005803
волжских 2,813411 0,001027
волжско-камского 3,912023 0,000714
волжско-камское 3,912023 0,000714
волжско-каспийская 3,912023 0,000714
волжского 2,302585 0,002941
волжское 2,813411 0,000513
волжской 2,120264 0,001934
волнами 2,995732 0,000547
волога 3,912023 0,000714
вологда 1,203973 0,000220
вологодская 2,995732 0,000547
вологодской 3,506558 0,000640
володарский 3,218876 0,000587
володимеромъ 3,912023 0,000714
волоковского 3,912023 0,000714
волшебные 0,040822 0,000007
вольск 2,120264 0,000387
вопрос 0,967584 0,000177
вопросу 1,386294 0,000253
вопросы 1,049822 0,000383
вороний 3,912023 0,000714
воронина 3,506558 0,000640
вороновская 3,912023 0,000714
восемь 1,660731 0,000303
воск 3,506558 0,000640
восставших 2,813411 0,000513
восстанавливалось 3,506558 0,000640
восстановление 1,609438 0,000294
восток 1,021651 0,000186
востока 1,078810 0,000197
востоке 1,108663 0,000202
восточная 1,309333 0,000239
восточной 0,693147 0,000126
восточный 1,021651 0,000186
восходящий 3,506558 0,000640
впадает 1,771957 0,001616
впадал 3,506558 0,000640
впадала 3,506558 0,001280
впадающая 2,813411 0,001027
впадающего 3,912023 0,000714
впадающие 2,302585 0,000420
впадения 1,514128 0,001658
впервые 0,385662 0,000141
вперед 2,995732 0,000547
впечатления 3,218876 0,000587
вратарь 2,995732 0,000547
врезания 3,912023 0,000714
времен 0,941609 0,000172
времена 1,108663 0,000202
времени 0,186330 0,000034
временных 2,302585 0,000420
время 0,030459 0,000056
всеи 3,912023 0,000714
всей 0,693147 0,000506
вселуг 3,912023 0,000714
вселукский 3,912023 0,000714
всем 0,891598 0,000325
всему 1,272966 0,000232
всероссийской 0,713350 0,000130
вскрывается 3,218876 0,000587
вскрытие 2,995732 0,000547
встретить 2,207275 0,000403
встречается 1,203973 0,000879
вся 0,994252 0,000181
втечет 3,912023 0,000714
второго 1,139434 0,000208
второй 0,274437 0,000050
входе 2,659260 0,000485
входит 0,653926 0,000119
выборов 1,897120 0,000346
выводят 2,813411 0,000513
вывозились 3,506558 0,000640
выделения 2,813411 0,000513
выделены 1,560648 0,000285
выделилось 3,506558 0,000640
выделит 3,218876 0,000587
вылавливалось 3,912023 0,000714
выловленных 3,912023 0,000714
вымпел 3,218876 0,000587
выносила 3,912023 0,000714
вып 0,798508 0,000291
выполнения 1,560648 0,000569
высокий 1,347074 0,000246
высоких 1,237874 0,000226
высота 0,562119 0,000513
высоте 1,514128 0,000276
высотой 1,108663 0,000202
высоты 1,427116 0,000260
выставки 1,660731 0,000303
выставлены 3,506558 0,000640
выше 0,616186 0,000787
вышло 2,525729 0,000461
вышневолоцкая 3,912023 0,000714
вышневолоцкой 3,912023 0,000714
вязовские 3,912023 0,000714
вязовые 2,120264 0,000387
вятичей 3,506558 0,001280
газа 1,309333 0,000239
газета 0,616186 0,000112
газету 2,995732 0,000547
газеты 0,994252 0,000181
газли 3,506558 0,000640
галичско-чухломскую 3,912023 0,000714
гардкоуты 3,912023 0,000714
гаситель 3,912023 0,000714
гвр 2,659260 0,000485
гвркарточка 2,813411 0,000513
генезис 2,995732 0,000547
географа 2,995732 0,000547
географгиз 3,218876 0,001175
географии 1,609438 0,000294
географическая 2,407946 0,000439
географические 0,713350 0,000260
географического 1,386294 0,000506
географическое 0,693147 0,000506
географы 2,995732 0,000547
геологическая 2,525729 0,000461
геоморфология 3,912023 0,000714
георгиевский 2,995732 0,000547
георгий 1,560648 0,000285
геродот 3,218876 0,001762
геродота 2,659260 0,001456
геродотова 3,912023 0,000714
геродотову 3,912023 0,000714
гидрографической 3,218876 0,000587
гидрография 1,427116 0,000260
гидрологическая 2,525729 0,003226
гидрологический 2,659260 0,000970
гидрологических 2,995732 0,000547
гидрологическом 2,995732 0,000547
гидрометеоиздат 1,897120 0,003115
гидронимия 3,912023 0,000714
гидросооружений 3,912023 0,000714
гидроудар 3,912023 0,000714
гидроузла 2,813411 0,001027
гидроэлектростанций 3,218876 0,001175
гидроэлектроэнергии 3,912023 0,000714
гипотезы 2,302585 0,000420
гкгн 0,994252 0,000181
гкгнпро 0,916291 0,000167
глава 0,673345 0,000369
главенстве 3,912023 0,000714
главной 0,941609 0,000515
главные 1,660731 0,000303
глубин 2,407946 0,000879
глубока 3,912023 0,001427
говор 3,506558 0,000640
говорам 3,912023 0,000714
говорит 2,040221 0,000372
говорится 2,525729 0,000922
говорком 3,912023 0,000714
год 0,235722 0,000301
года -0,009950 -0,000060
годавикипедия 0,616186 0,000112
годах 0,385662 0,000141
годов 0,356675 0,000195
годового 2,525729 0,000922
годовой 1,897120 0,000692
годовые 2,813411 0,000513
годом 0,941609 0,000172
году 0,072571 0,000132
годукарточка 2,995732 0,000547
годы 0,356675 0,000065
головкинские 3,912023 0,000714
голодный 3,506558 0,000640
голоцена 3,218876 0,000587
гончарова 2,659260 0,000485
гор 1,309333 0,000717
горах 1,714798 0,000626
горецкий 3,912023 0,000714
горная 2,120264 0,000387
горных 1,966113 0,000359
город 0,544727 0,000099
города 0,430783 0,001258
города-миллионера 2,659260 0,000485
городами 0,916291 0,000167
городе 0,693147 0,000379
городец 2,120264 0,000387
городецкая 1,660731 0,000909
городецкий 3,218876 0,000587
городецких 3,912023 0,000714
городов 0,579818 0,000423
городок 1,386294 0,000253
городца 3,912023 0,001427
гортанный 3,912023 0,000714
горы 1,108663 0,000607
горький 2,525729 0,000922
горьковское 3,218876 0,001175
горького 1,139434 0,000624
государства 0,843970 0,000462
государственного 0,616186 0,000112
государственный 0,430783 0,000079
гражданской 0,967584 0,000530
границе 1,347074 0,000246
границей 1,966113 0,000717
григорием 2,207275 0,000403
гроза 2,995732 0,000547
грозным 2,813411 0,000513
грузов 1,560648 0,000285
грунтовыми 3,218876 0,000587
группы 0,634878 0,000116
губайдуллиной 3,912023 0,000714
гулянье 3,912023 0,000714
гумилев 3,218876 0,000587
гэс 1,832581 0,005684
гэсаж 3,912023 0,002855
далее 0,693147 0,000126
даль 2,659260 0,000485
далью 3,912023 0,000714
дамб 3,506558 0,000640
данные 0,510826 0,000093
данными 1,514128 0,000276
дарий 3,912023 0,000714
дария 3,912023 0,000714
дата 0,030459 0,000150
датская 0,342490 0,000062
двигая 3,912023 0,000714
двух 0,462035 0,000084
дебаркадер 3,506558 0,000640
действий 1,560648 0,000285
действия 1,427116 0,000260
действовать -0,009950 -0,000002
декабря 0,105361 0,000173
делении 2,995732 0,000547
дельта 2,040221 0,001861
дельте 2,659260 0,000970
дельту 3,218876 0,001762
дельты 2,659260 0,000485
денежный 3,218876 0,000587
день 0,562119 0,000513
деревни 1,660731 0,000303
деревня 1,609438 0,000294
держа 3,912023 0,000714
деятельностью 1,714798 0,000313
дзержинский 2,302585 0,000420
диалектного 3,506558 0,000640
дивии 3,912023 0,000714
дилогия 3,912023 0,000714
димитриева 3,912023 0,000714
динамическая 2,995732 0,000547
диодора 3,912023 0,000714
дискуссии 2,525729 0,000461
длина 1,171183 0,001282
длине 1,660731 0,000303
длиннейший 3,912023 0,000714
длинный 2,525729 0,000922
длиной 1,272966 0,000465
дмитрии 3,218876 0,000587
дней 0,446287 0,000163
днепровскому 3,912023 0,000714
дноуглубительные 3,912023 0,000714
дня 0,478036 0,000087
доватур 3,912023 0,000714
довольно 0,891598 0,000325
дождевыми 3,506558 0,001280
докоица 3,912023 0,000714
документальная 3,506558 0,000640
документальный 2,207275 0,000403
долгий 2,813411 0,000513
доледниковый 3,912023 0,000714
долин 2,813411 0,002053
долина 1,660731 0,000909
долине 2,120264 0,000387
долинная 3,912023 0,000714
долину 2,995732 0,000547
долины 1,897120 0,001385
долматовский 3,912023 0,000714
доманицкий 3,912023 0,000714
дон 1,966113 0,000717
дона 2,407946 0,000439
доном 2,813411 0,000513
доном-азовским-черным 3,912023 0,000714
доп 0,597837 0,000218
дополнительные -0,009950 -0,000002
дореволюционной 2,302585 0,000420
дорог 0,891598 0,000163
дорогам 2,995732 0,000547
дорогап 3,912023 0,000714
достигаев 3,912023 0,000714
достигает 1,347074 0,000246
достигала 2,995732 0,000547
достигали 3,218876 0,001175
достигшее 3,912023 0,000714
доступ 1,203973 0,000439
доступен -0,009950 -0,000002
древнегреческих 2,813411 0,000513
древнеиранской 3,912023 0,000714
древней 1,560648 0,000285
древнейшем 3,912023 0,000714
древнейшие 2,995732 0,001093
древнерусской 2,407946 0,000439
древние 1,560648 0,000854
древний 1,660731 0,000303
другая 1,897120 0,000346
другие 0,030459 0,000022
других -0,009950 -0,000007
другое 1,049822 0,000192
дубинушка 3,912023 0,000714
дубна 2,120264 0,000774
дубненский 3,912023 0,000714
дубны 3,912023 0,000714
дубовка 2,040221 0,000372
дубровина 3,506558 0,000640
духа 2,302585 0,000420
духовницкое 2,120264 0,000387
духовное 2,040221 0,000372
дятловы 3,912023 0,000714
евгением 2,995732 0,000547
европе 0,916291 0,000334
европейской 0,891598 0,000325
европы 0,673345 0,000123
егор 2,659260 0,000485
единиц 0,673345 0,000123
единого 1,714798 0,000313
единственным 1,347074 0,000246
ежегодно 0,916291 0,000167
екатерина 1,514128 0,000276
емельяна 2,813411 0,000513
енисея 2,302585 0,000840
епархии 1,108663 0,000202
ергени 3,506558 0,000640
еремина 3,912023 0,000714
еремяном 3,912023 0,000714
еруслан 3,912023 0,001427
естественное 2,525729 0,000461
естественный 1,966113 0,000359
естествознания 2,525729 0,000922
ефрона 0,328504 0,000180
железнодорожные 1,272966 0,000232
железнодорожный 0,755023 0,000138
жестокий 3,912023 0,000714
живет 2,207275 0,000805
живописи 1,771957 0,000323
живыми 3,912023 0,000714
жигулевск 1,832581 0,000334
жигулевская 3,506558 0,001280
жигулевские 3,218876 0,001175
жигулевский 3,218876 0,000587
жигулевских 3,506558 0,000640
жигулевской 3,218876 0,000587
жигулевскую 3,912023 0,000714
жигулей 3,506558 0,000640
жигули 3,218876 0,000587
жизнь 0,693147 0,000253
жителей 0,673345 0,000860
жители 1,049822 0,000192
житель 1,714798 0,000939
журнал 0,510826 0,000093
забелин 3,506558 0,000640
заболоченные 2,525729 0,000461
завод 0,798508 0,000583
заводе 1,660731 0,000303
завознями 3,912023 0,000714
заволжск 2,120264 0,000387
заволжье 2,040221 0,000372
заглавная -0,009950 -0,000002
заголовок 2,659260 0,000485
загрязнена 3,218876 0,000587
загрязнение 1,309333 0,000239
загрязнением 2,302585 0,000420
загрязнения 1,203973 0,000439
загрязненных 2,407946 0,000439
задолго 3,506558 0,000640
заиканова 3,912023 0,000714
займищенский 3,912023 0,000714
закавказье 2,525729 0,000461
залежи 2,659260 0,000485
залив 1,897120 0,000346
заложена 2,120264 0,000387
замерзает 2,525729 0,000461
замеры 2,659260 0,000485
заметки 2,302585 0,000420
занимает 0,616186 0,000112
занимающийся 3,218876 0,000587
занятий 2,525729 0,000461
заняты 2,207275 0,000403
запад 1,427116 0,000260
запада 1,021651 0,000186
западе 1,347074 0,000246
западно-казахстанской 3,912023 0,000714
западном 1,714798 0,000313
западный 1,560648 0,000285
записьвойти -0,009950 -0,000002
заповедник 1,966113 0,000717
запрещена 3,506558 0,000640
запуска 1,832581 0,000334
зарегистрированный -0,009950 -0,000002
зарегулирован 3,506558 0,000640
зарегулирована 3,506558 0,001280
заселенностью 3,912023 0,000714
заселенный 3,506558 0,000640
заселяет 3,912023 0,000714
засолки 3,912023 0,000714
затем 0,527633 0,000385
затон 1,560648 0,000285
затонувших 3,218876 0,000587
затоны 3,912023 0,000714
затоплены 2,813411 0,000513
затруднителен 3,912023 0,000714
зафиксировал 3,218876 0,000587
зафиксировано 2,207275 0,000403
защита 1,469676 0,000268
защите 1,897120 0,000346
защитные 3,218876 0,000587
защищена 2,040221 0,000372
заявление -0,009950 -0,000002
заявлении 3,506558 0,000640
збекча 0,000000 0,000000
звенигово 2,120264 0,000387
зди 0,000000 0,000000
зеленодольск 1,237874 0,000226
зеленодольский 3,506558 0,000640
земель 1,272966 0,000697
земле 0,994252 0,000363
зерновых 2,995732 0,000547
зимней 2,659260 0,000485
зимние 2,207275 0,000403
зимнюю 2,995732 0,000547
зимой 0,713350 0,000390
зимы 1,609438 0,000294
змеевы 3,912023 0,000714
змеиной 3,912023 0,000714
знак -0,009950 -0,000002
значение 0,314711 0,000402
значением 1,966113 0,000359
значении 1,714798 0,000626
значения 0,105361 0,000077
значительно 0,510826 0,000186
значительное 1,309333 0,000239
значительную 1,309333 0,000239
значительных 1,771957 0,000323
зона 0,891598 0,000163
зоне 0,527633 0,000385
зоны 0,755023 0,000138
зороастр 3,506558 0,000640
зосима 3,912023 0,000714
зрения 1,272966 0,000929
зубова 2,407946 0,000439
зубцов 2,040221 0,000372
зубцовский 3,912023 0,001427
зыкиной 3,912023 0,001427
иван 0,843970 0,000154
иванов 1,560648 0,000285
ивановская 2,995732 0,001093
ивановской 2,659260 0,000485
иваном 2,040221 0,000372
иваньковская 3,912023 0,001427
иваньковского 2,120264 0,000387
иваньковское 3,912023 0,001427
играли 2,407946 0,001318
идел 3,912023 0,002141
идет 1,078810 0,000197
идущие 2,995732 0,000547
из-за 0,415515 0,000152
известен 1,203973 0,000439
известна 1,897120 0,000346
известно 1,237874 0,000226
известных 1,171183 0,000214
извода 3,912023 0,000714
изд 0,314711 0,000057
изд-во 1,049822 0,000192
издания 1,049822 0,000192
изменился 2,120264 0,000387
изученность 2,525729 0,003226
икры 3,506558 0,000640
илеть 3,912023 0,000714
илистых 3,912023 0,000714
иллюстрированный 2,813411 0,000513
илья 2,040221 0,000372
имеет 0,235722 0,000043
имени 0,462035 0,000084
именно 0,544727 0,000298
иметь 1,272966 0,000232
императорский 2,813411 0,001027
империи 0,733969 0,000268
индустриализацией 3,218876 0,000587
инженерные 2,813411 0,000513
инкогнита 3,912023 0,000714
институт 0,478036 0,000087
инструментальными 3,912023 0,000714
инструменты -0,009950 -0,000004
интересам 2,995732 0,000547
интересно 3,218876 0,000587
иосиф 2,407946 0,000879
иранского 2,995732 0,000547
иранское 3,912023 0,000714
иргиз 3,506558 0,001919
ирон 0,000000 0,000000
исаева 3,506558 0,000640
исидора 3,912023 0,000714
исконного 3,912023 0,000714
искусстве 1,609438 0,000294
искусство 0,994252 0,000181
искусством 3,218876 0,000587
исландия 2,407946 0,000439
испарение 2,659260 0,000970
исповедник 3,912023 0,000714
исполнении 1,560648 0,000285
исполняемая 3,912023 0,000714
использовались 1,660731 0,000606
использовало 2,995732 0,000547
использования -0,009950 -0,000004
использовать 1,171183 0,000214
использующие 0,040822 0,000015
используя 1,966113 0,000359
исправить 1,832581 0,000334
испытывала 3,218876 0,000587
исследование 1,427116 0,000260
исследований 0,941609 0,000172
исследования 0,733969 0,000134
исследованный 3,912023 0,000714
исследователи 1,469676 0,000804
исток 1,469676 0,002413
истока 1,021651 0,002050
истоке 2,995732 0,000547
истоки 2,040221 0,000372
истокустье 3,218876 0,000587
истории 0,248461 0,000181
историко-бытового 3,912023 0,000714
историко-географический 2,995732 0,000547
исторически 1,078810 0,000197
исторические 0,941609 0,000687
исторический 0,653926 0,000119
история 0,051293 0,000056
источник -0,009950 -0,000004
источниках 1,386294 0,001012
источники 0,415515 0,000152
исходя 2,207275 0,000805
исчезнувшей 3,912023 0,000714
итацизм 3,912023 0,000714
итиль 3,912023 0,003569
итиля 3,912023 0,000714
июль 0,579818 0,000212
июля 0,116534 0,000085
июнь 0,544727 0,000099
июня 0,116534 0,000085
кавказ 1,771957 0,000323
кадышева 3,912023 0,000714
каз 2,995732 0,000547
казаков 1,660731 0,000303
казани 1,771957 0,000970
казанка 3,506558 0,000640
казанский 1,897120 0,000346
казанского 1,660731 0,000303
казанское 2,659260 0,000485
казань 0,891598 0,000488
казахстана 1,966113 0,001435
казачий 2,120264 0,000387
калийных 3,218876 0,000587
каллистов 3,912023 0,000714
калм 3,912023 0,002141
калмыкииреки 3,912023 0,000714
калмыкия 2,659260 0,001941
калужская 2,813411 0,000513
калязин 2,040221 0,000372
калязинский 3,912023 0,000714
кама 3,218876 0,006460
каме 2,995732 0,001093
камелика 3,912023 0,000714
камой 3,912023 0,001427
камских 3,218876 0,000587
камского 2,995732 0,001640
камское 1,966113 0,000359
камскому 3,912023 0,000714
камы 2,813411 0,007700
камызяк 3,506558 0,001280
камышин 2,120264 0,000387
камышина 3,912023 0,001427
канал 0,843970 0,000616
каналы 2,120264 0,000387
канатная 2,525729 0,000461
канонерская 3,912023 0,001427
канцеляризмы 2,995732 0,000547
караваны 3,218876 0,000587
караман 3,912023 0,000714
карелия 2,525729 0,000461
карп 3,218876 0,000587
карт 1,514128 0,000276
картам 2,813411 0,000513
картами 0,562119 0,000103
картах 2,040221 0,000744
карте 1,108663 0,000202
картина 2,302585 0,000420
картинах 2,995732 0,000547
карты 0,941609 0,000172
каскад 2,407946 0,000439
каскада 2,813411 0,001540
каспий 2,407946 0,000879
каспийского 1,897120 0,001385
каспийское 1,897120 0,003461
каспия 2,995732 0,000547
каталанская 0,527633 0,000096
каталогах 0,094311 0,000017
катастрофы 2,525729 0,000461
категории -0,009950 -0,000004
кашиной 3,912023 0,000714
керженец 3,912023 0,000714
кигач 3,912023 0,000714
километра 1,897120 0,000346
километрах 1,514128 0,000276
километров 1,078810 0,000197
километровый 3,506558 0,000640
кимрский 3,912023 0,000714
кимры 2,120264 0,000387
кинематографе 2,995732 0,000547
кинешемский 3,912023 0,000714
кинешма 2,120264 0,000774
кинокомпания 3,218876 0,000587
кинорежиссера 3,506558 0,000640
кирилова 3,912023 0,000714
кировская 2,659260 0,000485
китайская 0,776529 0,000142
клавдий 3,218876 0,000587
клавдия 3,506558 0,000640
классическая 2,120264 0,000387
климат 0,494296 0,000090
климовский 3,912023 0,000714
ключ 1,660731 0,000303
книга 0,843970 0,000154
книги 0,916291 0,000167
княжеская 3,506558 0,000640
княжна 3,912023 0,000714
княземъ 3,912023 0,000714
князь 1,771957 0,000970
князя 1,139434 0,000208
код -0,009950 -0,000005
кодаистория 2,040221 0,000372
кодекс -0,009950 -0,000002
козино 2,120264 0,000387
козинский 3,912023 0,000714
козловка 2,120264 0,000387
козьма 3,218876 0,000587
козьмодемьянск 2,120264 0,000387
коковкинская 3,912023 0,000714
кокшага 3,912023 0,001427
колебания 1,714798 0,000939
количество 0,328504 0,000300
колхозник 3,912023 0,001427
комедийный 3,912023 0,000714
комедия 3,506558 0,000640
коми 1,514128 0,000553
комикъарачай-малкъар 0,000000 0,000000
комитета 1,203973 0,000220
комлев 3,912023 0,000714
комментарии 1,386294 0,000253
коммерческое 2,407946 0,000439
компании 0,579818 0,000106
комплексный 2,407946 0,000439
композитор 1,966113 0,000359
конаково 2,120264 0,000387
конец 0,798508 0,000146
конкретизациивикипедия 1,714798 0,000313
коновалов 3,218876 0,000587
константин 1,560648 0,000285
константиновский 1,966113 0,000359
конструкторское 2,995732 0,000547
контроль 1,427116 0,000260
контроля 1,560648 0,000285
конфиденциальности -0,009950 -0,000002
конца 0,562119 0,000205
конце 0,430783 0,000314
концу 0,994252 0,000181
координаты 1,469676 0,000536
кор 2,525729 0,000461
корабли 2,659260 0,000485
коренной 2,995732 0,000547
коровий 3,912023 0,000714
коронкевич 3,912023 0,000714
короткие 2,302585 0,000420
короткий -0,009950 -0,000002
короче 3,506558 0,000640
корчева 2,040221 0,000372
косарь 3,912023 0,000714
космонавтов 2,040221 0,000372
кострома 1,171183 0,000855
костромская 3,218876 0,001175
костромской 2,813411 0,001540
костромы 3,506558 0,001280
которая 0,287682 0,000157
которое 0,478036 0,000174
которой 0,174353 0,000223
которому 0,843970 0,000154
которосль 3,506558 0,000640
которую 0,867501 0,000158
которые 0,162519 0,000119
который 0,105361 0,000058
которых 0,094311 0,000034
кочевников 2,120264 0,000387
кочергинские 3,912023 0,000714
кочергинский 3,912023 0,000714
край 0,891598 0,000325
крайних 3,506558 0,000640
красавчик 3,912023 0,000714
красная 1,108663 0,000202
красницкий 3,912023 0,000714
красное 1,832581 0,000669
красное-на-волге 2,120264 0,000387
краснослободск 2,120264 0,000387
краснощекова 3,912023 0,000714
красные 1,660731 0,000606
краю 1,966113 0,000359
края 0,713350 0,000651
кременские 3,912023 0,000714
кремлевские 3,506558 0,000640
крепкой 3,912023 0,000714
крестный 3,218876 0,000587
крестьян 2,302585 0,000420
кровопролитные 3,912023 0,000714
кроме 0,235722 0,000129
круизные 2,659260 0,000970
крупнейшая 1,347074 0,000492
крупнейшей 1,560648 0,000285
крупнейшие 0,776529 0,000142
крупнейших 0,634878 0,000116
крупные 0,579818 0,000529
крупный 0,798508 0,000437
крупных 0,494296 0,000451
крутых 3,218876 0,000587
крушение 3,506558 0,001919
кстово 2,040221 0,000372
кубенцовские 3,912023 0,000714
кудьма 3,506558 0,000640
куйбышевский 1,771957 0,000323
куйбышевского 2,525729 0,000922
куйбышевское 2,813411 0,001540
куки -0,009950 -0,000002
культур 1,309333 0,000239
культуре 1,427116 0,000521
культуры 0,462035 0,000169
купеческо-бурлацкий 3,912023 0,000714
куранты 3,912023 0,000714
курдюмские 3,912023 0,000714
курская 2,813411 0,000513
куст 3,912023 0,000714
кустодиев 3,912023 0,001427
кучумова 3,912023 0,000714
кыргызча 0,000000 0,000000
кырык 1,771957 0,000323
лаббе 3,912023 0,000714
лабышкинские 3,912023 0,000714
лавках 3,506558 0,000640
лазурит 3,912023 0,000714
ларина 2,525729 0,000461
лат 1,771957 0,000323
лга 0,000000 0,000000
лглый 0,000000 0,000000
лев 1,832581 0,000334
левашов 1,660731 0,002727
левенсон 3,912023 0,000714
левые 2,659260 0,000485
левый 1,309333 0,000478
легендам 3,506558 0,000640
ледники 3,506558 0,000640
ледниковые 3,912023 0,000714
ледовитого 1,832581 0,000334
ледовых 2,995732 0,000547
ледокол 2,659260 0,000485
лежит 1,560648 0,000285
лезги 0,000000 0,000000
лексики 3,506558 0,000640
ленин 2,207275 0,000805
ленинградская 2,659260 0,000485
ленинградского 2,813411 0,000513
леонид 1,966113 0,000359
леса 1,021651 0,000186
лесах 2,302585 0,000420
лесной 1,272966 0,000232
лесные 1,560648 0,000285
лесостепной 1,966113 0,000359
лет 0,223144 0,000081
лета 1,897120 0,000346
летию 1,078810 0,000197
летне-осенний 3,506558 0,001280
летней 2,120264 0,000387
летней-осенней 3,912023 0,000714
летние 1,714798 0,000313
летом 0,597837 0,000109
летописи 1,609438 0,000294
летописных 3,912023 0,000714
летопись 1,832581 0,000334
лещ 2,813411 0,001027
лиза 3,912023 0,000714
лиманы 3,218876 0,000587
лингвострановедческий 3,912023 0,000714
липецкая 2,995732 0,000547
лирическая 3,912023 0,000714
литература 0,061875 0,000034
литературе 1,514128 0,000553
литературного 2,120264 0,000387
литературной 2,525729 0,000461
литературный 1,427116 0,000260
литературоведение 3,218876 0,000587
литогр 3,912023 0,000714
лиц 1,427116 0,000521
лицензии -0,009950 -0,000002
ловились 3,912023 0,001427
ловлей 3,506558 0,000640
ловля 3,218876 0,000587
лодка 2,659260 0,000970
лодки 2,407946 0,000879
локализации 3,218876 0,000587
локальное 1,108663 0,000202
лука 2,659260 0,000485
луки 2,207275 0,000403
лысково 2,040221 0,000372
лысые 3,912023 0,000714
льда 1,832581 0,000334
любое 2,120264 0,000387
любэ 3,912023 0,000714
люда 2,995732 0,000547
люди 0,755023 0,000276
людмилой 3,506558 0,000640
людьми 1,609438 0,000294
магнолии 3,218876 0,000587
майна 2,040221 0,000372
макарьево 2,120264 0,000387
максим 1,560648 0,000569
максима 2,120264 0,000387
максимальные 2,407946 0,000879
максимума 2,207275 0,000403
мало 1,427116 0,000260
малоги 3,912023 0,000714
малое 1,897120 0,000692
малой 1,514128 0,000276
малочисленный 3,912023 0,000714
малый 0,371064 0,000203
мангистауской 3,912023 0,000714
мангышлак 3,506558 0,000640
мангышлака 3,912023 0,000714
мар 2,120264 0,001547
мариинский 1,897120 0,000346
мариинской 2,995732 0,000547
марий 2,525729 0,001382
мариймакедонски 0,000000 0,000000
марийского 3,506558 0,000640
маркиз 3,218876 0,000587
маркс 1,897120 0,000346
марта 0,139262 0,000407
марцеллина 3,912023 0,000714
маршака 3,506558 0,000640
мары 0,000000 0,000000
массивы 1,560648 0,000285
массовой 0,916291 0,000334
материал -0,009950 -0,000002
материалам 2,207275 0,000403
мать-волга 3,912023 0,000714
мая 0,139262 0,000229
маяк 1,108663 0,000607
маяки 3,218876 0,001175
мгу 2,120264 0,000387
мед 2,813411 0,000513
медведица 2,995732 0,000547
медиафайлы 0,301105 0,000055
меж 3,218876 0,000587
международного 0,733969 0,000134
международной 1,203973 0,000220
межени 3,506558 0,001280
меженные 3,912023 0,000714
межень 3,506558 0,001280
межледниковые 3,912023 0,000714
мели 3,218876 0,000587
мелких 1,897120 0,000346
мелководные 3,506558 0,000640
мельникова 3,218876 0,000587
меньше 0,755023 0,000276
меньшее 2,995732 0,000547
меньшей 2,207275 0,000403
меняла 3,506558 0,000640
меотиду 3,912023 0,000714
мера 2,995732 0,000547
мере 1,272966 0,000232
меркурий 2,995732 0,000547
мероприятия 1,272966 0,000465
места 0,579818 0,000212
месте 0,544727 0,000199
местной 1,832581 0,000334
местные 1,049822 0,000192
место 0,371064 0,000135
местом 1,049822 0,000192
местонахождении 3,912023 0,000714
местоположение 2,040221 0,000372
месторождения 1,966113 0,000359
месту 2,659260 0,000485
месяцам 2,659260 0,000485
металлы 2,407946 0,000439
метра 1,560648 0,000285
метров 0,776529 0,000850
меха 3,218876 0,000587
мечи 3,912023 0,000714
мешался 3,912023 0,000714
мигаловская 3,912023 0,000714
мигаловский 3,912023 0,000714
миллионов 1,078810 0,000197
мимо 3,506558 0,000640
минеральных 1,609438 0,000294
минин 2,813411 0,000513
министерство 1,108663 0,000202
минприроды 2,659260 0,000485
минус 3,506558 0,000640
миоцена 3,218876 0,001175
мир 0,342490 0,000062
мира 0,415515 0,000076
мире 0,494296 0,000180
мирное 3,506558 0,000640
мировой 0,733969 0,000134
миръ 3,912023 0,000714
мифические 3,912023 0,000714
михаил 0,916291 0,000167
младшего 3,506558 0,000640
млн 0,462035 0,000253
млрд 0,820981 0,000300
мнению 0,967584 0,000177
мнения 2,120264 0,000387
многие 0,356675 0,000130
многим 1,897120 0,000346
многих 0,494296 0,000180
многоводнее 3,912023 0,000714
многолетний 3,218876 0,000587
многом 1,514128 0,000276
многочисленнее 3,912023 0,000714
многочисленными 1,966113 0,000359
многочисленных 1,560648 0,000285
мобильная -0,009950 -0,000002
могила 2,525729 0,000461
могла 2,207275 0,000403
могли 1,514128 0,000829
могло 2,120264 0,000387
могут -0,009950 -0,000002
модернизировать 3,218876 0,000587
мокроусов 3,912023 0,000714
мокш 3,912023 0,000714
мокшень 0,000000 0,000000
молога 2,120264 0,001161
моментом 3,912023 0,000714
монгол 0,000000 0,000000
монголо-татарское 3,506558 0,000640
мордовия 2,302585 0,000420
море 1,049822 0,002490
морем 1,771957 0,000970
моререки 3,218876 0,000587
моря 0,579818 0,000635
морями 2,040221 0,000372
москва 0,400478 0,000219
москвич 2,659260 0,000485
москвы 0,653926 0,000239
московская 1,609438 0,000587
московское 1,347074 0,000246
московской 1,237874 0,000226
мост 0,967584 0,006708
моста 1,139434 0,000208
мостаж 3,912023 0,002855
мостж 3,912023 0,006424
мости 3,912023 0,002855
мостом 2,407946 0,000439
мостп 3,912023 0,002141
мостс 3,912023 0,000714
мосты 1,427116 0,000781
мох 3,912023 0,000714
мстислав 3,218876 0,000587
музее 1,771957 0,000323
музыкальная 2,207275 0,000403
муниципальное 1,139434 0,000208
муром 2,659260 0,000485
мышкарь 3,912023 0,000714
мышкин 2,120264 0,000774
наб 3,912023 0,000714
набегами 3,506558 0,000640
набережная 1,139434 0,000208
наблюдения 1,714798 0,000313
навашинский 3,912023 0,000714
навигации -0,009950 -0,000002
навигация -0,009950 -0,000004
наволоки 2,120264 0,000387
надежда 2,120264 0,000387
назад 1,108663 0,000202
назван 1,078810 0,000197
название 0,198451 0,000290
названием 0,820981 0,000449
названии 1,771957 0,000647
названий 1,078810 0,000590
названия 0,342490 0,000937
названы 1,386294 0,000253
называемое 3,218876 0,000587
называемую 2,813411 0,000513
называемые 1,660731 0,000303
называется 0,916291 0,000334
называлась 2,525729 0,000922
называются 1,832581 0,000334
наиболее 0,139262 0,000102
наибольшее 1,386294 0,000253
наличие 1,108663 0,000202
нами -0,009950 -0,000002
наносов 3,912023 0,000714
написав 3,912023 0,000714
написан 2,407946 0,000439
направление 1,203973 0,000220
направлении 1,108663 0,000202
направят 3,506558 0,000640
например 0,328504 0,000120
нариманов 2,120264 0,000387
народная 0,713350 0,000390
народные 1,832581 0,000334
народным 3,506558 0,000640
народных 1,203973 0,000220
народы 1,832581 0,000334
нарушило 3,912023 0,000714
населения 0,494296 0,000180
населенные 0,673345 0,000123
населенный 1,609438 0,000294
наследие 1,347074 0,000246
наследник 2,995732 0,000547
насосов 3,912023 0,000714
настоящего 2,040221 0,000372
настоящее 0,328504 0,000120
насчитывается 1,427116 0,000260
насыпь 3,218876 0,001175
наталия 2,302585 0,000420
наука 0,301105 0,000439
науки 0,820981 0,000150
наумовский 3,912023 0,000714
научно-образовательный 0,967584 0,000177
научно-промышленного 3,912023 0,000714
научное 0,891598 0,000163
научной 1,108663 0,000202
научные 1,049822 0,000383
научными 2,120264 0,000387
научных 0,776529 0,000142
находится 0,328504 0,000240
находятся 0,527633 0,000096
начале 0,314711 0,000230
начали 0,891598 0,000163
начались 1,660731 0,000303
начало 0,415515 0,000303
началом 1,171183 0,000214
началось 0,616186 0,000112
начинается 0,755023 0,000413
начиная 0,733969 0,000268
нашей 1,386294 0,000253
нашествие 2,995732 0,000547
небольшая 1,897120 0,000692
небольшие 1,832581 0,000669
невский 2,813411 0,000513
невы 2,995732 0,000547
недостатков 0,653926 0,000119
незначительно 2,407946 0,000439
неизвестного 2,813411 0,000513
некая 3,506558 0,000640
некоммерческой -0,009950 -0,000002
некоторые 0,301105 0,000275
некоторых 0,494296 0,000180
некрасов 2,995732 0,000547
некрасова 2,525729 0,000461
некрасовское 2,120264 0,000387
нем 0,356675 0,000325
немда 3,912023 0,000714
ненаписанными 3,912023 0,001427
ненастье 3,912023 0,000714
необъятном 3,912023 0,000714
неоплейстоцена 3,506558 0,000640
неофициальный 2,659260 0,000485
нереста 3,912023 0,001427
нерль 3,912023 0,000714
несколько 0,150823 0,000028
неумеренной 3,912023 0,000714
нефтебазе 3,912023 0,000714
нефти 1,514128 0,000829
нефтью 3,506558 0,000640
нефтяного 2,995732 0,000547
нефтяной 2,407946 0,000439
ниже 0,693147 0,001391
нижегородская 2,302585 0,002101
нижегородский 2,813411 0,001540
нижегородского 3,218876 0,001175
нижегородской 2,207275 0,001611
нижне-ветлянский 3,912023 0,000714
нижне-волжская 3,218876 0,000587
нижне-кочергинский 3,912023 0,000714
нижне-ревякский 3,912023 0,000714
нижнего 1,514128 0,001381
нижней 1,514128 0,001658
нижнем 1,660731 0,002121
нижнему 3,218876 0,000587
нижние 1,660731 0,000303
нижний 0,673345 0,000737
нижних 2,813411 0,000513
нижнюю 2,995732 0,000547
нижняя 1,203973 0,000879
низконапорного 3,912023 0,001427
низменностей 3,218876 0,000587
низменный 2,995732 0,000547
низменных 3,912023 0,000714
никитина 2,302585 0,000420
николаевск 1,966113 0,000359
николай 0,867501 0,000158
николая 0,916291 0,000167
нобелевский 2,995732 0,000547
нобель 3,506558 0,000640
новаграда 3,912023 0,000714
новгород 0,867501 0,001741
новгорода 2,040221 0,001489
новгороде 2,659260 0,001456
новгородская 2,813411 0,001027
новогодняя 3,218876 0,000587
новодевичье 2,120264 0,000387
новодевичьи 3,912023 0,000714
новое 0,755023 0,000276
новокуйбышевск 2,120264 0,000387
новосад 3,912023 0,000714
новоульяновск 2,120264 0,000387
новочебоксарск 2,120264 0,000387
новугороду 3,912023 0,000714
новъгород 3,912023 0,000714
новые 0,342490 0,000062
новый 0,446287 0,000407
ног 2,995732 0,000547
нолинский 3,506558 0,000640
номер 0,820981 0,000150
норвежская 0,248461 0,000045
нохчийн 0,000000 0,000000
ноября 0,127833 0,000093
нська 0,000000 0,000000
ныне 0,653926 0,000119
ньскъ 0,000000 0,000000
оар 3,912023 0,001427
оару 3,912023 0,000714
оба 1,386294 0,000253
обеспечивал 2,659260 0,000485
обеспечивающий 2,813411 0,000513
обитает 2,207275 0,000403
областей 1,049822 0,000192
области 0,223144 0,000326
областиреки 3,506558 0,007037
область 0,385662 0,003166
областях 1,560648 0,000285
облика 2,659260 0,000485
обмеление 3,506558 0,000640
обмелению 3,912023 0,000714
обозначает 2,813411 0,000513
обозначают 2,995732 0,000547
обозначена 3,218876 0,000587
оборона 2,120264 0,000387
образ 1,771957 0,000323
образа 2,302585 0,000420
образовала 3,218876 0,000587
образовались 2,659260 0,000485
образовалось 2,525729 0,000461
образования 0,478036 0,000087
образом 0,371064 0,000068
образует 0,994252 0,000363
образуется 1,966113 0,000359
образующих 2,659260 0,000485
образуя 2,407946 0,000439
обращения 0,030459 0,000144
обрыв 3,506558 0,000640
обсерватории 2,207275 0,000403
обход 1,832581 0,000669
обширное 2,995732 0,000547
обширные 2,207275 0,000403
общ 1,966113 0,000359
общая 0,673345 0,000123
общей 0,597837 0,000109
общепризнанной 2,995732 0,000547
общество 0,713350 0,000390
объединение 1,171183 0,000214
объединению 2,525729 0,000461
объединенные 2,302585 0,000420
объединяет 1,771957 0,000323
объединяющую 3,506558 0,000640
объекта 1,203973 0,000439
объективными 3,912023 0,000714
объектов 0,527633 0,000193
объекты 0,478036 0,000262
обычно 0,693147 0,000253
огибая 3,506558 0,000640
огрудков 3,912023 0,000714
ода 2,995732 0,000547
одеждой 3,912023 0,000714
одна 0,527633 0,000289
однако 0,174353 0,000223
одни 1,714798 0,000313
одно 0,693147 0,000126
одновременно 0,776529 0,000142
одноименного 1,771957 0,000323
одноименному 3,506558 0,000640
одной 0,371064 0,000068
оздоровление 3,912023 0,001427
озер 1,609438 0,000587
озера 0,967584 0,000706
озеро 1,049822 0,000192
ока 2,995732 0,001640
оказались 1,514128 0,000553
окарь 3,912023 0,000714
оке 2,813411 0,000513
океан 1,714798 0,000313
океана 1,272966 0,000465
океанов 2,040221 0,000372
оки 2,813411 0,002053
около 0,000000 0,000000
окраина 2,995732 0,000547
окрестностях 1,469676 0,000268
округареки 2,995732 0,000547
окский 3,218876 0,000587
окского 3,506558 0,000640
октябрь 0,867501 0,000158
октябрьск 2,120264 0,000387
октябрьский 1,078810 0,000197
октября 0,083382 0,000091
олега 1,966113 0,000359
оледенений 3,506558 0,000640
олык 0,000000 0,000000
онлайн 0,198451 0,000036
ооо 0,843970 0,000154
оопт 3,218876 0,000587
описана 3,218876 0,000587
описание -0,009950 -0,000002
описывает 2,659260 0,000485
описывая 2,813411 0,000513
оптимуме 3,912023 0,000714
опыт 1,714798 0,000313
опытный 3,506558 0,000640
орбиты 2,995732 0,000547
организации -0,009950 -0,000002
орел 1,609438 0,000294
оренбургская 2,040221 0,000372
оригинала 0,162519 0,000178
ориентированная 2,995732 0,000547
орион 2,995732 0,000547
орловская 2,995732 0,000547
орловской 3,218876 0,000587
орошение 3,218876 0,000587
ортса 0,000000 0,000000
орудием 3,506558 0,000640
оружие 2,120264 0,000387
оршинский 3,912023 0,000714
осадками 1,771957 0,000323
осадки 1,832581 0,000334
осадков 0,544727 0,000099
осенними 3,912023 0,000714
осень 1,469676 0,000268
осенью 1,309333 0,000239
осетр 2,813411 0,000513
осетровые 3,218876 0,000587
осетровых 2,813411 0,000513
осетры 3,218876 0,000587
осипов 0,527633 0,000193
ослабевала 3,912023 0,000714
основа 1,832581 0,000334
основная 0,116534 0,000149
основного 1,897120 0,000346
основное 1,347074 0,000246
основному 3,506558 0,001280
основные 0,223144 0,000122
основным 0,616186 0,000112
особенно 0,562119 0,000103
остается 0,891598 0,000163
остальном 3,218876 0,000587
остановился 2,995732 0,000547
остатками 2,659260 0,000485
осташковский 3,912023 0,000714
острова 1,078810 0,000590
острове 1,660731 0,000303
островов 1,897120 0,000346
островского 2,407946 0,000879
осуществлен 2,659260 0,000485
осуществляется 0,776529 0,000142
осуществлялась 2,407946 0,000439
отапливались 3,912023 0,000714
отведена 3,506558 0,000640
ответственности -0,009950 -0,000002
отделения 1,021651 0,000186
отдельные 1,078810 0,000197
отдельный 1,832581 0,000334
отдельных -0,009950 -0,000002
отделяется 3,218876 0,000587
отечественной 0,673345 0,000123
отказ -0,009950 -0,000002
отклика 3,506558 0,000640
открытках 2,995732 0,000547
открытый 1,049822 0,000192
отличалась 2,813411 0,000513
отличие 0,891598 0,000163
отложений 2,813411 0,000513
отметки 1,966113 0,000359
отмечает 2,040221 0,000744
отмечался 2,525729 0,000461
отмечаться 3,218876 0,000587
относятся 0,713350 0,000260
относящееся 2,525729 0,000461
ото 2,813411 0,000513
отождествляется 3,912023 0,000714
отправляли 2,995732 0,000547
отражено 2,995732 0,000547
отредактирована -0,009950 -0,000002
отрезка 3,506558 0,000640
отто 3,218876 0,000587
оунб 3,506558 0,001280
очень 0,494296 0,000180
очерки 1,171183 0,000214
очистке 2,659260 0,000485
ошибкекак -0,009950 -0,000002
ошибки 1,897120 0,000346
паводками 3,218876 0,000587
паводки 3,506558 0,000640
паводок 3,506558 0,000640
палео-волга 3,912023 0,002141
палео-дон 3,912023 0,000714
палео-дона 3,912023 0,000714
палео-кама 3,912023 0,000714
палео-ока 3,912023 0,000714
палеопотамологических 3,912023 0,000714
памятник 0,693147 0,000126
памятника 1,078810 0,000197
памятников 0,820981 0,000150
параллельно 1,237874 0,000226
парашинский 3,912023 0,001427
парк 0,693147 0,000253
паром 2,813411 0,000513
паромные 2,813411 0,000513
паромных 3,506558 0,001280
пароход 2,525729 0,001843
пароходное 3,506558 0,000640
пароходства 2,207275 0,000403
пароходство 2,040221 0,001489
пароходы 3,506558 0,000640
пароходы-паромы 3,912023 0,000714
паспорт 2,120264 0,000387
паулсен 3,506558 0,000640
пежма 3,912023 0,000714
пежмарь 3,912023 0,000714
пензенская 2,207275 0,000403
пено 3,912023 0,000714
пеновский 3,912023 0,001427
пер 1,108663 0,000607
первая 0,430783 0,000157
первое 0,544727 0,000199
первом 1,237874 0,000226
первоначального 2,302585 0,000420
первые 0,494296 0,000090
первый 0,385662 0,000211
первым 0,597837 0,000109
первых 0,653926 0,000239
перевозки 1,203973 0,000220
переволока 3,506558 0,001280
переволоку 3,506558 0,000640
перегороженная 3,912023 0,000714
переизд 3,912023 0,000714
переименования 2,525729 0,000461
перейти -0,009950 -0,000004
перекатов 3,912023 0,000714
переломные 3,912023 0,000714
переломным 3,506558 0,000640
перем 0,000000 0,000000
перемещались 3,912023 0,000714
переправ 2,995732 0,001093
переправы 1,832581 0,001337
перераспределило 3,912023 0,000714
пересекает 2,302585 0,000420
пересекая 3,506558 0,000640
пересеченное 3,912023 0,000714
перестает 3,506558 0,000640
переуглублений 3,912023 0,000714
перечень 1,469676 0,000268
период 0,342490 0,000750
периоде 2,525729 0,000461
периоды 1,560648 0,000285
пермский 2,659260 0,000485
пермской 2,659260 0,000485
пермь 0,994252 0,000181
персидского 2,995732 0,000547
персидскую 3,912023 0,000714
персональные -0,009950 -0,000002
песни 1,514128 0,000553
песня 1,609438 0,002055
песнях 3,506558 0,000640
петр 1,108663 0,000202
печати -0,009950 -0,000002
печать -0,009950 -0,000002
пешеходные 3,218876 0,000587
пещере 2,995732 0,000547
питание 2,659260 0,000485
питания 1,272966 0,000232
питаются 3,506558 0,000640
питающая 3,912023 0,000714
плейстоцена 3,506558 0,001280
плейстоценовых 3,912023 0,000714
плес 1,966113 0,000359
плеса 3,506558 0,000640
плесам 3,912023 0,001427
плиоцена 3,912023 0,001427
плиоцене 3,912023 0,000714
плоскодонные 3,912023 0,000714
плотин 3,218876 0,000587
плотина 2,407946 0,001318
плотинами 3,506558 0,000640
плотинап 3,912023 0,000714
плотиной 2,659260 0,000970
плотину 2,813411 0,000513
плотины 2,207275 0,001611
плотно 2,813411 0,000513
площади 0,510826 0,000373
площадки 1,714798 0,000313
площадь 0,478036 0,000174
плюс 1,386294 0,000253
поваренная 3,912023 0,000714
поведения -0,009950 -0,000002
поверхностных 1,714798 0,002190
повествовании 3,912023 0,000714
повести 1,897120 0,000346
поводом 3,506558 0,000640
поволжских 3,506558 0,000640
поволжского 2,995732 0,001093
поволжье 1,832581 0,001003
поволжьем 3,506558 0,000640
поволжья 1,714798 0,001251
повысились 3,912023 0,000714
погодин 3,912023 0,000714
подвесной 3,912023 0,000714
подготовлен 2,995732 0,000547
поддержания 2,995732 0,000547
поддерживает 1,609438 0,000294
поддерживается 1,897120 0,000346
поджабный 3,506558 0,000640
подкреплены 3,912023 0,000714
поднялось 3,912023 0,000714
подобные 1,609438 0,000294
подосинов 3,912023 0,000714
подразделять 3,912023 0,000714
подробнее -0,009950 -0,000002
подъем 1,832581 0,000334
подъемом 3,506558 0,000640
поздний 2,813411 0,000513
позже 0,733969 0,000134
поиск -0,009950 -0,000002
поиску -0,009950 -0,000002
пойма 2,207275 0,000403
пойме 2,207275 0,000403
поймой 3,912023 0,000714
поймы 2,659260 0,000485
показаны 2,407946 0,000439
покорение 2,813411 0,000513
покрывали 3,506558 0,000640
полагают 2,659260 0,000970
политика -0,009950 -0,000004
полноводна 3,912023 0,000714
полноводной 3,912023 0,000714
полной 1,832581 0,000334
полностью 0,400478 0,000073
половина 1,171183 0,000214
половине 0,634878 0,000116
половину 1,660731 0,000303
половодье 2,659260 0,000485
половодьем 3,218876 0,000587
половодья 2,995732 0,001093
положение 0,510826 0,000373
полужирным 1,966113 0,000359
полуострова 1,560648 0,000285
полупустынной 3,506558 0,000640
получает 1,660731 0,000303
получат 2,659260 0,000485
получил 0,713350 0,000130
поль 3,506558 0,000640
пользу 1,832581 0,000334
пользуются 1,966113 0,000359
польше 2,659260 0,000485
помещают 3,218876 0,000587
помогите 3,218876 0,000587
понесла 3,912023 0,000714
пономарева 2,813411 0,000513
понтонный 3,218876 0,001175
попадал 3,506558 0,000640
попало 2,302585 0,000420
попеременные 3,912023 0,000714
пор 0,941609 0,000172
порт 0,941609 0,000515
порта 1,309333 0,000478
портал 0,342490 0,000062
порты 1,714798 0,000939
портыволжского 3,912023 0,000714
пос 2,040221 0,000372
посад 1,660731 0,000303
посвящаем 3,912023 0,000714
посевами 3,218876 0,000587
поселения 0,941609 0,000172
посидоний 3,912023 0,000714
поскольку 0,941609 0,000172
послевоенный 2,659260 0,000485
последнего 1,609438 0,000294
последнем 2,525729 0,000461
последний -0,009950 -0,000002
последняя 0,342490 0,000062
послужило 2,302585 0,000420
поспелов 1,021651 0,000186
постепенно 0,867501 0,000158
постоянным 2,302585 0,000420
построена 0,916291 0,000167
построении 3,506558 0,000640
построено 0,867501 0,000158
построены 1,021651 0,000186
построить 1,427116 0,000521
постройки 1,139434 0,000624
постройкой 2,302585 0,000420
посту 2,302585 0,000420
потечет 3,912023 0,000714
похода 1,897120 0,000346
походе 2,813411 0,000513
почему 0,000000 0,000000
поэма 3,912023 0,000714
поэтому 0,616186 0,000112
появления 1,514128 0,000276
пра-волги 3,912023 0,000714
правительства 0,693147 0,000126
правительство 0,843970 0,000308
править -0,009950 -0,000004
правка 0,328504 0,000060
правкиновые -0,009950 -0,000002
правкипостоянная -0,009950 -0,000002
правый 1,386294 0,000253
правых 3,506558 0,000640
праздник 1,714798 0,000313
праславянского 3,912023 0,000714
превратилась 2,040221 0,000372
превышали 3,218876 0,000587
пределах 0,510826 0,000280
предисл 2,120264 0,000774
предложена 2,813411 0,000513
предопределен 3,912023 0,000714
предотвращение 2,995732 0,001093
предполагается 1,560648 0,000285
предполагали 3,218876 0,000587
предполагают 2,813411 0,000513
предположено 3,912023 0,000714
предположительно 1,966113 0,000359
предпосылками 3,912023 0,000714
предприятие 1,237874 0,000452
предприятий 0,713350 0,000130
предприятия 0,713350 0,000130
представились -0,009950 -0,000002
представителей 1,469676 0,000268
представителем 2,659260 0,000485
представлена 1,171183 0,000214
представляет 0,446287 0,000081
представляется 2,813411 0,000513
прежде 1,049822 0,000192
президенте 1,832581 0,000334
президентский 2,813411 0,001027
президиумом 3,218876 0,000587
прекратил 1,660731 0,000606
прекратилось 2,813411 0,000513
преобладали 2,995732 0,000547
преследуя 3,506558 0,000640
пресной 2,659260 0,000485
прибалтийско-финских 3,912023 0,000714
приблизительно 1,514128 0,000276
привело 1,108663 0,000405
приветствует 3,912023 0,000714
приводит 1,171183 0,000427
приволжский 1,897120 0,000346
приволжских 3,912023 0,000714
приволжской 2,207275 0,000805
придерживались 3,506558 0,000640
признаков 2,995732 0,000547
прилегающая 3,218876 0,000587
приложение 1,309333 0,000239
пример 1,171183 0,000427
примерно 0,634878 0,000232
примеров 2,120264 0,000387
примечания -0,009950 -0,000007
примыкает 2,207275 0,000403
принимает 1,469676 0,000536
принимал 2,207275 0,000403
принята 1,714798 0,000313
принято 0,713350 0,000260
приобретение 2,995732 0,000547
приоритетного 3,218876 0,000587
приоритетным 3,506558 0,000640
природа 1,309333 0,000239
природные 1,108663 0,000202
природный 1,660731 0,000606
пристани 2,040221 0,000372
пристань 1,714798 0,000313
присуще 3,912023 0,000714
приток 1,427116 0,000260
притоки 1,832581 0,001337
притоков 2,407946 0,002197
притоком 2,120264 0,001547
притоку 2,995732 0,000547
приходи 3,912023 0,000714
приходили 2,813411 0,000513
приходился 3,912023 0,000714
приходится 0,776529 0,000142
прихожу 3,912023 0,000714
причерноморья 2,813411 0,000513
проблемным 3,506558 0,000640
проведения 0,843970 0,000154
проведены 1,966113 0,000359
проводятся 1,203973 0,000220
программа 0,994252 0,000181
программном 2,995732 0,000547
прогресс 1,514128 0,000276
прогулочный 3,506558 0,000640
продавались 3,912023 0,000714
продолжением 2,207275 0,000403
продолжительность 1,171183 0,000214
продукции 1,021651 0,000186
проекта 0,616186 0,000112
проектам 2,040221 0,000372
проектах -0,009950 -0,000002
проживает 1,771957 0,000323
произведения 1,427116 0,000521
производились 2,525729 0,000461
производится 1,714798 0,000313
производства 0,616186 0,000112
произошли 1,832581 0,000334
произошло 0,733969 0,000268
происходит 0,634878 0,000232
происхождения 1,272966 0,000929
пролеткина 3,912023 0,000714
пролив 2,040221 0,000372
промысел 2,659260 0,000485
промысловой 3,506558 0,000640
промысловых 3,912023 0,000714
промышленной 1,309333 0,000239
промышленности 0,579818 0,000106
пропущен 3,912023 0,001427
прорубь 3,506558 0,000640
просмотры -0,009950 -0,000002
простирается 2,659260 0,001456
простиралась 3,912023 0,000714
простора 3,506558 0,000640
пространстве 1,897120 0,001038
пространство 1,203973 0,000220
протекает 1,609438 0,000881
протекающая 3,218876 0,000587
против 0,798508 0,000437
протобулгарах 3,912023 0,000714
протоками 3,218876 0,000587
протоков 3,506558 0,000640
протокол 1,560648 0,000285
проточной 3,912023 0,000714
проточных 3,912023 0,000714
протяжении 0,867501 0,000158
протяженностью 1,386294 0,000253
протяжным 3,912023 0,000714
проф 1,771957 0,000647
профессиональное 2,040221 0,000372
профессиональной 2,813411 0,000513
профессиями 3,912023 0,000714
прохода 3,218876 0,000587
проходила 1,966113 0,000359
проходит 0,693147 0,000126
проходящие 2,813411 0,000513
прохождения 3,912023 0,000714
прохоров 1,078810 0,000197
прохорова 3,218876 0,000587
прочее 0,653926 0,000119
прошлого 1,609438 0,000294
прошлом 1,108663 0,000405
псковской 3,218876 0,000587
птолемееву 3,912023 0,000714
птолемей 3,218876 0,001175
птолемея 3,218876 0,000587
публикации 1,832581 0,000334
пугачева 2,302585 0,000420
пункт 1,203973 0,000220
пункты 0,616186 0,000112
пуст 3,912023 0,000714
пустой 2,995732 0,000547
путеводители 3,506558 0,001280
путеводитель 0,713350 0,000260
путевые 3,912023 0,000714
путей 0,916291 0,000167
путем 0,941609 0,000172
пути 0,693147 0,000885
путь 0,820981 0,000899
пучеж 2,120264 0,000387
пушкин 2,407946 0,000439
пьесе 2,995732 0,000547
пьесы 2,813411 0,001027
пяти 1,203973 0,000439
работает 0,755023 0,000138
работало 1,660731 0,000303
работой 1,897120 0,000346
работы 0,314711 0,000057
рав 3,912023 0,000714
равнины 1,309333 0,000239
рагозин 3,912023 0,001427
радиационная 3,218876 0,000587
раза 0,867501 0,000158
развитие 0,314711 0,000172
развитию 0,843970 0,000154
развития 0,287682 0,000157
развиты 1,714798 0,000313
разговорным 3,912023 0,000714
разгрома 2,659260 0,000485
раздел 0,891598 0,000488
разделами 0,891598 0,000163
разделамивикипедия 2,813411 0,000513
разин 2,813411 0,001027
разина 2,207275 0,000805
разине 3,912023 0,000714
разлив 2,813411 0,000513
разлива 2,813411 0,000513
разливов 3,506558 0,000640
различные 0,693147 0,000126
разное 1,966113 0,000359
разные 1,139434 0,000416
разработчики -0,009950 -0,000002
разряд 3,218876 0,000587
разряда 2,525729 0,000461
райгород 3,912023 0,000714
район 0,597837 0,000982
районе 0,527633 0,000770
районов 0,562119 0,000103
районом 1,714798 0,000313
районы 0,653926 0,000119
рамках 0,544727 0,000099
ран 0,776529 0,000283
рангха 3,912023 0,000714
раннего 1,897120 0,000346
раннее 2,659260 0,000485
ранней 2,525729 0,000461
раннем 2,659260 0,000485
раннечетвертичный 3,912023 0,000714
ранние 1,660731 0,000303
ранха 3,912023 0,000714
раньше 1,171183 0,000214
располагалось 2,302585 0,000420
располагался 1,660731 0,000303
располагаться 2,659260 0,000485
расположена 0,916291 0,000167
расположение 1,139434 0,000208
расположенные 1,514128 0,000276
расположено 0,916291 0,000167
расположены 0,673345 0,000369
распоряжение 1,609438 0,000294
распространено 2,302585 0,000420
рассказе 2,995732 0,000547
рассматривается 2,302585 0,000420
растворенных 3,218876 0,000587
растянутым 3,506558 0,000640
расход 2,302585 0,001680
расхода 3,506558 0,000640
расходовало 3,912023 0,000714
расходы 1,771957 0,000970
расцвету 3,912023 0,000714
расчистка 3,218876 0,000587
расшива 3,912023 0,000714
расширение 0,527633 0,000096
расшифрованной 3,912023 0,000714
ратью 3,912023 0,000714
ревякский 3,912023 0,001427
региона 0,776529 0,000142
регионы 1,049822 0,000575
регнум 2,995732 0,000547
регулированием 3,218876 0,000587
регулирования 2,813411 0,001027
ред 0,235722 0,000688
редактирования 1,897120 0,000346
реестр 1,469676 0,000268
режим 1,108663 0,000809
режиссер 2,207275 0,000403
режиссера 2,525729 0,000922
резерват 3,912023 0,000714
резервных 3,506558 0,000640
резко 0,967584 0,000353
результат 1,469676 0,000268
результате 0,342490 0,000187
результаты 1,237874 0,000226
рек 0,820981 0,001797
река 0,733969 0,002678
реками 2,207275 0,000403
реке 0,713350 0,000781
реки 0,462035 0,002360
рекой 1,714798 0,000939
реконструкции 0,967584 0,000177
реку 1,171183 0,000855
религиозные 1,609438 0,000294
репин 2,525729 0,000922
репницын 3,912023 0,000714
республика 0,843970 0,000154
республике 1,714798 0,000313
республики 0,916291 0,000167
ресурсам 2,813411 0,000513
ресурсы 0,020203 0,000033
речек 3,218876 0,000587
речи 2,040221 0,000372
речная 2,659260 0,000970
речного 1,139434 0,000416
речной 0,916291 0,001839
речные 1,897120 0,001038
речных 1,609438 0,001175
решается 3,218876 0,000587
ржев 1,771957 0,000647
ржева 3,912023 0,001427
ржеве 3,912023 0,000714
ржевская 3,912023 0,000714
ржевский 2,995732 0,000547
ржевскоеи 3,912023 0,000714
рис 2,995732 0,000547
ровное 2,120264 0,000387
рогова 3,218876 0,000587
родиной-матерью 3,912023 0,000714
роду 2,813411 0,000513
роль 0,579818 0,000846
роман 1,771957 0,000323
романов-борисоглебска 3,912023 0,000714
романовский 2,995732 0,000547
романс 3,506558 0,000640
роману 3,506558 0,000640
росла 3,218876 0,000587
росли 3,506558 0,000640
россии 0,186330 0,000544
российская 0,186330 0,000170
российским 1,514128 0,000276
российского 0,634878 0,000116
российской 0,385662 0,000422
россия 0,371064 0,000135
ростов 2,120264 0,000387
ростропович 3,218876 0,000587
рублев 3,506558 0,000640
рублей 0,755023 0,000276
рудных 3,506558 0,000640
рукав 3,506558 0,001280
рукава 2,659260 0,001941
рукавов 3,218876 0,001762
руках 2,120264 0,000774
руководством 0,941609 0,000172
румо 3,506558 0,000640
рус 0,162519 0,001423
руси 1,347074 0,000246
русиньскыйсаха 0,000000 0,000000
русла 2,302585 0,000840
русло 1,897120 0,000692
руслу 3,506558 0,000640
русская 0,867501 0,000475
русские 0,544727 0,000497
русский -0,009950 -0,000004
русским 1,560648 0,000285
русского 0,494296 0,000180
русское 0,755023 0,000276
русской 0,673345 0,000369
русском 1,049822 0,000192
русь 1,966113 0,000359
ручей 2,040221 0,000372
рыб 2,040221 0,000372
рыбаков 2,813411 0,000513
рыбакова 3,506558 0,000640
рыбинск 1,203973 0,000439
рыбинска 3,506558 0,001280
рыбинская 3,912023 0,001427
рыбинске 3,506558 0,000640
рыбинский 3,218876 0,000587
рыбинского 2,040221 0,000744
рыбинское 3,912023 0,001427
рыбинской 3,912023 0,000714
рыбинском 3,506558 0,000640
рыбная 2,525729 0,000461
рыбой 2,659260 0,000485
рыболовных 3,506558 0,000640
рыболовство 2,407946 0,000879
рыбопромышленности 3,912023 0,000714
рыбы 1,897120 0,001731
ряда 0,994252 0,000181
ряде 1,237874 0,000452
рядом 0,733969 0,000134
ряду 1,832581 0,000334
рязанов 3,506558 0,000640
рязанская 2,407946 0,000439
сабанеев 3,912023 0,000714
саврасов 2,995732 0,001093
садоводство 3,218876 0,000587
сазан 3,506558 0,000640
сайте 0,967584 0,000177
саксонию 3,912023 0,000714
самара 0,891598 0,000651
самарская 2,207275 0,001611
самарского 2,659260 0,000485
самарской 2,813411 0,002567
самару 2,659260 0,000485
самары 2,659260 0,001456
самая 0,798508 0,000146
самое 0,994252 0,000181
самой 0,916291 0,000167
самолет 1,897120 0,000692
самостоятельного 2,659260 0,000485
самый 0,579818 0,000212
самых 0,544727 0,000099
сапожниковых 3,912023 0,000714
саратов 0,967584 0,000706
саратова 2,813411 0,001027
саратовас 3,912023 0,000714
саратове 2,813411 0,001027
саратовская 2,525729 0,002765
саратовский 2,995732 0,002186
саратовское 2,995732 0,001093
саратовской 2,659260 0,000970
сарматов 3,506558 0,000640
сарпинский 3,506558 0,000640
сахибгареевой 3,912023 0,000714
сборник 0,653926 0,000119
сброс 2,407946 0,000439
сведения 0,867501 0,000317
сведениям 1,966113 0,000359
свердловская 2,659260 0,000485
света 1,714798 0,000626
свете 2,525729 0,000461
светлый 1,832581 0,000669
свидетельство 2,525729 0,000461
свинарь 3,912023 0,000714
свияга 3,506558 0,001280
свияжск 2,120264 0,000387
свободной -0,009950 -0,000004
свободы 1,714798 0,000313
свое 0,616186 0,000112
своего 0,776529 0,000283
своей 0,776529 0,000142
своимъ 3,912023 0,000714
свойство 0,653926 0,000239
свяжитесь -0,009950 -0,000002
связан 1,171183 0,000214
связана 1,078810 0,000197
связанное 1,897120 0,000346
связанный 2,525729 0,000461
связано 1,078810 0,000394
связаны 1,237874 0,000226
связи 0,235722 0,000215
связывала 3,218876 0,000587
связывали 2,995732 0,000547
связывающий 3,506558 0,000640
связь 0,616186 0,000112
святовский 3,912023 0,000714
святослава 2,813411 0,000513
сдерживалось 3,218876 0,000587
севера 0,941609 0,000172
севере 1,139434 0,000208
северная 1,078810 0,000394
севернее 1,966113 0,001076
северного 1,021651 0,000746
северные 1,966113 0,000359
северным 1,771957 0,000323
северных 1,897120 0,000692
северо-востоке 2,120264 0,000387
северодвинскую 3,912023 0,000714
севрюга 3,218876 0,000587
сезона 1,609438 0,000294
секретно 3,506558 0,000640
сел 2,407946 0,000439
селения 2,525729 0,000461
селигерского 3,912023 0,000714
селижаровка 3,912023 0,001427
селижарово 2,120264 0,000387
селижаровский 3,912023 0,001427
селищенский 3,912023 0,000714
сельскохозяйственной 2,207275 0,000403
сельскохозяйственных 1,966113 0,000359
семантического 3,912023 0,001427
семь 1,309333 0,000239
сенгилеевские 3,912023 0,000714
сенгилей 2,120264 0,000387
сентября 0,072571 0,000106
середине 0,562119 0,000513
середины 0,967584 0,000177
середыш 3,912023 0,000714
серьезно 1,897120 0,000346
серьезные 2,207275 0,000403
сети 0,494296 0,000090
сеть 0,616186 0,000225
сидоров 2,995732 0,000547
сильно 0,776529 0,000425
сильные 1,660731 0,000303
симбирск 3,506558 0,000640
символом 1,832581 0,000334
симеизской 2,813411 0,000513
симонов 2,659260 0,000970
синонимом 3,506558 0,000640
система 0,235722 0,000086
системаи 3,912023 0,000714
системами 1,832581 0,000334
системеобсуждениевкладсоздать -0,009950 -0,000002
системой 1,309333 0,000478
систему 0,673345 0,000369
системы 0,342490 0,000062
ситников 3,218876 0,001175
сить 3,912023 0,000714
сих 1,078810 0,000197
сицилийского 3,912023 0,000714
сицкарь 3,912023 0,000714
сказано 2,407946 0,000439
сказка 2,120264 0,000387
скакулинский 3,912023 0,000714
скачать -0,009950 -0,000002
скворцовым 3,912023 0,000714
скифия 3,506558 0,000640
скифов 3,218876 0,001175
скифское 2,995732 0,000547
скобарь 3,912023 0,000714
скоропеч 3,912023 0,000714
скульптура 1,171183 0,000214
слабой 2,995732 0,000547
славянских 2,525729 0,000922
славянской 2,302585 0,000420
слева 1,108663 0,000202
следствием 2,995732 0,000547
следующими 1,966113 0,000359
следующих 1,386294 0,000253
сливаясь 3,912023 0,000714
слиянием 2,813411 0,000513
слияния 1,966113 0,001794
слов 1,560648 0,000285
слова 0,562119 0,000410
словами 2,040221 0,000372
словаре 2,525729 0,000461
словари 0,116534 0,000043
словарь 0,274437 0,000200
словарь-справочник 1,560648 0,000569
слово 0,673345 0,000491
случае 0,843970 0,000154
случались 3,218876 0,000587
случаях -0,009950 -0,000002
смежности 3,912023 0,000714
смоленская 2,525729 0,000461
смотровой 3,912023 0,000714
смысл 2,407946 0,000439
снеговыми 3,912023 0,000714
снижается 1,714798 0,000313
снизились 2,995732 0,000547
снятый 2,813411 0,001027
собой 0,328504 0,000060
соболев 3,218876 0,000587
собрания 1,139434 0,000208
событияпожертвовать -0,009950 -0,000002
совершались 2,995732 0,000547
совершенно 2,302585 0,000420
совета 0,798508 0,000146
советская 0,371064 0,000338
советским 2,120264 0,000387
советского 0,776529 0,000283
советское 0,994252 0,000181
совмещенные 3,912023 0,000714
совр 2,813411 0,002567
современного 0,653926 0,000358
современное 1,108663 0,000202
современной 0,579818 0,000106
современности 2,525729 0,000461
современные 0,916291 0,000167
современных 0,713350 0,000260
согласно 0,301105 0,000220
согожа 3,912023 0,000714
содержание 0,010050 0,000002
содержащие 2,407946 0,000439
содержится 1,966113 0,000359
соединена 2,995732 0,000547
соединения 1,897120 0,000346
созвучное 3,506558 0,000640
созданием 2,120264 0,000387
создании 1,203973 0,000439
создания 0,653926 0,000239
созданный 1,560648 0,000285
созданных 2,659260 0,000485
созданы 1,078810 0,000197
сок 3,218876 0,001175
соколов 1,966113 0,001435
соколова 2,525729 0,000461
сокольи 3,506558 0,000640
сокольское 2,040221 0,000372
сократить 2,525729 0,000461
сокращалось 3,912023 0,000714
солей 2,302585 0,000420
соли 2,302585 0,000840
соликамска 3,912023 0,000714
соль 2,813411 0,000513
сом 3,506558 0,000640
сообщается 3,912023 0,000714
сообщить -0,009950 -0,000002
сооружена 3,218876 0,001175
сооружении 3,506558 0,000640
сооружений 1,078810 0,000394
сооружения 0,941609 0,000859
сооружениявдхр 3,912023 0,000714
сормово 3,506558 0,001280
сормовская 3,506558 0,000640
сормовской 3,506558 0,000640
сорока 2,525729 0,000922
сост 0,597837 0,000218
составе 0,616186 0,000112
составляет 0,314711 0,000230
состояние 0,733969 0,000134
состоянии 1,309333 0,000239
сотни 1,427116 0,000521
сохранение 1,609438 0,000587
сохранением -0,009950 -0,000002
сохранилось 1,714798 0,000313
сохраняя 2,813411 0,000513
социалистического 2,302585 0,000420
союза 0,733969 0,000134
спб 0,385662 0,000070
специальные 1,660731 0,000303
спиридонов 3,218876 0,000587
список 0,248461 0,000181
сплошь 3,506558 0,000640
способствовала 2,995732 0,000547
способствовало 1,609438 0,000294
справка 1,272966 0,000232
справочные 2,659260 0,000485
спутник 2,207275 0,000805
спутника 2,525729 0,000461
сравнительно 1,897120 0,000346
среди 0,198451 0,000036
средне-волжский 3,506558 0,000640
средне-ревякский 3,912023 0,000714
среднего 1,049822 0,000192
среднегодовой 2,120264 0,000387
средней 0,867501 0,000950
среднем 0,693147 0,000759
среднему 2,813411 0,000513
среднерусской 2,995732 0,000547
средние 0,941609 0,000344
средниепритоки 3,912023 0,000714
средний 0,494296 0,000090
средних 1,078810 0,000197
среднюю 2,407946 0,000439
средняя 0,510826 0,000466
срезан 3,912023 0,000714
српски 0,000000 0,000000
српскохрватски 0,000000 0,000000
ссср 0,314711 0,000632
ссылкасведения -0,009950 -0,000002
ссылки -0,009950 -0,000011
став 1,771957 0,000323
стал 0,314711 0,000172
стала 0,462035 0,000084
сталин 2,525729 0,001382
сталинград 2,995732 0,000547
сталинграда 2,813411 0,000513
сталинградская 3,506558 0,000640
стало 0,494296 0,000090
становится 0,527633 0,000096
становления 1,609438 0,000294
старая 0,430783 0,000236
старица 2,040221 0,000372
старицкий 3,912023 0,000714
старицы 3,218876 0,000587
староволжский 3,912023 0,000714
староречьями 3,912023 0,000714
старый 1,049822 0,000383
статей 0,967584 0,000177
статистика -0,009950 -0,000002
статьи 0,072571 0,000066
статьислучайная -0,009950 -0,000002
статьисообществофорумсправкасвежие -0,009950 -0,000002
статья 0,105361 0,000096
статьяобсуждение -0,009950 -0,000002
статьятекущие -0,009950 -0,000002
стекающую 3,912023 0,000714
степан 2,407946 0,000879
степана 1,966113 0,000717
степане 3,912023 0,000714
степени 0,843970 0,000154
степной 2,207275 0,000403
стер 2,207275 0,000403
стерж 3,912023 0,000714
стерлядь 3,218876 0,001175
стихотворение 2,525729 0,000922
сток 2,120264 0,002708
стока 1,897120 0,002077
столбичи 3,912023 0,000714
стороны 0,430783 0,000157
сточных 1,714798 0,000313
стоя 3,912023 0,000714
стр 1,309333 0,000239
страбон 2,813411 0,000513
страна 0,462035 0,000084
страница -0,009950 -0,000004
страницасодержаниеизбранные -0,009950 -0,000002
страницецитировать -0,009950 -0,000002
страницуполучить -0,009950 -0,000002
страницы -0,009950 -0,000007
страницыслужебные -0,009950 -0,000002
страны 0,634878 0,000347
стратегический 2,525729 0,000461
стратегическому 3,506558 0,000640
стрежень 3,218876 0,000587
стрелка 2,407946 0,001318
строганов 3,506558 0,000640
строительства 0,673345 0,000369
строительстве 1,078810 0,000197
строительство 0,510826 0,000186
строится 1,272966 0,000232
строящиеся 2,813411 0,000513
струг 3,912023 0,000714
структура 0,967584 0,000177
структурного 3,506558 0,000640
субботин 3,506558 0,000640
субтропическим 2,995732 0,000547
субширотного 3,912023 0,000714
субъектов 0,755023 0,000551
субъекты 1,897120 0,000346
суворов 2,302585 0,000840
суда 1,078810 0,000394
судак 2,525729 0,000922
судапароход 3,912023 0,000714
судов 1,237874 0,001355
судовой 3,218876 0,000587
судостроительные 3,506558 0,000640
судостроительный 2,302585 0,001260
судоходна 3,506558 0,000640
судоходная 2,407946 0,000439
судоходном 3,912023 0,000714
судоходные 3,912023 0,000714
судоходных 2,995732 0,001093
судоходства 2,040221 0,000744
судоходство 2,302585 0,002101
судоходством 3,506558 0,000640
сужается 3,912023 0,000714
суздаль 2,995732 0,000547
сура 3,506558 0,001280
суриков 2,813411 0,000513
суффикс 3,912023 0,002141
суффикса 3,506558 0,001280
существа 3,218876 0,000587
существовала 1,386294 0,000253
существовали 1,309333 0,000239
существование 1,049822 0,000383
существовать 2,120264 0,000387
схема 1,386294 0,000253
счет 0,673345 0,000123
считается 0,693147 0,000379
считали 2,302585 0,000420
считать 0,994252 0,000363
считаться 2,407946 0,000439
считают 1,660731 0,000303
сыграла 3,218876 0,000587
сыграли 2,659260 0,000485
сызранка 3,912023 0,000714
сызранский 3,218876 0,000587
сызрань 1,237874 0,000226
сызранью 3,506558 0,000640
сырой 2,995732 0,000547
сюдасвязанные -0,009950 -0,000002
сюкеевы 3,912023 0,000714
т-во 0,000000 0,000000
такая 1,386294 0,000253
также 0,000000 0,000000
такие 0,261365 0,000048
таким 0,527633 0,000096
таких 0,510826 0,000186
такое 1,108663 0,000405
таком 1,660731 0,000303
таловая 3,912023 0,001427
тамбовская 3,218876 0,000587
танаис 3,218876 0,000587
танкер 3,218876 0,001762
танкера 3,506558 0,000640
тарашкев 0,000000 0,000000
тасс 1,171183 0,000214
тат 2,995732 0,001640
татарика 2,659260 0,000485
татарстан 2,120264 0,001161
татарстанареки 3,912023 0,000714
татарча 0,000000 0,000000
твардовского 3,506558 0,000640
твери 3,912023 0,002141
тверицкая 3,912023 0,000714
тверская 3,218876 0,001175
тверской 2,995732 0,003279
тверца 3,912023 0,001427
тверь 1,514128 0,002486
тверью 3,506558 0,000640
творчество 1,966113 0,000359
тебе 0,000000 0,000000
текст -0,009950 -0,000002
тексте 2,407946 0,000439
текущая 1,609438 0,000587
тематикой 3,506558 0,000640
температура 0,562119 0,000103
теории 1,514128 0,000276
тепловой 2,207275 0,000403
теплоход 2,120264 0,001547
теплохода 2,995732 0,001093
теплоходы 2,120264 0,000387
терентьев 3,506558 0,000640
терешка 3,912023 0,000714
терра 2,659260 0,000485
территории 0,400478 0,000731
территорию 0,941609 0,000172
теряет 2,659260 0,000485
тетюши 2,120264 0,000387
тетюшинские 3,912023 0,000714
техники 0,867501 0,000317
технических 1,771957 0,000323
течение 0,527633 0,000289
течении 1,660731 0,001818
течению 1,714798 0,000626
течения 1,897120 0,000346
течет 2,525729 0,002765
тил 3,912023 0,000714
тип 0,356675 0,000195
типа 0,462035 0,000084
типы 1,514128 0,000276
тихвинской 3,218876 0,000587
ткани 2,525729 0,000461
товарищество 2,302585 0,000420
товарный -0,009950 -0,000002
тогдашнее 3,912023 0,000714
тои 3,912023 0,000714
той 1,049822 0,000192
толстой 2,813411 0,000513
тольятти 1,514128 0,001381
тонн 1,108663 0,000202
топонима 1,386294 0,000253
топонимический 0,798508 0,000291
топоров 2,995732 0,000547
торговле 2,207275 0,000403
торговли 0,867501 0,000317
торговля 1,021651 0,000186
торгового 1,832581 0,001337
торговому 3,218876 0,000587
торговые 1,203973 0,000659
торговый 1,237874 0,001355
тоской 3,912023 0,000714
точка 1,309333 0,000239
точки 1,049822 0,000575
точку 2,407946 0,000439
точнее 2,995732 0,000547
традиция 2,207275 0,000403
трансгрессии 3,218876 0,000587
транспорт 0,693147 0,000126
транспорта 0,776529 0,000283
транспортные 1,609438 0,000587
транспортных 0,891598 0,000325
требующие 1,347074 0,000246
треть 2,207275 0,000403
трех 0,713350 0,000130
тройная 3,912023 0,000714
трубачева 2,407946 0,000439
трудах 2,995732 0,000547
тульская 2,995732 0,000547
тутаев 2,040221 0,000372
тыла 1,897120 0,000346
тыс 0,430783 0,000629
тысяч 0,415515 0,000227
тысячелетия 2,040221 0,000372
тысячу 1,897120 0,000346
тюленей 3,506558 0,000640
тюлени 3,218876 0,000587
тюрк 3,218876 0,000587
тюркология 3,912023 0,000714
тюркских 2,302585 0,000840
увеличен 3,218876 0,000587
увеличения 1,771957 0,000323
увеличилась 1,427116 0,000260
уводь 3,912023 0,000714
углич 2,040221 0,000372
углича 3,912023 0,000714
угличская 3,912023 0,001427
угличско-даниловскую 3,912023 0,000714
угличское 3,912023 0,001427
углубление 3,912023 0,000714
углублялась 3,912023 0,000714
удмурт 3,506558 0,000640
удмуртия 2,659260 0,000485
уездного 2,525729 0,000461
узел 0,891598 0,000163
узкой 2,407946 0,000439
указанием -0,009950 -0,000002
указанного 1,078810 0,000197
указано 0,733969 0,000268
уклон 2,813411 0,000513
укра 0,000000 0,000000
улов 3,912023 0,000714
ульяновск 1,078810 0,000197
ульяновска 3,218876 0,000587
ульяновская 2,207275 0,000805
ульяновске 3,506558 0,000640
ульяновский 2,995732 0,000547
ульяновской 2,995732 0,000547
уменьшились 3,218876 0,000587
уменьшилось 2,407946 0,000439
ун-та 2,120264 0,000387
ундорские 3,912023 0,000714
унжа 3,912023 0,001427
унженской 3,912023 0,000714
университета 0,446287 0,000081
упадок 2,659260 0,000485
упоминает 2,995732 0,000547
упоминается 1,660731 0,000303
упоминание 1,237874 0,000452
употреблению 3,912023 0,000714
употребляться 2,813411 0,000513
управление 0,527633 0,000096
урала 1,609438 0,000881
уральские 2,302585 0,000420
уровнем 0,798508 0,000291
уровня 0,634878 0,000579
уроженец 2,659260 0,000485
уса 3,506558 0,000640
усилий 2,525729 0,000461
усилилась 3,506558 0,000640
условий -0,009950 -0,000002
условия -0,009950 -0,000004
услонские 3,912023 0,000714
усольские 3,912023 0,000714
установлен 0,941609 0,000172
установлена 1,237874 0,000226
установлением 2,525729 0,000461
устной 3,218876 0,000587
уступает 2,659260 0,000485
устье 0,994252 0,001088
устью 1,078810 0,000787
устьюгеографиябольшиеи 3,912023 0,000714
устья 1,171183 0,001496
устьями 3,218876 0,000587
усыскин 3,912023 0,000714
усыхание 3,506558 0,000640
утв 3,506558 0,000640
утес 2,525729 0,000461
уфа 0,967584 0,000353
уходили 3,218876 0,000587
участие -0,009950 -0,000004
участка 1,609438 0,000294
участках 2,120264 0,000387
участки 1,514128 0,000553
участок 1,203973 0,000439
ученые 1,427116 0,000260
ученым 2,207275 0,000403
учетную -0,009950 -0,000002
учитывать 2,120264 0,000387
учитывая 2,659260 0,000485
учредительного 2,995732 0,000547
учрежден 1,832581 0,000334
учреждение 1,237874 0,000226
ушакова 2,207275 0,000403
ушьи 3,912023 0,000714
фактически 0,916291 0,000167
фактор 2,040221 0,000372
факторов 2,040221 0,000372
факты 1,108663 0,000202
фасмер 1,966113 0,000359
февраля 0,051293 0,000028
феденко 3,506558 0,001280
федеральная 0,713350 0,000130
федерации 0,544727 0,000596
федор 1,560648 0,000285
федорова 2,207275 0,000403
федотов 2,995732 0,000547
федотова 2,995732 0,000547
феликс 3,912023 0,000714
феофан 2,995732 0,000547
феофана 3,912023 0,000714
фильм 1,386294 0,001518
фильма 2,120264 0,000387
фин 2,525729 0,000461
флот 1,832581 0,000334
флота 1,560648 0,000285
флотилии 2,813411 0,000513
флотилия 2,407946 0,000879
фольклор 2,659260 0,000485
фольклоре 3,218876 0,001175
фомина 3,218876 0,000587
фонд -0,009950 -0,000002
фонетически 3,912023 0,000714
формирование 1,078810 0,000197
формирования 1,108663 0,000202
форума 2,120264 0,000387
фотографии 1,203973 0,000220
фотографиях 2,659260 0,000485
фразой 3,506558 0,000640
фридман 3,506558 0,000640
фрунзе 2,525729 0,000461
хазария 3,506558 0,000640
хазарский 2,995732 0,000547
хазарских 3,506558 0,000640
халифата 3,218876 0,000587
ханств 3,218876 0,000587
характера 1,771957 0,000323
характеризуется 0,941609 0,000172
характеристика 0,713350 0,000130
хвалисское 3,912023 0,000714
хвалынск 2,120264 0,000387
хвалынские 3,912023 0,000714
хлеба 2,659260 0,000485
хлебным 3,912023 0,000714
хлопка 3,912023 0,000714
ход 2,040221 0,000372
ходили 2,995732 0,000547
ходок 3,912023 0,000714
хозяйственные 2,525729 0,000461
хотя 0,653926 0,000119
хронист 3,912023 0,000714
художественный 1,171183 0,000214
худякова 3,506558 0,000640
царевну 3,506558 0,000640
царицын 3,218876 0,000587
царицына 3,506558 0,001280
царицыне 3,506558 0,000640
царя 1,469676 0,000268
цветет 3,912023 0,000714
цель 1,832581 0,000334
центральная 0,755023 0,000138
центральную 1,832581 0,000334
центров 0,776529 0,000142
центры 0,713350 0,000260
цивиль 3,912023 0,001427
цимлянским 3,912023 0,000714
цимлянского 3,218876 0,001175
чагра 3,912023 0,000714
чайкина 3,912023 0,000714
чапаевка 3,912023 0,000714
части 0,198451 0,000109
частичная 1,897120 0,000346
частично 0,653926 0,000239
частных 1,108663 0,000202
часто 0,415515 0,000227
часть 0,105361 0,000154
частью 0,755023 0,000138
чебоксарская 3,506558 0,001280
чебоксарского 3,506558 0,000640
чебоксарское 3,506558 0,001280
чебоксарской 3,506558 0,000640
чебоксары 1,171183 0,000641
человек 0,400478 0,000146
человека 0,579818 0,000106
челябинская 2,302585 0,000420
чему 1,897120 0,000346
череду 3,506558 0,000640
черемшан 3,912023 0,000714
чернозатонские 3,912023 0,000714
черным 1,966113 0,000359
черных 2,659260 0,000485
честь 0,562119 0,000205
четвертичное 3,506558 0,000640
четвертичном 3,912023 0,000714
четвертый 1,714798 0,000313
четыре 0,713350 0,000130
чехии 2,407946 0,000439
чешских 3,506558 0,000640
читается 3,218876 0,000587
читатьпросмотр 2,040221 0,000372
чичерин 3,912023 0,000714
чичуров 3,912023 0,000714
чкаловск 2,040221 0,000372
чкалову 3,506558 0,000640
чопау 3,912023 0,000714
чув 3,218876 0,001762
чувашииреки 3,912023 0,000714
чувашия 2,659260 0,000970
чуна 3,506558 0,000640
чунарь 3,912023 0,000714
шабан 3,912023 0,004996
шаблонами 0,634878 0,000116
шаляпин 2,813411 0,000513
шашков 3,506558 0,000640
шексна 3,912023 0,001427
шельфах 3,912023 0,000714
шип 3,912023 0,000714
шире 2,995732 0,000547
ширина 1,469676 0,000268
широкие 2,207275 0,000403
широко 0,673345 0,000123
широте 2,207275 0,000805
широты 1,832581 0,000334
шишова 3,506558 0,000640
шкурами 3,912023 0,000714
шлюзов 3,218876 0,000587
шлюзы 3,218876 0,000587
шмидт 2,659260 0,000485
шоша 3,912023 0,000714
шрифтом 2,040221 0,000372
щелями 3,912023 0,000714
щука 2,813411 0,000513
щукобор 3,912023 0,000714
щучьи 3,912023 0,000714
эдил 3,912023 0,000714
экз 0,415515 0,000455
экипажей 3,506558 0,000640
экологии 1,203973 0,000220
экологические 1,560648 0,000285
экологического 1,771957 0,000323
экология 0,693147 0,000253
экономическая 1,660731 0,000303
экономическое 2,207275 0,000403
экскурс 2,995732 0,000547
эксмо 2,525729 0,000461
эксплуатацию 0,994252 0,000181
экспорт -0,009950 -0,000002
электронная 1,237874 0,000452
элреки 3,912023 0,000714
эльдар 3,506558 0,000640
эльтон 3,506558 0,000640
энгельс 1,832581 0,000334
энциклопедии -0,009950 -0,000005
энциклопедия 0,210721 0,000384
эпохи 1,139434 0,000416
эпоху 1,386294 0,000253
эратосфен 3,912023 0,000714
эрз 3,506558 0,000640
эрзянь 0,000000 0,000000
эрозии 2,525729 0,000461
эст 3,218876 0,000587
эта 0,000000 0,000000
этацизм 3,912023 0,000714
этими 1,560648 0,000285
этимологический 2,040221 0,000372
этимология 0,616186 0,000337
этих 0,400478 0,000073
это 0,000000 0,000000
юбилейный 0,820981 0,000150
юго-восточной 1,660731 0,000303
южная 0,941609 0,000172
южнее 1,832581 0,000334
южный 0,755023 0,000138
юрино 2,120264 0,000387
юршинский 3,912023 0,000714
юрьевец 2,120264 0,000387
юрьевы 3,912023 0,000714
явлений 2,120264 0,001161
является 0,094311 0,000120
являлся 1,347074 0,000246
являются 0,248461 0,000045
являющихся 2,120264 0,000387
язык 0,116534 0,000021
языка 0,798508 0,000291
языках -0,009950 -0,000004
языков 1,203973 0,000659
языкознание 3,218876 0,000587
ямнех 3,912023 0,000714
января 0,116534 0,000191
ярослав 3,218876 0,000587
ярославле 3,506558 0,000640
ярославлем 2,995732 0,000547
ярославль 1,078810 0,001378
ярославля 3,218876 0,001175
ярославская 2,659260 0,000970
ярославский 3,218876 0,001175
ярославской 2,995732 0,001093
ясинский 3,218876 0,000587
яштах 3,912023 0,000714
