абакан 2,659260 0,007088
авария 1,771957 0,000787
август 0,072571 0,000097
автодорога 0,891598 0,000792
автомобильный 0,713350 0,000317
авторитетный 0,891598 0,000396
авторство -0,009950 -0,000004
аз 2,302585 0,001023
азия 0,755023 0,000671
акад 2,040221 0,001813
алатало 3,912023 0,001738
алфавитуенисейреки 3,912023 0,001738
алфавитукарточка 2,207275 0,000981
ангар 2,659260 0,014176
ангаро-енисейский 3,506558 0,001558
ангарой 3,506558 0,003116
англ 0,174353 0,000620
ангутиха 3,912023 0,001738
апрель 0,150823 0,000871
аргумент 1,108663 0,000493
артюгина 3,912023 0,001738
арх 0,544727 0,000242
археологический 1,309333 0,001163
архивировать 0,020203 0,000251
асимметричность 3,912023 0,001738
астафьева 3,506558 0,001558
астафьевский 3,912023 0,001738
атаманово 2,995732 0,001331
атмосфера 0,994252 0,000442
ащаяха 3,912023 0,001738
базаиха 3,912023 0,001738
байкал 2,525729 0,002244
баржа 3,218876 0,001430
бассейн 0,653926 0,002034
бассейновый 2,525729 0,004488
бахта 3,506558 0,003116
баш 3,506558 0,001558
белый 0,867501 0,000385
берег 0,478036 0,000425
березовка 2,659260 0,001181
бестужева 3,912023 0,001738
библиографический 0,083382 0,000037
библиотека 0,328504 0,000146
биосферный 2,995732 0,001331
биоценоз 3,218876 0,001430
благодаря 0,527633 0,000234
благословить 3,218876 0,002860
близ 1,237874 0,002200
бобровый 3,506558 0,001558
большое 0,385662 0,000514
большой 0,040822 0,000417
бор 1,203973 0,001070
борт 2,525729 0,001122
братский 1,832581 0,001628
бреховскими 3,912023 0,001738
брокгауза 0,328504 0,000438
брызгалов 3,912023 0,001738
бузить 3,912023 0,001738
бурыкин 3,506558 0,003116
бурятский 2,995732 0,001331
быконя 3,506558 0,001558
быскар 3,912023 0,001738
быть -0,009950 -0,000004
бьеф 3,218876 0,001430
важный 0,494296 0,000220
варламовка 3,912023 0,001738
ввести 0,634878 0,000282
ведомость 0,994252 0,000442
век 0,248461 0,000221
великий 0,356675 0,000475
величина 1,108663 0,001478
верблюд 3,506558 0,001558
версия -0,009950 -0,000009
верхний 0,494296 0,001098
верховье 2,302585 0,004092
весенне-летнее 3,506558 0,001558
весенний 1,660731 0,001476
вестник 1,049822 0,000466
вид 0,061875 0,000082
викиданные 0,776529 0,001035
викиданных -0,009950 -0,000004
викимедиа -0,009950 -0,000004
википедии -0,009950 -0,000009
википедия -0,009950 -0,000022
викискладвикиновостиэлемент 1,897120 0,000843
викискладе 0,174353 0,000077
включать 0,235722 0,000105
влажный 1,427116 0,000634
вместе 0,510826 0,000227
внешний 0,051293 0,000023
вниз 1,171183 0,001041
вновь 0,755023 0,000335
внутриводный 3,912023 0,001738
вода 0,527633 0,003516
водный 0,562119 0,002247
водосбор 2,659260 0,002363
водосборный 2,525729 0,001122
водоток 2,407946 0,001070
водохранилище 1,139434 0,003543
воздух 0,616186 0,000274
возле 1,386294 0,000616
возможно 0,867501 0,000385
возникать 1,021651 0,000454
возобновлять 2,659260 0,001181
волшебный 0,030459 0,000014
вопрос 0,371064 0,000165
вороговка 3,912023 0,001738
ворогово 3,912023 0,001738
восточный 0,430783 0,000765
восходить 1,609438 0,000715
впадать 1,309333 0,002327
впадение 1,139434 0,002531
вплоть 1,108663 0,000493
время 0,020203 0,000018
втора 0,274437 0,000122
выдвинуться 3,506558 0,001558
выделяться 0,941609 0,000418
вынудить 1,514128 0,000673
вып 0,798508 0,000355
выработка 2,120264 0,000942
высокогорский 3,506558 0,001558
высота 0,415515 0,000738
вытеснить 2,525729 0,001122
вышегородцев 3,912023 0,001738
газета 0,579818 0,000258
галактиониха 3,912023 0,001738
гвр 2,659260 0,001181
гвркарточка 2,813411 0,001250
генеральный 0,755023 0,000335
геогр 2,525729 0,002244
географический 0,356675 0,000951
география 0,415515 0,000738
геодезия 2,659260 0,001181
геоинформационное 3,912023 0,001738
гидрография 1,427116 0,000634
гидрологический 1,966113 0,001747
гидрология 1,966113 0,001747
гидрометеоиздат 1,897120 0,000843
гидроним 1,660731 0,002213
гидротехник 3,218876 0,001430
гидроэкология 3,912023 0,001738
гидроэлектростанция 2,525729 0,002244
гкгн 0,994252 0,000442
гкгнпро 0,916291 0,000407
глава 0,494296 0,000220
главный 0,210721 0,000187
глубина 1,139434 0,001519
год -0,009950 -0,000164
годавикипедия 0,616186 0,000274
годовой 0,994252 0,000883
гольчиха 3,506558 0,001558
гора 0,616186 0,000821
гористый 2,525729 0,001122
горно-химического 3,912023 0,001738
горнолыжный 1,897120 0,000843
горный 0,941609 0,001255
город 0,371064 0,000824
городской 0,544727 0,000484
горький 0,941609 0,000837
гос 1,609438 0,000715
государственный 0,261365 0,000232
гранат 1,386294 0,000616
граница 0,356675 0,000475
груз 1,309333 0,000582
грузопоток 2,995732 0,001331
гряда 2,302585 0,001023
грязнуха 3,912023 0,001738
грязный 1,771957 0,000787
гтрк 1,049822 0,000466
гхк 3,912023 0,001738
гыданский 3,912023 0,001738
гэс 1,832581 0,012212
дайджест 2,659260 0,001181
дамба 2,040221 0,000906
дата 0,030459 0,000365
датский 0,328504 0,000146
два 0,150823 0,000067
движение 0,544727 0,000242
действовать -0,009950 -0,000009
декабрь 0,094311 0,000168
делиться 1,078810 0,000479
дельта 1,832581 0,001628
дербина 3,912023 0,001738
деревня 1,021651 0,000454
десять 1,078810 0,000479
диалектный 2,995732 0,001331
дивногорск 3,506558 0,003116
дивногорска 3,506558 0,004673
дивногорский 3,912023 0,001738
динамик 1,272966 0,000566
длина 0,579818 0,002061
дно 1,469676 0,000653
добавить 0,562119 0,000250
довольно 0,891598 0,000396
дождевой 2,207275 0,000981
документ 0,415515 0,000369
должный 0,356675 0,000158
долина 0,916291 0,001628
доля 0,544727 0,000242
доминировать 1,897120 0,000843
доп 0,597837 0,000266
доплыть 3,912023 0,001738
дополнительный -0,009950 -0,000004
дорога 0,527633 0,000469
достигать 0,843970 0,000750
достопримечательность 0,867501 0,000771
доступный -0,009950 -0,000004
дочь 2,813411 0,002500
дробно -0,009950 -0,000004
другой -0,009950 -0,000013
дубчес 3,912023 0,003476
дудинка 2,813411 0,006249
дудинки 3,506558 0,004673
евразия 1,347074 0,000598
ежегодный 1,171183 0,000520
екатеринбург 0,843970 0,000750
елогуй 3,912023 0,003476
ензя 3,912023 0,005214
енисее 3,218876 0,008580
енисеем 3,218876 0,010010
енисей 2,659260 0,066157
енисей-батюшка 3,912023 0,006952
енисейпритоки 3,912023 0,001738
енисейск 2,813411 0,002500
енисейска 2,995732 0,001331
енисейский 2,659260 0,012995
енисею 3,506558 0,001558
енисея 2,302585 0,023527
енэсий 3,912023 0,001738
есауловка 3,912023 0,001738
ефрона 0,328504 0,000438
железногорск 3,218876 0,001430
железногорска 3,912023 0,001738
железногорске 3,506558 0,001558
железнодорожно-автомобильный 3,506558 0,001558
железнодорожный 0,579818 0,000773
жизнь 0,342490 0,000152
жить 0,820981 0,000365
забор 2,302585 0,001023
забросить 1,966113 0,000873
загадка 2,659260 0,001181
заглавный -0,009950 -0,000004
загрязнение 0,891598 0,000792
зажор 3,912023 0,001738
заканчивать 3,218876 0,001430
заканчиваться 1,966113 0,000873
залив 1,609438 0,006435
замер 2,659260 0,001181
замерзание 2,659260 0,001181
замерзать 2,120264 0,000942
занимать 0,430783 0,000383
западно-сибирскую 2,995732 0,001331
западный 0,462035 0,000411
записьвойти -0,009950 -0,000004
заповедник 1,714798 0,000762
зарегистрировать -0,009950 -0,000004
затопить 1,832581 0,000814
затор 2,302585 0,001023
заявление -0,009950 -0,000004
зеленый 0,755023 0,000671
земля 0,400478 0,000178
зима 0,478036 0,000212
знак -0,009950 -0,000004
значение 0,061875 0,000055
значительно 0,510826 0,000681
значительный 0,328504 0,000292
значить 1,427116 0,000634
зона 0,400478 0,000178
игарка 2,813411 0,004999
игарке 3,912023 0,001738
игарки 3,506558 0,004673
идти 0,820981 0,000365
идэр 3,912023 0,001738
изд 0,314711 0,000140
изд-во 1,049822 0,000466
издание 0,415515 0,000554
издательство 0,494296 0,000439
изменить 1,049822 0,000466
изобиловать 2,995732 0,001331
изображение 0,693147 0,000308
изучение 0,713350 0,000317
изученность 2,525729 0,001122
имбак 3,912023 0,003476
именно 0,544727 0,000242
именовать 1,560648 0,000693
иметь 0,094311 0,000084
иметься 0,385662 0,000171
имя 0,274437 0,000122
иначе 0,733969 0,000326
институт 0,371064 0,000330
инструмент -0,009950 -0,000009
интенсивный 1,237874 0,000550
информационный 0,462035 0,000205
информация 0,162519 0,000072
ионэси 3,912023 0,005214
использование -0,009950 -0,000013
использовать 0,020203 0,000018
использоваться 0,223144 0,000297
исследование 0,462035 0,000205
истинный 2,407946 0,001070
исток 0,755023 0,002012
истокустье 3,218876 0,001430
историко-этнографический 3,506558 0,001558
исторический 0,314711 0,000140
история 0,051293 0,000046
источник -0,009950 -0,000040
источникевикипедия 2,302585 0,001023
итог 0,494296 0,000220
июль 0,116534 0,000104
июнь 0,116534 0,000259
казачинский 3,506558 0,001558
казачинское 3,912023 0,001738
каменный 0,733969 0,000326
кан 3,506558 0,003116
канал 0,673345 0,000598
каналыобь-енисейский 3,912023 0,001738
кантегир 3,912023 0,003476
карабаева 3,912023 0,001738
караул 2,813411 0,001250
карского 2,813411 0,002500
карское 2,302585 0,004092
карт 0,301105 0,000669
картографирование 3,506558 0,001558
картография 2,302585 0,001023
кас 3,912023 0,003476
каскад 1,966113 0,000873
каталанский 0,527633 0,000234
каталог 0,094311 0,000084
категория -0,009950 -0,000009
кача 2,813411 0,001250
каютный 3,912023 0,001738
кебеж 3,912023 0,001738
кемь 2,995732 0,002662
кет 2,302585 0,001023
кий 1,469676 0,000653
километр 0,693147 0,000616
ким 2,525729 0,001122
китайский 0,653926 0,000291
класс 0,616186 0,000274
климанова 3,912023 0,001738
климат 0,446287 0,000198
климатический 1,049822 0,000466
клуб 0,798508 0,000355
книжный 0,798508 0,000355
код -0,009950 -0,000084
кодекс -0,009950 -0,000004
кодистория 0,116534 0,000052
колебание 1,386294 0,001232
колебаться 1,714798 0,001524
количество 0,210721 0,000281
колобовский 3,912023 0,001738
кольцо 1,021651 0,000908
комарково 3,912023 0,001738
комбинат 1,021651 0,000454
коммунальный 1,609438 0,001430
компаративистика 3,912023 0,001738
комплекс 0,579818 0,000258
комса 3,506558 0,001558
конец 0,198451 0,000353
конечный 1,514128 0,000673
конференция 0,941609 0,000418
конфиденциальность -0,009950 -0,000004
координата 1,347074 0,002394
коркинский 3,218876 0,001430
коротаев 3,506558 0,003116
короткий -0,009950 -0,000004
котловина 1,897120 0,001686
котлякова 2,659260 0,002363
который 0,000000 0,000000
край 0,544727 0,000968
красноярск 0,967584 0,002149
красноярска 2,525729 0,007854
красноярске 3,218876 0,004290
красноярский 1,609438 0,015015
краяскрытые 3,912023 0,001738
крест 1,309333 0,001163
крестовский 2,813411 0,001250
кром 0,235722 0,000105
круиз 2,407946 0,001070
крупный 0,210721 0,000187
крутой 1,514128 0,000673
кряж 2,813411 0,002500
кто 1,203973 0,000535
кублицкий 3,912023 0,001738
кузнец 1,560648 0,000693
кузнецов 1,771957 0,000787
кузьминых 3,506558 0,003116
куки -0,009950 -0,000004
курейка 3,912023 0,005214
курейки 3,912023 0,003476
курс 1,171183 0,000520
кызыл 2,995732 0,005323
кызыла 3,912023 0,005214
кызыле 3,912023 0,003476
латкин 3,506558 0,001558
левобережный 1,714798 0,000762
левобережье 1,832581 0,000814
левый 1,021651 0,002269
лед 1,171183 0,000520
ледовитый 1,514128 0,002018
ледостав 2,813411 0,001250
ледоход 3,218876 0,002860
лекция 1,714798 0,001524
лен 2,207275 0,000981
лес 0,733969 0,000326
лесосибирск 3,506558 0,003116
лесосибирска 3,912023 0,001738
лесосплав 3,912023 0,001738
летний 0,579818 0,000258
лингвистический 2,525729 0,001122
линия 0,462035 0,000411
лист 1,203973 0,001605
лит-ры 3,912023 0,001738
литература 0,051293 0,000046
литературоведение 3,218876 0,001430
лицензия -0,009950 -0,000004
лог 2,207275 0,000981
локальный 0,673345 0,000299
лоция 2,659260 0,001181
люкс 2,995732 0,001331
май 0,127833 0,000227
майна 2,040221 0,000906
майнский 3,506558 0,009347
максим 1,237874 0,001100
максимальный 0,867501 0,000385
максимкин 3,912023 0,001738
максимова 2,659260 0,001181
максимоярочка 3,912023 0,001738
мало 0,579818 0,000258
малое 0,994252 0,001325
малой 0,776529 0,000690
малый 0,139262 0,000557
мана 3,506558 0,003116
мангазейский 3,506558 0,001558
манс 3,912023 0,001738
март 0,116534 0,001087
массив 0,891598 0,000396
масштаб 1,108663 0,000985
материал -0,009950 -0,000009
мгопу 3,912023 0,001738
медведь 1,660731 0,000738
медиафайлы 0,301105 0,000134
медленно 1,832581 0,000814
международный 0,385662 0,000343
меняться 1,272966 0,000566
местность 1,049822 0,000466
местный 0,478036 0,000212
место 0,139262 0,000557
местоположение 1,660731 0,000738
месяц 0,415515 0,000185
месяцекарточка 3,218876 0,001430
минимальный 1,347074 0,000598
минприроды 2,659260 0,004725
минусинск 3,218876 0,001430
минусинский 3,218876 0,001430
мир 0,094311 0,000168
многорукавностью 3,912023 0,001738
множество 0,462035 0,000205
мобильный -0,009950 -0,000004
мор 1,021651 0,001362
море 0,562119 0,000749
моререки 3,218876 0,001430
морской 0,994252 0,000883
моск 2,302585 0,002046
мост 0,713350 0,006021
мочь -0,009950 -0,000013
моща 2,659260 0,001181
мощный 1,021651 0,000454
музей-заповедник 1,832581 0,000814
музыка 0,941609 0,000418
муксуниха 3,912023 0,001738
мыс 1,386294 0,000616
мягкий 1,714798 0,000762
навигация -0,009950 -0,000013
название 0,105361 0,000374
назвать 0,371064 0,000165
называть 0,174353 0,000077
называться 0,328504 0,000146
наиболее 0,139262 0,000124
наименование 0,994252 0,000442
наледь 3,218876 0,001430
народ 0,579818 0,000258
население 0,462035 0,000205
населить 0,597837 0,000797
наследие 0,713350 0,000317
настоящее 0,287682 0,000128
настоящий 1,272966 0,000566
научно-образовательный 0,967584 0,000430
национальный 0,342490 0,000304
начало 0,116534 0,000155
начинаться 0,527633 0,001875
неавторитетном 2,525729 0,001122
неавторитетный 2,407946 0,001070
небо 1,272966 0,000566
небольшое 1,427116 0,000634
незамерзающий 2,813411 0,001250
некого 3,912023 0,001738
некоммерческий -0,009950 -0,000004
некорректный 1,514128 0,000673
некоторый 1,237874 0,000550
немного 1,309333 0,000582
нен 3,912023 0,005214
нередко 1,108663 0,000493
неродимый 3,912023 0,001738
несколько 0,116534 0,000104
нести 1,609438 0,000715
нечисловыми 2,659260 0,001181
ниже 0,693147 0,002463
нижнее 0,916291 0,001628
нижний 0,494296 0,001098
низкий 0,843970 0,000375
низовье 1,966113 0,003494
николаевский 1,832581 0,001628
новоселова 3,218876 0,001430
новоселово 3,912023 0,001738
новосибирск 0,916291 0,000407
новый 0,083382 0,000037
номер 0,634878 0,000282
норвежский 0,248461 0,000110
нормальный 2,302585 0,001023
ноябрь 0,127833 0,000341
обелиск 2,407946 0,002139
оби 2,207275 0,000981
образ 0,287682 0,000128
образование 0,356675 0,000158
образовать 0,385662 0,000343
обратно 1,714798 0,000762
обращение 0,030459 0,000352
обход 1,469676 0,000653
обширно 3,506558 0,001558
общий 0,186330 0,000331
объездной 1,897120 0,001686
объект 0,235722 0,000524
обь 2,302585 0,002046
обь-енисейский 3,912023 0,001738
огромный 0,776529 0,000345
один 0,051293 0,000046
озеро 0,673345 0,000299
ознаменование 2,407946 0,001070
означать 0,798508 0,000355
океан 0,994252 0,001325
округ 0,562119 0,000999
округареки 2,995732 0,001331
окружать 0,755023 0,000335
октябрь 0,072571 0,000129
октябрьский 0,776529 0,000345
олень 2,207275 0,000981
онлайн 0,198451 0,000088
описание -0,009950 -0,000004
опорный 1,560648 0,000693
опыт 1,427116 0,000634
организация -0,009950 -0,000004
оренбургский 1,714798 0,000762
оригинал 0,139262 0,000247
оружейный 2,995732 0,001331
освоение 1,309333 0,000582
осенний 2,302585 0,001023
осень 0,941609 0,000418
осередками 3,912023 0,001738
осипов 0,527633 0,000234
основать 0,274437 0,000122
основное 0,235722 0,000105
основной 0,040822 0,000036
оставаться 0,544727 0,000242
остров 0,820981 0,000729
островной 2,407946 0,001070
осуществляться 0,616186 0,000547
ответ 0,941609 0,000418
ответственность -0,009950 -0,000004
отдельный -0,009950 -0,000009
отец 2,040221 0,001813
отказ -0,009950 -0,000004
открыть 0,150823 0,000134
отметить 0,616186 0,000274
отредактировать -0,009950 -0,000009
отрог 2,525729 0,002244
официальный 0,356675 0,000158
охлаждение 2,813411 0,002500
охотский 2,040221 0,000906
очередь 0,510826 0,000227
очистка 1,771957 0,000787
ошибкекак -0,009950 -0,000004
ошибоч 3,912023 0,001738
ощущаться 2,995732 0,001331
паводок 2,120264 0,000942
падать 1,771957 0,000787
пакулиха 3,912023 0,001738
памятник 0,597837 0,000266
памятный 0,798508 0,000709
параллель 2,302585 0,001023
парк 0,653926 0,000291
пароходство 1,832581 0,000814
первое 0,150823 0,000134
перейти -0,009950 -0,000009
перекат 2,995732 0,002662
переселение 2,120264 0,000942
пересечение 1,171183 0,000520
перестать 1,714798 0,000762
персональный -0,009950 -0,000004
перспектива 1,049822 0,000466
песнь 1,469676 0,000653
песчанка 2,813411 0,001250
печать -0,009950 -0,000009
пешеходно-автодорожный 3,912023 0,001738
пита 3,912023 0,003476
питание 1,171183 0,000520
плес 1,832581 0,000814
плот 3,506558 0,001558
плотина 1,514128 0,002691
площадь 0,385662 0,000857
плутоний 3,912023 0,003476
поведение -0,009950 -0,000004
поверхностный 1,514128 0,000673
поворачивать 2,995732 0,001331
подводной 1,514128 0,000673
подземный 1,469676 0,000653
подкаменный 3,912023 0,005214
подниматься 1,427116 0,000634
подтесово 3,912023 0,001738
поздний 1,171183 0,000520
поиск -0,009950 -0,000013
пойменный 2,302585 0,003069
полемика 2,995732 0,002662
полет 1,609438 0,000715
политик -0,009950 -0,000004
полить 3,506558 0,001558
полноводный 2,995732 0,002662
половодье 2,207275 0,002942
полуостров 1,171183 0,000520
полынья 3,218876 0,002860
порог 2,040221 0,000906
порт 0,733969 0,000652
портал 0,342490 0,000304
поселок 0,634878 0,001410
последний -0,009950 -0,000013
пост 1,078810 0,000479
построить 0,301105 0,000268
постройка 0,867501 0,000385
ппк 3,506558 0,001558
править -0,009950 -0,000150
правка 0,274437 0,000122
правкиновые -0,009950 -0,000004
правкипостоянная -0,009950 -0,000004
правобережный 1,832581 0,000814
правобережье 1,966113 0,000873
правый 0,798508 0,001419
превосходить 2,040221 0,000906
предел 0,400478 0,000178
представиться -0,009950 -0,000004
представление 0,776529 0,000345
представлять 0,328504 0,000146
преобладание 1,660731 0,000738
преобладать 0,713350 0,000317
привести 0,356675 0,000317
приказ 1,203973 0,001070
приливный 3,218876 0,001430
приложение 0,733969 0,000326
пример 0,527633 0,000234
примерно 0,634878 0,000282
примечание -0,009950 -0,000009
принимать 0,634878 0,000282
приносить 2,040221 0,000906
принять 0,248461 0,000110
природный 0,510826 0,000454
природоохранный 2,302585 0,001023
пристань 1,427116 0,001268
притка 1,427116 0,000634
приток 1,078810 0,005272
приустьевой 3,506558 0,001558
причем 0,994252 0,000442
причина 0,562119 0,000250
проблема 0,274437 0,000244
проверять 0,820981 0,000365
проводка 3,912023 0,001738
продолжение 1,347074 0,000598
проект -0,009950 -0,000009
проза 2,659260 0,001181
производиться 1,108663 0,000493
производственный 1,078810 0,000479
происходить 0,328504 0,000292
происхождение 0,776529 0,000345
промывная 3,506558 0,001558
промышлять 0,462035 0,000205
прорываться 3,912023 0,001738
просмотр -0,009950 -0,000004
просто 1,171183 0,000520
проток 1,660731 0,002213
протяжение 0,843970 0,000750
протяженный 2,207275 0,002942
проходить 0,462035 0,000411
прохоров 1,078810 0,000479
прочие 0,798508 0,000355
прямая 0,867501 0,000385
прямоточный 3,912023 0,003476
птичий 2,525729 0,001122
публикация 1,272966 0,000566
пункт 0,494296 0,000659
путь 0,261365 0,000348
пучеглазиха 3,912023 0,001738
пятьсот 3,218876 0,001430
работа 0,127833 0,000057
равнина 0,867501 0,000385
радиационный 2,302585 0,002046
раз -0,009950 -0,000004
разбиваться 3,506558 0,003116
развитие 0,127833 0,000057
раздел 0,342490 0,000456
размах 2,659260 0,001181
разработчик -0,009950 -0,000004
район 0,430783 0,000957
рана 0,776529 0,000690
рано 0,261365 0,000116
расположение 0,776529 0,001035
расположить 0,385662 0,000343
растянуть 3,218876 0,002860
расход 1,347074 0,003591
расширение 0,415515 0,000554
расширяться 1,771957 0,000787
реактор 3,506558 0,004673
регион 0,385662 0,000171
регулярный 0,798508 0,000709
ред 0,235722 0,000524
редко 1,514128 0,000673
реестр 1,272966 0,001131
режим 0,653926 0,000291
резкий 1,386294 0,001232
резко 0,967584 0,000430
река 0,446287 0,007336
рекомендация 0,776529 0,000345
ремесло 1,714798 0,000762
республика 0,527633 0,000234
ресурс 0,020203 0,000036
речной 0,693147 0,000924
риц 3,912023 0,001738
родимый 3,912023 0,003476
роскадастр 3,506558 0,001558
российский 0,105361 0,000094
россия 0,174353 0,000697
рукав 2,120264 0,003768
рус 0,162519 0,001949
русгидро 2,813411 0,001250
русло 1,386294 0,005543
русский -0,009950 -0,000013
рыба 1,514128 0,000673
рыбный 1,609438 0,000715
сайт 0,210721 0,000094
самый 0,174353 0,000077
сарчиха 3,912023 0,001738
саян 2,407946 0,003209
саяно-шушенская 3,912023 0,003476
саяно-шушенский 3,912023 0,001738
саяно-шушенское 3,912023 0,003476
саяно-шушенской 3,506558 0,006231
саяногорск 3,506558 0,001558
саяногорска 3,912023 0,005214
саянское 3,912023 0,003476
сбрасываться 3,506558 0,001558
сброс 1,660731 0,000738
свободный -0,009950 -0,000004
свойство 0,415515 0,000369
связаться -0,009950 -0,000004
связывать 0,916291 0,000407
связь 0,174353 0,000077
сев 2,995732 0,001331
север 0,527633 0,000234
северный 0,385662 0,001028
секретный 2,813411 0,001250
селенга 2,995732 0,001331
сельк 3,912023 0,001738
селькупско-русский 3,912023 0,001738
сентябрь 0,072571 0,000129
середина 0,356675 0,000317
сибири 1,347074 0,002992
сибирский 1,049822 0,001399
сибирь 1,469676 0,000653
сибирью 2,207275 0,000981
сибиряк 2,659260 0,001181
сисим 3,912023 0,003476
система 0,051293 0,000023
системеобсуждениевкладсоздать -0,009950 -0,000004
сказаться 2,302585 0,001023
скапливаться 3,912023 0,001738
скачать -0,009950 -0,000004
скачивание 2,813411 0,001250
сколько 0,653926 0,000291
скрыть 2,207275 0,000981
слева 1,108663 0,001970
следовать 0,235722 0,000105
сливаться 2,407946 0,001070
слияние 1,609438 0,004290
словарь 0,094311 0,000209
случай -0,009950 -0,000004
смешать 1,309333 0,000582
снеговой 2,995732 0,002662
сноска 0,733969 0,000326
собственно 1,386294 0,001232
событияпожертвовать -0,009950 -0,000004
советский 0,261365 0,000232
современный 0,150823 0,000335
содержание 0,010050 0,000004
соединить 0,994252 0,000442
создание 0,301105 0,000134
сокол 1,469676 0,000653
сокращение 0,867501 0,000385
сообщить -0,009950 -0,000004
сооружение 0,733969 0,000326
соперничать 2,995732 0,001331
сопровождаться 1,609438 0,000715
сосновоборск 3,218876 0,001430
составлять 0,198451 0,000617
состояние 0,248461 0,000221
сохранение -0,009950 -0,000004
социальный 0,527633 0,000469
сочетание 1,771957 0,000787
спб 0,385662 0,000171
список 0,210721 0,000094
сплав 2,995732 0,001331
справа 1,714798 0,001524
справочник 0,798508 0,000355
среда 0,385662 0,000171
среди 0,198451 0,000264
среднегодовой 0,776529 0,000690
среднее 0,342490 0,000304
средний 0,371064 0,000165
ссср 0,314711 0,000419
ссылка -0,009950 -0,000044
ссылкасведения -0,009950 -0,000004
становиться 0,415515 0,000185
статистик -0,009950 -0,000004
стать 0,083382 0,000074
статьислучайная -0,009950 -0,000004
статьисообществофорумсправкасвежие -0,009950 -0,000004
статья 0,020203 0,000045
статьяобсуждение -0,009950 -0,000004
статьятекущие -0,009950 -0,000004
створ 2,302585 0,002046
сток 1,660731 0,002951
столб 2,120264 0,000942
столь 1,714798 0,000762
столько 1,832581 0,000814
сточный 1,560648 0,000693
стр 1,309333 0,000582
страна 0,235722 0,000209
страница -0,009950 -0,000027
страницасодержаниеизбранные -0,009950 -0,000004
страницецитировать -0,009950 -0,000004
страницуполучить -0,009950 -0,000004
страницыслужебные -0,009950 -0,000004
стрелка 1,560648 0,001387
строительство 0,462035 0,000205
стройка 2,407946 0,001070
суд 0,693147 0,000616
судовой 3,218876 0,001430
судоподъемник 3,912023 0,001738
судоходство 1,660731 0,002213
сужение 3,218876 0,001430
сурик 2,813411 0,001250
сухариха 3,912023 0,001738
сухой 1,049822 0,000933
сухопутный 2,040221 0,000906
существовать 0,020203 0,000009
считаться 0,385662 0,000171
сыда 3,912023 0,003476
сым 3,912023 0,003476
сюдасвязанные -0,009950 -0,000004
табл 0,867501 0,000385
тайга 1,427116 0,000634
танама 3,912023 0,001738
тгпу 3,218876 0,001430
текст -0,009950 -0,000009
теплоход 1,514128 0,002691
теплый 1,171183 0,000520
территория 0,356675 0,000158
терять 2,120264 0,000942
течение 0,314711 0,000979
течь 0,274437 0,000244
тип 0,072571 0,000064
тис 2,995732 0,001331
товарный -0,009950 -0,000004
томск 1,108663 0,000985
тоннель 2,302585 0,004092
топоним 1,078810 0,000959
топонимия 2,120264 0,000942
точка 0,478036 0,000637
транспорт 0,616186 0,000274
транспортный 0,616186 0,000821
трасс 0,941609 0,000837
туба 3,912023 0,003476
тув 3,506558 0,001558
туве 3,506558 0,001558
тувинский 3,218876 0,001430
тувы 2,995732 0,001331
тунгуска 2,813411 0,009999
туристический 1,021651 0,000454
турухан 3,912023 0,003476
туруханск 3,912023 0,003476
тыва 2,995732 0,002662
тыве 3,912023 0,001738
тывыреки 3,912023 0,001738
тыс 0,430783 0,000191
тысяча 0,371064 0,000495
тюркский 1,386294 0,000616
тяас 3,912023 0,001738
убить 1,897120 0,000843
уважение 3,506558 0,001558
увеличиваться 1,309333 0,000582
угроведения 3,912023 0,001738
удалить 0,579818 0,000258
узел 0,527633 0,000234
указание -0,009950 -0,000004
указать 0,083382 0,000111
уклон 2,207275 0,000981
улан-удэ 1,237874 0,000550
улуг 3,912023 0,001738
улуг-хем 3,912023 0,001738
уменьшаться 2,120264 0,001884
университет 0,328504 0,000146
уникальный 0,776529 0,000345
уничтожение 1,660731 0,000738
уралистика 3,912023 0,001738
уровень 0,150823 0,000268
условие -0,009950 -0,000013
успокоить 3,912023 0,001738
установить 0,328504 0,000292
усть-абакан 3,912023 0,001738
усть-порт 3,912023 0,005214
усть-порта 3,912023 0,003476
устье 0,634878 0,003102
утвердить 0,755023 0,000335
утверждение 0,400478 0,000356
утрачивать 3,506558 0,001558
участие -0,009950 -0,000004
участок 0,616186 0,000821
учетный -0,009950 -0,000004
фактор 0,994252 0,000442
фанпарк 3,506558 0,001558
фатьяниха 3,912023 0,001738
февраль 0,051293 0,000068
федеральный 0,462035 0,000205
фестиваль 1,021651 0,000908
фокина 3,912023 0,001738
фольклор 2,525729 0,001122
фонд -0,009950 -0,000009
форма 0,287682 0,000128
формирование 0,597837 0,000531
фунтусова 3,912023 0,001738
хак 3,506558 0,001558
хакасии 3,218876 0,001430
хакасииреки 3,912023 0,001738
хакасия 2,659260 0,001181
хантайка 3,912023 0,003476
характер 0,653926 0,000581
характеризоваться 0,891598 0,000396
характеристика 0,415515 0,000185
характерно 1,609438 0,000715
характерный 0,693147 0,000616
хватать 0,820981 0,000365
хелимский 3,506558 0,001558
хельсинки 2,525729 0,001122
хем 3,912023 0,001738
хемчик 3,912023 0,005214
хета 3,912023 0,006952
ход 0,510826 0,000454
хозяйственный 1,203973 0,001070
хук 3,912023 0,001738
царство 1,237874 0,000550
ценный 1,714798 0,000762
центр 0,287682 0,000511
цунц 3,912023 0,001738
частность 0,462035 0,000205
часто 0,415515 0,000185
часть 0,061875 0,000137
черемушка 2,302585 0,002046
четыре 0,597837 0,000266
чистоклеть 3,912023 0,001738
читатьправитьправить 0,494296 0,000220
чужой 2,995732 0,002662
шагонар 3,506558 0,001558
шагонара 3,912023 0,001738
шиверский 3,912023 0,001738
шилка 2,995732 0,001331
ширина 0,916291 0,002035
шолохова 3,218876 0,001430
шушенское 3,912023 0,003476
эвенк 1,832581 0,002442
экологический 0,693147 0,000616
экология 0,562119 0,000250
эксплуатация 0,776529 0,000345
эксплуатироваться 2,207275 0,000981
экспорт -0,009950 -0,000004
элегест 3,912023 0,001738
электронный 0,478036 0,000212
элиасов 3,912023 0,001738
энергия 1,021651 0,000454
энциклопедический 0,733969 0,000326
энциклопедия -0,009950 -0,000022
эпитет 2,813411 0,001250
эстуарий 2,995732 0,001331
этап 0,634878 0,000282
этимология 0,616186 0,000821
этнический 1,897120 0,000843
этнографический 2,040221 0,000906
этнонимия 3,912023 0,001738
этнофестиваль 3,912023 0,001738
южносельк 3,912023 0,001738
южносибирский 3,912023 0,001738
южный 0,385662 0,000171
являться 0,040822 0,000036
ягодкина 3,912023 0,001738
ядерный 1,771957 0,000787
язык -0,009950 -0,000009
яковлева 3,506558 0,001558
ямал 3,912023 0,001738
январь 0,105361 0,000047
яныг-ас 3,912023 0,001738
ярмо 3,912023 0,001738
ях 3,912023 0,001738
