абасылах 3,912023 0,001444
автодорога 0,891598 0,001316
автомобильный 0,713350 0,001053
авторство -0,009950 -0,000004
автотрасса 2,525729 0,000932
аз 2,302585 0,000850
азия 0,755023 0,000279
академия 0,544727 0,000402
акватория 1,560648 0,000576
акт 1,237874 0,000457
активность 1,309333 0,000483
активный 0,527633 0,000195
алдан 1,309333 0,002900
алдана 3,912023 0,005776
алмаз 2,407946 0,000889
алмазный 2,813411 0,001039
алмазодобывающий 3,912023 0,001444
алроса 3,506558 0,002589
алфавитукарточка 2,207275 0,000815
алфавитуленареки 3,912023 0,001444
амуро-якутской 3,912023 0,001444
амурский 1,966113 0,000726
анабара 3,912023 0,002888
анадыря 3,912023 0,001444
ангар 2,659260 0,000982
англ 0,174353 0,000451
апрель 0,150823 0,000056
арктика 2,120264 0,001565
арктический 1,771957 0,001308
артерия 2,302585 0,000850
архангельске 3,506558 0,001294
археографический 3,912023 0,001444
архивировать 0,020203 0,000164
архивный 0,248461 0,000092
асимметричный 2,659260 0,000982
асср 1,966113 0,001452
аст 0,820981 0,000303
астероидыскрытые 2,813411 0,001039
астрель 1,049822 0,000388
атырдьах 3,912023 0,001444
атыыр-айана 3,912023 0,001444
бабарына 3,912023 0,001444
байкала 2,995732 0,002212
байкало-амурской 3,506558 0,001294
байкальский 2,659260 0,001963
баламакан 3,912023 0,001444
балаханнаах 3,912023 0,001444
балаханнах 3,912023 0,001444
бас-юрях 3,912023 0,001444
бассейн 0,653926 0,003862
бассейновый 2,525729 0,000932
батамай 3,912023 0,001444
баханай 3,912023 0,001444
баш 3,506558 0,001294
бегидян 3,912023 0,001444
бедный 2,302585 0,001700
безлюдный 3,506558 0,001294
безымянный 2,040221 0,000753
бейберике 3,912023 0,001444
беликан 3,912023 0,001444
белянка 3,912023 0,001444
берег 0,478036 0,000706
берелеех 3,912023 0,001444
бестях 3,912023 0,001444
бестяхе 3,912023 0,001444
бесюке 3,912023 0,001444
библиографический 0,083382 0,000031
бирюк 3,506558 0,002589
бичик 3,912023 0,001444
близ 1,237874 0,000457
близко 1,714798 0,000633
близлежащий 2,040221 0,000753
бобровка 3,912023 0,002888
бодайбо 3,506558 0,001294
бокарева 3,506558 0,001294
бол 3,506558 0,002589
болото 1,771957 0,000654
большее 1,309333 0,000483
большинство 0,342490 0,000126
большиянов 3,912023 0,001444
большой 0,040822 0,000422
борисов 2,659260 0,000982
брокгауза 0,328504 0,000364
бросить 2,659260 0,000982
булкур 3,912023 0,001444
булун 3,912023 0,001444
булунский 3,506558 0,001294
булунского 3,912023 0,001444
буотама 3,912023 0,001444
бур 3,218876 0,001188
бурятии 3,218876 0,001188
бык 2,659260 0,007853
быковская 3,912023 0,001444
быковской 3,912023 0,001444
былахы 3,912023 0,001444
быть -0,009950 -0,000004
важный 0,494296 0,000365
васильев 2,302585 0,000850
вахтовый 3,218876 0,001188
ведомость 0,994252 0,000367
век 0,248461 0,000275
великий 0,356675 0,000132
величие 2,659260 0,000982
версия -0,009950 -0,000015
верх 2,525729 0,000932
верхний 0,494296 0,001095
верховье 2,302585 0,001700
верхоянский 3,218876 0,001188
вершина 1,514128 0,000559
весенний 1,660731 0,004291
вестись 0,673345 0,000249
весь 0,301105 0,000111
вечный 1,309333 0,000483
взаимодействие 1,203973 0,000444
взамен 1,832581 0,000676
взять 0,755023 0,000279
вид 0,061875 0,000046
видеоконференции 3,912023 0,001444
викиданные 0,776529 0,000573
викиданными 2,813411 0,002077
викиданных -0,009950 -0,000004
викимедиа -0,009950 -0,000004
википедии -0,009950 -0,000007
википедия -0,009950 -0,000004
викискладвикиновостиэлемент 1,897120 0,000700
викискладе 0,174353 0,000064
виллахов 3,912023 0,001444
вилюй 3,506558 0,007766
вилюйский 3,912023 0,001444
висок 3,912023 0,001444
витим 3,912023 0,010109
витима 3,912023 0,010109
владеть 1,897120 0,000700
владимир 0,653926 0,000483
вместе 0,510826 0,000377
внешний 0,051293 0,000019
вниз 1,171183 0,000432
внутренний 0,314711 0,000116
вода 0,527633 0,003895
водный 0,562119 0,002490
водоизмещающий 3,912023 0,002888
водораздел 2,040221 0,000753
водосбор 2,659260 0,000982
водоток 2,407946 0,000889
водывикипедия 3,912023 0,001444
водяной 2,302585 0,000850
возвышенность 1,386294 0,000512
возрастать 1,897120 0,000700
волшебный 0,030459 0,000011
вопрос 0,371064 0,000137
ворот 1,078810 0,000796
восток 0,494296 0,000912
восточный 0,430783 0,000636
впадать 1,309333 0,001450
впадение 1,139434 0,002103
впервые 0,385662 0,000285
врезать 3,218876 0,001188
временной 0,967584 0,000357
время 0,020203 0,000030
вскрытие 2,302585 0,002550
встречаться 0,713350 0,000263
вступать 2,659260 0,000982
втора 0,274437 0,000101
входить 0,287682 0,000106
выделяться 0,941609 0,000348
вып 0,798508 0,000590
выпуск 0,693147 0,000256
выразить 1,427116 0,000527
высокий 0,139262 0,000103
высота 0,415515 0,000767
выходит 1,427116 0,000527
выше 0,616186 0,000910
галерея 1,049822 0,000775
гвр 2,659260 0,000982
гвркарточка 2,813411 0,001039
географгиз 3,218876 0,001188
географический 0,356675 0,000395
география 0,415515 0,000460
геодезиздат 3,912023 0,001444
геотермальный 3,218876 0,001188
гигантский 1,897120 0,000700
гидрографический 2,302585 0,000850
гидрография 1,427116 0,001054
гидрологический 1,966113 0,003629
гидрология 1,966113 0,001452
гидрометеоиздат 1,897120 0,001401
гидроним 1,660731 0,000613
гкгн 0,994252 0,000367
гкгнпро 0,916291 0,000338
глава 0,494296 0,000365
главный 0,210721 0,000233
глобальный 1,203973 0,000444
глубина 1,139434 0,000841
глубокий 1,078810 0,000398
глухой 2,813411 0,001039
глушков 3,218876 0,003565
гоголь 1,966113 0,000726
год -0,009950 -0,000191
годовой 0,994252 0,002202
горный 0,941609 0,000348
город 0,371064 0,001233
городской 0,544727 0,000201
гостиница 0,843970 0,000312
государственный 0,261365 0,000386
гранат 1,386294 0,000512
григорьев 3,218876 0,001188
груз 1,309333 0,000483
грузовая 1,139434 0,000421
грунтовой 1,832581 0,000676
гузенков 3,912023 0,001444
густой 2,525729 0,000932
дабаан 3,912023 0,001444
давыдово 3,912023 0,001444
дальневосточный 1,966113 0,001452
дарбангда 3,912023 0,001444
дата 0,030459 0,000225
датский 0,328504 0,000121
дать 0,072571 0,000054
два 0,150823 0,000056
движение 0,544727 0,000201
действовать -0,009950 -0,000026
декабрь 0,094311 0,000104
делингдэ 3,912023 0,001444
деловой 1,237874 0,000457
дельта 1,832581 0,006088
демьян 3,912023 0,001444
демьяном 3,912023 0,001444
день 0,210721 0,000078
дерба 3,912023 0,001444
деревня 1,021651 0,001131
детская 0,653926 0,000241
деуля 3,912023 0,001444
джарджан 3,912023 0,001444
джебарики-хая 3,912023 0,001444
диринг-юрях 3,912023 0,001444
длина 0,579818 0,001712
длинакарточка 3,218876 0,001188
дмитриева 2,995732 0,001106
дмитриевна 3,506558 0,001294
добываться 3,218876 0,001188
добыча 1,386294 0,000512
довольно 0,891598 0,000329
дождевой 2,207275 0,000815
долгий 1,021651 0,000754
долина 0,916291 0,002029
донидзе 3,912023 0,001444
доп 0,597837 0,000441
дополнение 1,771957 0,000654
дополнительный -0,009950 -0,000007
дорога 0,527633 0,000390
достигать 0,843970 0,000623
достигаться 2,207275 0,000815
доступный -0,009950 -0,000004
доходить 2,407946 0,001778
дробно -0,009950 -0,000004
друг 0,916291 0,000676
другой -0,009950 -0,000026
дружба 1,171183 0,000432
дубовка 2,040221 0,000753
европа 0,301105 0,000111
единственный 0,891598 0,000329
елань 2,995732 0,001106
еловый 2,813411 0,001039
елю-енэ 3,912023 0,001444
елюенэ 3,912023 0,004332
енисейска 2,995732 0,001106
енисея 2,302585 0,000850
ефрона 0,328504 0,000364
железнодорожно-автомобильного 3,912023 0,001444
железнодорожный 0,579818 0,000428
железный 0,616186 0,000227
жигалово 3,912023 0,004332
жигаловского 3,912023 0,001444
жигаловском 3,912023 0,001444
жиганск 3,912023 0,001444
жиганского 3,912023 0,001444
жизнь 0,342490 0,000126
забайкальский 2,302585 0,000850
завершить 0,867501 0,000320
завоз 3,218876 0,001188
заглавный -0,009950 -0,000004
закончиться 1,966113 0,000726
закрепиться 1,966113 0,000726
замедляться 3,912023 0,001444
замер 2,659260 0,000982
замерзать 2,120264 0,000783
заметный 1,427116 0,000527
заморозить 2,302585 0,000850
занять 0,693147 0,000256
зао 1,514128 0,000559
запад 0,634878 0,000703
западный 0,462035 0,000171
записьвойти -0,009950 -0,000004
зарегистрировать -0,009950 -0,000004
заселить 1,897120 0,000700
затопление 2,120264 0,000783
затор 2,302585 0,001700
зафиксировать 1,078810 0,000796
зачастую 1,771957 0,000654
заявление -0,009950 -0,000004
заяц 1,897120 0,002101
землепроходец 2,995732 0,001106
зима 0,478036 0,000353
зимина 3,506558 0,001294
зимний 0,798508 0,000590
зимник 3,912023 0,001444
знак -0,009950 -0,000004
значение 0,061875 0,000069
значительный 0,328504 0,000243
играть 0,867501 0,000320
идет 1,078810 0,000796
из-за 0,415515 0,000307
известие 0,994252 0,000367
известняк 2,813411 0,001039
изд 0,314711 0,000581
издание 0,415515 0,000307
издательство 0,494296 0,001642
издать 1,386294 0,000512
изменение 0,301105 0,000445
изменяться 1,203973 0,000444
изучение 0,713350 0,000263
изученность 2,525729 0,001865
илга 3,912023 0,001444
иликта 3,912023 0,001444
ильич 2,525729 0,000932
иметь 0,094311 0,000174
инверсия 3,218876 0,001188
индигирки 3,506558 0,002589
инженер 1,139434 0,000421
иннях 3,912023 0,001444
инструмент -0,009950 -0,000007
интенсивный 1,237874 0,000457
инфраструктура 0,891598 0,000987
иркутск 1,171183 0,001297
иркутский 2,120264 0,004696
исключение 0,891598 0,000658
использование -0,009950 -0,000004
использовать 0,020203 0,000015
использоваться 0,223144 0,000082
испр 1,832581 0,000676
исправить 1,347074 0,000995
истинный 2,407946 0,000889
исток 0,755023 0,001951
истокустье 3,218876 0,001188
историко-архитектурный 2,407946 0,000889
исторический 0,314711 0,000232
история 0,051293 0,000038
источник -0,009950 -0,000015
итрк 3,506558 0,001294
ихтиофауна 2,525729 0,001865
ичера 3,912023 0,001444
иэнчик 3,912023 0,001444
июль 0,116534 0,000129
июнь 0,116534 0,000258
йэнэ 3,912023 0,001444
казарян 3,506558 0,001294
калайка 3,912023 0,001444
каменка 2,659260 0,002945
карт 0,301105 0,000333
карта 2,995732 0,001106
картгеоцентр 3,912023 0,001444
каталанский 0,527633 0,000195
каталог 0,094311 0,000070
категория -0,009950 -0,000015
качуг 3,912023 0,002888
качуга 3,912023 0,001444
качугского 3,912023 0,001444
кенкеме 3,912023 0,001444
километр 0,693147 0,000512
километраж 3,912023 0,004332
киренга 3,912023 0,002888
киренск 3,506558 0,005178
киренска 3,912023 0,004332
киренский 3,218876 0,001188
кирик 3,506558 0,001294
кириллов 2,659260 0,001963
кирим 3,912023 0,001444
китайский 0,653926 0,000241
климат 0,446287 0,000165
ключ 1,309333 0,000483
книжка 2,813411 0,001039
книжный 0,798508 0,002063
кобяйского 3,912023 0,001444
код -0,009950 -0,000099
кодекс -0,009950 -0,000004
кодистория 0,116534 0,000043
кожов 3,506558 0,001294
колесный 2,995732 0,001106
колесов 2,995732 0,001106
количество 0,210721 0,000156
колыма 3,506558 0,001294
колымы 3,218876 0,002376
комиссия 0,967584 0,000357
коммиссиею 3,912023 0,001444
компания 0,371064 0,000274
конек 2,207275 0,001630
конец 0,198451 0,000147
конкуренция 2,120264 0,000783
контайка 3,912023 0,001444
конфиденциальность -0,009950 -0,000004
координата 1,347074 0,000995
копие 0,223144 0,000082
короткий -0,009950 -0,000004
космос 1,237874 0,000457
который 0,000000 0,000000
край 0,544727 0,000603
красавица 3,912023 0,002888
красноярово 3,912023 0,001444
красноярский 1,609438 0,000594
красный 0,597837 0,000221
краткий 0,653926 0,000483
крестовка 3,218876 0,001188
крестээх 3,912023 0,001444
крот 2,659260 0,000982
круиз 2,407946 0,000889
круизный 2,040221 0,003013
крупный 0,210721 0,000700
круто 2,995732 0,001106
кряж 2,813411 0,001039
куки -0,009950 -0,000004
кулибин 3,912023 0,001444
культура 0,356675 0,000263
куранах-сиктях 3,912023 0,001444
курунг 3,912023 0,001444
курунг-юрях 3,912023 0,001444
кут 3,218876 0,003565
кутикан 3,912023 0,001444
кыстатыамка 3,912023 0,001444
кюеленке 3,912023 0,001444
кюнгкябир 3,912023 0,001444
кюндюдэй 3,912023 0,001444
кюнюй 3,912023 0,001444
кюсюр 3,912023 0,001444
кюэнехтях-юрях 3,912023 0,001444
лаборатория 1,309333 0,000483
ламги 3,912023 0,002888
лаптевой 2,302585 0,004250
лаптевыхреки 3,912023 0,001444
лев 0,967584 0,000357
левый 1,021651 0,000377
лед 1,171183 0,003026
ледовитый 1,514128 0,000559
ледовый 1,078810 0,000398
ледоход 3,218876 0,002376
лежать 0,994252 0,000367
лен 2,207275 0,070887
ленатурфлот 3,912023 0,002888
ленатурфлоту 3,912023 0,001444
ленаякут 3,912023 0,001444
лене-реке 3,912023 0,001444
ленин 0,755023 0,000557
ленинград 2,120264 0,001565
лено-витимского 3,912023 0,001444
ленск 3,912023 0,005776
ленска 3,912023 0,001444
ленская 3,912023 0,001444
ленские 3,506558 0,003883
ленский 3,506558 0,001294
ленских 3,912023 0,001444
ленско-индигирский 3,912023 0,002888
ленского 3,218876 0,004753
ленской 3,506558 0,001294
ленском 3,912023 0,001444
лес 0,733969 0,000271
лет 0,597837 0,000883
летне-осенний 3,506558 0,001294
линде 3,506558 0,001294
линия 0,462035 0,001194
линэ 3,912023 0,001444
литература 0,051293 0,000057
лицензия -0,009950 -0,000004
лишь 0,478036 0,000353
локальный 0,673345 0,000249
лоция 2,659260 0,000982
луг 1,660731 0,000613
луктах 3,912023 0,001444
лунгха 3,912023 0,002888
люнкюбэй 3,912023 0,001444
лютенге 3,912023 0,001444
лямпушка 3,912023 0,001444
магадана 3,912023 0,001444
магистраль 0,867501 0,000961
магистральный 1,771957 0,000654
май 0,127833 0,000047
маккавеева 3,912023 0,001444
максим 1,237874 0,000457
максимальный 0,867501 0,000320
максимум 0,579818 0,000428
мала 1,237874 0,000457
малой 0,776529 0,000573
малоснежный 2,525729 0,000932
малый 0,139262 0,000206
мамско-чуйского 3,912023 0,001444
мандра 3,912023 0,001444
манзурка 3,912023 0,001444
марка 0,733969 0,000271
март 0,116534 0,000086
марха 3,912023 0,001444
маршрут 0,673345 0,000249
материал -0,009950 -0,000007
мача 3,912023 0,001444
мга 2,040221 0,000753
мгп 3,912023 0,001444
мегино-кангаласского 3,912023 0,001444
медиафайлы 0,301105 0,000111
меженный 3,506558 0,001294
межень 3,218876 0,001188
мелкий 1,309333 0,000483
мелти 3,912023 0,001444
менда 3,912023 0,001444
мерзлота 2,525729 0,002797
место 0,139262 0,000257
местоположение 1,660731 0,001226
месяц 0,415515 0,000153
месяцекарточка 3,218876 0,001188
метеор 2,407946 0,001778
механик 1,832581 0,000676
мешать 1,897120 0,000700
минимальный 1,347074 0,000497
министерство 0,653926 0,000241
минприроды 2,659260 0,000982
мир 0,094311 0,000104
мирной 1,609438 0,001188
миськевича 3,912023 0,001444
митрошкина 3,912023 0,001444
михаил 0,916291 0,000676
михайлов 2,120264 0,000783
млн 0,462035 0,000171
млрд 0,820981 0,000303
многоводный 3,912023 0,001444
многолетнемерзлый 3,506558 0,001294
многолетний 1,560648 0,000576
многочисленный 0,693147 0,000256
множество 0,462035 0,000171
мобильный -0,009950 -0,000004
молодо 2,120264 0,001565
мор 1,021651 0,001509
море 0,562119 0,001038
морской 0,994252 0,000367
москва 0,400478 0,000443
мост 0,713350 0,003423
мостахов 3,912023 0,007220
моторчуна 3,912023 0,001444
мочь -0,009950 -0,000007
мощный 1,021651 0,000377
мощь 3,218876 0,001188
музей-заповедник 1,832581 0,000676
муна 3,912023 0,001444
мундалык 3,912023 0,001444
муранов 3,912023 0,002888
мурья 3,912023 0,001444
мутность 3,912023 0,001444
мухтуйка 3,912023 0,001444
мыло 3,912023 0,001444
мыннийыкы 3,912023 0,001444
мыс 1,386294 0,004606
мысль 1,469676 0,000543
мысык-сяне 3,912023 0,001444
мэнкэрэ 3,912023 0,001444
набережная 0,891598 0,000658
наблюдаться 0,755023 0,000279
навигационный 2,525729 0,000932
навигация -0,009950 -0,000011
нагорье 2,659260 0,000982
название 0,105361 0,001283
назвать 0,371064 0,000137
называть 0,174353 0,000064
наиболее 0,139262 0,000103
наименование 0,994252 0,000367
наледь 3,218876 0,002376
намана 3,912023 0,001444
намского 3,912023 0,001444
например 0,328504 0,000121
население 0,462035 0,000341
населить 0,597837 0,002207
настольный 1,771957 0,000654
настоящее 0,287682 0,000106
наступать 0,843970 0,000312
наталья 1,660731 0,000613
натара 3,912023 0,001444
наука 0,235722 0,000522
научно-исследовательский 0,798508 0,000295
научно-образовательный 0,967584 0,000357
научно-популярный 1,966113 0,001452
научный 0,248461 0,000183
находиться 0,174353 0,000064
национальный 0,342490 0,000126
начало 0,116534 0,000172
начать 0,510826 0,000189
начинаться 0,527633 0,000390
небольшое 1,427116 0,000527
небольшой 0,494296 0,000182
негордах 3,912023 0,001444
незначительный 1,660731 0,000613
некоммерческий -0,009950 -0,000004
некоторые 0,127833 0,000142
некоторый 1,237874 0,000457
нельма 3,506558 0,001294
немного 1,309333 0,000483
неопределенность 3,218876 0,001188
несколько 0,116534 0,000043
нигде 2,525729 0,000932
ниже 0,693147 0,002047
нижнее 0,916291 0,001691
нижний 0,494296 0,000547
низка 1,714798 0,000633
низкий 0,843970 0,000312
низовье 1,966113 0,002903
никонов 2,525729 0,000932
новое 0,287682 0,000106
номер 0,634878 0,000234
норвежский 0,248461 0,000092
ноябрь 0,127833 0,000425
нуора 3,912023 0,001444
нуотарка 3,912023 0,001444
нынешний 1,021651 0,000377
ньиэгэ-таас-юрэгэ 3,912023 0,001444
нюя 3,912023 0,001444
оба 0,597837 0,000221
обеспечивать 0,415515 0,000153
обладать 0,843970 0,000623
область 0,150823 0,000278
образовать 0,385662 0,000142
образоваться 0,967584 0,001072
обратное 2,659260 0,000982
обращение 0,030459 0,000214
обслуживать 1,469676 0,000543
обширный 1,078810 0,000796
общее 0,301105 0,000111
общий 0,186330 0,000138
объект 0,235722 0,000609
объем 0,400478 0,000148
объяснить 1,966113 0,000726
ого-унгуохтах 3,912023 0,001444
огоннер-юряге 3,912023 0,001444
огородтах 3,912023 0,001444
один 0,051293 0,000038
одиннадцатилетний 3,912023 0,002888
однако 0,174353 0,000064
океан 0,994252 0,000367
округ 0,562119 0,000208
округареки 2,995732 0,001106
октябрь 0,072571 0,000134
олекма 3,912023 0,004332
олекминск 3,912023 0,005776
олекминска 3,912023 0,001444
олекминске 3,912023 0,001444
олекминского 3,912023 0,001444
олекмы 3,912023 0,001444
оленек 3,912023 0,001444
оленека 3,912023 0,002888
оленекский 3,506558 0,002589
ольга 1,347074 0,000995
омуль 3,218876 0,001188
онкучах-юрэх 3,912023 0,001444
онлайн 0,198451 0,000073
ономастика 2,813411 0,001039
оператор 0,941609 0,001390
описание -0,009950 -0,000011
опреснение 3,506558 0,001294
организация -0,009950 -0,000004
оригинал 0,139262 0,000257
оручан 3,912023 0,001444
осадок 0,544727 0,000603
освобождение 1,514128 0,000559
осенне-зимняя 3,912023 0,001444
осетр 2,207275 0,000815
осетрово 3,912023 0,004332
осиповой 3,912023 0,001444
основание 0,494296 0,000182
основать 0,274437 0,000304
основное 0,235722 0,000087
основной 0,040822 0,000075
особенно 0,562119 0,000208
оставаться 0,544727 0,000201
остальной 0,616186 0,000227
останина 3,912023 0,001444
остров 0,820981 0,000606
осцилляция 3,506558 0,002589
отв 0,755023 0,000279
ответственность -0,009950 -0,000004
отвечать 1,609438 0,000594
отдел 1,171183 0,000432
отдельный -0,009950 -0,000004
отказ -0,009950 -0,000004
открытие 0,616186 0,000227
открыть 0,150823 0,000056
отличаться 0,342490 0,000126
относительно 0,415515 0,000153
относить 1,469676 0,000543
относиться 0,328504 0,000121
отредактировать -0,009950 -0,000004
отрезка 2,525729 0,000932
отрог 2,525729 0,000932
отсутствовать 0,776529 0,000287
охотский 2,040221 0,000753
оценка 0,400478 0,000148
очень 0,494296 0,000730
ошибка 0,994252 0,000367
ошибкекак -0,009950 -0,000004
павел 1,078810 0,000796
паводковый 3,506558 0,001294
паводок 2,120264 0,003131
падать 1,771957 0,000654
пантелеем 3,912023 0,001444
паром 2,659260 0,001963
пароход 2,207275 0,002444
паршинка 3,912023 0,001444
пассажирский 0,941609 0,001390
пат 3,912023 0,004332
патомского 3,912023 0,001444
пекарский 3,506558 0,001294
пеледуй 3,912023 0,002888
первоначальный 1,203973 0,000444
первый 0,162519 0,000060
перевал 3,218876 0,001188
перевалка 2,995732 0,001106
переволок 2,302585 0,000850
перейти -0,009950 -0,000007
переправа 1,514128 0,000559
период 0,274437 0,000507
периодический 1,560648 0,000576
персональный -0,009950 -0,000004
перспективный 1,966113 0,001452
печать -0,009950 -0,000007
пилка 3,912023 0,001444
пилюда 3,912023 0,001444
питание 1,171183 0,000865
планироваться 0,891598 0,000329
плато 2,040221 0,000753
плоскогорье 2,659260 0,000982
плотность 0,634878 0,000234
площадь 0,385662 0,000569
поведение -0,009950 -0,000004
поверхностный 1,514128 0,001118
повсеместный 2,040221 0,000753
подниматься 1,427116 0,000527
подножие 2,525729 0,000932
подняться 1,660731 0,000613
подписать 0,941609 0,000348
подступать 2,813411 0,001039
подход 0,994252 0,000367
подходить 1,386294 0,000512
подъем 1,386294 0,000512
поздний 1,171183 0,000432
поздно 0,713350 0,000263
поиск -0,009950 -0,000007
пойма 1,609438 0,000594
покровск 3,912023 0,002888
покровска 3,912023 0,001444
полесье 2,813411 0,001039
полиграфист 3,912023 0,001444
политик -0,009950 -0,000004
полноводность 3,218876 0,001188
половинка 3,506558 0,001294
половинный 3,506558 0,001294
половодье 2,207275 0,000815
полого 3,912023 0,001444
получить 0,150823 0,000056
пономарева 2,813411 0,001039
понтонный 3,218876 0,002376
порода 1,427116 0,000527
порт 0,733969 0,002438
портал 0,342490 0,000253
портр 3,506558 0,001294
порядок 0,994252 0,000734
поселок 0,634878 0,000703
последний -0,009950 -0,000018
пособие 1,514128 0,000559
поспелов 1,021651 0,000377
пост 1,078810 0,000796
постепенно 0,867501 0,000320
поступать 1,609438 0,000594
поступление 1,609438 0,000594
потепление 2,040221 0,001506
поток 0,967584 0,000357
потратить 2,040221 0,000753
почва 1,272966 0,000470
почтовый 0,653926 0,000241
появляться 0,733969 0,000271
ппк 3,506558 0,001294
править -0,009950 -0,000184
правка 0,274437 0,000101
правкиновые -0,009950 -0,000004
правкипостоянная -0,009950 -0,000004
правый 0,798508 0,000295
праца 3,506558 0,001294
превращаться 1,660731 0,000613
превышать 0,673345 0,000746
предел 0,400478 0,000591
представить 0,328504 0,000121
представиться -0,009950 -0,000004
президент 0,597837 0,000441
пресный 2,407946 0,000889
прибайкалье 2,995732 0,001106
привести 0,356675 0,000132
приводить 0,776529 0,000287
пригородный 0,967584 0,000357
придти 0,755023 0,000279
приленское 3,912023 0,001444
примерно 0,634878 0,000469
примечание -0,009950 -0,000007
принимать 0,634878 0,000234
принять 0,248461 0,000092
природный 0,510826 0,000377
пристань 1,427116 0,000527
притка 1,427116 0,000527
приток 1,078810 0,004779
приходиться 0,693147 0,000512
провести 0,579818 0,000214
программа 0,415515 0,000153
продать 2,302585 0,000850
продолжаться 1,049822 0,000388
продолжительный 1,560648 0,000576
проект -0,009950 -0,000011
производиться 1,108663 0,001228
происходить 0,328504 0,000364
пройти 0,544727 0,000201
пролет 2,407946 0,000889
промысловый 2,407946 0,000889
промышленность 0,494296 0,000182
промышлять 0,462035 0,000171
прорезать 3,218876 0,001188
просмотр -0,009950 -0,000004
протекать 1,108663 0,000819
противоречить 2,813411 0,001039
проток 1,660731 0,004291
проходить 0,462035 0,000171
прохоров 1,078810 0,000796
процесс 0,415515 0,000153
проч 3,506558 0,001294
прочный 2,525729 0,000932
псевдоним 2,525729 0,000932
публикация 1,272966 0,000470
пункт 0,494296 0,001642
путеводитель 0,713350 0,000263
путеводитель-справочник 3,506558 0,005178
путешественники-исследователи 3,912023 0,001444
путешествие 1,469676 0,001085
путина 1,386294 0,000512
путь 0,261365 0,000289
пяндой 3,912023 0,001444
работа 0,127833 0,000047
работать 0,314711 0,000349
равнина 0,867501 0,000320
равный 1,203973 0,000889
развитие 0,127833 0,000142
разделять 1,609438 0,000594
разлив 2,207275 0,002444
разливаться 2,995732 0,001106
различать 1,966113 0,000726
различный 0,116534 0,000086
размер 0,755023 0,000279
размываться 3,506558 0,001294
разногласие 1,714798 0,001266
разное 1,078810 0,000398
разный 0,314711 0,000232
разработчик -0,009950 -0,000004
район 0,430783 0,001272
районареки 3,506558 0,007766
ракета 2,040221 0,001506
рамка 0,478036 0,000176
рана 0,776529 0,000287
рано 0,261365 0,000096
располагаться 0,544727 0,000201
расположение 0,776529 0,000287
расположить 0,385662 0,000427
распорядиться 2,813411 0,001039
распространение 0,891598 0,000658
расстояние 0,713350 0,000263
расти 0,941609 0,000348
расход 1,347074 0,004973
расширение 0,415515 0,000307
расширяться 1,771957 0,001308
реализация 0,798508 0,000295
регион 0,385662 0,000142
ред 0,235722 0,000522
редкий 1,237874 0,000457
реестр 1,272966 0,001410
режим 0,653926 0,000724
резкий 1,386294 0,000512
резко 0,967584 0,000357
резюме 3,912023 0,001444
река 0,446287 0,011038
республика 0,527633 0,000195
ресурс 0,020203 0,000037
речка 1,427116 0,001054
речной 0,693147 0,001023
рис 2,995732 0,001106
родной 1,609438 0,000594
роль 0,494296 0,000182
романовский 2,659260 0,000982
росавтодор 3,912023 0,001444
роскадастр 3,506558 0,001294
росписание 3,912023 0,001444
российский 0,105361 0,000117
россия 0,174353 0,000965
рубль 0,755023 0,000279
рус 0,162519 0,001260
русло 1,386294 0,002047
русловой 3,912023 0,001444
русский -0,009950 -0,000018
руч 3,912023 0,015885
ручей 1,771957 0,000654
рыба 1,514128 0,002236
рынок 0,713350 0,000263
сайылык 3,912023 0,001444
сам 0,162519 0,000060
самойлов 3,218876 0,001188
самый 0,174353 0,000064
сангар 3,912023 0,001444
сасыр-юрях 3,912023 0,001444
саха 2,813411 0,002077
сахаполиграфиздат 3,912023 0,001444
сведение 0,579818 0,000642
светлов 3,912023 0,002888
свободный -0,009950 -0,000004
свое 0,287682 0,000106
свой 0,150823 0,000111
свойство 0,415515 0,000307
свп 3,506558 0,001294
связаться -0,009950 -0,000004
связывать 0,916291 0,000338
связь 0,174353 0,000064
сдать 1,427116 0,001054
сдвигаться 3,218876 0,001188
север 0,527633 0,000779
северные 1,171183 0,000432
северный 0,385662 0,000285
северо-восток 1,237874 0,000457
село 0,891598 0,000329
семекит 3,912023 0,001444
семья 0,843970 0,000312
сентябрь 0,072571 0,000107
сенькин 3,912023 0,001444
середина 0,356675 0,000263
сжимать 3,506558 0,001294
сибири 1,347074 0,001492
сибирский 1,049822 0,000388
сибирь 1,469676 0,001628
сивцева 3,912023 0,001444
сильно 0,755023 0,000557
символизировать 1,469676 0,000543
синий 1,771957 0,000654
система 0,051293 0,000019
системеобсуждениевкладсоздать -0,009950 -0,000004
ситте 3,912023 0,001444
скачать -0,009950 -0,000004
склон 1,347074 0,000995
сковать 3,218876 0,001188
скоростной 1,309333 0,001933
скорость 0,755023 0,000279
скульптура 0,916291 0,000338
слабо 1,897120 0,000700
следовать 0,235722 0,000174
следствие 1,560648 0,000576
словарь 0,094311 0,000209
сложность 1,049822 0,000775
случай -0,009950 -0,000015
сменять 2,659260 0,000982
смотреть 2,302585 0,000850
снг 1,714798 0,000633
снеговой 2,995732 0,001106
снимок 1,660731 0,000613
соболоох-майан 3,912023 0,001444
собрать 1,386294 0,000512
событияпожертвовать -0,009950 -0,000004
советский 0,261365 0,000482
совещание 2,302585 0,001700
совместить 2,040221 0,000753
содержание 0,010050 0,000004
содержать 0,634878 0,000234
соединение 1,237874 0,000457
сокол 1,469676 0,001085
солнечный 0,597837 0,000441
солнцепадь 3,912023 0,001444
сообщаться 2,407946 0,000889
сообщение 0,478036 0,000529
сообщить -0,009950 -0,000004
соответствовать 0,371064 0,000274
сопровождаться 1,609438 0,000594
соседний 1,203973 0,000444
составить 0,400478 0,000296
составлять 0,198451 0,000366
состояние 0,248461 0,000183
сотня 1,609438 0,000594
соттинцы 3,912023 0,001444
сохранение -0,009950 -0,000004
сохтой-юрях 3,912023 0,001444
спб 0,385662 0,000569
список 0,210721 0,000156
спк 3,912023 0,004332
справочный 1,514128 0,001677
среднегодовой 0,776529 0,000573
среднее 0,342490 0,000632
среднемесячный 1,560648 0,000576
среднемноголетний 3,506558 0,001294
среднесибирский 2,995732 0,001106
средний 0,371064 0,000411
ссср 0,314711 0,000929
ссылка -0,009950 -0,000022
ссылкасведения -0,009950 -0,000004
становление 1,237874 0,000457
станция 0,579818 0,000642
старый 0,314711 0,000232
статистик -0,009950 -0,000004
статьислучайная -0,009950 -0,000004
статьисообществофорумсправкасвежие -0,009950 -0,000004
статья 0,020203 0,000015
статьяобсуждение -0,009950 -0,000004
статьятекущие -0,009950 -0,000004
степаниха 3,912023 0,001444
стерлядь 2,995732 0,001106
сток 1,660731 0,005517
столб 2,120264 0,002348
страна 0,235722 0,000261
страница -0,009950 -0,000018
страницасодержаниеизбранные -0,009950 -0,000004
страницецитировать -0,009950 -0,000004
страницуполучить -0,009950 -0,000004
страницыслужебные -0,009950 -0,000004
строительство 0,462035 0,000853
студенка 3,912023 0,001444
субарктика 3,912023 0,001444
суд 0,693147 0,001023
судоходный 1,714798 0,000633
судоходство 1,660731 0,007357
суола 3,912023 0,001444
суровый 1,714798 0,000633
сутки 1,427116 0,001054
сухой 1,049822 0,000775
счет 0,562119 0,000208
считаться 0,385662 0,000427
сыалаах-юрэх 3,912023 0,001444
сюдасвязанные -0,009950 -0,000004
табагинского 3,912023 0,001444
табл 0,867501 0,000640
тайга 1,427116 0,000527
талик 3,912023 0,001444
талый 2,813411 0,001039
тамма 3,912023 0,001444
тарын-юрях 3,912023 0,001444
тарынг 3,912023 0,002888
тас-юрях 3,912023 0,001444
таюра 3,912023 0,001444
таяние 2,659260 0,000982
текст -0,009950 -0,000004
тенгюргестях 3,912023 0,001444
теплоход 1,514128 0,002795
территория 0,356675 0,000527
технический 0,462035 0,000171
течение 0,314711 0,001859
течь 0,274437 0,000203
тикси 2,659260 0,002945
тип 0,072571 0,000027
типография 1,171183 0,001297
тир 3,506558 0,001294
тиэрбэс 3,912023 0,001444
товарный -0,009950 -0,000004
толстый 1,309333 0,000483
топоним 1,078810 0,000398
топонимический 0,776529 0,000573
транспортный 0,616186 0,001365
третий 0,616186 0,000227
трофимовская 3,912023 0,002888
труд 0,597837 0,000221
трудолюбие 3,218876 0,001188
труженица 3,912023 0,001444
тунгуска 2,813411 0,001039
туолба 3,912023 0,001444
туристический 1,021651 0,000377
туругу 3,912023 0,001444
турукта 3,912023 0,002888
тутура 3,912023 0,002888
тыл 1,771957 0,000654
тымпылыкан 3,912023 0,001444
тыс 0,430783 0,000159
тюгюэне 3,912023 0,001444
увеличение 0,733969 0,000813
уездный 1,469676 0,000543
узел 0,527633 0,000195
узкий 1,171183 0,000865
уйти 1,237874 0,000457
указание -0,009950 -0,000004
указать 0,083382 0,000062
указываться 2,040221 0,000753
украсить 2,120264 0,000783
улахан 3,912023 0,001444
улахан-туостуур 3,912023 0,001444
улус 2,659260 0,000982
улусареки 3,912023 0,011553
улучшение 1,309333 0,000483
ульянов 2,207275 0,002444
улэгир 3,912023 0,001444
ундюлюнг 3,912023 0,001444
университет 0,328504 0,000121
употребление 1,714798 0,000633
управление 0,248461 0,000092
ура 3,506558 0,001294
уровень 0,150823 0,000056
ус-буолбут 3,912023 0,001444
ус-юрях 3,912023 0,001444
условие -0,009950 -0,000022
установить 0,328504 0,000121
устареть 0,941609 0,000348
усть-алданского 3,912023 0,001444
усть-кут 3,218876 0,004753
усть-куте 3,912023 0,002888
усть-кутом 3,912023 0,001444
усть-кутского 3,912023 0,001444
устье 0,634878 0,005859
ухунку 3,912023 0,001444
участие -0,009950 -0,000004
участок 0,616186 0,000455
учебный 0,673345 0,000249
учет 0,597837 0,000221
учетный -0,009950 -0,000004
уэль-сиктях 3,912023 0,001444
уэс-кене 3,912023 0,001444
уюлу 3,912023 0,001444
факт 0,634878 0,000234
февраль 0,051293 0,000038
федеральный 0,462035 0,000341
фон 1,203973 0,000444
фонд -0,009950 -0,000004
форма 0,287682 0,000106
формирование 0,597837 0,000221
хабаровский 2,525729 0,000932
халаманда 3,912023 0,001444
хамра 3,912023 0,001444
хангаласского 3,912023 0,001444
хандыга 3,912023 0,001444
ханнах 3,912023 0,001444
ханнит 3,912023 0,001444
ханчалы 3,912023 0,001444
характер 0,653926 0,000241
характеризоваться 0,891598 0,000329
характеристика 0,415515 0,000307
характерный 0,693147 0,000512
хараулахский 3,912023 0,001444
хвойные 2,120264 0,000783
хивус 3,506558 0,001294
ход 0,510826 0,000189
ходить 1,514128 0,000559
холодная 1,139434 0,000421
хоруонгка 3,912023 0,001444
хребет 1,560648 0,002304
целик 1,897120 0,000700
центр 0,287682 0,000106
цикл 1,237874 0,001371
чаек 1,660731 0,000613
чай 2,995732 0,002212
чал 3,912023 0,002888
чанкыныр 3,912023 0,001444
часто 0,415515 0,000307
часть 0,061875 0,000091
чей 1,386294 0,000512
чекановского 3,912023 0,001444
чело 0,713350 0,000263
черендей 3,912023 0,001444
чертеж 1,660731 0,000613
честь 0,562119 0,000415
четвертый 0,994252 0,000367
четыре 0,597837 0,000221
чечуй 3,912023 0,001444
чиерес-юряге 3,912023 0,001444
чикиян 3,912023 0,001444
численность 0,616186 0,000227
число 0,186330 0,000069
чистяк 3,506558 0,001294
читатьправитьправить 0,494296 0,000182
чичикан 3,912023 0,001444
член 0,755023 0,000279
чомполо 3,912023 0,001444
чохчоху-юряге 3,912023 0,001444
чрезвычайно 2,120264 0,000783
чуомугурдаах-юрэгэ 3,912023 0,001444
чуять 3,912023 0,002888
чынгырыкан 3,912023 0,001444
шароглазова 3,912023 0,001444
ширина 0,916291 0,001015
шоссейный 2,525729 0,000932
шумиха 3,506558 0,001294
щека 3,218876 0,001188
ыныр-хаята-юряге 3,912023 0,001444
эвенк 1,832581 0,000676
эвенкийский 2,813411 0,001039
эдуарда 2,659260 0,000982
эекит 3,912023 0,001444
экз 0,415515 0,000153
экспорт -0,009950 -0,000004
энциклопедический 0,733969 0,000271
энциклопедия -0,009950 -0,000029
эрозия 2,302585 0,001700
этимология 0,616186 0,000682
юел-сииктээх 3,912023 0,001444
южный 0,385662 0,000142
явление 1,021651 0,000377
являться 0,040822 0,000075
язык -0,009950 -0,000011
якурим 3,912023 0,001444
якут 1,660731 0,001226
якутии 2,995732 0,013270
якутия 2,407946 0,002667
якутск 1,203973 0,009333
якутска 3,912023 0,005776
якутский 2,659260 0,011780
якутску 3,912023 0,001444
январь 0,105361 0,000583
яны 3,506558 0,003883
