абасылах 3,912023 0,001444
автодорог 2,407946 0,000889
автодорога 1,427116 0,000527
автодороге 2,525729 0,001865
автомобильный 1,049822 0,001163
автомобильных 1,386294 0,000512
авторства -0,009950 -0,000004
автотрассой 3,912023 0,001444
аза 3,912023 0,001444
азии 0,916291 0,000338
академии 0,693147 0,000256
академия 0,798508 0,000295
акватории 1,660731 0,000613
актам 3,912023 0,001444
активное 1,469676 0,000543
активности 1,560648 0,000576
алдан 1,309333 0,002900
алдана 3,912023 0,005776
алмазах 3,912023 0,001444
алмазного 2,813411 0,001039
алмазодобывающую 3,912023 0,001444
алроса 3,506558 0,002589
алфавитукарточка 2,207275 0,000815
алфавитуленареки 3,912023 0,001444
амуро-якутской 3,912023 0,001444
амурской 2,995732 0,001106
анабара 3,912023 0,002888
анадыря 3,912023 0,001444
ангары 2,995732 0,001106
англ 0,174353 0,000451
апреля 0,174353 0,000064
арктике 3,506558 0,001294
арктики 2,407946 0,000889
арктическая 2,659260 0,000982
арктической 2,995732 0,001106
артерией 2,995732 0,001106
архангельске 3,506558 0,001294
археографическою 3,912023 0,001444
архивировано 0,020203 0,000164
архивная 0,400478 0,000148
асимметрична 3,912023 0,001444
асср 1,966113 0,001452
аст 0,820981 0,000303
астероидыскрытые 2,813411 0,001039
астрель 1,049822 0,000388
атырдьах 3,912023 0,001444
атыыр-айана 3,912023 0,001444
бабарына 3,912023 0,001444
байкала 2,995732 0,002212
байкало-амурской 3,506558 0,001294
байкальский 3,218876 0,002376
баламакан 3,912023 0,001444
балаханнаах 3,912023 0,001444
балаханнах 3,912023 0,001444
бас-юрях 3,912023 0,001444
бассейн 1,078810 0,002389
бассейна 1,386294 0,003070
бассейне 1,897120 0,000700
бассейнов 1,660731 0,001226
бассейнового 2,525729 0,000932
бассейны 1,660731 0,000613
батамай 3,912023 0,001444
баханай 3,912023 0,001444
баш 3,506558 0,001294
бегидян 3,912023 0,001444
бедный 3,506558 0,001294
бедным 3,218876 0,001188
безлюдны 3,912023 0,001444
безымянной 3,912023 0,001444
бейберике 3,912023 0,001444
беларуская 0,000000 0,000000
беларускаябългарски 0,000000 0,000000
беликан 3,912023 0,001444
белянка 3,912023 0,001444
берега 0,916291 0,000676
берегу 0,616186 0,000455
берелеех 3,912023 0,001444
бестях 3,912023 0,001444
бестяхе 3,912023 0,001444
бесюке 3,912023 0,001444
библиографических 0,094311 0,000035
бирюк 3,912023 0,002888
бичик 3,912023 0,001444
близ 1,237874 0,000457
близко 2,525729 0,000932
близлежащей 3,912023 0,001444
бобровка 3,912023 0,002888
бодайбо 3,506558 0,001294
бокарева 3,506558 0,001294
бол 3,506558 0,002589
болото 2,995732 0,001106
большая 0,072571 0,000509
большего 3,506558 0,001294
большей 1,078810 0,000398
большими 2,207275 0,000815
большинства 1,609438 0,000594
большиянов 3,912023 0,001444
большой 0,328504 0,000606
большую 0,891598 0,000329
борисов 2,659260 0,000982
брокгауза 0,328504 0,000364
брошенные 3,912023 0,001444
будущего 1,427116 0,000527
булкур 3,912023 0,001444
булун 3,912023 0,001444
булунский 3,506558 0,001294
булунского 3,912023 0,001444
буотама 3,912023 0,001444
бур 3,218876 0,001188
буряад 0,000000 0,000000
бурятии 3,218876 0,001188
быков 2,995732 0,008847
быковская 3,912023 0,001444
быковской 3,912023 0,001444
былахы 3,912023 0,001444
важная 3,218876 0,001188
важный 1,514128 0,000559
васильев 2,302585 0,000850
вахтовые 3,912023 0,001444
вашла 0,000000 0,000000
ведется 0,994252 0,000367
ведомости 1,049822 0,000388
века 0,248461 0,000275
величайшие 3,912023 0,001444
величии 3,912023 0,001444
версии 0,446287 0,000165
версия -0,009950 -0,000011
верхах 3,912023 0,001444
верхнего 1,609438 0,000594
верхнее 2,040221 0,002259
верхней 1,272966 0,000940
верховьев 3,218876 0,001188
верховьям 3,912023 0,001444
верхоянского 3,912023 0,001444
вершины 2,302585 0,000850
весеннего 2,995732 0,001106
весеннее 3,218876 0,003565
весенний 2,207275 0,001630
весенним 3,218876 0,001188
вечной 2,659260 0,000982
взаимодействие 1,897120 0,000700
взамен 1,832581 0,000676
взял 2,659260 0,000982
вид 0,494296 0,000365
видеоконференции 3,912023 0,001444
викиданные 0,776529 0,000573
викиданными 2,813411 0,002077
викиданных -0,009950 -0,000004
викимедиа -0,009950 -0,000004
википедии -0,009950 -0,000007
википедия -0,009950 -0,000004
викискладвикиновостиэлемент 1,897120 0,000700
викискладе 0,174353 0,000064
виллахов 3,912023 0,001444
вилюй 3,506558 0,007766
вилюйского 3,912023 0,001444
виска 3,912023 0,001444
витим 3,912023 0,010109
витима 3,912023 0,010109
владело 3,506558 0,001294
владимир 0,733969 0,000542
вместе 0,510826 0,000377
внешние 0,051293 0,000019
вниз 1,171183 0,000432
внутренних 1,237874 0,000457
вод 1,078810 0,000796
вода 1,203973 0,001333
водами 1,897120 0,000700
водах 2,525729 0,000932
водная 1,771957 0,000654
водного 1,171183 0,000865
водные 1,386294 0,001535
водный 1,237874 0,001371
водных 1,347074 0,001492
водоизмещающих 3,912023 0,002888
водораздела 2,995732 0,001106
водосбора 2,659260 0,000982
водоток 2,813411 0,001039
воды 0,653926 0,003138
водывикипедия 3,912023 0,001444
водяных 2,995732 0,001106
возвышенности 1,714798 0,000633
возрастают 3,912023 0,001444
волшебные 0,040822 0,000015
вопросам 1,966113 0,000726
ворота 1,347074 0,000497
воротами 1,832581 0,000676
востока 1,078810 0,001991
восточная 1,309333 0,000967
восточной 0,693147 0,000512
впадает 1,771957 0,000654
впадающие 2,302585 0,000850
впадающих 2,525729 0,000932
впадений 3,912023 0,001444
впадения 1,514128 0,002236
впервые 0,385662 0,000285
врезанной 3,912023 0,001444
временные 3,506558 0,001294
время 0,030459 0,000045
вскрытие 2,995732 0,002212
вскрытию 3,912023 0,001444
встречаются 1,272966 0,000470
вступает 2,813411 0,001039
вся 0,994252 0,000367
второй 0,274437 0,000101
входящей 2,407946 0,000889
выделяются 1,386294 0,000512
вып 0,798508 0,000590
выпуск 0,916291 0,000338
выражен 3,506558 0,001294
высока 3,218876 0,001188
высоких 1,237874 0,000457
высота 0,562119 0,000415
высоте 1,514128 0,000559
высотой 1,108663 0,000409
высоты 1,427116 0,000527
выходит 1,427116 0,000527
выше 0,616186 0,000910
галерея 1,203973 0,000889
гвр 2,659260 0,000982
гвркарточка 2,813411 0,001039
географгиз 3,218876 0,001188
географические 0,713350 0,000263
географических 1,139434 0,000841
география 0,462035 0,000512
геодезиздат 3,912023 0,001444
геотермальные 3,912023 0,001444
гигантский 2,995732 0,001106
гидрографических 3,218876 0,001188
гидрография 1,427116 0,001054
гидрологическая 2,525729 0,001865
гидрологические 3,218876 0,001188
гидрологический 2,659260 0,000982
гидрологическом 2,995732 0,001106
гидрология 2,120264 0,001565
гидрометеоиздат 1,897120 0,001401
гидронима 2,207275 0,000815
гкгн 0,994252 0,000367
гкгнпро 0,916291 0,000338
глава 0,673345 0,000497
главной 0,941609 0,000348
главных 1,078810 0,000796
глобальное 2,525729 0,000932
глубина 1,609438 0,000594
глубины 2,207275 0,000815
глубокой 2,302585 0,000850
глухой 3,506558 0,001294
глушков 3,218876 0,003565
гоголь 2,659260 0,000982
год 0,235722 0,000609
года -0,009950 -0,000107
годах 0,385662 0,000285
годового 2,525729 0,003729
годовой 1,897120 0,001401
году 0,072571 0,000321
годы 0,356675 0,000132
горное 3,218876 0,001188
город 0,544727 0,000603
города 0,430783 0,000318
городов 0,579818 0,000642
городом 0,798508 0,000295
городского 0,693147 0,000256
гостиницы 1,347074 0,000497
государственного 0,616186 0,000227
государственный 0,430783 0,000477
гранат 1,386294 0,000512
григорьев 3,218876 0,001188
грузов 1,560648 0,000576
грузовой 1,514128 0,000559
грунтовыми 3,218876 0,001188
гузенков 3,912023 0,001444
густые 3,218876 0,001188
дабаан 3,912023 0,001444
давыдово 3,912023 0,001444
дальневосточных 2,659260 0,001963
данном 2,040221 0,000753
данные 0,510826 0,000189
дарбангда 3,912023 0,001444
дата 0,030459 0,000225
датская 0,342490 0,000126
движение 0,820981 0,000303
двумя 1,021651 0,000377
действовала 1,832581 0,000676
действовать -0,009950 -0,000004
действует 0,634878 0,000469
действуют 0,867501 0,000640
действующих 1,514128 0,000559
декабря 0,105361 0,000117
делингдэ 3,912023 0,001444
деловой 1,560648 0,000576
дельта 2,040221 0,002259
дельте 2,659260 0,002945
дельтой 3,912023 0,002888
дельту 3,218876 0,001188
демьян 3,912023 0,001444
демьяном 3,912023 0,001444
дерба 3,912023 0,001444
деревни 1,660731 0,001839
детская 0,916291 0,000338
деуля 3,912023 0,001444
джарджан 3,912023 0,001444
джебарики-хая 3,912023 0,001444
диринг-юрях 3,912023 0,001444
длина 1,171183 0,001297
длинакарточка 3,218876 0,001188
длине 1,660731 0,001226
длиной 1,272966 0,000940
длины 2,040221 0,000753
дмитриева 2,995732 0,001106
дмитриевна 3,506558 0,001294
дня 0,478036 0,000176
добываются 3,912023 0,001444
добычи 2,040221 0,000753
довольно 0,891598 0,000329
дождевые 3,218876 0,001188
долгая 2,995732 0,002212
долин 2,813411 0,001039
долина 1,660731 0,001839
долине 2,120264 0,000783
долины 1,897120 0,000700
донидзе 3,912023 0,001444
доп 0,597837 0,000441
дополнения 2,813411 0,001039
дополнительные -0,009950 -0,000004
дополнительным 2,813411 0,001039
дорог 0,891598 0,000329
дорогой 1,832581 0,000676
достигает 1,347074 0,000497
достигается 2,659260 0,000982
достигать 1,966113 0,000726
доступен -0,009950 -0,000004
доходит 2,813411 0,002077
друг 1,108663 0,000409
другие 0,030459 0,000011
другими 0,616186 0,000227
других -0,009950 -0,000018
другу 2,659260 0,000982
дружба 1,832581 0,000676
дубовка 2,040221 0,000753
европу 1,714798 0,000633
единственный 1,171183 0,000432
елань 2,995732 0,001106
еловая 3,506558 0,001294
елю-енэ 3,912023 0,001444
елюенэ 3,912023 0,004332
енисейска 2,995732 0,001106
енисея 2,302585 0,000850
ефрона 0,328504 0,000364
железнодорожно-автомобильного 3,912023 0,001444
железнодорожной 1,347074 0,000497
железнодорожный 0,755023 0,000279
железной 0,755023 0,000279
жигалово 3,912023 0,004332
жигаловского 3,912023 0,001444
жигаловском 3,912023 0,001444
жиганск 3,912023 0,001444
жиганского 3,912023 0,001444
жизнь 0,693147 0,000256
забайкальскому 3,912023 0,001444
завершено 1,609438 0,000594
завоза 3,912023 0,001444
заглавная -0,009950 -0,000004
зайцев 2,207275 0,002444
закончилась 2,659260 0,000982
закрепилось 2,525729 0,000932
замедляется 3,912023 0,001444
замерзает 2,525729 0,000932
замеры 2,659260 0,000982
заметное 2,813411 0,001039
заморозила 3,912023 0,001444
занятых 2,407946 0,000889
зао 1,514128 0,000559
запада 1,021651 0,000754
западном 1,714798 0,000633
западу 1,771957 0,000654
записьвойти -0,009950 -0,000004
зарегистрированный -0,009950 -0,000004
заселены 3,912023 0,001444
затоплением 3,218876 0,001188
заторами 3,506558 0,002589
зафиксированный 3,912023 0,001444
зафиксировано 2,207275 0,000815
зачастую 1,771957 0,000654
заявление -0,009950 -0,000004
збекча 0,000000 0,000000
землепроходцем 3,912023 0,001444
зимина 3,506558 0,001294
зимний 1,660731 0,001226
зимники 3,912023 0,001444
зимой 0,713350 0,000263
зимы 1,609438 0,000594
знак -0,009950 -0,000004
значение 0,314711 0,000116
значения 0,105361 0,000078
значительного 2,207275 0,000815
значительных 1,771957 0,000654
играет 1,386294 0,000512
идет 1,078810 0,000796
из-за 0,415515 0,000307
известия 1,021651 0,000377
известняки 3,506558 0,001294
изд 0,314711 0,000581
издание 0,776529 0,000573
изданные 2,813411 0,001039
издательство 0,510826 0,001697
изменения 0,562119 0,000830
изменялось 3,912023 0,001444
изучению 1,966113 0,000726
изученность 2,525729 0,001865
илга 3,912023 0,001444
иликта 3,912023 0,001444
ильич 2,525729 0,000932
имеет 0,235722 0,000435
инверсии 3,506558 0,001294
индигирки 3,506558 0,002589
инженер 2,407946 0,000889
иннях 3,912023 0,001444
инструменты -0,009950 -0,000007
интенсивным 3,218876 0,001188
инфраструктура 1,347074 0,000995
инфраструктурой 2,207275 0,000815
иркутск 1,171183 0,001297
иркутская 2,525729 0,001865
иркутского 2,659260 0,000982
иркутское 2,995732 0,001106
иркутской 2,995732 0,002212
ирон 0,000000 0,000000
исключением 1,347074 0,000995
использования -0,009950 -0,000004
используются 0,916291 0,000338
использующие 0,040822 0,000030
испр 1,832581 0,000676
исправить 1,832581 0,001353
истинные 2,813411 0,001039
исток 1,469676 0,000543
истока 1,021651 0,001509
истоки 2,040221 0,000753
истоком 3,506558 0,001294
истокустье 3,218876 0,001188
истории 0,248461 0,000092
историко-архитектурный 2,407946 0,000889
историческим 2,207275 0,000815
исторических 1,139434 0,000421
история 0,051293 0,000019
источник -0,009950 -0,000004
источниках 1,386294 0,000512
источники 0,415515 0,000153
источником 1,660731 0,000613
итрк 3,506558 0,001294
ихтиофауна 2,813411 0,002077
ичера 3,912023 0,001444
иэнчик 3,912023 0,001444
июля 0,116534 0,000129
июне 0,967584 0,000714
июнь 0,544727 0,000201
июня 0,116534 0,000129
йэнэ 3,912023 0,001444
казарян 3,506558 0,001294
калайка 3,912023 0,001444
каменка 2,659260 0,002945
карт 1,514128 0,001118
картами 0,562119 0,000208
картгеоцентр 3,912023 0,001444
картой 2,995732 0,001106
каталанская 0,527633 0,000195
каталог 1,609438 0,000594
каталогах 0,094311 0,000035
категории -0,009950 -0,000015
качуг 3,912023 0,002888
качуга 3,912023 0,001444
качугского 3,912023 0,001444
кенкеме 3,912023 0,001444
километраж 3,912023 0,001444
километражу 3,912023 0,002888
километров 1,078810 0,000796
киренга 3,912023 0,002888
киренск 3,506558 0,005178
киренска 3,912023 0,004332
киренского 3,506558 0,001294
кирик 3,506558 0,001294
кириллов 2,659260 0,001963
кирим 3,912023 0,001444
китайская 0,776529 0,000287
климата 0,733969 0,000271
ключ 1,660731 0,000613
книжка 2,995732 0,001106
книжное 1,078810 0,002788
кобяйского 3,912023 0,001444
код -0,009950 -0,000099
кодекс -0,009950 -0,000004
кодистория 0,116534 0,000043
кожов 3,506558 0,001294
колесных 3,506558 0,001294
колесов 2,995732 0,001106
количества 0,941609 0,000695
колыма 3,506558 0,001294
колымы 3,218876 0,002376
комикыргызча 0,000000 0,000000
комиссии 1,309333 0,000483
коммиссиею 3,912023 0,001444
компания 0,653926 0,000483
конек 3,218876 0,001188
конкуренция 3,506558 0,001294
контайка 3,912023 0,001444
конфиденциальности -0,009950 -0,000004
конца 0,562119 0,000208
конце 0,430783 0,000159
коньки 3,506558 0,001294
координаты 1,469676 0,001085
копия 0,328504 0,000121
короткий -0,009950 -0,000004
космоса 1,966113 0,000726
которого 0,301105 0,000111
которое 0,478036 0,000176
котором 0,301105 0,000111
которые 0,162519 0,000060
которых 0,094311 0,000035
краем 2,813411 0,001039
красавица 3,912023 0,002888
красноярово 3,912023 0,001444
красноярскому 3,506558 0,001294
красным 2,525729 0,000932
краткая 0,967584 0,000357
краткий 1,560648 0,000576
края 0,713350 0,000263
краям 2,995732 0,001106
крестовка 3,218876 0,001188
крестээх 3,912023 0,001444
кротов 3,506558 0,001294
круизного 3,218876 0,001188
круизное 3,912023 0,002888
круизных 2,813411 0,001039
круизов 2,995732 0,001106
крупная 1,514128 0,000559
крупнейшие 0,776529 0,000287
крупнейший 0,755023 0,000557
крупнейшим 1,203973 0,000444
крупнейшую 3,506558 0,001294
крупным 1,021651 0,000377
крупными 1,309333 0,000483
крупных 0,494296 0,000182
круче 3,506558 0,001294
кряж 3,218876 0,001188
куки -0,009950 -0,000004
кулибин 3,912023 0,001444
культуре 1,427116 0,001054
куранах-сиктях 3,912023 0,001444
курунг 3,912023 0,001444
курунг-юрях 3,912023 0,001444
кута 3,912023 0,002888
кутикан 3,912023 0,001444
куты 3,912023 0,001444
кыстатыамка 3,912023 0,001444
кюеленке 3,912023 0,001444
кюнгкябир 3,912023 0,001444
кюндюдэй 3,912023 0,001444
кюнюй 3,912023 0,001444
кюсюр 3,912023 0,001444
кюэнехтях-юрях 3,912023 0,001444
лаборатория 1,771957 0,000654
ламги 3,912023 0,002888
лаптевых 2,302585 0,004250
лаптевыхреки 3,912023 0,001444
левом 1,309333 0,000483
левый 1,309333 0,000483
лед 1,897120 0,000700
ледовитого 1,832581 0,000676
ледовым 3,506558 0,001294
ледоход 3,218876 0,002376
лежит 1,560648 0,000576
лена 2,659260 0,040247
ленатурфлот 3,912023 0,002888
ленатурфлот-с 0,000000 0,000000
ленатурфлоту 3,912023 0,001444
ленаякут 3,912023 0,001444
лене 3,506558 0,019416
лене-реке 3,912023 0,001444
ленин 2,207275 0,001630
ленинград 2,120264 0,001565
лено-витимского 3,912023 0,001444
ленск 3,912023 0,005776
ленска 3,912023 0,001444
ленская 3,912023 0,001444
ленские 3,506558 0,003883
ленский 3,506558 0,001294
ленских 3,912023 0,001444
ленско-индигирский 3,912023 0,002888
ленского 3,218876 0,004753
ленской 3,506558 0,001294
ленском 3,912023 0,001444
лену 3,912023 0,005776
лены 2,659260 0,026504
леса 1,021651 0,000377
лет 0,223144 0,000082
летне-осенний 3,506558 0,001294
летом 0,597837 0,000883
либо 0,000000 0,000000
линде 3,506558 0,001294
линии 0,755023 0,000557
линий 1,309333 0,000483
линия 0,891598 0,000987
линиям 3,506558 0,001294
линэ 3,912023 0,001444
литература 0,061875 0,000069
лицензии -0,009950 -0,000004
лишь 0,478036 0,000353
локальному 3,912023 0,001444
лоция 2,813411 0,001039
лугами 3,506558 0,001294
луктах 3,912023 0,001444
лунгха 3,912023 0,002888
лхэ 0,000000 0,000000
льда 1,832581 0,003382
льдом 2,207275 0,000815
люнкюбэй 3,912023 0,001444
лютенге 3,912023 0,001444
лямпушка 3,912023 0,001444
магадана 3,912023 0,001444
магистрали 1,078810 0,000796
магистраль 1,427116 0,000527
магистральный 3,506558 0,001294
македонски 0,000000 0,000000
маккавеева 3,912023 0,001444
максимальный 2,659260 0,000982
максимов 3,506558 0,001294
максимума 2,207275 0,001630
мал 3,506558 0,001294
малая 1,469676 0,001085
малоснежной 2,995732 0,001106
малый 0,371064 0,000274
мамско-чуйского 3,912023 0,001444
мандра 3,912023 0,001444
манзурка 3,912023 0,001444
марка 0,867501 0,000320
марта 0,139262 0,000103
марха 3,912023 0,001444
маршруту 1,832581 0,000676
материал -0,009950 -0,000004
материалы 0,843970 0,000312
мача 3,912023 0,001444
мая 0,139262 0,000051
мгп 3,912023 0,001444
мгу 2,120264 0,000783
мегино-кангаласского 3,912023 0,001444
медиафайлы 0,301105 0,000111
меженным 3,912023 0,001444
межень 3,506558 0,001294
мелкую 3,506558 0,001294
мелти 3,912023 0,001444
менда 3,912023 0,001444
менее 0,314711 0,000116
меньшим 3,218876 0,001188
мерзлоты 2,995732 0,003318
мест 0,713350 0,000263
местами 1,427116 0,000527
место 0,371064 0,000411
местоположение 2,040221 0,001506
месяцам 2,659260 0,000982
месяцекарточка 3,218876 0,001188
метеор 2,659260 0,001963
механик 3,218876 0,001188
мешает 2,659260 0,000982
минимальный 3,218876 0,001188
министерства 0,891598 0,000329
минприроды 2,659260 0,000982
мир 0,342490 0,000126
мира 0,415515 0,000307
мирного 2,525729 0,001865
миськевича 3,912023 0,001444
митрошкина 3,912023 0,001444
михаил 0,916291 0,000676
михайлов 2,120264 0,000783
млн 0,462035 0,000171
млрд 0,820981 0,000303
многоводную 3,912023 0,001444
многолетней 2,995732 0,001106
многолетнемерзлые 3,912023 0,001444
многочисленные 1,139434 0,000421
множеством 2,040221 0,000753
мобильная -0,009950 -0,000004
могут -0,009950 -0,000007
молодо 3,912023 0,002888
монгол 0,000000 0,000000
море 1,049822 0,001550
морской 1,309333 0,000483
моря 0,579818 0,001070
москва 0,400478 0,000443
мост 0,967584 0,001786
моста 1,139434 0,002103
мостахов 3,912023 0,007220
мосты 1,427116 0,001580
моторчуна 3,912023 0,001444
мощными 3,912023 0,001444
мощью 3,912023 0,001444
музей-заповедник 1,832581 0,000676
муна 3,912023 0,001444
мундалык 3,912023 0,001444
муранов 3,912023 0,002888
мурья 3,912023 0,001444
мутности 3,912023 0,001444
мухтуйка 3,912023 0,001444
мыла 3,912023 0,001444
мыннийыкы 3,912023 0,001444
мыса 2,302585 0,007650
мысль 1,897120 0,000700
мысык-сяне 3,912023 0,001444
мэнкэрэ 3,912023 0,001444
набережной 1,272966 0,000470
набережную 2,407946 0,000889
наблюдался 2,302585 0,000850
навигации -0,009950 -0,000004
навигационный 3,912023 0,001444
навигация -0,009950 -0,000007
нагорья 3,218876 0,001188
название 0,198451 0,000220
названий 1,078810 0,000796
названия 0,342490 0,003540
названы 1,386294 0,000512
называют 0,916291 0,000338
наиболее 0,139262 0,000103
наибольший 1,966113 0,000726
наименований 1,832581 0,000676
наледей 3,912023 0,002888
намана 3,912023 0,001444
нами -0,009950 -0,000004
намского 3,912023 0,001444
например 0,328504 0,000121
населения 0,494296 0,000365
населенные 0,673345 0,001243
населенный 1,609438 0,000594
населенными 1,966113 0,000726
населенных 0,693147 0,000768
настольный 2,407946 0,000889
настоящее 0,328504 0,000121
наступая 3,912023 0,001444
наталья 1,660731 0,000613
натара 3,912023 0,001444
наук 0,693147 0,000512
наука 0,301105 0,000445
научно-исследовательская 2,995732 0,001106
научно-образовательный 0,967584 0,000357
научно-популярной 2,995732 0,002212
научный 0,941609 0,000695
находятся 0,527633 0,000195
национальное 2,995732 0,001106
начала 0,314711 0,000232
начало 0,415515 0,000153
началом 1,171183 0,000432
начать 2,120264 0,000783
начинается 0,755023 0,000557
небольшие 1,832581 0,000676
небольшое 2,040221 0,000753
негордах 3,912023 0,001444
незначительные 2,995732 0,001106
некоммерческой -0,009950 -0,000004
некоторая 3,218876 0,001188
некоторые 0,301105 0,000222
некоторых 0,494296 0,000182
нельма 3,506558 0,001294
нем 0,356675 0,000132
немного 1,714798 0,000633
неопределенности 3,506558 0,001294
несколько 0,150823 0,000056
нигде 2,525729 0,000932
ниже 0,693147 0,002047
нижнего 1,514128 0,000559
нижнее 1,966113 0,001452
нижней 1,514128 0,000559
нижнем 1,660731 0,001226
нижний 0,673345 0,000249
нижняя 1,203973 0,000444
низкая 1,660731 0,000613
низкой 1,771957 0,000654
низовье 3,506558 0,001294
низовьев 3,218876 0,001188
низовья 3,506558 0,001294
низовьях 2,207275 0,000815
никонов 2,659260 0,000982
нового 0,579818 0,000214
номер 0,820981 0,000303
норвежская 0,248461 0,000092
нохчийн 0,000000 0,000000
ноября 0,127833 0,000425
нська 0,000000 0,000000
нуора 3,912023 0,001444
нуотарка 3,912023 0,001444
нынешнего 1,771957 0,000654
ньиэгэ-таас-юрэгэ 3,912023 0,001444
нюя 3,912023 0,001444
обеспечивает 1,108663 0,000409
обладает 1,171183 0,000865
области 0,223144 0,000247
область 0,385662 0,000285
обоим 2,995732 0,001106
образовавшейся 3,506558 0,001294
образуется 1,966113 0,001452
образуя 2,407946 0,000889
обратном 2,995732 0,001106
обращения 0,030459 0,000214
обслуживает 1,771957 0,000654
обширная 2,302585 0,000850
обширной 2,659260 0,000982
общей 0,597837 0,000221
общие 0,673345 0,000249
общим 1,427116 0,000527
объекта 1,203973 0,000889
объектов 0,527633 0,000584
объекты 0,478036 0,000353
объемами 3,506558 0,001294
объяснен 3,912023 0,001444
ого-унгуохтах 3,912023 0,001444
огоннер-юряге 3,912023 0,001444
огородтах 3,912023 0,001444
одиннадцатилетнего 3,912023 0,001444
одиннадцатилетним 3,912023 0,001444
однако 0,174353 0,000064
одним 0,494296 0,000182
одного 0,544727 0,000201
океана 1,272966 0,000470
округа 0,653926 0,000241
округареки 2,995732 0,001106
октябрь 0,867501 0,000320
октября 0,083382 0,000123
олекма 3,912023 0,004332
олекминск 3,912023 0,005776
олекминска 3,912023 0,001444
олекминске 3,912023 0,001444
олекминского 3,912023 0,001444
олекмы 3,912023 0,001444
оленек 3,912023 0,001444
оленека 3,912023 0,002888
оленекская 3,912023 0,002888
ольга 1,427116 0,000527
ольги 2,659260 0,000982
омуль 3,218876 0,001188
онкучах-юрэх 3,912023 0,001444
онлайн 0,198451 0,000073
ономастика 3,218876 0,001188
оператор 1,609438 0,001188
операторов 1,347074 0,000497
оператором 2,207275 0,000815
описание -0,009950 -0,000007
описания 1,832581 0,000676
опреснению 3,912023 0,001444
организации -0,009950 -0,000004
оригинала 0,162519 0,000300
ортса 0,000000 0,000000
оручан 3,912023 0,001444
осадков 0,544727 0,000603
освобождению 2,995732 0,001106
осенне-зимняя 3,912023 0,001444
осетр 2,813411 0,001039
осетрово 3,912023 0,004332
осиповой 3,912023 0,001444
основан 0,579818 0,000642
основания 0,713350 0,000263
основная 0,116534 0,000043
основное 1,347074 0,000497
основную 1,832581 0,000676
основные 0,223144 0,000247
особенно 0,562119 0,000208
остается 0,891598 0,000329
остальных 1,660731 0,000613
останина 3,912023 0,001444
острова 1,078810 0,000398
островов 1,897120 0,000700
осцилляции 3,506558 0,001294
осцилляция 3,912023 0,001444
отв 0,755023 0,000279
ответственности -0,009950 -0,000004
отвечает 2,302585 0,000850
отделу 3,912023 0,001444
отдельных -0,009950 -0,000004
отказ -0,009950 -0,000004
открытия 0,916291 0,000338
открыты 1,049822 0,000388
отличается 0,579818 0,000214
относительно 0,415515 0,000153
относят 1,609438 0,000594
относятся 0,713350 0,000263
отредактирована -0,009950 -0,000004
отрезок 2,995732 0,001106
отроги 3,506558 0,001294
отсутствуют 1,897120 0,000700
охотского 2,813411 0,001039
оценкам 1,609438 0,000594
очень 0,494296 0,000730
ошибкекак -0,009950 -0,000004
ошибки 1,897120 0,000700
павлов 2,525729 0,001865
паводка 2,995732 0,002212
паводков 2,995732 0,001106
паводковой 3,912023 0,001444
паводком 3,912023 0,001444
падает 2,813411 0,001039
пантелеем 3,912023 0,001444
паромов 2,995732 0,001106
паромы 3,218876 0,001188
пароход 2,525729 0,000932
парохода 3,912023 0,001444
пароходах 3,912023 0,001444
паршинка 3,912023 0,001444
пассажирское 2,525729 0,003729
патом 3,912023 0,004332
патомского 3,912023 0,001444
пекарский 3,912023 0,001444
пеледуй 3,912023 0,002888
первоначального 2,302585 0,000850
первый 0,385662 0,000142
перевала 3,912023 0,001444
перевалке 3,912023 0,001444
переволоки 2,407946 0,000889
перейти -0,009950 -0,000007
переправы 1,832581 0,000676
период 0,342490 0,000632
периодические 2,525729 0,000932
персональные -0,009950 -0,000004
перспективных 2,407946 0,001778
печати -0,009950 -0,000004
печать -0,009950 -0,000004
пилка 3,912023 0,001444
пилюда 3,912023 0,001444
питание 2,659260 0,000982
питанию 3,912023 0,001444
планируется 1,021651 0,000377
плато 2,040221 0,000753
плоскогорья 3,218876 0,001188
плотность 0,693147 0,000256
площадь 0,478036 0,000176
площадью 0,994252 0,001101
поведения -0,009950 -0,000004
поверхностных 1,714798 0,001266
повсеместное 2,995732 0,001106
поднимается 1,966113 0,000726
подножия 2,813411 0,001039
поднялся 2,207275 0,000815
подписаны 2,659260 0,000982
подробнее -0,009950 -0,000004
подступают 3,506558 0,001294
подходов 2,525729 0,000932
подходящие 3,218876 0,001188
подъем 1,832581 0,000676
позднее 0,798508 0,000295
позднему 3,912023 0,001444
поиск -0,009950 -0,000004
поиску -0,009950 -0,000004
пойма 2,207275 0,000815
покровск 3,912023 0,002888
покровска 3,912023 0,001444
полесье 3,218876 0,001188
полиграфист 3,912023 0,001444
политика -0,009950 -0,000004
полноводности 3,912023 0,001444
половинка 3,506558 0,001294
половинный 3,912023 0,001444
половодье 2,659260 0,000982
положе 3,912023 0,001444
получил 0,713350 0,000263
пономарева 2,813411 0,001039
понтонного 3,912023 0,001444
понтонный 3,218876 0,001188
породы 1,966113 0,000726
порт 0,941609 0,001043
порта 1,309333 0,000967
портал 0,342490 0,000253
портр 3,506558 0,001294
порту 2,207275 0,000815
порты 1,714798 0,001899
порядке 1,309333 0,000967
поселками 2,407946 0,000889
поселке 1,609438 0,000594
поселки 1,347074 0,000497
последний -0,009950 -0,000004
последних 1,347074 0,000995
последняя 0,342490 0,000253
пособие 1,609438 0,000594
поспелов 1,021651 0,000377
пост 1,514128 0,000559
постепенно 0,867501 0,000320
посту 2,302585 0,000850
поступающих 3,218876 0,001188
поступление 2,302585 0,000850
потепление 2,407946 0,000889
потепления 2,995732 0,001106
поток 1,660731 0,000613
потратит 3,506558 0,001294
почв 2,302585 0,000850
почему 0,000000 0,000000
почтовая 1,078810 0,000398
появляются 1,560648 0,000576
ппк 3,506558 0,001294
править -0,009950 -0,000184
правка 0,328504 0,000121
правкиновые -0,009950 -0,000004
правкипостоянная -0,009950 -0,000004
правый 1,386294 0,000512
праца 3,506558 0,001294
превращается 2,040221 0,000753
превышает 0,967584 0,000714
превышать 2,659260 0,000982
пределах 0,510826 0,000566
пределы 1,966113 0,000726
представились -0,009950 -0,000004
представленный 2,659260 0,000982
президент 1,386294 0,001023
пресные 3,912023 0,001444
прибайкалье 2,995732 0,001106
привело 1,108663 0,000409
приводит 1,171183 0,000432
пригородные 1,469676 0,000543
приленское 3,912023 0,001444
примерно 0,634878 0,000469
примечания -0,009950 -0,000007
принимает 1,469676 0,000543
приняв 3,506558 0,001294
природные 1,108663 0,000409
природных 1,108663 0,000409
пристань 1,714798 0,000633
приток 1,427116 0,000527
притока 2,120264 0,002348
притокам 2,995732 0,001106
притоками 2,659260 0,000982
притоках 2,813411 0,001039
притоки 1,832581 0,002029
притоков 2,407946 0,002667
приходится 0,776529 0,000573
пришла 2,120264 0,000783
провел 1,966113 0,000726
программы 0,713350 0,000263
продан 3,218876 0,001188
продолжается 1,560648 0,000576
продолжительной 2,813411 0,001039
проекта 0,616186 0,000455
проектах -0,009950 -0,000004
производились 2,525729 0,000932
производится 1,714798 0,001266
происходит 0,634878 0,000703
пролетов 3,912023 0,001444
промысловые 3,218876 0,001188
промышленность 0,693147 0,000256
промышленные 1,171183 0,000432
прорезая 3,912023 0,001444
просмотры -0,009950 -0,000004
протекает 1,609438 0,001188
противоречат 3,912023 0,001444
проток 2,525729 0,000932
протока 2,525729 0,001865
протоках 3,912023 0,001444
протоки 2,407946 0,001778
протоков 3,506558 0,001294
проходят 0,941609 0,000348
прохоров 1,078810 0,000796
процессов 1,347074 0,000497
проч 3,506558 0,001294
прочный 3,912023 0,001444
прошедшие 2,302585 0,000850
псевдоним 3,506558 0,001294
публикации 1,832581 0,000676
пункт 1,203973 0,000444
пункта 1,514128 0,000559
пунктами 1,897120 0,000700
пунктов 0,653926 0,000241
пункты 0,616186 0,001137
путеводитель 0,713350 0,000263
путеводитель-справочник 3,506558 0,005178
путей 0,916291 0,001015
путешественники-исследователи 3,912023 0,001444
путешествий 2,995732 0,002212
путин 1,714798 0,000633
пяндой 3,912023 0,001444
работал 1,309333 0,000483
работах 2,120264 0,000783
работают 0,673345 0,000497
равен 2,120264 0,000783
равнину 2,525729 0,000932
равное 3,912023 0,001444
развитием 1,171183 0,000432
развитию 0,843970 0,000312
развития 0,287682 0,000106
разделяют 2,813411 0,001039
разлив 2,813411 0,002077
разлива 2,813411 0,001039
разливается 3,506558 0,001294
различают 2,302585 0,000850
различной 2,040221 0,001506
размерами 2,813411 0,001039
размывались 3,912023 0,001444
разногласие 2,813411 0,002077
разным 1,609438 0,000594
разных 0,510826 0,000377
разработчики -0,009950 -0,000004
район 0,597837 0,000441
района 0,673345 0,000249
районареки 3,506558 0,007766
районе 0,527633 0,000779
районы 0,653926 0,000241
ракета 2,525729 0,001865
рамках 0,544727 0,000201
ран 0,776529 0,000287
раньше 1,171183 0,000432
располагается 0,994252 0,000367
расположение 1,139434 0,000421
расположенного 1,832581 0,000676
расположенное 2,407946 0,000889
расположены 0,673345 0,000249
распорядился 3,218876 0,001188
распространение 1,237874 0,000914
расстояния 1,832581 0,000676
растут 2,120264 0,000783
расход 2,302585 0,005950
расходом 3,912023 0,001444
расходу 3,912023 0,002888
расширение 0,527633 0,000390
расширяется 2,407946 0,001778
реализации 0,994252 0,000367
регионы 1,049822 0,000388
ред 0,235722 0,000522
редки 2,659260 0,000982
реестр 1,469676 0,001628
режиме 1,514128 0,000559
режимом 2,813411 0,002077
резко 0,967584 0,000357
резкое 2,995732 0,001106
резюме 3,912023 0,001444
рек 0,820981 0,003637
река 0,733969 0,004064
реками 2,207275 0,000815
реках 2,040221 0,001506
реке 0,713350 0,001053
реки 0,462035 0,004605
реку 1,171183 0,002594
республики 0,916291 0,000338
ресурсы 0,020203 0,000037
речка 2,207275 0,001630
речного 1,139434 0,000421
речной 0,916291 0,000338
речные 1,897120 0,000700
речных 1,609438 0,000594
рис 2,995732 0,001106
родной 1,897120 0,000700
роль 0,579818 0,000214
романовский 2,995732 0,001106
росавтодор 3,912023 0,001444
роскадастр 3,506558 0,001294
росписание 3,912023 0,001444
россии 0,186330 0,000963
российская 0,186330 0,000138
российских 0,733969 0,000271
россия 0,371064 0,000137
рублей 0,755023 0,000279
рус 0,162519 0,001260
руслами 3,506558 0,001294
русло 1,897120 0,000700
русловых 3,912023 0,001444
руслом 3,218876 0,002376
русская 0,867501 0,000320
русские 0,544727 0,000201
русский -0,009950 -0,000004
русских 0,843970 0,000312
русском 1,049822 0,000388
руч 3,912023 0,015885
ручей 2,040221 0,000753
рыбы 1,897120 0,002801
рынка 1,237874 0,000457
сайылык 3,912023 0,001444
самая 0,798508 0,000295
самого 0,891598 0,000329
самойлов 3,218876 0,001188
сангар 3,912023 0,001444
сасыр-юрях 3,912023 0,001444
саха 2,813411 0,002077
сахаполиграфиздат 3,912023 0,001444
сведения 0,867501 0,000961
светлов 3,912023 0,002888
свободной -0,009950 -0,000004
своим 0,967584 0,000357
своими 1,427116 0,000527
свой 0,653926 0,000241
свойство 0,653926 0,000483
свп 3,506558 0,001294
свяжитесь -0,009950 -0,000004
связи 0,235722 0,000087
связывающей 2,813411 0,001039
сдан 1,897120 0,001401
сдвигаясь 3,912023 0,001444
север 1,171183 0,001297
севере 1,139434 0,000421
северного 1,021651 0,000754
северным 1,771957 0,000654
северо-востока 2,659260 0,000982
села 1,203973 0,000444
семекит 3,912023 0,001444
семья 1,897120 0,000700
сентября 0,072571 0,000107
сенькин 3,912023 0,001444
середине 0,562119 0,000415
сжимают 3,912023 0,001444
сибири 1,347074 0,001492
сибирскими 3,218876 0,001188
сибирь 1,469676 0,001628
сивцева 3,912023 0,001444
сильнее 2,813411 0,001039
сильно 0,776529 0,000287
символизирующая 3,912023 0,001444
синяя 2,995732 0,001106
система 0,235722 0,000087
системеобсуждениевкладсоздать -0,009950 -0,000004
ситте 3,912023 0,001444
скачать -0,009950 -0,000004
склон 2,525729 0,000932
склонам 3,218876 0,001188
скованную 3,912023 0,001444
скоростное 3,912023 0,002888
скоростные 2,995732 0,001106
скоростных 3,912023 0,001444
скорость 0,867501 0,000320
скульптура 1,171183 0,000432
слабо 1,966113 0,000726
следствие 1,832581 0,000676
следуют 2,207275 0,000815
следующий 1,560648 0,000576
словари 0,116534 0,000043
словарь 0,274437 0,000507
сложности 1,347074 0,000995
случае 0,843970 0,000623
случаях -0,009950 -0,000007
сменяемые 3,912023 0,001444
смотрите 3,218876 0,001188
снг 1,714798 0,000633
снеговые 3,912023 0,001444
снимке 3,506558 0,001294
соболоох-майан 3,912023 0,001444
собранные 2,995732 0,001106
событияпожертвовать -0,009950 -0,000004
советская 0,371064 0,000685
совещание 2,659260 0,001963
совмещенного 3,912023 0,001444
содержание 0,010050 0,000004
содержат 1,966113 0,000726
соединения 1,897120 0,000700
соколов 1,966113 0,001452
солнечного 1,714798 0,000633
солнечной 1,966113 0,000726
солнцепадь 3,912023 0,001444
сообщающийся 3,912023 0,001444
сообщений 2,120264 0,000783
сообщения 0,820981 0,000606
сообщить -0,009950 -0,000004
соответствует 1,427116 0,001054
сопровождается 2,813411 0,001039
соседними 2,659260 0,000982
составил 0,916291 0,000676
составляет 0,314711 0,000116
составлял 1,771957 0,001308
составляли 1,660731 0,000613
составляют 0,798508 0,000295
состоянию 0,544727 0,000402
сотен 2,040221 0,000753
соттинцы 3,912023 0,001444
сохранением -0,009950 -0,000004
сохтой-юрях 3,912023 0,001444
спб 0,385662 0,000569
список 0,248461 0,000183
спк 3,912023 0,004332
справочная 2,407946 0,000889
справочные 2,659260 0,001963
среднегодовой 2,120264 0,000783
среднегодовому 3,912023 0,001444
среднее 1,272966 0,001410
среднемесячный 3,912023 0,001444
среднемноголетний 3,506558 0,001294
среднему 2,813411 0,001039
среднесибирского 3,218876 0,001188
средний 0,494296 0,000182
средним 1,832581 0,000676
средняя 0,510826 0,000377
српски 0,000000 0,000000
српскохрватски 0,000000 0,000000
ссср 0,314711 0,000929
ссылкасведения -0,009950 -0,000004
ссылки -0,009950 -0,000022
становление 1,966113 0,000726
станции 0,693147 0,000512
станция 0,798508 0,000295
старая 0,430783 0,000159
старейший 1,609438 0,000594
статистика -0,009950 -0,000004
статьислучайная -0,009950 -0,000004
статьисообществофорумсправкасвежие -0,009950 -0,000004
статья 0,105361 0,000078
статьяобсуждение -0,009950 -0,000004
статьятекущие -0,009950 -0,000004
степаниха 3,912023 0,001444
стерлядь 3,218876 0,001188
сток 2,120264 0,002348
стока 1,897120 0,004202
столб 2,813411 0,001039
столбы 2,995732 0,002212
стран 0,597837 0,000221
страна 0,462035 0,000171
страница -0,009950 -0,000004
страницасодержаниеизбранные -0,009950 -0,000004
страницецитировать -0,009950 -0,000004
страницуполучить -0,009950 -0,000004
страницы -0,009950 -0,000015
страницыслужебные -0,009950 -0,000004
страны 0,634878 0,000234
строительства 0,673345 0,000249
строительство 0,510826 0,000566
строительством 1,714798 0,000633
студенка 3,912023 0,001444
субарктики 3,912023 0,001444
суда 1,078810 0,000398
судах 2,659260 0,002945
судоходных 2,995732 0,001106
судоходства 2,040221 0,002259
судоходство 2,302585 0,007650
суола 3,912023 0,001444
суровы 3,912023 0,001444
суток 2,207275 0,001630
сухие 2,813411 0,001039
сухой 1,966113 0,000726
счет 0,673345 0,000249
считается 0,693147 0,000768
сыалаах-юрэх 3,912023 0,001444
сюдасвязанные -0,009950 -0,000004
табагинского 3,912023 0,001444
табл 0,867501 0,000640
тайгой 3,912023 0,001444
также 0,000000 0,000000
таликов 3,912023 0,001444
талые 3,506558 0,001294
тамма 3,912023 0,001444
тарашкев 0,000000 0,000000
тарын-юрях 3,912023 0,001444
тарынг 3,912023 0,002888
тас-юрях 3,912023 0,001444
татарча 0,000000 0,000000
таюра 3,912023 0,001444
таянием 3,506558 0,001294
текст -0,009950 -0,000004
текущем 0,544727 0,000201
тенгюргестях 3,912023 0,001444
теплоход 2,120264 0,000783
теплохода 2,995732 0,001106
теплоходами 3,506558 0,001294
теплоходе 2,995732 0,001106
теплоходом 3,506558 0,001294
территории 0,400478 0,000148
территорий 1,049822 0,000388
территорию 0,941609 0,000348
территориях 0,916291 0,000338
технического 1,514128 0,000559
течение 0,527633 0,001558
течении 1,660731 0,000613
течению 1,714798 0,002532
течения 1,897120 0,002101
течет 2,525729 0,000932
тикси 2,659260 0,002945
тип 0,356675 0,000132
типография 1,203973 0,001333
тира 3,912023 0,001444
тиэрбэс 3,912023 0,001444
товарный -0,009950 -0,000004
толстый 3,912023 0,001444
топонима 1,386294 0,000512
топонимический 0,798508 0,000590
транспортная 1,237874 0,001371
транспортной 1,108663 0,000819
транспортный 1,171183 0,000432
третья 1,609438 0,000594
трофимовская 3,912023 0,002888
трудолюбие 3,912023 0,001444
труды 1,469676 0,000543
труженица 3,912023 0,001444
тунгуски 3,506558 0,001294
туолба 3,912023 0,001444
туристическая 2,207275 0,000815
туругу 3,912023 0,001444
турукта 3,912023 0,002888
тутура 3,912023 0,002888
тыла 1,897120 0,000700
тымпылыкан 3,912023 0,001444
тыс 0,430783 0,000159
тюгюэне 3,912023 0,001444
увеличение 1,347074 0,000497
увеличением 2,120264 0,000783
увеличению 2,040221 0,000753
уездный 2,525729 0,000932
узел 0,891598 0,000329
узкой 2,407946 0,000889
узок 3,912023 0,001444
указанием -0,009950 -0,000004
указано 0,733969 0,000542
указывается 2,120264 0,000783
укра 0,000000 0,000000
украсила 3,912023 0,001444
улахан 3,912023 0,001444
улахан-туостуур 3,912023 0,001444
улус 3,506558 0,001294
улусареки 3,912023 0,011553
улучшения 1,966113 0,000726
ульянов 3,506558 0,001294
ульянова 2,302585 0,000850
ульяновой 3,912023 0,001444
улэгир 3,912023 0,001444
ундюлюнг 3,912023 0,001444
университета 0,446287 0,000165
употреблении 2,813411 0,001039
управления 0,415515 0,000153
ура 3,506558 0,001294
уровнем 0,798508 0,000295
ус-буолбут 3,912023 0,001444
ус-юрях 3,912023 0,001444
условий -0,009950 -0,000011
условия -0,009950 -0,000007
условиях 1,049822 0,000388
установлена 1,237874 0,000457
устаревшего 2,995732 0,001106
усть-алданского 3,912023 0,001444
усть-кут 3,218876 0,004753
усть-куте 3,912023 0,002888
усть-кутом 3,912023 0,001444
усть-кутского 3,912023 0,001444
устье 0,994252 0,002936
устью 1,078810 0,001195
устья 1,171183 0,005620
устьями 3,218876 0,001188
ухунку 3,912023 0,001444
участие -0,009950 -0,000004
участка 1,609438 0,000594
участке 1,469676 0,000543
учебное 1,469676 0,000543
учета 1,560648 0,000576
учетную -0,009950 -0,000004
ушла 3,218876 0,001188
уэль-сиктях 3,912023 0,001444
уэс-кене 3,912023 0,001444
уюлу 3,912023 0,001444
факт 1,514128 0,000559
февраля 0,051293 0,000038
федеральной 0,891598 0,000329
федеральных 0,776529 0,000287
фонд -0,009950 -0,000004
фоне 1,560648 0,000576
форме 0,941609 0,000348
формирование 1,078810 0,000398
хабаровскому 3,218876 0,001188
халаманда 3,912023 0,001444
хамра 3,912023 0,001444
хангаласского 3,912023 0,001444
хандыга 3,912023 0,001444
ханнах 3,912023 0,001444
ханнит 3,912023 0,001444
ханчалы 3,912023 0,001444
характеризуется 0,941609 0,000348
характеристика 0,713350 0,000527
характерны 1,514128 0,001118
характеру 2,302585 0,000850
хараулахский 3,912023 0,001444
хвойные 2,659260 0,000982
хивус 3,506558 0,001294
ходе 0,562119 0,000208
ходят 1,966113 0,000726
холодной 2,040221 0,000753
хоруонгка 3,912023 0,001444
хребет 2,525729 0,002797
хребта 2,302585 0,000850
целиком 1,897120 0,000700
центр 0,400478 0,000148
цикла 1,832581 0,001353
циклам 3,912023 0,001444
чайка 1,966113 0,000726
чалов 3,912023 0,002888
чанкыныр 3,912023 0,001444
часто 0,415515 0,000307
часть 0,105361 0,000117
частью 0,755023 0,000279
чая 3,506558 0,002589
чей 2,995732 0,001106
чекановского 3,912023 0,001444
чел 0,713350 0,000263
черендей 3,912023 0,001444
чертеж 2,995732 0,001106
честь 0,562119 0,000415
четвертая 2,302585 0,000850
четыре 0,713350 0,000263
чечуй 3,912023 0,001444
чиерес-юряге 3,912023 0,001444
чикиян 3,912023 0,001444
числе 0,248461 0,000092
численности 0,653926 0,000241
чистяков 3,506558 0,001294
читатьправитьправить 0,494296 0,000182
чичикан 3,912023 0,001444
членов 1,272966 0,000470
чомполо 3,912023 0,001444
чохчоху-юряге 3,912023 0,001444
чрезвычайно 2,120264 0,000783
чуомугурдаах-юрэгэ 3,912023 0,001444
чуя 3,912023 0,002888
чынгырыкан 3,912023 0,001444
шароглазова 3,912023 0,001444
ширина 1,469676 0,000543
ширину 2,207275 0,001630
шоссейных 3,912023 0,001444
шумиха 3,506558 0,001294
щеки 3,506558 0,001294
ыныр-хаята-юряге 3,912023 0,001444
эвенк 3,506558 0,001294
эвенкийского 3,506558 0,001294
эдуарда 2,659260 0,000982
эекит 3,912023 0,001444
экз 0,415515 0,000153
экспорт -0,009950 -0,000004
энциклопедии -0,009950 -0,000015
энциклопедический 0,733969 0,000271
энциклопедия 0,210721 0,000311
эрозии 2,525729 0,001865
эта 0,000000 0,000000
этимологии 2,407946 0,000889
этимология 0,616186 0,000455
это 0,000000 0,000000
юел-сииктээх 3,912023 0,001444
южную 1,832581 0,000676
явлению 3,218876 0,001188
является 0,094311 0,000139
являются 0,248461 0,000092
языка 0,798508 0,000590
языках -0,009950 -0,000004
якурим 3,912023 0,001444
якут 3,912023 0,002888
якутии 2,995732 0,013270
якутия 2,407946 0,002667
якутск 1,203973 0,009333
якутска 3,912023 0,005776
якутский 3,506558 0,001294
якутского 3,506558 0,002589
якутское 3,912023 0,008665
якутской 3,506558 0,002589
якутском 3,912023 0,001444
якутску 3,912023 0,001444
января 0,116534 0,000645
яны 3,506558 0,003883
