абсолютный 0,616186 0,000213
авария 1,771957 0,000613
август 0,072571 0,000301
авт 1,469676 0,001016
автомобильный 0,713350 0,000493
автомоста 3,912023 0,001353
автономный 0,867501 0,002100
автор 0,462035 0,000160
авторитетный 0,891598 0,001850
авторство -0,009950 -0,000003
адмирал 1,832581 0,000634
аз 2,302585 0,000796
азия 0,755023 0,000783
акад 2,040221 0,000705
алфавитуамурреки 3,912023 0,001353
алфавитукарточка 2,207275 0,000763
амазар 3,506558 0,001213
амар 3,912023 0,001353
амгунь 3,506558 0,001213
амур 2,525729 0,087335
амурзет 3,506558 0,001213
амуркит 3,912023 0,001353
амурск 3,506558 0,002425
амурский 1,966113 0,019716
амурхэ 3,506558 0,001213
англ 0,174353 0,000121
английский 1,309333 0,000453
ангоб 3,912023 0,001353
анкетирование 3,218876 0,001113
анюй 3,218876 0,002226
апрель 0,150823 0,000887
аргуни 3,912023 0,004058
аргунь 3,506558 0,010913
аридный 2,995732 0,001036
арктический 1,771957 0,000613
арх 0,544727 0,000377
архивировать 0,020203 0,000147
аст 0,820981 0,000284
астероидыскрытые 2,813411 0,000973
атлас 1,108663 0,000383
ауха 3,912023 0,002705
афанасьев 3,506558 0,001213
багаж 3,218876 0,001113
базальтовый 3,912023 0,001353
байкало-амурская 3,912023 0,001353
балтийский 1,514128 0,000524
баржа 3,218876 0,001113
бассейн 0,653926 0,003166
бассейнавикипедия 3,912023 0,001353
бассейновый 2,525729 0,000873
баш 3,506558 0,001213
безопасность 0,916291 0,000317
безумный 3,506558 0,001213
белое 0,994252 0,000344
белый 0,867501 0,000300
берег 0,478036 0,000992
берегоукрепительный 3,218876 0,002226
бетонный 2,525729 0,000873
бешеный 3,506558 0,002425
библиографический 0,083382 0,000029
библиотека 0,328504 0,000114
бира 3,506558 0,001213
биробиджанский 3,912023 0,001353
благовещенск 2,995732 0,005179
благовещенска 3,506558 0,003638
благовещенский 1,832581 0,000634
благодаря 0,527633 0,000182
близ 1,237874 0,000428
богатый 1,049822 0,000363
богородское 3,218876 0,001113
большой 0,040822 0,000296
бореальный 2,525729 0,000873
брать 1,714798 0,000593
браться 3,218876 0,001113
брокгауза 0,328504 0,000227
бсэ 2,120264 0,001466
булава 3,506558 0,001213
бур 3,218876 0,001113
буреть 3,506558 0,004850
быстро 0,967584 0,000335
быть -0,009950 -0,000003
бычиха 3,912023 0,001353
бюджетный 1,514128 0,000524
ваганова 3,912023 0,001353
важный 0,494296 0,000342
валун 3,218876 0,001113
вблизи 1,139434 0,000394
вверх 1,832581 0,000634
ведомость 0,994252 0,000344
век 0,248461 0,000258
великий 0,356675 0,000123
версия -0,009950 -0,000010
верста 2,302585 0,001592
верхний 0,494296 0,001026
верховье 2,302585 0,001592
верхогляд 3,912023 0,001353
весенний 1,660731 0,000574
весна 0,713350 0,000247
вести 0,356675 0,000123
весь 0,301105 0,000521
вещество 0,994252 0,000344
взгляд 1,309333 0,000453
вид 0,061875 0,000257
видно 2,407946 0,000833
викиданные 0,776529 0,000269
викиданными 2,813411 0,000973
викиданных -0,009950 -0,000003
викимедиа -0,009950 -0,000003
википедии -0,009950 -0,000007
википедия -0,009950 -0,000021
викискладвикицитатникэлемент 2,659260 0,000920
викискладе 0,174353 0,000060
включать 0,235722 0,000082
включительно 2,995732 0,001036
владимировка 3,218876 0,002226
владимировки 3,912023 0,001353
влажный 1,427116 0,000493
влияние 0,527633 0,000182
вместе 0,510826 0,000353
внешний 0,051293 0,000018
внимание 1,108663 0,000767
вобрать 3,912023 0,001353
вода 0,527633 0,005656
водиться 1,897120 0,000656
водный 0,562119 0,000972
водозабор 2,120264 0,000733
водосбор 2,659260 0,000920
водоток 2,407946 0,000833
военный 0,494296 0,000684
возведение 1,609438 0,000557
возвести 1,139434 0,000394
возвращаться 1,897120 0,000656
воздух 0,616186 0,000213
вознесенское 3,218876 0,001113
возрастать 1,897120 0,000656
войско 0,798508 0,000276
вокзал 0,755023 0,000261
волга 1,347074 0,000932
волна 0,916291 0,000634
волшебный 0,030459 0,000011
вообще 1,560648 0,000540
вопрос 0,371064 0,000128
воронежский 2,995732 0,001036
восток 0,494296 0,000684
восток-запад 3,506558 0,001213
восточный 0,430783 0,000447
впадать 1,309333 0,000905
впадение 1,139434 0,001970
впервые 0,385662 0,000133
впереди 3,218876 0,001113
время 0,020203 0,000049
все 0,040822 0,000014
вспомоществование 3,506558 0,001213
встречаться 0,713350 0,000247
второе 0,653926 0,000226
второстепенное 3,506558 0,001213
выброс 1,347074 0,000466
выводить 1,832581 0,000634
выдавать 2,302585 0,000796
выдохнуть 3,912023 0,001353
вызывать 1,078810 0,000373
выйти 0,798508 0,000276
вып 0,798508 0,000276
выразить 1,427116 0,000493
высота 0,415515 0,000144
выход 1,078810 0,000373
выше 0,616186 0,000852
гарантировать 2,302585 0,000796
гвр 2,659260 0,000920
гврпро 3,506558 0,001213
гдр 2,813411 0,000973
геогр 2,525729 0,000873
географический 0,356675 0,000493
географическо-статистический 2,407946 0,000833
география 0,415515 0,000287
геологически 3,912023 0,001353
геологический 1,139434 0,000394
георгий 1,139434 0,000394
гидрографический 2,302585 0,000796
гидролог 3,912023 0,001353
гидрологический 1,966113 0,002719
гидрология 1,966113 0,001360
гидрометеоиздат 1,897120 0,000656
гидрообстановку 3,912023 0,001353
гидротехнический 2,995732 0,005179
гидроузел 2,407946 0,000833
главный 0,210721 0,000146
глубина 1,139434 0,000394
глубоко 1,897120 0,000656
год -0,009950 -0,000179
годавикипедия 0,616186 0,000639
годовой 0,994252 0,001031
голова 1,427116 0,000987
горин 3,218876 0,002226
город 0,371064 0,000642
городской 0,544727 0,000377
государственный 0,261365 0,000090
государство 0,579818 0,000200
гранат 1,386294 0,000479
граница 0,356675 0,000617
гребень 2,813411 0,000973
грузовая 1,139434 0,000394
группа 0,314711 0,000109
гур 3,506558 0,001213
давний 2,659260 0,000920
далайнор 3,506558 0,001213
далее 0,693147 0,000240
дальневосточный 1,966113 0,001360
дальний 0,446287 0,000926
дамба 2,040221 0,002822
дамур 3,912023 0,001353
дата 0,030459 0,000211
датировать 1,966113 0,000680
датский 0,328504 0,000114
дать 0,072571 0,000050
даурии 3,506558 0,001213
дача 1,469676 0,000508
дачный 2,040221 0,000705
два 0,150823 0,000313
двинуться 3,218876 0,001113
дежнев 2,995732 0,001036
действие 0,776529 0,000269
действовать -0,009950 -0,000007
декабрь 0,094311 0,000098
делиться 1,078810 0,000373
демонтаж 3,218876 0,001113
денежный 1,660731 0,000574
день 0,210721 0,000219
дерево 0,867501 0,000300
держаться 2,040221 0,000705
десятка 1,139434 0,000394
десятый 2,040221 0,000705
десять-пятнадцать 3,912023 0,001353
дикий 1,469676 0,000508
длина 0,579818 0,001604
длинный 1,237874 0,000856
днейвикипедия 0,967584 0,000335
дно 1,469676 0,000508
добавить 0,562119 0,001166
добро 2,525729 0,000873
дождь 1,469676 0,001016
дойти 1,560648 0,000540
доклад 1,237874 0,000428
долгий 1,021651 0,000353
должный 0,356675 0,000740
долина 0,916291 0,001584
дом 0,446287 0,000463
домашний 1,237874 0,000428
дополнительный -0,009950 -0,000003
дорога 0,527633 0,000365
доставлять 2,995732 0,001036
достигать 0,843970 0,000875
достигнуть 1,272966 0,000440
достичь 0,733969 0,000761
доступный -0,009950 -0,000003
дотягиваться 3,912023 0,001353
дракон 2,207275 0,005343
дробно -0,009950 -0,000003
другой -0,009950 -0,000021
евразия 1,347074 0,000466
еврейский 0,755023 0,002089
европейский 0,494296 0,000171
ежегодно 0,916291 0,000317
екатеринбург 0,843970 0,000292
елабуга 2,813411 0,000973
енисее 3,218876 0,001113
енисея 2,302585 0,000796
ергунь 3,912023 0,001353
ерофей 3,218876 0,001113
естественный 0,776529 0,000269
ефрона 0,328504 0,000227
жаловаться 2,995732 0,001036
железнодорожный 0,579818 0,000601
желтощек 3,912023 0,001353
живое 2,659260 0,000920
животное 0,798508 0,000552
жизнь 0,342490 0,000118
жилой 0,941609 0,000651
житель 0,562119 0,000194
жить 0,820981 0,000284
забайкальский 2,302585 0,001592
забайкалья 2,995732 0,001036
завершиться 1,309333 0,000453
завить 3,506558 0,001213
завод 0,693147 0,000240
заглавный -0,009950 -0,000003
загрязненность 2,525729 0,000873
загрязнить 1,514128 0,000524
задний 2,120264 0,001466
закладка 1,966113 0,000680
залив 1,609438 0,000557
замедлиться 3,506558 0,001213
замер 2,659260 0,000920
заметить 2,525729 0,000873
занимать 0,430783 0,000149
записьвойти -0,009950 -0,000003
запретить 1,309333 0,000453
запруда 3,912023 0,006764
зарегистрировать -0,009950 -0,000003
зарубежный 0,994252 0,000344
заря 1,347074 0,000466
засеять 3,912023 0,001353
затапливать 3,506558 0,001213
затем 0,527633 0,000182
затон 1,427116 0,000493
затопить 1,832581 0,003802
затопление 2,120264 0,000733
зафиксировать 1,078810 0,000373
захаров 2,659260 0,000920
заявление -0,009950 -0,000003
зеи 3,912023 0,002705
земля 0,400478 0,000277
зерно 2,407946 0,000833
зея 3,506558 0,012125
зима 0,478036 0,000165
злое 3,218876 0,001113
змееголов 3,912023 0,002705
знак -0,009950 -0,000003
знать 1,469676 0,000508
значение 0,061875 0,000064
значительный 0,328504 0,000114
зона 0,400478 0,000692
игнашино 3,506558 0,001213
из-за 0,415515 0,000144
издать 1,386294 0,000479
изменение 0,301105 0,000104
измерение 1,771957 0,000613
изображение 0,693147 0,000240
изученность 2,525729 0,000873
именно 0,544727 0,000377
иметь 0,094311 0,000065
империя 0,653926 0,000226
имя 0,274437 0,000095
иначе 0,733969 0,001777
ингода 3,912023 0,001353
индийский 1,609438 0,000557
иннокентьевка 3,506558 0,001213
институт 0,371064 0,000128
инструмент -0,009950 -0,000007
информация 0,162519 0,000393
исключительно 1,272966 0,000440
искусство 0,478036 0,000165
использование -0,009950 -0,000007
использовать 0,020203 0,000014
исправить 1,347074 0,000466
исток 0,755023 0,002611
история 0,051293 0,000071
источник -0,009950 -0,000076
итог 0,494296 0,000171
ихтиокомплексам 3,912023 0,001353
ихтиологический 3,218876 0,001113
ихтиофауна 2,525729 0,002620
июль 0,116534 0,000081
июнь 0,116534 0,000081
кадр 1,514128 0,000524
каждый 0,261365 0,000181
казак 1,309333 0,000905
казакевичева 3,506558 0,001213
казакевичево 3,506558 0,001213
казачий 1,469676 0,000508
казенный 2,040221 0,000705
кайтсерфинг 3,912023 0,001353
какой 0,820981 0,000284
калуга 2,302585 0,001592
кам 2,207275 0,000763
каменный 0,733969 0,000254
камень 0,994252 0,000688
карт 0,301105 0,000312
каталанский 0,527633 0,000182
каталог 0,094311 0,000033
катастрофический 2,525729 0,001747
категория -0,009950 -0,000007
керулен 3,912023 0,001353
километр 0,693147 0,001678
кит 2,207275 0,002290
китаец 1,609438 0,001670
китай 0,776529 0,002148
китайский 0,653926 0,003166
китаяпограничные 3,912023 0,001353
книга 0,415515 0,000144
кнр 2,207275 0,003053
код -0,009950 -0,000062
кодекс -0,009950 -0,000003
кодистория 0,116534 0,000040
колебание 1,386294 0,001438
колебаться 1,714798 0,000593
количество 0,210721 0,000073
коммерсант 2,040221 0,000705
комплекс 0,579818 0,000200
комсомольск-на-амуре 1,203973 0,002498
комсомольска 3,912023 0,004058
комсомольска-на-амуре 3,912023 0,010822
комсомольске-на-амуре 3,912023 0,004058
комсомольский 0,891598 0,000617
конфиденциальность -0,009950 -0,000003
координата 1,347074 0,000932
корабль 1,469676 0,000508
короткий -0,009950 -0,000003
косатка-плеть 3,912023 0,001353
косатка-скрипун 3,912023 0,002705
космос 1,237874 0,000428
косуля 2,525729 0,000873
котлякова 2,659260 0,000920
который 0,000000 0,000000
край 0,544727 0,001130
краткий 0,653926 0,000226
краяпограничные 3,912023 0,001353
краяреки 3,912023 0,001353
кром 0,235722 0,000082
круизный 2,040221 0,000705
крупный 0,210721 0,000219
крыша 2,207275 0,001526
крючкин 3,912023 0,001353
кубометр 2,525729 0,000873
куки -0,009950 -0,000003
культура 0,356675 0,000123
курсировать 1,514128 0,000524
кучеренко 3,912023 0,001353
лапа 2,302585 0,001592
ларусса 1,078810 0,000373
левобережный 1,714798 0,000593
левобережье 1,832581 0,002535
левый 1,021651 0,000353
легенда 1,469676 0,000508
ледоход 3,218876 0,001113
лежать 0,994252 0,000344
лексикон 2,659260 0,000920
лен 2,207275 0,001526
ленинский 0,941609 0,000977
лес 0,733969 0,000254
лесной 0,843970 0,000292
лесостепной 1,771957 0,000613
лет 0,597837 0,000207
летне-осенние 3,912023 0,001353
летне-осенними 3,912023 0,001353
ливень 2,995732 0,003108
лиман 2,995732 0,006215
литература 0,051293 0,000035
лицензия -0,009950 -0,000003
лицо 0,673345 0,000233
лодка 1,660731 0,000574
лососевые 3,506558 0,001213
лососевый 3,912023 0,001353
лоция 2,659260 0,000920
любое 1,139434 0,000394
магистраль 0,867501 0,000300
маго 3,506558 0,001213
май 0,127833 0,000265
максимальный 0,867501 0,000300
максимум 0,579818 0,000200
мало 0,579818 0,000200
малый 0,139262 0,000193
маньчж 3,912023 0,001353
маньчжурии 3,912023 0,001353
маньчжурско-русский 3,912023 0,001353
мариинский 1,469676 0,000508
март 0,116534 0,000040
маршрут 0,673345 0,000233
массировать 2,813411 0,000973
масштаб 1,108663 0,000383
масштабный 1,139434 0,000788
материал -0,009950 -0,000003
медиафайлы 0,301105 0,000104
международный 0,385662 0,000267
межень 3,218876 0,001113
мелеть 3,218876 0,001113
местный 0,478036 0,000331
место 0,139262 0,000433
местоположение 1,660731 0,000574
месяц 0,415515 0,000287
месяцекарточка 3,218876 0,001113
метеор 2,407946 0,001665
метр 0,653926 0,001131
мешать 1,897120 0,000656
миклухо-маклай 3,506558 0,001213
микробиологический 3,218876 0,001113
миллиметр 2,995732 0,002072
мир 0,094311 0,000130
михайло-семеновской 3,912023 0,001353
млн 0,462035 0,000160
мнение 0,634878 0,000659
многодневный 3,506558 0,001213
многокилометровый 3,218876 0,001113
мобильный -0,009950 -0,000003
могочинский 3,912023 0,001353
могочинского 3,912023 0,001353
монг 3,912023 0,001353
монгол 1,660731 0,000574
монголии 2,659260 0,001839
монгольский 1,832581 0,000634
монгольско-русский 3,912023 0,001353
мор 1,021651 0,001766
море 0,562119 0,000777
моререки 3,218876 0,001113
моск 2,302585 0,000796
москва 0,400478 0,000138
москвич 2,407946 0,000833
московский 0,527633 0,000182
мост 0,713350 0,001973
мочь -0,009950 -0,000028
мука 2,407946 0,000833
муравьев-амурский 3,506558 0,001213
мурэн 3,912023 0,001353
муссонный 2,659260 0,000920
мыс 1,386294 0,000479
набережная 0,891598 0,000617
наблюдение 1,108663 0,000383
навигация -0,009950 -0,000010
наводнение 2,120264 0,008065
наглядно 2,995732 0,001036
название 0,105361 0,000219
назвать 0,371064 0,000128
называть 0,174353 0,000060
называться 0,328504 0,000341
наиболее 0,139262 0,000193
наименование 0,994252 0,000344
найхин 3,506558 0,001213
нан 3,912023 0,001353
нанайский 3,506558 0,001213
наоборот 1,832581 0,000634
нападать 2,407946 0,000833
напор 3,912023 0,001353
направить 0,867501 0,000300
направиться 3,912023 0,001353
наряд 1,049822 0,000363
население 0,462035 0,000160
населить 0,597837 0,001447
наскальный 2,995732 0,001036
настоящее 0,287682 0,000199
наука 0,235722 0,000163
научно-образовательный 0,967584 0,000335
научно-популярный 1,966113 0,001360
находиться 0,174353 0,000181
нахождение 2,040221 0,000705
национальный 0,342490 0,000118
начало 0,116534 0,000403
началось 0,616186 0,000426
начаться 0,562119 0,000583
начинаться 0,527633 0,000365
небольшое 1,427116 0,000493
невельский 2,995732 0,002072
недостаточный 2,040221 0,000705
некоммерческий -0,009950 -0,000003
некоторые 0,127833 0,000044
немалый 2,995732 0,001036
необходимое 1,771957 0,000613
неоднократно 1,139434 0,000394
непобедимый 3,506558 0,001213
неравный 3,506558 0,001213
нереститься 3,506558 0,001213
несколько 0,116534 0,000081
нести 1,609438 0,000557
несчастие 3,912023 0,001353
неудобство 2,659260 0,000920
ниже 0,693147 0,000719
нижнее 0,916291 0,001267
нижнеленинское 3,506558 0,002425
нижнетамбовское 3,506558 0,001213
нижний 0,494296 0,000513
низина 2,659260 0,000920
низменный 1,897120 0,000656
николаева 2,995732 0,002072
николаевич 1,309333 0,000453
николаевск-на-амуре 2,525729 0,003493
николаевска-на-амуре 3,218876 0,001113
николаевский 1,832581 0,000634
николай 0,867501 0,000300
никольский 2,207275 0,001526
нитрат 2,659260 0,000920
нитробензол 3,912023 0,001353
новое 0,287682 0,000099
новороцкий 3,912023 0,001353
новость 0,544727 0,000188
новый 0,083382 0,000115
норвежский 0,248461 0,000086
ноябрь 0,127833 0,000177
нтв 1,427116 0,000493
нулевой 1,609438 0,000557
оао 0,916291 0,000317
оба 0,597837 0,000620
оби 2,207275 0,001526
обитать 1,469676 0,001016
областиреки 3,506558 0,003638
область 0,150823 0,000469
облученского 3,912023 0,001353
обмеление 2,813411 0,001946
оборский 3,912023 0,001353
образоваться 0,967584 0,000335
обращение 0,030459 0,000211
обусловить 1,237874 0,000428
общее 0,301105 0,000104
общий 0,186330 0,000129
объект 0,235722 0,000326
обычный 1,347074 0,000466
огромный 0,776529 0,000269
один 0,051293 0,000071
однако 0,174353 0,000060
однопиковое 3,912023 0,001353
озеро 0,673345 0,000233
озерпах 3,912023 0,001353
ознаменовать 3,218876 0,001113
означать 0,798508 0,000276
оказать 1,427116 0,000493
оказывать 0,867501 0,000300
оконечность 1,966113 0,000680
округ 0,562119 0,000194
округареки 2,995732 0,001036
октябрь 0,072571 0,000075
октябрьский 0,776529 0,000269
окунь 3,218876 0,001113
олицетворять 3,218876 0,001113
ольдой 3,506558 0,001213
омутная 3,506558 0,001213
онлайн 0,198451 0,000137
онон 3,912023 0,001353
опасение 2,659260 0,000920
описание -0,009950 -0,000003
опор 3,912023 0,001353
орган 0,616186 0,000426
организация -0,009950 -0,000007
ординар 3,506558 0,001213
оригинал 0,139262 0,000096
осадок 0,544727 0,000188
освоение 1,309333 0,000453
освоиться 3,912023 0,001353
осетр 2,207275 0,000763
осетровые 2,813411 0,000973
осипов 0,527633 0,000182
основа 0,210721 0,000073
основание 0,494296 0,000171
основное 0,235722 0,000082
основной 0,040822 0,000056
особенность 0,693147 0,000479
остаться 0,867501 0,000900
остров 0,820981 0,002839
осуществлять 0,597837 0,000207
осуществляться 0,616186 0,000213
ответственность -0,009950 -0,000003
отдельный -0,009950 -0,000003
отказ -0,009950 -0,000003
отличие 0,798508 0,000276
отметить 0,616186 0,000213
отметка 1,386294 0,001917
отнести 1,560648 0,000540
относительно 0,415515 0,000287
относить 1,469676 0,000508
относиться 0,328504 0,000227
отношение 0,430783 0,000149
оторвать 3,506558 0,001213
отпустить 3,218876 0,001113
отравить 3,506558 0,001213
отредактировать -0,009950 -0,000024
отсутствовать 0,776529 0,000269
отсыпка 3,912023 0,001353
официально 0,693147 0,000240
официальный 0,356675 0,000247
охотский 2,040221 0,004938
очередной 1,560648 0,000540
очередь 0,510826 0,000177
ошибкекак -0,009950 -0,000003
паводок 2,120264 0,002933
палл 3,912023 0,001353
памятный 0,798508 0,000276
параллельно 1,237874 0,000428
пароходство 1,832581 0,000634
пассажирский 0,941609 0,001302
пашня 2,995732 0,001036
пдк 2,207275 0,002290
пемзенская 3,912023 0,004058
пемзенской 3,506558 0,002425
пемзенскую 3,912023 0,001353
первобытный 2,995732 0,001036
первое 0,150823 0,000104
перевод 0,941609 0,000326
переводиться 2,407946 0,000833
перевозить 1,832581 0,000634
перевозка 0,891598 0,000925
передать 0,798508 0,000276
перейти -0,009950 -0,000007
перекрытие 3,218876 0,001113
переливной 3,506558 0,003638
переносить 2,525729 0,000873
переплыть 3,506558 0,001213
переправа 1,514128 0,000524
переселиться 3,218876 0,001113
переход 0,653926 0,000226
персональный -0,009950 -0,000003
песчаный 1,771957 0,000613
петроглиф 3,506558 0,001213
печать -0,009950 -0,000007
пивань 3,506558 0,001213
пиньинь 3,506558 0,001213
пить 2,813411 0,000973
план 0,527633 0,000365
планироваться 0,891598 0,000308
плотина 1,514128 0,000524
площадь 0,385662 0,000800
по-маньчжурски 3,912023 0,001353
по-эвенкийски 3,912023 0,001353
победитель 1,514128 0,000524
победить 1,609438 0,000557
поведение -0,009950 -0,000003
поверхностный 1,514128 0,000524
поверхность 1,347074 0,000466
повсеместный 2,040221 0,000705
повторяемость 2,813411 0,000973
погибнуть 1,469676 0,000508
пограничный 1,469676 0,004065
подвид 2,302585 0,000796
подводной 1,514128 0,000524
подзона 2,040221 0,002116
подняться 1,660731 0,001723
подсчет 2,120264 0,000733
подтопить 3,506558 0,002425
позволить 0,967584 0,000335
позволять 0,462035 0,000160
поиск -0,009950 -0,000028
пойти 1,897120 0,003280
показатель 0,494296 0,000171
покос 3,912023 0,001353
покровки 3,912023 0,002705
поле 1,049822 0,001089
полеванов 3,912023 0,001353
полемика 2,995732 0,002072
полесье 2,813411 0,001946
политик -0,009950 -0,000003
полноводность 3,218876 0,001113
полноводный 2,995732 0,001036
полный 0,328504 0,000227
половина 0,430783 0,000149
половодье 2,207275 0,000763
положение 0,415515 0,000287
полупустынный 2,659260 0,000920
полупустыня 2,302585 0,000796
получать 0,916291 0,000317
попадание 2,659260 0,000920
пора 0,776529 0,000269
портал 0,342490 0,000118
пос 2,040221 0,000705
посев 3,218876 0,001113
поселенец 2,407946 0,000833
поселок 0,634878 0,000220
поскольку 0,941609 0,000326
последнее 0,843970 0,000584
последний -0,009950 -0,000017
последующий 1,272966 0,000440
пост 1,078810 0,000373
постичь 2,995732 0,001036
посторонний 3,506558 0,001213
пострадать 1,660731 0,001723
построить 0,301105 0,000521
поток 0,967584 0,000669
потоп 2,525729 0,000873
потопить 3,912023 0,001353
поярок 3,506558 0,001213
правда 0,820981 0,000284
править -0,009950 -0,000117
правка 0,274437 0,000095
правкиновые -0,009950 -0,000003
правкипостоянная -0,009950 -0,000003
правобережный 1,832581 0,000634
правый 0,798508 0,000276
практически 0,755023 0,000261
превысить 1,427116 0,000493
превышение 1,660731 0,001149
предгорный 2,813411 0,000973
предел 0,400478 0,000415
предлог 2,995732 0,001036
предотвращение 2,302585 0,000796
представитель 0,653926 0,000452
представить 0,328504 0,000114
представиться -0,009950 -0,000003
прекратить 0,916291 0,000317
пресноводный 2,207275 0,000763
пржевальский 3,218876 0,001113
приамурье 2,813411 0,003891
привезти 2,040221 0,000705
привести 0,356675 0,000247
приводить 0,776529 0,000269
пригородный 0,967584 0,000335
приграничный 2,995732 0,001036
признать 0,494296 0,000171
прийтись 1,469676 0,000508
пример 0,527633 0,000182
примечание -0,009950 -0,000007
приморье 2,813411 0,000973
принадлежность 1,272966 0,000440
приносить 2,040221 0,000705
принять 0,248461 0,000258
приплыть 3,506558 0,001213
природный 0,510826 0,000177
приток 1,078810 0,003730
притопить 3,912023 0,001353
приусадебный 3,506558 0,002425
причина 0,562119 0,000194
причислять 3,506558 0,001213
пришвартовать 3,912023 0,001353
проверять 0,820981 0,001703
провиант 3,218876 0,001113
провинция 1,309333 0,001358
проводиться 0,653926 0,000226
продемонстрировать 2,525729 0,000873
продолжение 1,347074 0,000932
продолжительный 1,560648 0,000540
проект -0,009950 -0,000010
проектировщик 3,218876 0,001113
произвести 1,203973 0,000416
производиться 1,108663 0,000383
произойти 0,430783 0,000596
прокормление 3,912023 0,001353
пролив 1,771957 0,002451
проливной 3,506558 0,001213
промысловый 2,407946 0,000833
пронге 3,912023 0,001353
пропуск 3,218876 0,001113
просмотр -0,009950 -0,000003
протекать 1,108663 0,000383
противоположное 2,302585 0,000796
проток 1,660731 0,006317
проходить 0,462035 0,000160
прохоров 1,078810 0,000746
процесс 0,415515 0,000431
прямая 0,867501 0,000300
пункт 0,494296 0,001196
путешествовать 2,813411 0,000973
путь 0,261365 0,000090
пятно 2,813411 0,000973
пять 0,693147 0,000240
работа 0,127833 0,000177
равнинный 2,120264 0,000733
равный 1,203973 0,000416
разгранила 3,912023 0,001353
раздел 0,342490 0,001184
разделить 0,527633 0,000182
разделять 1,609438 0,000557
разделяться 2,040221 0,000705
разлив 2,207275 0,002290
различный 0,116534 0,000040
размыв 2,813411 0,000973
размыть 3,506558 0,002425
разногласие 1,714798 0,000593
разнообразие 1,832581 0,000634
разобрать 2,040221 0,000705
разработчик -0,009950 -0,000003
разрешить 1,560648 0,000540
разрушение 1,560648 0,001079
район 0,430783 0,002681
районареки 3,506558 0,009700
рана 0,776529 0,000269
рано 0,261365 0,000090
распад 1,514128 0,000524
расположение 0,776529 0,000269
расположить 0,385662 0,000933
растаять 3,218876 0,001113
расход 1,347074 0,001397
расходиться 2,207275 0,000763
расчет 0,820981 0,000284
расширение 0,415515 0,000144
рбк 1,386294 0,000479
регион 0,385662 0,000267
ред 0,235722 0,000408
режим 0,653926 0,000452
резко 0,967584 0,000335
результат 0,174353 0,000121
река 0,446287 0,010494
рекипограничные 3,912023 0,001353
рекомендация 0,776529 0,001611
ремезова 2,659260 0,000920
ресурс 0,020203 0,000028
речной 0,693147 0,000719
риа 1,049822 0,000363
роскартография 2,813411 0,000973
россииманьчжурияреки 3,912023 0,001353
российский 0,105361 0,000692
российско-китайская 3,912023 0,001353
россия 0,174353 0,000844
ротан 3,912023 0,001353
рубль 0,755023 0,000261
рукав 2,120264 0,000733
рус 0,162519 0,001405
русгидро 2,813411 0,000973
русло 1,386294 0,002397
русский -0,009950 -0,000014
русско-монгольский 3,912023 0,001353
рыба 1,514128 0,003665
рыбачить 3,912023 0,001353
сажать 2,995732 0,001036
сайт 0,210721 0,000146
сам 0,162519 0,000169
самоуправление 0,891598 0,000617
самый 0,174353 0,000121
сантиметр 2,659260 0,000920
сахалин 2,995732 0,003108
сахалинский 2,525729 0,001747
сахалянь 3,912023 0,001353
свербеева 3,912023 0,001353
свербееву 3,912023 0,001353
свидетельствовать 1,386294 0,000479
свободный -0,009950 -0,000003
свое 0,287682 0,000099
свой 0,150823 0,000052
свойство 0,415515 0,000144
связаться -0,009950 -0,000003
связь 0,174353 0,000121
сдерживать 2,995732 0,001036
себя 0,198451 0,000069
север 0,527633 0,000182
северный 0,385662 0,000267
седов 3,218876 0,001113
сектор 1,049822 0,000363
селение 1,832581 0,001901
село 0,891598 0,001541
сельскохозяйственный 0,941609 0,000651
семен 1,966113 0,000680
семь 0,820981 0,000568
семьдесят 2,813411 0,000973
семья 0,843970 0,000292
сено 3,912023 0,001353
сенокосный 3,912023 0,001353
сентябрь 0,072571 0,000502
середина 0,356675 0,000370
сибирский 1,049822 0,000363
сиг 2,995732 0,001036
сикачи-алян 3,912023 0,001353
сикачи-аляна 3,912023 0,001353
сила 0,494296 0,000342
сильно 0,755023 0,000261
сильный 0,544727 0,000565
система 0,051293 0,000053
системеобсуждениевкладсоздать -0,009950 -0,000003
сихотэ-алинь 2,813411 0,000973
сказание 3,218876 0,001113
скачать -0,009950 -0,000003
сковородинский 3,912023 0,001353
скорость 0,755023 0,000783
скот 2,659260 0,000920
скрыться 2,995732 0,001036
слева 1,108663 0,000767
следовательно 2,207275 0,000763
слияние 1,609438 0,003896
словарь 0,094311 0,000196
сложить 1,832581 0,000634
служба 0,527633 0,000365
случай -0,009950 -0,000007
случаться 1,832581 0,000634
случиться 2,659260 0,000920
смещение 0,733969 0,000254
смидовичского 3,912023 0,001353
смотреть 2,302585 0,000796
смочь 1,203973 0,000416
смыв 3,506558 0,001213
снег 1,386294 0,000479
снижаться 1,514128 0,001047
снижение 1,171183 0,000405
сноска 0,733969 0,001523
собственно 1,386294 0,000479
событияпожертвовать -0,009950 -0,000003
советский 0,261365 0,000452
совокупность 1,469676 0,000508
современный 0,150823 0,000156
согласно 0,301105 0,000104
содержание 0,010050 0,000003
сообщить -0,009950 -0,000003
сооружение 0,733969 0,001015
соответственно 1,021651 0,000353
соответствие 0,371064 0,000128
соответствовать 0,371064 0,000257
составить 0,400478 0,000138
составлять 0,198451 0,000343
состояние 0,248461 0,000086
состояться 0,713350 0,000493
состыковать 3,912023 0,001353
софийск 3,506558 0,001213
сохранение -0,009950 -0,000003
сохраниться 0,820981 0,000568
социальный 0,527633 0,000182
спад 2,120264 0,002933
спасательный 3,506558 0,001213
спастись 3,912023 0,001353
спб 0,385662 0,000133
список 0,210721 0,000073
справа 1,714798 0,001186
сравнение 0,733969 0,000254
среди 0,198451 0,000274
среднегодовой 0,776529 0,000269
среднее 0,342490 0,000474
средний 0,371064 0,000642
ссср 0,314711 0,000218
ссылка -0,009950 -0,000065
ссылкасведения -0,009950 -0,000003
сталь 0,415515 0,000144
станица 2,207275 0,001526
становиться 0,415515 0,000144
становой 2,525729 0,000873
старый 0,314711 0,000109
статистик -0,009950 -0,000003
стать 0,083382 0,000173
статьислучайная -0,009950 -0,000003
статьисообществофорумсправкасвежие -0,009950 -0,000003
статья 0,020203 0,000070
статьяобсуждение -0,009950 -0,000003
статьятекущие -0,009950 -0,000003
створ 2,302585 0,000796
степной 1,609438 0,000557
степь 1,469676 0,001016
стихия 2,813411 0,000973
сток 1,660731 0,002871
сторожевой 2,040221 0,000705
сторона 0,235722 0,000326
страдать 2,207275 0,001526
страна 0,235722 0,000408
страница -0,009950 -0,000017
страницасодержаниеизбранные -0,009950 -0,000003
страницецитировать -0,009950 -0,000003
страницуполучить -0,009950 -0,000003
страницыслужебные -0,009950 -0,000003
строитель 1,272966 0,000440
строительство 0,462035 0,000479
строиться 0,693147 0,000240
струнино 3,506558 0,001213
стык 1,832581 0,000634
стыковка 3,912023 0,001353
суд 0,693147 0,000240
судоходный 1,714798 0,000593
судоходство 1,660731 0,001723
сунгари 3,506558 0,006063
суньхэ 3,506558 0,001213
сухой 1,049822 0,000363
суша 1,609438 0,000557
существо 2,302585 0,001592
существовать 0,020203 0,000014
считать 0,597837 0,000620
сырдарье 3,912023 0,001353
сытина 1,560648 0,000540
сюдасвязанные -0,009950 -0,000003
тайга 1,427116 0,000493
тарабар 3,912023 0,002705
тасс 1,171183 0,000810
татарский 1,203973 0,001665
текст -0,009950 -0,000003
тело 1,237874 0,000856
тельмана 3,218876 0,001113
теплоход 1,514128 0,003665
теплый 1,171183 0,000405
территориальный 0,713350 0,000247
территория 0,356675 0,000247
течение 0,314711 0,000762
течь 0,274437 0,000095
тигр 2,302585 0,000796
тип 0,072571 0,000025
типичный 1,427116 0,000493
тихорецк 2,813411 0,000973
товарный -0,009950 -0,000003
толстолоб 3,912023 0,001353
тоннель 2,302585 0,000796
топ 1,347074 0,000466
топить 3,912023 0,001353
топоним 1,078810 0,000373
топонимический 0,776529 0,000269
торжественный 1,309333 0,000905
трад 3,506558 0,001213
традиционный 0,941609 0,000326
трансграничный 3,506558 0,001213
треть 1,237874 0,000428
три 0,248461 0,000086
троицкое 2,813411 0,000973
тропический 2,207275 0,001526
туда 2,525729 0,000873
туловище 3,912023 0,001353
тунгуска 2,813411 0,000973
тунгусо-маньчжурских 3,912023 0,001353
тунцзян 3,506558 0,002425
туризм 1,078810 0,000373
турист 1,309333 0,000453
тыс 0,430783 0,000894
тысяча 0,371064 0,000513
тысячелетие 1,427116 0,000493
убыток 2,995732 0,001036
угодье 2,207275 0,000763
удалить 0,579818 0,001403
уезд 1,272966 0,000440
узкий 1,171183 0,000405
уйти 1,237874 0,000428
указание -0,009950 -0,000003
указатель 1,966113 0,000680
указать 0,083382 0,000086
указывать 1,272966 0,000440
укрепление 1,272966 0,000440
ул 3,506558 0,001213
улица 0,776529 0,000269
уложить 3,506558 0,001213
ульчский 3,506558 0,001213
умерить 1,049822 0,000363
уничтожить 1,203973 0,000416
упираться 3,912023 0,001353
упр 2,813411 0,000973
урегулирование 3,218876 0,001113
урка 3,218876 0,001113
уровень 0,150823 0,000939
урожай 3,218876 0,001113
уруша 3,506558 0,001213
ускориться 2,995732 0,001036
условие -0,009950 -0,000010
успевать 2,995732 0,001036
успеть 2,302585 0,000796
уссури 3,218876 0,006678
уссурийский 2,813411 0,005837
устойчивый 1,427116 0,000493
устье 0,634878 0,002634
утверждение 0,400478 0,000138
утес 2,407946 0,001665
уточняться 2,995732 0,001036
участие -0,009950 -0,000003
участок 0,616186 0,001491
ученый 0,653926 0,000452
учетный -0,009950 -0,000003
учреждение 0,653926 0,000226
ушакова 2,207275 0,000763
ушакову 3,506558 0,001213
фаунистический 3,506558 0,001213
февраль 0,051293 0,000106
федеральный 0,462035 0,000479
федерация 0,510826 0,000353
фенол 2,302585 0,001592
фигурировать 2,525729 0,000873
физико-географический 0,693147 0,000240
физический 0,798508 0,000276
фиксироваться 2,120264 0,000733
филиал 0,755023 0,000261
флотилия 2,120264 0,002199
фонд -0,009950 -0,000007
фролова 3,506558 0,001213
фронтальный 3,506558 0,001213
фуюань 3,506558 0,002425
фуюаня 3,506558 0,001213
хабар 3,506558 0,001213
хабаровск 2,302585 0,007962
хабаровска 3,218876 0,013356
хабаровскареки 3,912023 0,001353
хабаровский 2,525729 0,012227
хабкрае 3,912023 0,001353
хайлар 3,912023 0,001353
хара 3,506558 0,003638
характеристика 0,415515 0,000144
характерно 1,609438 0,000557
хватать 0,820981 0,001703
хвойно-широколиственных 3,218876 0,001113
хвост 2,302585 0,001592
химикат 3,506558 0,001213
химический 0,867501 0,000300
хинганский 3,912023 0,001353
хлеб 1,832581 0,001267
ходить 1,514128 0,000524
хозяин 2,407946 0,000833
хорографической 3,912023 0,001353
хребет 1,560648 0,001079
хумахэ 3,506558 0,001213
хэйлунцзян 3,506558 0,006063
хэйлунцзянареки 3,912023 0,001353
хэйхэ 3,218876 0,006678
центр 0,287682 0,000199
централизовать 1,427116 0,000493
церемония 1,832581 0,001267
циклон 2,207275 0,001526
циммермановка 3,506558 0,001213
частично 0,653926 0,000226
частность 0,462035 0,000160
частный 0,634878 0,000220
часть 0,061875 0,000150
челнок 3,218876 0,002226
челобитная 2,995732 0,001036
человек 0,186330 0,000064
чернов 2,813411 0,000973
черное 1,237874 0,001712
черный 0,843970 0,001167
чертеж 1,660731 0,000574
чертежная 2,659260 0,000920
честь 0,562119 0,000194
четвертый 0,994252 0,000344
четыре 0,597837 0,000413
чжаосин 3,506558 0,001213
число 0,186330 0,000129
читатьправитьправить 0,494296 0,000171
шабалина 3,506558 0,001213
шилка 2,995732 0,006215
шилки 3,912023 0,004058
ширина 0,916291 0,000634
широкий 0,494296 0,000171
широко 0,653926 0,000452
широта 1,237874 0,000428
щека 3,218876 0,001113
эвакуация 1,832581 0,000634
экз 0,415515 0,000144
экология 0,562119 0,000389
экспедиция 1,469676 0,000508
экспорт -0,009950 -0,000003
эндемик 3,218876 0,001113
энциклопедический 0,733969 0,000254
энциклопедия -0,009950 -0,000041
этимология 0,616186 0,000426
юг 0,693147 0,000479
юго-восточный 1,108663 0,000383
юго-западный 1,049822 0,000363
южный 0,385662 0,000133
юрисдикция 2,207275 0,000763
являться 0,040822 0,000042
ягодный 2,813411 0,000973
ядовитый 3,218876 0,001113
язык -0,009950 -0,000010
январь 0,105361 0,000291
японский 1,469676 0,001525
