абсолютный 0,616186 0,000100
авария 1,771957 0,000289
август 0,072571 0,000095
авлога 3,912023 0,000637
автомобиль 1,108663 0,000181
автомобильный 0,713350 0,000116
автор 0,462035 0,000075
автореф 3,218876 0,000524
авторство -0,009950 -0,000002
автотранспорт 1,609438 0,000262
адмиралтейский 2,659260 0,000866
адмиралтейство 2,813411 0,000458
академия 0,544727 0,000089
акватория 1,560648 0,000509
аксели 3,912023 0,000637
ала-виексъярви 3,912023 0,000637
ала-толваярви 3,912023 0,000637
алекин 3,912023 0,000637
александр 0,462035 0,000151
александровский 2,120264 0,000345
алодь 3,912023 0,000637
алфавитувикипедия 0,776529 0,000127
алфавитукарточка 2,207275 0,000360
алфавитуладожское 3,912023 0,000637
альдейгья 3,912023 0,000637
альдога 3,912023 0,000637
алюминиевый 2,407946 0,000392
алюминий 3,506558 0,000571
америка 1,386294 0,000226
амплитуда 1,966113 0,000320
англ 0,174353 0,000057
андреев 2,040221 0,000332
андреева 3,506558 0,001143
андрей 0,967584 0,000158
аномально 2,995732 0,000488
ансамбль 0,994252 0,000324
антокольский 3,912023 0,000637
антропогенный 1,771957 0,000289
анцилового 3,912023 0,001912
анциловой 3,912023 0,000637
апостол 1,966113 0,000641
апрель 0,150823 0,000246
аргумент 1,108663 0,000181
арен 1,237874 0,000202
аринберг 3,912023 0,000637
арктический 1,771957 0,000289
армас 3,912023 0,000637
арсенал 2,407946 0,000392
арсением 3,912023 0,000637
арсения 3,218876 0,000524
археологический 1,309333 0,000427
археология 1,171183 0,000572
архив 0,446287 0,000145
архивировать 0,020203 0,000188
архипелаг 2,525729 0,002880
архитектор 0,916291 0,002389
асср 1,966113 0,000641
аст 0,820981 0,000134
астерион 3,912023 0,000637
астероидыскрытые 2,813411 0,000458
астрель 1,049822 0,000171
астроблема 3,912023 0,000637
асфальтобитумный 3,912023 0,000637
атлантический 1,609438 0,000524
атлас 1,108663 0,001084
атмосфера 0,994252 0,000162
атмосферный 1,386294 0,000452
африка 1,560648 0,000254
базальт 3,218876 0,000524
байдарка 3,506558 0,000571
байевые 3,912023 0,000637
байкала 2,995732 0,000488
баланс 1,609438 0,001049
балтийский 1,514128 0,004194
балтика 2,659260 0,000866
балтику 3,218876 0,000524
банк 0,693147 0,000113
банка 3,506558 0,000571
бассейн 0,653926 0,001811
бассейнбалтийскогоморя 3,912023 0,000637
бассейнбелогоморя 3,912023 0,000637
бассейновый 2,525729 0,000823
баш 3,506558 0,000571
башня 1,139434 0,000186
безветренный 2,813411 0,000458
безопасность 0,916291 0,000597
безымянный 2,040221 0,000665
беллона 3,912023 0,000637
белое 0,994252 0,000162
беломорско-балтийского 3,912023 0,000637
белый 0,867501 0,000424
бельт 3,506558 0,000571
бентофауны 3,912023 0,000637
берег 0,478036 0,002336
береговой 1,469676 0,001676
березовый 2,813411 0,000458
бесперебойный 2,813411 0,000458
беспозвоночное 2,659260 0,000433
библиографический 0,083382 0,000014
биллинген 3,912023 0,000637
биологический 1,771957 0,000289
биота 3,506558 0,000571
битва 1,560648 0,000254
благовещенский 1,832581 0,000299
благодаря 0,527633 0,000172
благословить 3,218876 0,000524
блестеть 3,218876 0,000524
близ 1,237874 0,000605
близкий 0,820981 0,000268
блокада 2,813411 0,000458
богато 2,995732 0,000488
богородица 1,272966 0,000622
богослов 2,813411 0,000458
богуславский 3,218876 0,000524
боевой 1,237874 0,000202
бол 3,506558 0,001143
болотный 2,120264 0,000345
болото 1,771957 0,000289
болохонцев 3,912023 0,000637
большинство 0,342490 0,000056
большое 0,385662 0,000188
большой 0,040822 0,000160
бомба 2,813411 0,000458
бориса 1,832581 0,000299
бородатый 3,506558 0,000571
ботанический 1,427116 0,000233
боярский 2,040221 0,000332
бриз 3,506558 0,001143
брокгауза 0,328504 0,000214
брусника 3,506558 0,000571
бумажный 2,302585 0,000375
бунин 2,659260 0,000433
бурный 1,660731 0,000271
буря 2,407946 0,000392
бухта 2,207275 0,000719
бывает 1,660731 0,000271
быть -0,009950 -0,000006
вагатозеро 3,912023 0,000637
важный 0,494296 0,000081
вал 1,514128 0,000247
валаам 3,912023 0,006373
валаама 3,912023 0,001275
валааме 3,912023 0,001275
валаамские 3,912023 0,001275
валаамский 3,912023 0,003824
валаамских 3,912023 0,001912
валаамского 3,912023 0,002549
валаамском 3,912023 0,000637
валдайский 3,218876 0,000524
валун 3,218876 0,001573
вариант 0,634878 0,000103
вариация 2,813411 0,000458
варяг 2,659260 0,000866
варяжский 2,995732 0,000488
васильев 2,302585 0,000375
ватчелское 3,912023 0,000637
вахваярви 3,912023 0,000637
вдаваться 3,506558 0,000571
вдоль 0,755023 0,001107
вегарусъярви 3,912023 0,000637
ведлозеро 3,912023 0,000637
везти 2,525729 0,000411
век 0,248461 0,000769
великий 0,356675 0,000116
величина 1,108663 0,000181
вендюрское 3,912023 0,000637
венерн 3,912023 0,000637
вепсск 3,912023 0,000637
веретенник 3,912023 0,000637
вернадский 3,218876 0,000524
версия -0,009950 -0,000006
верх 2,525729 0,002469
верхний 0,494296 0,000242
вес 1,560648 0,000509
веслоногие 3,506558 0,000571
весна 0,713350 0,000232
вести 0,356675 0,000116
вестник 1,049822 0,000342
весь 0,301105 0,000049
ветвистоусый 3,912023 0,000637
ветер 0,713350 0,000697
веттерн 3,912023 0,000637
вехкозеро 3,912023 0,000637
вечерний 1,347074 0,000219
вещево 3,912023 0,000637
вещество 0,994252 0,000486
взаимосвязь 2,525729 0,000411
взамен 1,832581 0,000299
взрывчатка 3,506558 0,000571
взять 0,755023 0,000369
вид 0,061875 0,000262
видлица 3,912023 0,000637
видлицы 3,912023 0,001912
видно 2,407946 0,000392
византию 3,218876 0,000524
визиярви 3,912023 0,000637
викиданные 0,776529 0,000127
викиданными 2,813411 0,001833
викиданных -0,009950 -0,000002
викимедиа -0,009950 -0,000002
википедии -0,009950 -0,000005
википедия -0,009950 -0,000006
викискладвикитекавикигидэлемент 3,912023 0,000637
викискладе 0,174353 0,000028
виксинселькяа 3,912023 0,000637
вингели 3,912023 0,000637
висконти 3,912023 0,000637
включать 0,235722 0,000038
включая 0,527633 0,000086
влага 2,407946 0,000392
владение 0,916291 0,000149
владимир 0,653926 0,000107
вливаться 3,506558 0,000571
влияние 0,527633 0,000086
вместе 0,510826 0,000083
внедорожный 3,912023 0,000637
внешний 0,051293 0,000008
внииокеангеология 3,506558 0,000571
вновь 0,755023 0,000123
внутренний 0,314711 0,000051
вода 0,527633 0,002665
водиться 1,897120 0,000309
водлозеро 3,912023 0,000637
водно-болотным 3,912023 0,000637
водный 0,562119 0,002381
водоем 1,139434 0,001114
водоплавающий 3,506558 0,001143
водораздел 2,040221 0,000997
водоросль 2,207275 0,000360
водосбор 2,659260 0,000433
водосборакарточка 3,218876 0,000524
водосборный 2,525729 0,000823
водоснабжение 1,514128 0,000247
водяной 2,302585 0,000375
военно-морской 2,120264 0,000345
военный 0,494296 0,000242
возвращаться 1,897120 0,000309
воздействие 1,021651 0,000333
воздух 0,616186 0,000100
воздушный 0,798508 0,000390
возможный 0,994252 0,000162
возникнуть 0,653926 0,000320
возрасти 1,660731 0,000271
воинам-понтонерам 3,912023 0,000637
воингозеро 3,912023 0,000637
войбокало 3,912023 0,000637
война 0,430783 0,000351
войско 0,798508 0,000260
войти 0,634878 0,000310
вокруг 0,693147 0,000113
вокшозеро 3,912023 0,000637
волга 1,347074 0,000658
волго-балтийского 3,506558 0,000571
волна 0,916291 0,000597
волнение 2,525729 0,001234
волнистый 2,995732 0,000488
волноваться 3,912023 0,000637
вологодский 2,207275 0,000360
волозеро 3,912023 0,001275
волома 3,912023 0,000637
волхов 3,506558 0,003999
волхова 3,912023 0,000637
волхове 3,506558 0,000571
волховский 3,506558 0,003999
волхову 3,912023 0,000637
волшебный 0,030459 0,000005
вонгозеро 3,912023 0,000637
вообще 1,560648 0,000254
воронежка 3,912023 0,000637
вороний 3,218876 0,000524
воронское 3,912023 0,000637
ворот 1,078810 0,000352
восток 0,494296 0,000081
восточно-европейской 1,832581 0,000299
восточный 0,430783 0,000702
впадать 1,309333 0,001493
впадение 1,139434 0,000557
впадина 2,207275 0,000360
впервые 0,385662 0,000063
вплотную 2,040221 0,000332
вполне 2,407946 0,000392
впоследствии 0,653926 0,000107
врезать 3,218876 0,000524
время 0,020203 0,000063
все 0,040822 0,000007
всегеи 3,506558 0,000571
всероссийский 0,634878 0,000207
вскрываться 2,995732 0,000488
вследствие 1,203973 0,000196
встречаться 0,713350 0,000581
втора 0,274437 0,000045
второе 0,653926 0,000107
второй 0,891598 0,000145
вуокса 3,912023 0,001275
вуоксы 3,912023 0,002549
входить 0,287682 0,000187
выборг 2,302585 0,000375
выборгский 3,218876 0,000524
выводить 1,832581 0,000299
выгозеро 3,912023 0,001275
вызвать 1,049822 0,000171
выйти 0,798508 0,000130
выносить 2,813411 0,000458
выноситься 3,218876 0,000524
вып 0,798508 0,000260
выпадать 1,139434 0,000186
выполнить 0,843970 0,000275
выполнять 0,867501 0,000141
выразить 1,427116 0,000465
высокий 0,139262 0,000113
высоко 2,120264 0,000345
высота 0,415515 0,000338
вытекать 2,525729 0,001646
выход 1,078810 0,000352
выше 0,616186 0,000201
вышеуказанный 3,218876 0,000524
выявить 1,514128 0,000493
гайавате 3,912023 0,001275
галлен-каллела 3,912023 0,000637
галлен-каллелы 3,912023 0,000637
ганзейский 3,506558 0,000571
гвр 2,659260 0,000433
гврпро 3,506558 0,000571
гектар 1,609438 0,000262
гельсингфорс 3,912023 0,000637
географический 0,356675 0,000407
географическо-статистический 2,407946 0,000392
география 0,415515 0,000068
геокаре 2,813411 0,000458
геологический 1,139434 0,000371
геология 1,609438 0,000262
геопортале 3,912023 0,000637
герасимов 3,218876 0,000524
германская 2,407946 0,000392
германский 2,302585 0,000750
героев-железнодорожников 3,912023 0,000637
герритса 3,912023 0,000637
герцена 2,302585 0,000375
гесселя 3,912023 0,000637
гидробиологический 2,995732 0,000976
гидрограф 3,912023 0,000637
гидрографический 2,302585 0,001125
гидрография 1,427116 0,000465
гидрокарбонатный 3,912023 0,000637
гидрокарины 3,912023 0,000637
гидрологический 1,966113 0,001281
гидрология 1,966113 0,000320
гидрометеоиздат 1,897120 0,001236
гидроним 1,660731 0,000541
гидрооптика 3,912023 0,000637
гидротехник 3,218876 0,000524
гидроузел 2,407946 0,000392
гидрохимический 2,813411 0,000917
гидрохимия 2,995732 0,000488
гимольское 3,912023 0,000637
гине 3,912023 0,000637
глава 0,494296 0,000081
главный 0,210721 0,000069
гласить 2,407946 0,000392
глина 2,995732 0,000488
глинман 3,912023 0,000637
глубина 1,139434 0,001485
глубинный 2,302585 0,000375
глубокий 1,078810 0,000176
глубоко 1,897120 0,000309
глубоководный 2,302585 0,000750
глубь 2,995732 0,000488
гнездование 3,912023 0,001275
гнездовой 3,912023 0,000637
гнездовье 3,506558 0,001143
гнейс 3,912023 0,000637
говорить 1,049822 0,000171
год -0,009950 -0,000217
годовой 0,994252 0,000324
годунова 2,995732 0,000488
годуновым 3,506558 0,000571
гол 2,525729 0,000411
голоцен 2,659260 0,000866
голубой 2,813411 0,000458
голый 2,525729 0,000411
гонка 2,302585 0,000375
гора 0,616186 0,000402
горелова 3,506558 0,000571
гореть 3,218876 0,000524
горизонт 1,897120 0,001236
горизонтальный 1,966113 0,000320
горностай 2,207275 0,000719
город 0,371064 0,001451
городище 1,469676 0,000239
городской 0,544727 0,000177
горький 0,941609 0,000153
госиздат 3,506558 0,001143
госниорх 3,912023 0,000637
господень 2,207275 0,000360
господствовать 1,897120 0,000309
гостиница 0,843970 0,000137
гостиный 1,966113 0,000320
гость 1,347074 0,000219
государственный 0,261365 0,000341
государство 0,579818 0,000094
гранит 2,659260 0,000433
граница 0,356675 0,000291
грек 1,560648 0,000509
гриб 2,525729 0,000411
григорьев 3,218876 0,000524
гример-великан 3,912023 0,000637
гримм 3,912023 0,000637
громцев 3,912023 0,000637
груз 1,309333 0,000427
группа 0,314711 0,000103
группировка 2,207275 0,000360
гряда 2,302585 0,000750
грязный 1,771957 0,000289
губа 2,207275 0,002158
гугк 3,506558 0,000571
гунк 3,912023 0,000637
густера 3,912023 0,000637
густой 2,525729 0,000411
гусь 2,813411 0,000458
давать 0,820981 0,000134
далее 0,693147 0,000113
далеко 1,347074 0,000219
даль 1,609438 0,000262
дальний 0,446287 0,000073
дан 2,302585 0,000750
даниил 2,659260 0,000433
даниловичем 3,912023 0,000637
даринский 3,506558 0,001143
дата 0,030459 0,000233
датский 0,328504 0,000054
дать 0,072571 0,000095
дафния 3,912023 0,000637
два 0,150823 0,000049
двести 2,525729 0,000411
движение 0,544727 0,000355
двор 1,078810 0,000176
действие 0,776529 0,000253
действовать -0,009950 -0,000005
декабрь 0,094311 0,000292
день 0,210721 0,000275
департамент 1,386294 0,000452
деревня 1,021651 0,000333
дерево 0,867501 0,000141
деревянный 0,941609 0,000153
десятилетие 1,203973 0,000196
десятый 2,040221 0,000332
деятельность 0,342490 0,000056
джаксон 3,506558 0,001143
диабаз 3,912023 0,001275
диагональный 3,218876 0,000524
диалектный 2,995732 0,000488
диатомовые 2,995732 0,000488
дис 3,218876 0,000524
дискуссия 1,660731 0,000271
длина 0,579818 0,000283
длительный 1,309333 0,000213
днк-генеалогии 3,912023 0,000637
дно 1,469676 0,001916
довольно 0,891598 0,000291
договор 1,171183 0,000382
доказать 2,040221 0,000332
докембрийский 3,912023 0,000637
долина 0,916291 0,000448
доля 0,544727 0,000177
дом 0,446287 0,000145
донный 2,813411 0,002292
доп 0,597837 0,000097
дополнительный -0,009950 -0,000002
дорога 0,527633 0,001032
доставить 1,966113 0,000320
достаточно 0,820981 0,000401
достигать 0,843970 0,000275
достичь 0,733969 0,000239
достопримечательность 0,867501 0,000848
доступный -0,009950 -0,000002
драбковой 3,912023 0,000637
древнерусский 1,427116 0,000465
древние 0,967584 0,000158
древность 1,203973 0,000196
древостой 3,218876 0,000524
дрекслер 3,912023 0,000637
дробно -0,009950 -0,000002
другое 0,462035 0,000075
другой -0,009950 -0,000024
дружба 1,171183 0,000191
дубравный 3,218876 0,000524
дусьеве 3,912023 0,000637
дятел 2,813411 0,000458
евжозеро 3,912023 0,000637
европа 0,301105 0,000196
единица 0,478036 0,000078
единственный 0,891598 0,000581
ежегодно 0,916291 0,000448
ежов 3,506558 0,000571
езжать 3,912023 0,000637
елетьозеро 3,912023 0,000637
елмозеро 3,912023 0,000637
ельники-кисличники 3,912023 0,000637
ельники-черничники 3,506558 0,000571
ефрона 0,328504 0,000214
железа 2,207275 0,000360
железнодорожный 0,579818 0,000189
железный 0,616186 0,000100
жерех 3,912023 0,000637
жертвоприношение 3,912023 0,000637
живоначальной 3,218876 0,000524
живописный 2,040221 0,000665
живопись 1,609438 0,000524
животное 0,798508 0,000520
жизнь 0,342490 0,000670
журавль 2,525729 0,000823
журнал 0,301105 0,000638
завод 0,693147 0,000113
загар 3,912023 0,000637
заглавный -0,009950 -0,000002
загрязнение 0,891598 0,000581
загрязнить 1,514128 0,000740
заимствовать 2,207275 0,000360
заканчиваться 1,966113 0,000320
закат 2,407946 0,000392
заключить 1,309333 0,000213
закономерность 2,040221 0,000332
закончиться 1,966113 0,000320
закрыть 0,798508 0,000130
залив 1,609438 0,002622
заложить 0,843970 0,000137
заменить 0,494296 0,000161
замерзать 2,120264 0,000345
заметный 1,427116 0,000698
заморский 3,218876 0,000524
занести 1,714798 0,000559
занимать 0,430783 0,000211
занять 0,693147 0,000113
запад 0,634878 0,000414
западноевропейский 2,525729 0,000411
западный 0,462035 0,000903
записьвойти -0,009950 -0,000002
заповедник 1,714798 0,001397
запретить 1,309333 0,000213
зарастание 3,506558 0,000571
зарасти 2,813411 0,001375
зарегистрировать -0,009950 -0,000003
зарин 3,506558 0,000571
заросль 2,813411 0,000458
затем 0,527633 0,000258
затонуть 2,659260 0,002166
захватить 1,272966 0,000207
заход 2,813411 0,000458
заявление -0,009950 -0,000002
здание 0,673345 0,000219
зеленые 1,203973 0,000392
зеленый 0,755023 0,001107
земля 0,400478 0,000130
земляной 2,525729 0,000823
земной 1,966113 0,000320
зенитный 2,995732 0,000488
зима 0,478036 0,000312
зимний 0,798508 0,000260
знак -0,009950 -0,000002
знать 1,469676 0,000239
значение 0,061875 0,000101
значительно 0,510826 0,000166
значительный 0,328504 0,000054
золотистый 2,995732 0,000488
золотой 0,597837 0,000097
зоман 3,912023 0,000637
зона 0,400478 0,000065
зоология 2,995732 0,000488
зоопланктонными 3,912023 0,000637
зыцарь 3,912023 0,001275
иванов 1,560648 0,000254
иванович 1,560648 0,000254
ивановский 2,120264 0,000345
игра 0,843970 0,000137
игуменский 3,506558 0,000571
идентификатор 0,693147 0,000113
идет 1,078810 0,000703
идти 0,820981 0,000134
из-за 0,415515 0,000271
избороздить 3,912023 0,000637
избрать 0,967584 0,000473
известно 1,237874 0,000202
известное 0,994252 0,000324
известный 0,287682 0,000141
известняк 2,813411 0,000458
изготовить 2,407946 0,000392
изд 0,314711 0,000103
изд-во 1,049822 0,000171
издательство 0,494296 0,000161
издать 1,386294 0,000226
изложение 2,525729 0,000411
изменение 0,301105 0,000049
изменяться 1,203973 0,000588
изобиловать 2,995732 0,000488
изостатический 3,912023 0,000637
изрезать 2,407946 0,001177
изучение 0,713350 0,000116
изученность 2,525729 0,000411
изучить 2,040221 0,000332
изыскание 3,218876 0,000524
иййоки 3,912023 0,000637
икра 3,218876 0,000524
икрометание 3,912023 0,001275
ильм 3,506558 0,000571
ильмень 3,506558 0,001714
иматру 3,912023 0,000637
иматры 3,912023 0,000637
именно 0,544727 0,000089
именовать 1,560648 0,000254
иметь 0,094311 0,000061
иметься 0,385662 0,000126
император 1,139434 0,000186
империя 0,653926 0,000213
импилахти 3,912023 0,000637
имя 0,274437 0,000089
ин-та 3,506558 0,000571
инари 3,912023 0,000637
индеец 3,218876 0,000524
индий 1,609438 0,000262
инженер 1,139434 0,000371
институт 0,371064 0,000725
инструмент -0,009950 -0,000005
интенсивный 1,237874 0,000202
интервенция 2,995732 0,000488
информация 0,162519 0,000026
иоанна 1,469676 0,000239
иольдиевого 3,912023 0,000637
иольдиевой 3,912023 0,000637
исландии 3,506558 0,000571
испарение 2,407946 0,000392
испаряться 2,813411 0,000458
использование -0,009950 -0,000003
использовать 0,020203 0,000007
использоваться 0,223144 0,000036
исправить 1,347074 0,001097
испытание 2,813411 0,000458
испытываться 3,218876 0,000524
исследование 0,462035 0,000828
исследовать 1,469676 0,000239
исток 0,755023 0,000615
исторический 0,314711 0,000051
история 0,051293 0,000092
источник -0,009950 -0,000005
истый 2,659260 0,000433
итог 0,494296 0,000081
ихтиофауна 2,525729 0,000411
июль 0,116534 0,000133
июнь 0,116534 0,000228
йоэнсуу 3,912023 0,000637
кадмий 2,995732 0,000976
казарма 1,966113 0,000320
какое 2,659260 0,000433
калевалы 3,912023 0,000637
калевать 3,912023 0,000637
калесник 3,912023 0,001912
кальций 3,218876 0,000524
каменистый 2,995732 0,000976
каменный 0,733969 0,000120
камень 0,994252 0,000162
камыш 3,506558 0,000571
канал 0,673345 0,001646
канд 3,506558 0,000571
кантеле 3,912023 0,000637
капитальный 1,660731 0,000271
капитан-лейтенант 3,218876 0,000524
каргиозеро 3,912023 0,000637
карел 1,897120 0,000927
карелии 3,218876 0,004720
карелииозера 3,912023 0,000637
карелия 2,525729 0,003703
карельский 2,813411 0,009167
карнц 3,912023 0,001912
карп 2,207275 0,000719
карт 0,301105 0,000442
картина 1,347074 0,000658
картограф 2,813411 0,000458
каталанский 0,527633 0,000086
каталог 0,094311 0,000015
катамаран 3,912023 0,000637
категория -0,009950 -0,000003
качество 0,287682 0,000094
качка 3,912023 0,000637
кевятозеро 3,912023 0,000637
кедрозеро 3,912023 0,000637
кексгольм 3,912023 0,001912
кексгольма 3,912023 0,000637
кенто 3,912023 0,000637
кереть 3,912023 0,000637
киева 2,995732 0,000488
кижи 3,506558 0,000571
километр 0,693147 0,000226
кильпола 3,912023 0,001275
кимасозеро 3,912023 0,000637
кипеть 3,506558 0,000571
кириллов 2,659260 0,000433
кириллова 3,912023 0,000637
кировский 1,237874 0,000202
кирха 1,832581 0,000597
кисловский 3,912023 0,000637
кит 2,207275 0,000719
кладбище 1,237874 0,000202
класс 0,616186 0,000301
классик 2,120264 0,000345
клен 1,966113 0,000320
клещ 3,218876 0,000524
климат 0,446287 0,000509
климатический 1,049822 0,000342
клуша 3,912023 0,000637
ключ-город 3,912023 0,000637
ключевой 1,203973 0,000196
книга 0,415515 0,000135
князь 0,867501 0,000141
кобальт 3,912023 0,000637
кобону 3,912023 0,001275
кобчик 3,912023 0,000637
ковдозеро 3,912023 0,000637
код -0,009950 -0,000042
кодекс -0,009950 -0,000002
кодистория 0,116534 0,000019
койвас 3,912023 0,000637
кокколанйоки 3,912023 0,000637
коккорево 3,912023 0,000637
колебание 1,386294 0,000903
колебаться 1,714798 0,000559
количество 0,210721 0,000309
коллегия 2,659260 0,000866
коловратка 3,912023 0,000637
колонгозеро 3,912023 0,000637
кольцо 1,021651 0,000499
кольчатый 3,912023 0,001275
комбинат 1,021651 0,000499
комис 3,218876 0,000524
комитет 0,653926 0,000107
коммуникация 1,660731 0,000271
компаковское 3,912023 0,000637
комплекс 0,579818 0,000661
комплексный 1,078810 0,000527
компонент 0,967584 0,000158
компромисс 3,218876 0,000524
комсомольский 0,891598 0,000145
кондратьева 3,218876 0,000524
коневец 3,912023 0,005099
коневецкого 3,912023 0,000637
коневский 3,912023 0,002549
коневского 3,912023 0,001275
конец 0,198451 0,000162
конжозеро 3,912023 0,000637
континентальный 0,527633 0,000086
контракт 1,609438 0,000262
конфиденциальность -0,009950 -0,000002
концентрация 1,203973 0,000588
кончозеро 3,912023 0,000637
конь-камня 3,912023 0,000637
кораблевождение 3,912023 0,000637
корабль 1,469676 0,001197
корела 3,912023 0,002549
корелы 3,912023 0,000637
коридор 1,966113 0,000320
королевство 2,995732 0,000488
короппи 3,912023 0,000637
коросозеро 3,912023 0,000637
короткий -0,009950 -0,000002
корпиярви 3,912023 0,000637
корюшка 3,506558 0,001143
космозеро 3,912023 0,000637
котельная 1,966113 0,000320
котловина 1,897120 0,000927
который 0,000000 0,000000
кочкуркина 3,912023 0,001912
кравченко 3,218876 0,000524
кравчук 3,218876 0,000524
красная 0,713350 0,000232
красноголовый 3,912023 0,000637
красноперка 3,506558 0,000571
крачка 3,912023 0,002549
крепостной 1,714798 0,000279
крепость 0,994252 0,002106
крест 1,309333 0,000427
кристаллический 2,995732 0,000976
критерий 1,386294 0,000226
кром 0,235722 0,000115
кроншнеп 3,506558 0,000571
крохаль 3,912023 0,000637
круглый 1,897120 0,000309
круиз 2,407946 0,000392
крупнозернистый 3,912023 0,000637
крупный 0,210721 0,000378
крыло 1,966113 0,000320
кугрисаари 3,912023 0,000637
кудамгубское 3,912023 0,000637
кудерский 3,912023 0,000637
кузнец 1,560648 0,000254
кузнец-художник 3,912023 0,000637
куинджи 2,995732 0,000976
куйккаселькя 3,912023 0,000637
куйто 3,912023 0,001912
кукас 3,912023 0,000637
куки -0,009950 -0,000002
кулик 2,995732 0,001952
культура 0,356675 0,000349
культурный 0,597837 0,000097
кумозеро 3,912023 0,001275
кумчозеро 3,912023 0,001275
кундозеро 3,912023 0,000637
куореярви 3,912023 0,000637
купецкий 3,912023 0,000637
кустарник 1,771957 0,000289
кухарева 3,912023 0,000637
кучозеро 3,912023 0,000637
кфан 3,912023 0,000637
кяменицкое 3,912023 0,000637
лаборатория 1,309333 0,000213
лабука 3,912023 0,000637
лава 3,218876 0,000524
ладмозеро 3,912023 0,000637
ладога 3,506558 0,018281
ладога-трофи 3,912023 0,001275
ладоге 3,912023 0,005736
ладоги 3,506558 0,006855
ладогу 3,506558 0,002285
ладожка 3,912023 0,000637
ладожский 2,525729 0,057197
ладожскоеб 3,912023 0,000637
лазаревское 2,659260 0,000433
ландшафт 1,427116 0,000465
лариса 2,659260 0,000433
ластоногие 3,912023 0,000637
лауватсаари 3,912023 0,000637
лахденпохья 3,912023 0,001275
лгать 3,506558 0,001714
лебедь 2,813411 0,000458
лев 0,967584 0,000473
левенков 3,912023 0,001275
левенкова 3,912023 0,000637
левин 3,506558 0,000571
легендарный 1,897120 0,000618
лед 1,171183 0,000763
ледмозеро 3,912023 0,000637
ледник 2,120264 0,001036
ледниковый 2,407946 0,002354
ледостав 2,813411 0,000458
лежать 0,994252 0,000162
лежево 3,912023 0,000637
лексозеро 3,912023 0,000637
лениздат 2,995732 0,003905
ленингр 3,912023 0,000637
ленинград 2,120264 0,000691
ленинграда 2,207275 0,000719
ленинградский 1,560648 0,004322
лес 0,733969 0,001076
лет 0,597837 0,000390
летний 0,579818 0,000189
летопись 1,237874 0,000202
лещ 2,813411 0,000458
лижмозеро 3,912023 0,000637
лимнологический 3,218876 0,000524
линдгрен 3,912023 0,000637
линдозеро 3,912023 0,001275
линия 0,462035 0,000602
липа 2,120264 0,000345
лист 1,203973 0,001373
литература 0,051293 0,000017
лицензия -0,009950 -0,000002
личинка 3,218876 0,000524
личной 1,469676 0,000239
личность 1,897120 0,000309
лишь 0,478036 0,000156
логмозеро 3,912023 0,000637
лоймоланъярви 3,912023 0,000637
лонгфелло 3,912023 0,001275
лосось 3,218876 0,001573
лоут 3,912023 0,000637
лоухское 3,912023 0,000637
лохью 3,912023 0,000637
лубоярви 3,912023 0,000637
лувозеро 3,912023 0,000637
луг 1,660731 0,000271
лукьянов 3,912023 0,001275
лулло 3,912023 0,000637
лункуланлахти 3,912023 0,000637
луцко 3,912023 0,000637
лучшее 1,427116 0,000233
любешов 3,912023 0,000637
любовь 1,966113 0,000320
люллин 3,912023 0,000637
лютеранский 1,714798 0,000279
магистраль 0,867501 0,000141
магний 3,506558 0,000571
май 0,127833 0,000125
макаринсаари 3,912023 0,000637
макрофитов 3,506558 0,000571
максимально 2,525729 0,000411
максимальный 0,867501 0,000141
максимум 0,579818 0,000094
мала 1,237874 0,000202
малинина 2,995732 0,000488
мало 0,579818 0,000094
малое 0,994252 0,000486
малоизрезан 3,912023 0,000637
малый 0,139262 0,000113
мамонтов 3,506558 0,000571
мантсинсаари 3,912023 0,001912
март 0,116534 0,000209
маршрут 0,673345 0,000439
марья-шелека 3,912023 0,000637
маслозеро 3,912023 0,000637
масса 0,916291 0,000597
массовый 0,494296 0,000081
мастер 1,171183 0,000191
масштаб 1,108663 0,000542
материал -0,009950 -0,000005
материальный 1,514128 0,000247
материк 2,040221 0,000332
маткозеро 3,912023 0,000637
маэ 3,912023 0,001275
маяк 1,078810 0,000352
мга 2,040221 0,000997
мгинско-тосненского 3,912023 0,000637
мдж 3,506558 0,001714
медаль 1,609438 0,000262
медведев 2,525729 0,000411
медиафайлы 0,301105 0,000049
медленно 1,832581 0,000299
медь 2,040221 0,000997
межгород 3,912023 0,000637
международный 0,385662 0,000126
мейсель 3,912023 0,000637
мекерикке 3,912023 0,000637
меларен 3,912023 0,000637
мелкий 1,309333 0,000213
мелководный 2,302585 0,000375
мель 2,995732 0,000976
мельник 2,040221 0,000332
мемориал 1,514128 0,000987
мемориальный 1,139434 0,001114
меняться 1,272966 0,000207
мера 0,820981 0,000134
мероприятие 0,916291 0,000149
местность 1,049822 0,000684
место 0,139262 0,000250
местообитание 3,506558 0,000571
месторас-положение 3,912023 0,000637
месяц 0,415515 0,000135
месяцекарточка 3,218876 0,000524
месячный 2,659260 0,001300
металл 1,272966 0,000207
метатеза 3,912023 0,000637
метать 3,912023 0,000637
метр 0,653926 0,000320
механизм 1,347074 0,000219
миграционный 1,560648 0,000254
мийналанйоки 3,912023 0,000637
микробный 3,912023 0,001275
микроорганизм 2,407946 0,000392
миллион 0,776529 0,000380
милосердие 2,659260 0,000433
минерализацииультрапресное 3,912023 0,000637
минеральный 1,139434 0,000186
министерство 0,653926 0,000107
минихом 3,912023 0,000637
минута 1,272966 0,000415
мир 0,094311 0,000092
мирной 1,609438 0,000262
мировая 0,527633 0,000172
мировоззрение 2,407946 0,000785
мировой 1,469676 0,000239
млекопитающее 1,897120 0,000309
млн 0,462035 0,000151
мнение 0,634878 0,000103
много 0,150823 0,000025
многочисленный 0,693147 0,000226
множество 0,462035 0,000151
мобильный -0,009950 -0,000002
моллюск 2,659260 0,000433
молчанов 3,218876 0,000524
монастырский 2,302585 0,000375
монастырь 0,867501 0,002403
монастырьсамый 3,912023 0,000637
мониторинг 1,108663 0,000361
монтосаари 3,912023 0,000637
монумент 1,272966 0,000622
мор 1,021651 0,000333
мордвин 3,912023 0,000637
море 0,562119 0,000824
морозова 2,525729 0,000823
морской 0,994252 0,000810
морфометрия 3,218876 0,000524
морье 3,912023 0,001912
морякарточка 3,218876 0,000524
москвы 0,653926 0,000107
московский 0,527633 0,000086
мотко 3,912023 0,000637
мох 2,302585 0,000375
моховой 2,813411 0,000458
мочь -0,009950 -0,000002
моща 2,659260 0,000433
мощный 1,021651 0,000166
муезеро 3,912023 0,000637
мужской 1,108663 0,000361
музей 0,653926 0,000213
музейный 1,514128 0,000247
мунозеро 3,912023 0,000637
мурамозеро 3,912023 0,000637
мурманский 2,659260 0,000433
муромский 2,659260 0,000433
мыс 1,386294 0,000452
мюнстером 3,506558 0,000571
мярат 3,912023 0,000637
наблюдаться 0,755023 0,000984
наблюдение 1,108663 0,000722
навигационно-географический 3,912023 0,000637
навигация -0,009950 -0,000011
наградить 0,941609 0,000153
надворный 3,912023 0,000637
назад 1,108663 0,001264
название 0,105361 0,000343
назвать 0,371064 0,000121
назия 3,912023 0,001275
называть 0,174353 0,000085
наиболее 0,139262 0,000204
наименее 2,207275 0,000360
наименование 0,994252 0,000162
найти 0,733969 0,000239
налим 3,506558 0,000571
наличие 0,867501 0,000424
наложить 3,218876 0,000524
напечатать 3,218876 0,000524
написать 0,867501 0,000283
направить 0,867501 0,000141
направление 0,385662 0,000314
напротив 1,237874 0,000202
народ 0,579818 0,000094
народный 0,616186 0,000100
нарушить 2,659260 0,000433
насекомое 2,207275 0,000360
население 0,462035 0,000075
населять 2,207275 0,000360
настоящее 0,287682 0,000187
наступать 0,843970 0,000137
насчитываться 0,967584 0,000158
натура 3,506558 0,000571
наука 0,235722 0,000307
научно-исследовательский 0,798508 0,000130
научно-образовательный 0,967584 0,000158
научно-теоретический 3,912023 0,000637
научный 0,248461 0,000202
находиться 0,174353 0,000199
национальный 0,342490 0,000223
начало 0,116534 0,000095
начальный 0,967584 0,000158
начаться 0,562119 0,000183
начинаться 0,527633 0,000172
начиная 0,733969 0,000120
небо 1,272966 0,000207
небольшое 1,427116 0,000233
небольшой 0,494296 0,000322
нева 2,813411 0,002292
неве 3,506558 0,000571
нево 3,912023 0,000637
невой 3,506558 0,000571
невский 1,272966 0,000415
невско-ладожское 3,912023 0,000637
невы 2,995732 0,006833
невыозера 3,912023 0,000637
невысокий 1,966113 0,000320
нежиховский 3,912023 0,000637
независимый 1,049822 0,000171
неизъяснимое 3,912023 0,000637
некоммерческий -0,009950 -0,000002
некоторые 0,127833 0,000021
немалый 2,995732 0,000488
немецкий 0,798508 0,000130
неотектонический 3,912023 0,000637
неподалеку 2,040221 0,000332
неравномерно 2,659260 0,000866
неравномерный 3,218876 0,000524
нередко 1,108663 0,000181
нерестилище 2,813411 0,000458
неровный 2,995732 0,000488
нерпа 3,218876 0,002098
несколько 0,116534 0,000095
несмотря 0,755023 0,000123
несомненный 2,995732 0,000488
нестор-история 3,506558 0,000571
несторовой 3,912023 0,000637
нефтепродукт 1,660731 0,000271
нефтехимический 1,966113 0,000320
нефть 1,347074 0,000219
нечисловыми 2,659260 0,000433
неясыть 3,506558 0,000571
нигрозеро 3,912023 0,000637
ниж 3,912023 0,003824
ниже 0,693147 0,000113
нижнее 0,916291 0,000149
нижнесвирский 3,912023 0,001275
нижний 0,494296 0,000081
низка 1,714798 0,000279
низкий 0,843970 0,000412
низменность 1,714798 0,000838
низовье 1,966113 0,000320
никель 2,407946 0,001177
николай 0,867501 0,000141
николая 0,916291 0,000149
николо-медведский 3,912023 0,000637
никольская 2,525729 0,000411
никольский 2,207275 0,000719
нильмозеро 3,912023 0,000637
ничтожно 3,506558 0,000571
ништадтскому 3,218876 0,000524
новгород 0,867501 0,000141
новгородец 2,659260 0,000866
новгородский 2,040221 0,000332
новик 2,813411 0,000917
новое 0,287682 0,000047
новоладожский 3,912023 0,001912
новый 0,083382 0,000163
норвежский 0,248461 0,000040
нордквист 3,912023 0,000637
носить 0,798508 0,000260
нотебург 3,912023 0,001912
ночь 1,309333 0,000853
ноябрь 0,127833 0,000125
ныне 0,653926 0,000107
нынешний 1,021651 0,000166
нырок 3,506558 0,000571
нюк 3,912023 0,000637
нялмозеро 3,912023 0,000637
обеспечение 0,634878 0,000207
обеспечивать 0,415515 0,000068
обжанка 3,912023 0,000637
обжанки 3,912023 0,000637
обитание 2,040221 0,000332
обитать 1,469676 0,000958
обиход 2,525729 0,000411
областиозера 3,506558 0,000571
область 0,150823 0,000442
облачность 2,207275 0,000360
облачный 1,771957 0,000289
обмелеть 3,912023 0,000637
обновляться 2,207275 0,000360
обозначить 1,771957 0,000289
оборонительный 1,660731 0,000271
обособляться 3,912023 0,000637
образование 0,356675 0,000058
образовать 0,385662 0,000251
образоваться 0,967584 0,000158
обратное 2,659260 0,000433
обращение 0,030459 0,000233
обследование 2,995732 0,000488
обследовать 2,813411 0,000458
обстановка 1,386294 0,000226
обсыхать 3,912023 0,000637
обуславливаться 3,912023 0,000637
обусловить 1,237874 0,000202
обширный 1,078810 0,000176
общее 0,301105 0,000049
общество 0,415515 0,000271
общий 0,186330 0,000091
объединение 0,776529 0,000127
объект 0,235722 0,000346
объектахвикипедия 3,912023 0,000637
объем 0,400478 0,000261
объясняться 1,560648 0,000254
обычно 0,693147 0,000113
один 0,051293 0,000033
одноименный 0,967584 0,000158
оживить 2,659260 0,000433
озерецковский 3,912023 0,000637
озерно-речной 3,912023 0,000637
озерно-речных 3,912023 0,000637
озерный 2,302585 0,001876
озеро 0,673345 0,026109
озеробассейн 3,912023 0,000637
озероведение 3,912023 0,004461
озерокарел 3,912023 0,000637
озероно-речной 3,912023 0,000637
означать 0,798508 0,000130
оказаться 0,820981 0,000134
оказывать 0,867501 0,000141
океан 0,994252 0,000486
оккупировать 2,207275 0,000360
окрестность 0,941609 0,000153
округаозера 3,912023 0,000637
окружать 0,755023 0,000123
октябрь 0,072571 0,000083
окунь 3,218876 0,000524
оледенение 2,525729 0,000823
олонецкий 3,912023 0,000637
олонка 3,912023 0,000637
олонки 3,506558 0,000571
ондозеро 3,912023 0,000637
ондское 3,912023 0,000637
онежский 2,995732 0,001952
онежскоев 3,912023 0,000637
онлайн 0,198451 0,000032
опасный 1,272966 0,000415
описание -0,009950 -0,000002
опись 3,912023 0,001912
опрокидывание 3,912023 0,000637
опускаться 1,714798 0,000559
опытный 1,108663 0,000181
организация -0,009950 -0,000003
организовать 0,634878 0,000207
ореховый 3,506558 0,001143
орешек 3,912023 0,003824
оригинал 0,139262 0,000545
орлан-белохвост 3,218876 0,000524
оружие 1,203973 0,000196
осадка 1,237874 0,000202
осадок 0,544727 0,000177
осадочный 2,407946 0,000392
освещение 2,120264 0,000345
освободиться 2,813411 0,000458
освобождение 1,514128 0,000493
освятить 1,560648 0,000254
осенний 2,302585 0,000375
осень 0,941609 0,000614
осетр 2,207275 0,001079
осиновец 3,912023 0,000637
осиновецкий 3,912023 0,000637
осиновецкого 3,912023 0,000637
основа 0,210721 0,000103
основание 0,494296 0,000081
основать 0,274437 0,000358
основное 0,235722 0,000077
основной 0,040822 0,000027
особенно 0,562119 0,000549
особенность 0,693147 0,000226
особо 1,237874 0,000202
особый 0,776529 0,000127
оставаться 0,544727 0,000089
остальной 0,616186 0,000502
остаток 1,203973 0,000196
остерозеро 3,912023 0,000637
остров 0,820981 0,007356
осуществляться 0,616186 0,000201
отв 0,755023 0,000615
отвесной 3,912023 0,000637
ответственность -0,009950 -0,000002
отвоевать 3,218876 0,000524
отгородить 3,506558 0,000571
отд-ние 3,506558 0,000571
отдельный -0,009950 -0,000005
отдыхать 2,302585 0,000375
отец 2,040221 0,000332
отечественный 0,634878 0,000103
отказ -0,009950 -0,000002
открытие 0,616186 0,000100
открыть 0,150823 0,000098
отличаться 0,342490 0,000112
отложение 2,040221 0,001662
отметить 0,616186 0,000301
отметка 1,386294 0,000226
отмечаться 0,994252 0,000162
отнести 1,560648 0,000254
относительно 0,415515 0,000068
относиться 0,328504 0,000214
отпечаток 3,506558 0,000571
отравлять 2,995732 0,000488
отразить 1,832581 0,000299
отредактировать -0,009950 -0,000002
отрезка 2,525729 0,000411
отряд 1,272966 0,000207
отстойный 3,912023 0,000637
отступление 2,525729 0,000411
отсутствовать 0,776529 0,000127
отсюда 1,897120 0,000309
официальный 0,356675 0,000116
охватывать 1,237874 0,000202
охлаждение 2,813411 0,000458
охрана 0,843970 0,000275
охранять 1,427116 0,000465
охтанъярви 3,912023 0,000637
оцениваться 1,560648 0,000254
оценить 1,832581 0,000299
оценка 0,400478 0,000130
очарование 3,506558 0,000571
очень 0,494296 0,000161
очередь 0,510826 0,000083
очерк 0,733969 0,000239
очертание 2,659260 0,000433
очистной 1,832581 0,000299
ошибкекак -0,009950 -0,000002
паанаярви 3,912023 0,000637
павел 1,078810 0,000176
падать 1,771957 0,000289
падение 1,560648 0,000254
падмозеро 3,912023 0,000637
палеозой 3,218876 0,000524
палеолимнологические 3,912023 0,000637
палий 3,912023 0,001912
паломнический 3,218876 0,000524
пальеозеро 3,912023 0,000637
памятник 0,597837 0,000584
памятник-автомашина 3,912023 0,000637
памятник-паровоз 3,912023 0,000637
памятный 0,798508 0,000130
панозеро 3,912023 0,000637
панорама 1,203973 0,000196
пар 1,309333 0,000213
параметрыкарточка 3,912023 0,000637
парк 0,653926 0,000426
парусный 2,207275 0,000360
пасмурный 1,966113 0,000320
пассажир 1,272966 0,000207
пассажирский 0,941609 0,000460
пастушковый 3,912023 0,000637
патасаари 3,912023 0,000637
пейзажист 3,506558 0,000571
пена 3,506558 0,000571
первичное 2,525729 0,001234
первое 0,150823 0,000049
первозванный 3,912023 0,000637
первозданный 2,995732 0,000488
первоначально 1,203973 0,000196
первый 0,162519 0,000106
перевод 0,941609 0,000153
перевозиться 2,659260 0,000866
передавать 1,560648 0,000254
переименовать 0,941609 0,000767
перейти -0,009950 -0,000006
перекос 3,912023 0,000637
переписка 2,813411 0,000458
переправа 1,514128 0,000247
пересохнуть 3,912023 0,000637
переходный 2,407946 0,000392
перешеек 2,659260 0,001733
период 0,274437 0,000134
перми 2,407946 0,000392
персональный -0,009950 -0,000002
пертозеро 3,912023 0,000637
песнь 1,469676 0,000479
песок 1,714798 0,000279
песчаник 3,506558 0,000571
песчаный 1,771957 0,000289
петербург 1,897120 0,000309
петербурга 2,407946 0,000785
петра 1,078810 0,000352
петргу 3,912023 0,000637
петрить 1,714798 0,000559
петрова 2,302585 0,000375
петрозаводск 2,407946 0,003923
петрозаводска 3,912023 0,000637
петрозаводский 3,218876 0,000524
петрокрепость 3,912023 0,001275
петром 2,120264 0,001382
печать -0,009950 -0,000003
печерина 3,912023 0,001275
пигмозеро 3,912023 0,001275
пиземское 3,912023 0,000637
пильдозеро 3,912023 0,000637
пиролиз 3,912023 0,000637
писать 0,820981 0,000134
пистаярви 3,912023 0,000637
питательный 3,218876 0,000524
питкяранта 3,912023 0,001912
питкярантском 3,912023 0,000637
питкяранты 3,912023 0,000637
плавание 1,714798 0,000279
пламя 3,218876 0,000524
план 0,527633 0,000172
планктонный 3,218876 0,000524
платоновой 3,912023 0,000637
платформа 1,049822 0,000171
плен 2,813411 0,000458
плечко 3,912023 0,000637
плотва 3,912023 0,000637
плотичное 3,912023 0,000637
площадь 0,385662 0,000942
площадькарточка 3,218876 0,000524
площадьповерхностиводы 3,912023 0,000637
пляж 1,609438 0,000524
побережье 1,171183 0,002862
поведение -0,009950 -0,000002
поверхностный 1,514128 0,000493
поверхность 1,347074 0,001756
повесть 2,407946 0,000392
повторный 2,120264 0,000345
поганка 3,506558 0,001143
погода 0,693147 0,000226
погрести 2,995732 0,000488
подводной 1,514128 0,000740
поддерживать 0,994252 0,000162
подземный 1,469676 0,000239
подзона 2,040221 0,000997
подлесок 2,525729 0,000823
поднятие 2,407946 0,000392
подобный 0,994252 0,000162
подробный 1,832581 0,000299
подступать 2,813411 0,000458
подтапливать 3,912023 0,000637
подтверждаться 2,040221 0,000332
подтопление 3,506558 0,000571
подушка 3,506558 0,000571
подчеркнуть 2,659260 0,000433
подъем 1,386294 0,001581
поздно 0,713350 0,000349
поиск -0,009950 -0,000003
показать 0,891598 0,000291
показывать 1,237874 0,000202
поклонный 3,218876 0,000524
покоиться 2,995732 0,000488
покров 0,843970 0,000412
покровный 3,912023 0,000637
покровский 1,771957 0,000289
покрывать 2,407946 0,000392
покрываться 3,218876 0,000524
покрыть 1,309333 0,000853
пол 0,446287 0,000073
полигон 2,120264 0,000345
политик -0,009950 -0,000002
политический 0,597837 0,000195
полк 1,469676 0,000239
полностью 0,400478 0,000196
половина 0,430783 0,000491
положение 0,415515 0,000203
полоса 0,916291 0,000746
полуостров 1,171183 0,000191
полуторка 3,912023 0,000637
получить 0,150823 0,000049
полярный 1,347074 0,000439
помощь 0,342490 0,000112
поньгома 3,912023 0,000637
понятие 0,967584 0,000158
попадать 1,771957 0,000289
популярный 0,891598 0,000145
поражение 1,897120 0,000309
порог 2,040221 0,000665
порода 1,427116 0,000465
порос 3,912023 0,000637
порт 0,733969 0,000120
портал 0,342490 0,000056
поручение 1,832581 0,000299
порядка 1,139434 0,000371
посвятить 0,634878 0,000103
поселение 0,634878 0,000310
поселиться 2,407946 0,000392
поселок 0,634878 0,000414
посетить 1,203973 0,000196
посещать 1,560648 0,000254
последнее 0,843970 0,000412
последний -0,009950 -0,000003
последствие 1,427116 0,000233
последующее 1,714798 0,000279
послужить 1,469676 0,000479
поспелов 1,021651 0,000166
посредство 1,660731 0,000271
постепенно 0,867501 0,000141
постепенный 1,966113 0,000641
постоянная 0,843970 0,000275
постоянный 0,579818 0,000094
построить 0,301105 0,000147
поступать 1,609438 0,000787
поступление 1,609438 0,000524
потенциал 0,967584 0,000158
потомок 2,040221 0,000332
почва 1,272966 0,000415
поэтому 0,616186 0,000301
появиться 0,248461 0,000040
появление 0,653926 0,000320
появляться 0,733969 0,000359
пояс 0,597837 0,000097
правдин 3,912023 0,001275
правило 0,478036 0,000078
править -0,009950 -0,000081
правка 0,274437 0,000045
правкиновые -0,009950 -0,000002
правкипостоянная -0,009950 -0,000002
право 0,314711 0,000051
правобережье 1,966113 0,000320
практически 0,755023 0,000123
превращаться 1,660731 0,000271
превышать 0,673345 0,000110
предание 1,771957 0,000289
предварительный 1,832581 0,000299
предел 0,400478 0,000130
предисловие 2,995732 0,000488
предлагать 1,514128 0,000247
предмет 0,713350 0,000116
предприятие 0,527633 0,000258
представитель 0,653926 0,000107
представиться -0,009950 -0,000002
преобладать 0,713350 0,000232
преображение 1,897120 0,000309
преобразовать 0,967584 0,000158
преподобный 2,207275 0,001079
препятствовать 2,302585 0,000375
пресвятой 1,272966 0,000622
пресноводный 2,207275 0,000719
пресный 2,407946 0,000785
приближение 2,813411 0,000458
приблизительно 1,514128 0,000247
прибрежный 1,386294 0,001129
прибрежье 3,912023 0,001912
прибыть 1,514128 0,000247
привести 0,356675 0,000174
привлекательный 2,659260 0,000433
привлекать 1,609438 0,000262
приводить 0,776529 0,000127
придонный 3,218876 0,000524
приладожье 3,912023 0,008285
приладожья 3,506558 0,003428
приледниковое 3,912023 0,000637
приложение 0,733969 0,000120
примерно 0,634878 0,000310
примечание -0,009950 -0,000003
принадлежать 0,755023 0,000246
приневской 3,506558 0,001714
принимать 0,634878 0,000103
принять 0,248461 0,000040
приобретать 1,966113 0,000320
приозерск 3,506558 0,003999
приозерска 3,912023 0,001275
приозерске 3,912023 0,000637
приозерский 3,506558 0,000571
прионежье 3,912023 0,000637
природа 0,653926 0,000639
природный 0,510826 0,000250
присвоить 0,798508 0,000130
присоединение 1,469676 0,000239
приспособить 2,407946 0,000392
пристанище 3,218876 0,000524
притка 1,427116 0,000698
приток 1,078810 0,000527
притягивать 3,506558 0,000571
приустьевой 3,506558 0,000571
приход 1,108663 0,000181
приходиться 0,693147 0,000226
приходный 3,506558 0,001143
причина 0,562119 0,000183
проблема 0,274437 0,000179
проведение 0,673345 0,000329
проверить 0,478036 0,000078
провести 0,579818 0,000283
проводить 0,843970 0,000137
проводиться 0,653926 0,000746
прогноз 1,427116 0,000233
прогреваться 2,407946 0,000392
продажа 1,514128 0,000247
продолжаться 1,049822 0,000513
продолжительность 1,021651 0,000333
продольный 2,407946 0,000392
продуктивный 2,659260 0,000866
проект -0,009950 -0,000010
проживать 0,776529 0,000127
прозрачность 2,302585 0,001125
производство 0,527633 0,000086
произойти 0,430783 0,000140
происходить 0,328504 0,000214
происхождение 0,776529 0,000127
пройти 0,544727 0,000089
прокофьев 3,506558 0,000571
пролет 2,407946 0,001177
пролетный 3,912023 0,000637
пролив 1,771957 0,002887
проложить 1,347074 0,000439
промежуточный 1,771957 0,000289
промер 3,912023 0,001275
промысел 2,659260 0,000433
промысловый 2,407946 0,000392
промышлять 0,462035 0,000226
прописать 3,218876 0,000524
прорвать 3,218876 0,000524
просветитель 2,813411 0,000458
просмотр -0,009950 -0,000002
простой 1,108663 0,000181
пространственный 2,040221 0,000332
пространство 0,634878 0,000103
просуществовать 2,120264 0,000345
проток 1,660731 0,000271
протягиваться 3,506558 0,000571
протяжение 0,843970 0,000550
протяженность 0,776529 0,000127
профиль 1,427116 0,000465
проход 2,407946 0,000392
проходить 0,462035 0,000452
процент 1,427116 0,000233
процесс 0,415515 0,000135
прочее 0,544727 0,000177
прошлое 0,673345 0,000110
прямая 0,867501 0,000283
псковско-чудское 3,912023 0,000637
птица 1,272966 0,001867
пулозеро 3,912023 0,000637
пулонгское 3,912023 0,000637
путешествие 1,469676 0,000239
путкозеро 3,912023 0,000637
путь 0,261365 0,000341
пушка 2,120264 0,000345
пьеса 2,120264 0,000345
пюхяярвиа 3,912023 0,000637
пяйянне 3,912023 0,000637
пялозеро 3,912023 0,000637
пяозеро 3,912023 0,000637
пятиглавый 2,659260 0,000433
работа 0,127833 0,000083
работать 0,314711 0,000205
работный 3,506558 0,000571
равномерно 3,218876 0,000524
равномерный 2,995732 0,000488
рагнозеро 3,912023 0,000637
радиационно 3,912023 0,000637
радиационный 2,302585 0,000375
радиация 2,659260 0,001733
радиоактивный 3,218876 0,002098
радловский 3,912023 0,000637
раз -0,009950 -0,000003
развернуть 1,660731 0,000271
развиваться 0,597837 0,000097
развилка 3,218876 0,000524
развитие 0,127833 0,000062
развить 0,616186 0,000201
разводить 3,912023 0,000637
раздел 0,342490 0,000167
разделить 0,527633 0,000172
различаться 2,040221 0,000332
различный 0,116534 0,000095
размер 0,755023 0,000369
размытию 3,912023 0,000637
размышление 2,525729 0,000411
разновидность 2,407946 0,000785
разногласие 1,714798 0,001117
разнообразный 1,139434 0,000371
разный 0,314711 0,000051
разорвать 1,897120 0,000927
разрабатывать 1,609438 0,000262
разработать 0,616186 0,000100
разработчик -0,009950 -0,000002
разрез 2,120264 0,000345
район 0,430783 0,001544
ракообразные 2,995732 0,000488
рана 0,776529 0,001898
ранний 0,733969 0,000239
рано 0,261365 0,000085
раскоп 3,218876 0,000524
раскопка 1,897120 0,000309
располагаться 0,544727 0,000089
расположение 0,776529 0,000253
расположить 0,385662 0,000440
распоп 3,912023 0,001275
распорядиться 2,813411 0,000458
распоряжение 1,139434 0,000186
распределение 1,203973 0,000196
распределить 0,693147 0,000113
распространить 0,616186 0,000201
распространяться 1,272966 0,000207
рассеять 3,218876 0,000524
рассказ 1,514128 0,000247
рассматриваться 1,203973 0,000196
растворить 2,995732 0,001464
растение 1,171183 0,000572
расти 0,941609 0,000153
растительность 1,309333 0,000853
растительный 1,386294 0,000226
расходный 3,218876 0,000524
рачок 3,218876 0,001049
ргпу 3,912023 0,000637
реабилитация 2,659260 0,000433
регистр 1,771957 0,000577
регламент 2,995732 0,000976
регоярви 3,912023 0,000637
регулярно 1,272966 0,000622
регулярный 0,798508 0,000130
ред 0,235722 0,000461
редактор 1,427116 0,000233
редкий 1,237874 0,000403
редко 1,514128 0,000247
режим 0,653926 0,000533
результат 0,174353 0,000170
рейд 2,995732 0,000488
река 0,446287 0,003199
реканева 3,912023 0,000637
рекисвирь 3,912023 0,000637
рекогносцировка 3,912023 0,000637
реконструкция 0,820981 0,000134
рекорд 1,427116 0,000233
рекреационный 1,469676 0,000479
рельеф 0,798508 0,000520
ремонт 1,139434 0,000186
репин 1,966113 0,000320
рерих 3,506558 0,001714
рериха 2,813411 0,000458
республика 0,527633 0,000344
республиканский 1,714798 0,000279
ресурс 0,020203 0,000020
ресурсный 2,525729 0,000411
речной 0,693147 0,000565
ржанка 3,506558 0,000571
ржевский 2,995732 0,000488
риеккалансаари 3,912023 0,000637
рипус 3,912023 0,000637
риф 2,813411 0,000458
рихиниеми 3,912023 0,000637
ров 1,966113 0,000320
ровелуото 3,912023 0,000637
ровкульское 3,912023 0,001275
рогатка 3,912023 0,000637
рогоз 3,506558 0,000571
рождество 1,660731 0,000812
рождество-богородичный 3,912023 0,002549
ройкнаволоцкое 3,912023 0,000637
роль 0,494296 0,000081
роскомгидромет 3,912023 0,000637
российский 0,105361 0,000189
россия 0,174353 0,000369
россыпь 2,813411 0,000458
рубеж 1,021651 0,000166
рубель 3,912023 0,000637
рубцова 3,912023 0,000637
рувозеро 3,912023 0,000637
ругозеро 3,912023 0,000637
руденко 3,506558 0,000571
руководство 0,544727 0,000177
рукописный 2,659260 0,000433
румянцева 3,506558 0,001714
рунопевец 3,912023 0,000637
рус 0,162519 0,001959
рускеала 3,506558 0,000571
русло 1,386294 0,000226
русский -0,009950 -0,000018
русско-византийском 3,912023 0,000637
русско-финских 3,912023 0,000637
русскоязычный 1,966113 0,000320
русь 1,139434 0,000186
ручей 1,771957 0,000289
рфленинградская 3,912023 0,000637
рыба 1,514128 0,001973
рыбина 3,506558 0,000571
рыболотов 3,912023 0,000637
рыжков 3,506558 0,000571
рябиновка 3,912023 0,000637
ряд 0,223144 0,000145
ряпушка 3,506558 0,001143
савонлинну 3,912023 0,000637
сага 3,506558 0,000571
сазонов 3,912023 0,000637
сайма 3,912023 0,002549
сайт 0,210721 0,000069
салонъярви 3,912023 0,000637
салпаусселькя 3,912023 0,000637
сам 0,162519 0,000079
самолет 1,237874 0,000202
самоочищение 3,218876 0,000524
самый 0,174353 0,000028
сандал 3,912023 0,000637
санитарный 2,120264 0,000345
санкт-петербург 0,616186 0,000903
санкт-петербургский 1,469676 0,000479
сближение 2,813411 0,000458
сборник 0,597837 0,000097
сбрасывать 3,912023 0,000637
свалка 1,897120 0,000309
сведение 0,579818 0,000189
свет 0,941609 0,000153
светлый 1,386294 0,000226
светогорский 3,912023 0,000637
свидерская 3,912023 0,000637
свинец 2,302585 0,000375
свири 3,912023 0,001912
свирская 3,912023 0,001275
свирской 3,912023 0,000637
свирь 3,506558 0,002285
свободный -0,009950 -0,000002
свой 0,150823 0,000049
свойственный 2,525729 0,000411
свойство 0,415515 0,000068
свыше 0,891598 0,000436
связать 0,174353 0,000057
связаться -0,009950 -0,000002
связывать 0,916291 0,000597
связь 0,174353 0,000114
свято-никольский 2,995732 0,000488
святой 0,755023 0,000492
сглаженность 3,912023 0,000637
сглаживание 3,218876 0,000524
сгонно-нагонные 3,218876 0,000524
сделать 0,616186 0,000100
себастьяном 3,912023 0,000637
севастьянов 3,506558 0,000571
север 0,527633 0,000774
севернее 1,966113 0,000320
северные 1,171183 0,000763
северный 0,385662 0,001382
северо-запад 1,469676 0,000239
северо-западный 1,078810 0,000352
сегежское 3,912023 0,000637
сегодня 0,616186 0,000100
сегозеро 3,912023 0,000637
сезонный 1,714798 0,000559
сей 0,693147 0,000113
сейтсонен 3,912023 0,000637
сейша 3,506558 0,000571
селецкое 3,912023 0,000637
сельскохозяйственный 0,941609 0,000153
селянинова 3,912023 0,000637
семененко 3,912023 0,000637
семенович 2,407946 0,000392
семчозеро 3,912023 0,000637
семь 0,820981 0,000134
сеннозеро 3,912023 0,000637
сентябрь 0,072571 0,000130
сергей 0,967584 0,000158
серебристый 2,995732 0,000488
серебряный 0,891598 0,000145
середина 0,356675 0,000116
серое 3,506558 0,000571
серощекой 3,912023 0,000637
серый 1,897120 0,000309
серьезный 1,386294 0,000226
сеть 0,356675 0,000232
сибирский 1,049822 0,000171
сиг 2,995732 0,002440
сикацкая 3,912023 0,000637
сила 0,494296 0,000081
силин 3,218876 0,000524
сильно 0,755023 0,000246
сильный 0,544727 0,000532
симун 3,912023 0,000637
сине-зеленый 2,659260 0,000433
синец 3,912023 0,000637
система 0,051293 0,000058
систематический 2,040221 0,001330
системеобсуждениевкладсоздать -0,009950 -0,000002
сияние 1,832581 0,000299
сказитель 3,506558 0,000571
сказка 1,660731 0,000271
скала 2,407946 0,001177
скалистый 2,659260 0,001300
сканд 3,506558 0,001714
скандинав 3,506558 0,000571
скандинавии 2,995732 0,000488
скандинавский 2,659260 0,000866
скачать -0,009950 -0,000002
скит 3,506558 0,001143
скиф 2,525729 0,000411
скопа 3,912023 0,000637
скопление 2,995732 0,000976
скориков 3,912023 0,000637
скорость 0,755023 0,000615
скудный 3,218876 0,000524
скульптор 1,237874 0,000403
скульптура 0,916291 0,000149
слабо 1,897120 0,000927
слабый 1,660731 0,000271
слава 0,941609 0,000153
славянин 2,302585 0,000750
славянский 1,386294 0,000226
сливаться 2,407946 0,000392
словарь 0,094311 0,000077
слово 0,210721 0,000137
сложить 1,832581 0,000299
сложность 1,049822 0,000171
сложный 0,446287 0,000073
слой 1,272966 0,000415
служба 0,527633 0,000172
служить 0,820981 0,000268
слупский 3,912023 0,000637
случай -0,009950 -0,000002
смежный 2,207275 0,000360
смешать 1,309333 0,000213
смирнова-русецкого 3,912023 0,000637
снарядить 3,912023 0,000637
сначала 1,386294 0,000226
снижать 2,040221 0,000332
собор 0,733969 0,000717
соборный 1,049822 0,000171
событие 0,733969 0,000120
событияпожертвовать -0,009950 -0,000002
сова 2,407946 0,000392
совершаться 2,120264 0,000345
совет 0,462035 0,000075
советский 0,261365 0,000043
совместно 1,427116 0,000465
совместный 1,514128 0,000247
современник 1,609438 0,000262
современный 0,150823 0,000344
содержание 0,010050 0,000008
содержаться 1,560648 0,000254
соединение 1,237874 0,000403
соединяться 2,120264 0,000345
создавать 0,798508 0,000130
создаваться 1,078810 0,000176
создать 0,210721 0,000034
сойни 3,912023 0,000637
соколозеро 3,912023 0,000637
сократиться 1,386294 0,000226
соленость 2,995732 0,000488
солнечный 0,597837 0,000682
солнце 1,347074 0,000219
солнцестояние 2,659260 0,000866
соловка 3,912023 0,000637
соль 1,660731 0,000812
сом 2,995732 0,000488
сомкнуть 2,659260 0,000433
сообщаться 2,407946 0,000392
сообщение 0,478036 0,000078
сообщить -0,009950 -0,000002
сооружение 0,733969 0,000239
соответственно 1,021651 0,000333
сопровождать 2,525729 0,000411
сордвалла 3,912023 0,001275
соревнование 1,108663 0,000181
сортавала 3,912023 0,001912
сортавале 3,912023 0,000637
сортавалы 3,912023 0,001275
соскуанйоки 3,912023 0,000637
сосредоточить 1,171183 0,000382
сост 0,597837 0,000097
состав 0,248461 0,000202
составить 0,400478 0,000457
составление 2,207275 0,000360
составлять 0,198451 0,000097
составной 1,966113 0,000320
состояние 0,248461 0,000121
состоять 0,385662 0,000063
состояться 0,713350 0,000232
сосудистый 2,525729 0,000411
сотня 1,609438 0,000262
сохранение -0,009950 -0,000002
сохранить 1,171183 0,000191
сохраниться 0,820981 0,000268
спасо-преображенский 1,966113 0,000961
спб 0,385662 0,001005
специальный 0,415515 0,000068
специфический 2,302585 0,000375
спецучастки 3,912023 0,000637
сплошной 2,120264 0,000691
сплошь 3,506558 0,000571
спокойный 2,995732 0,000488
спортивно-туристическое 3,912023 0,000637
способность 1,139434 0,000186
способствовать 0,867501 0,000141
справочник 0,798508 0,000130
справочный 1,514128 0,000247
спуск 1,897120 0,000618
сравнительно 1,897120 0,000309
сражение 2,120264 0,000345
среда 0,385662 0,000251
среди 0,198451 0,000194
средневековый 1,386294 0,000678
среднегодовой 0,776529 0,000127
среднее 0,342490 0,000391
среднемесячный 1,560648 0,000254
средний 0,371064 0,000665
срок 0,798508 0,000130
ссср 0,314711 0,000308
ссылка -0,009950 -0,000010
ссылкасведения -0,009950 -0,000002
стабильный 0,820981 0,000134
ставропигиальный 3,506558 0,000571
стадий 1,660731 0,000812
сталь 0,415515 0,000135
стальной 2,525729 0,000823
стандарт 0,867501 0,000141
станция 0,579818 0,000472
старое 0,941609 0,000153
староладожский 3,912023 0,004461
стартовать 1,714798 0,000279
старый 0,314711 0,000154
статистик -0,009950 -0,000002
стать 0,083382 0,000068
статьислучайная -0,009950 -0,000002
статьисообществофорумсправкасвежие -0,009950 -0,000002
статья 0,020203 0,000013
статьяобсуждение -0,009950 -0,000002
статьятекущие -0,009950 -0,000002
стела 1,386294 0,000452
стен 0,967584 0,000158
стена 2,302585 0,000375
степень 0,673345 0,000110
степочкина 3,912023 0,000637
стереотип 1,469676 0,000239
стиль 0,673345 0,000110
стих 1,966113 0,000320
стихотворный 3,506558 0,000571
стоить 0,891598 0,000145
сток 1,660731 0,002706
столб 2,120264 0,000691
столбовскому 3,506558 0,000571
сторона 0,235722 0,000077
страна 0,235722 0,000192
страница -0,009950 -0,000008
страницасодержаниеизбранные -0,009950 -0,000002
страницецитировать -0,009950 -0,000002
страницуполучить -0,009950 -0,000002
страницыслужебные -0,009950 -0,000002
стратиграфия 3,912023 0,000637
строительный 0,891598 0,000145
стройматериал 3,218876 0,000524
субетто 3,912023 0,002549
субмеридиональный 3,218876 0,000524
субъект 0,597837 0,000097
суворову 3,218876 0,000524
суд 0,693147 0,000452
судак 2,525729 0,001234
судить 2,525729 0,000411
судно 2,207275 0,001079
судоходный 1,714798 0,000279
судоходство 1,660731 0,000271
сужаться 3,506558 0,000571
суздальский 2,995732 0,000488
суккозеро 3,912023 0,000637
сукмылахти 3,912023 0,000637
сула 3,912023 0,000637
сумерки 3,506558 0,000571
сумма 1,386294 0,000226
суммарный 1,386294 0,000452
сумозеро 3,912023 0,001275
сундозеро 3,912023 0,000637
суоярви 3,912023 0,000637
сургубское 3,912023 0,000637
суровый 1,714798 0,000279
суша 1,609438 0,001049
сушозеро 3,912023 0,000637
существенно 1,108663 0,000181
существенный 1,237874 0,000202
существование 0,693147 0,000113
существовать 0,020203 0,000013
сферический 3,912023 0,000637
сформироваться 1,347074 0,000439
считать 0,597837 0,000292
считаться 0,385662 0,000126
съемка 1,966113 0,000320
сыграть 1,714798 0,000279
сырть 3,912023 0,000637
сырье 1,966113 0,000320
сюдасвязанные -0,009950 -0,000002
сюскюянйоки 3,912023 0,000637
сямозеро 3,912023 0,000637
сяпчозеро 3,912023 0,000637
сяргозеро 3,912023 0,000637
сясь 3,912023 0,001275
сясьский 3,912023 0,000637
табл 0,867501 0,000141
таблица 0,544727 0,000089
табун 3,506558 0,000571
таваярви 3,912023 0,000637
тайга 1,427116 0,001163
тайна 1,897120 0,000618
такой 0,162519 0,000053
таракановый 3,912023 0,000637
таять 3,218876 0,000524
творческий 1,309333 0,000427
текст -0,009950 -0,000002
телекино 3,912023 0,000637
темнохвойный 3,218876 0,000524
температура 0,510826 0,000416
температурный 1,897120 0,000309
тепло 1,386294 0,000452
тепловой 1,660731 0,000271
теплое 1,309333 0,000213
теплоход 1,514128 0,000740
теплоходскальный 3,912023 0,000637
тержевик 3,912023 0,000637
термин 0,198451 0,000032
территория 0,356675 0,001046
течение 0,314711 0,000154
течь 0,274437 0,000045
тикшеозеро 3,912023 0,000637
тикшозеро 3,912023 0,000637
тип 0,072571 0,000059
тироярви 3,912023 0,000637
тишина 2,813411 0,000458
товарный -0,009950 -0,000002
токсический 3,912023 0,000637
толстый 1,309333 0,000213
толща 2,525729 0,000411
тонкий 2,302585 0,000375
тонна 1,108663 0,000542
топографический 1,897120 0,000309
топозеро 3,912023 0,000637
топоним 1,078810 0,000176
топонимика 1,897120 0,000618
топонимический 0,776529 0,000127
торговый 0,597837 0,000097
торосозеро 3,912023 0,000637
тосна 3,912023 0,001275
тохмайоки 3,912023 0,000637
точка 0,478036 0,000156
точность 2,302585 0,000375
трава 1,609438 0,000262
травник 3,506558 0,000571
травяной 2,813411 0,000458
транзитный 1,237874 0,000202
трансгрессия 2,995732 0,001464
трансевразийских 3,912023 0,000637
транспорт 0,616186 0,000402
транспортный 0,616186 0,000201
трасс 0,941609 0,000153
триангуляционный 3,506558 0,000571
троица 1,832581 0,000299
тростниковый 3,912023 0,000637
трофейный 3,218876 0,000524
трофи-рейд 3,912023 0,000637
трофи-рейда 3,912023 0,000637
труд 0,597837 0,000097
трясина 3,506558 0,000571
тулемайоки 3,912023 0,001275
тулмозеро 3,912023 0,000637
тулокса 3,506558 0,000571
тулоксы 3,912023 0,000637
тулолансари 3,912023 0,000637
тулос 3,506558 0,000571
туман 1,832581 0,000299
тумасозеро 3,912023 0,000637
тумчаозероа 3,912023 0,000637
тунгудское 3,912023 0,000637
туризм 1,078810 0,000176
туристический 1,021651 0,000499
туристов-водников 3,912023 0,000637
турка 1,469676 0,000239
тыс 0,430783 0,000140
тысяча 0,371064 0,000302
тэц 1,272966 0,000207
тюрьянъярвиа 3,912023 0,000637
тягозеро 3,912023 0,000637
тяжелый 1,108663 0,000181
увеличение 0,733969 0,000239
увеличиваться 1,309333 0,000213
увеличить 1,309333 0,000213
углубление 3,218876 0,000524
угодье 2,207275 0,000360
узкий 1,171183 0,000191
указание -0,009950 -0,000003
указать 0,083382 0,000027
уксунйоки 3,912023 0,000637
уксунлахти 3,912023 0,000637
укшозеро 3,912023 0,000637
уменьшать 2,207275 0,000360
умеренно 1,021651 0,000166
умеренно-континентального 3,912023 0,000637
умеренно-морскому 3,912023 0,000637
умерить 1,049822 0,000171
университет 0,328504 0,000214
уникальный 0,776529 0,000253
унутозеро 3,912023 0,000637
упасть 1,771957 0,000289
упоминаться 1,203973 0,000196
управление 0,248461 0,000121
упрощение 2,995732 0,000488
урез 3,218876 0,000524
уровень 0,150823 0,000467
урозеро 3,912023 0,000637
уросозеро 3,912023 0,000637
условие -0,009950 -0,000010
установить 0,328504 0,000107
устный 2,407946 0,000392
устье 0,634878 0,000621
устьевой 3,506558 0,000571
утка 2,659260 0,001300
утренний 2,407946 0,000392
утро 1,771957 0,000289
уходить 1,386294 0,000452
участвовать 1,021651 0,000166
участие -0,009950 -0,000005
участник 0,510826 0,000083
участок 0,616186 0,000602
ученый 0,653926 0,000107
учетный -0,009950 -0,000002
фактор 0,994252 0,000162
факультет 1,514128 0,000247
фауна 1,108663 0,000542
февраль 0,051293 0,000067
федора 1,771957 0,000289
федором 3,218876 0,000524
физико-географический 0,693147 0,000226
филатова 2,659260 0,000866
филин 2,659260 0,000433
филиппов 2,525729 0,000411
фин 2,525729 0,002469
финишировать 3,506558 0,000571
финляндией 3,506558 0,000571
финляндии 2,207275 0,000360
финляндия 1,832581 0,001194
финский 2,659260 0,002599
флор 1,021651 0,000333
флот 1,347074 0,000878
флотилия 2,120264 0,000345
фоменко 2,995732 0,000488
фонд -0,009950 -0,000002
фондезин 3,912023 0,000637
фоновый 2,813411 0,000917
форель 3,912023 0,001275
форма 0,287682 0,000187
формирование 0,597837 0,000682
фосфор 2,995732 0,000488
фосфорорганический 3,912023 0,000637
фото 1,203973 0,000196
фотогалерея 3,218876 0,000524
фотография 1,108663 0,000181
фундамент 1,966113 0,000320
функционирование 1,714798 0,000279
футшток 3,218876 0,000524
фьорд 3,912023 0,000637
характер 0,653926 0,000213
характеризоваться 0,891598 0,000291
характеристика 0,415515 0,000271
характерно 1,609438 0,000262
характерный 0,693147 0,000452
харвиа 3,912023 0,000637
хвойные 2,120264 0,000345
хвощинская 3,912023 0,000637
хейниокский 3,912023 0,001912
хейниокским 3,912023 0,000637
хейнйоки 3,912023 0,000637
хейнясенмаа 3,912023 0,001912
хелимский 3,506558 0,001143
хельсинки 2,525729 0,000411
хижозеро 3,912023 0,001275
химический 0,867501 0,000141
хлопин 3,912023 0,000637
ход 0,510826 0,000166
ходить 1,514128 0,000247
хозяйственный 1,203973 0,000588
холодная 1,139434 0,000557
холодное 1,560648 0,000254
холопова 3,506558 0,000571
хорватский 1,897120 0,000309
хороший 1,660731 0,000271
хохлатый 3,912023 0,000637
храбрый 3,506558 0,000571
храм 0,733969 0,000239
хранилище 2,407946 0,000392
хронология 1,771957 0,000577
художник 0,967584 0,000315
царевич 2,995732 0,000488
царь 1,078810 0,000176
цветок 2,995732 0,000976
целик 1,897120 0,000309
целлюлозно-бумажные 3,912023 0,000637
целлюлозно-бумажный 3,506558 0,000571
цель 0,371064 0,000121
ценный 1,714798 0,000279
центр 0,287682 0,000328
центральный 0,400478 0,000391
церковный 1,771957 0,000289
церковь 0,673345 0,000768
циклоп 3,912023 0,000637
цинк 2,525729 0,000823
ципринга 3,912023 0,000637
циркуляция 2,302585 0,000375
чаек 1,660731 0,001353
час 0,867501 0,000565
часовня 1,469676 0,000239
частично 0,653926 0,000320
часто 0,415515 0,000068
частый 1,309333 0,000213
часть 0,061875 0,000433
чаща 1,108663 0,000181
человек 0,186330 0,000061
черви 3,506558 0,000571
чернеть 3,912023 0,000637
черника 2,813411 0,000458
чертеж 1,660731 0,000541
чертежная 2,659260 0,000433
честь 0,562119 0,000275
четвертый 0,994252 0,000162
чинозеро 3,912023 0,000637
численность 0,616186 0,000100
число 0,186330 0,000212
числовой 2,040221 0,000332
чистая 1,427116 0,000233
чистов 3,912023 0,000637
чистый 2,040221 0,000332
читатьправитьправить 0,494296 0,000081
чувствительный 3,218876 0,000524
шайдомозеро 3,912023 0,000637
шалозеро 3,912023 0,000637
швед 2,407946 0,001962
шведский 2,120264 0,000691
швецией 3,506558 0,000571
швеции 2,207275 0,000360
швеция 2,120264 0,001036
шемейкке 3,912023 0,000637
шидловский 3,912023 0,000637
ширина 0,916291 0,000597
ширинавикипедия 3,912023 0,000637
широкий 0,494296 0,000161
шишкин 2,659260 0,000433
шлиссельбург 3,506558 0,004570
шлиссельбурга 3,912023 0,000637
шлиссельбурге 3,912023 0,000637
шлиссельбургский 3,912023 0,001275
шлюз 2,525729 0,000823
шомбозеро 3,912023 0,000637
шоссе 1,427116 0,000698
шотозеро 3,912023 0,000637
штабс-капитан 3,912023 0,000637
штиль 2,659260 0,000433
шторм 2,302585 0,001876
штормовой 2,995732 0,000488
штурм 2,207275 0,000719
шуезеро 3,912023 0,000637
шунозеро 3,912023 0,000637
шурф 3,912023 0,000637
шхера 3,912023 0,007011
шхерный 3,912023 0,001912
щит 1,171183 0,000382
щука 2,813411 0,000458
эвакуировать 1,272966 0,000207
эволюция 1,560648 0,000509
экз 0,415515 0,000203
экологический 0,693147 0,001129
экология 0,562119 0,000092
эколого-биологический 3,912023 0,000637
эколого-химико-токсикологического 3,912023 0,000637
экосистема 1,966113 0,001922
экскурсия 2,040221 0,000332
экспедиция 1,469676 0,001197
эксперимент 1,832581 0,000597
экспорт -0,009950 -0,000002
экстремальный 2,207275 0,000360
эльдорадо 1,966113 0,000320
энгозеро 3,912023 0,000637
энциклопедический 0,733969 0,000120
энциклопедия -0,009950 -0,000015
эпизод 2,407946 0,000392
эпос 2,525729 0,001234
эрудит 3,912023 0,000637
эсминец 3,912023 0,000637
эстония 2,407946 0,000392
этап 0,634878 0,000103
этимология 0,616186 0,000301
этюд 2,995732 0,000488
юг 0,693147 0,000565
юго-восточный 1,108663 0,000722
юго-западный 1,049822 0,000513
южный 0,385662 0,002262
юляозеро 3,912023 0,000637
юрием 2,302585 0,000375
юрковец 3,912023 0,000637
явейн 3,912023 0,000637
явление 1,021651 0,000166
являться 0,040822 0,000067
ягляярви 3,912023 0,000637
ядерно 3,912023 0,000637
язык -0,009950 -0,000006
языческий 2,813411 0,000458
ям 2,659260 0,000433
январь 0,105361 0,000755
янгозеро 3,912023 0,000637
яндомозеро 3,912023 0,000637
янисйоки 3,912023 0,000637
янисъярви 3,912023 0,000637
ярус 2,120264 0,000345
ясно 2,407946 0,000392
ясный 1,347074 0,000439
