август 0,072571 0,000238
авт 1,469676 0,000603
авторитетный 0,891598 0,000731
авторство -0,009950 -0,000004
адам 2,813411 0,001154
адриатический 3,218876 0,001320
аз 2,302585 0,000944
азовский 1,660731 0,001362
акватория 1,560648 0,001280
актовый 3,912023 0,001604
аландия 3,912023 0,001604
алг 3,912023 0,001604
александр 0,462035 0,000189
александровича 2,525729 0,001036
алфавитубалтийское 3,912023 0,001604
алфавитукарточка 2,207275 0,000905
альбек 3,912023 0,001604
альберт 2,525729 0,001036
альборан 3,218876 0,001320
америка 1,386294 0,000568
амплитуда 1,966113 0,001612
англ 0,174353 0,000214
английский 1,309333 0,000537
андреем 2,995732 0,001228
антарктика 2,302585 0,000944
антропогенный 1,771957 0,000727
анциловое 3,912023 0,006416
апостол 1,966113 0,000806
аппарат 1,469676 0,000603
апрель 0,150823 0,000186
аргентинский 2,995732 0,001228
арх 0,544727 0,000223
архив 0,446287 0,000183
архивировать 0,020203 0,000108
архиепископ 2,302585 0,000944
архипелаговый 3,912023 0,003208
атлантический 1,609438 0,003299
атмосферный 1,386294 0,000568
аюдаг 3,912023 0,001604
багамский 2,995732 0,001228
балеарский 3,218876 0,001320
балтийск 3,218876 0,002640
балтийский 1,514128 0,040352
балтика 2,659260 0,003271
балтики 3,506558 0,005751
балтикой 3,912023 0,001604
балтику 3,218876 0,001320
балтический 3,912023 0,001604
бан 3,912023 0,001604
банк 0,693147 0,000284
банка 3,506558 0,001438
баренцево 2,995732 0,001228
бассейн 0,653926 0,000536
бассейновый 2,525729 0,001036
баш 3,506558 0,001438
белое 0,994252 0,000408
бельт 3,506558 0,004313
берег 0,478036 0,001372
береговой 1,469676 0,001205
берингово 2,995732 0,001228
бессточный 2,659260 0,001090
библиографический 0,083382 0,000034
библиотека 0,328504 0,000135
бинц 3,912023 0,001604
бискайский 3,218876 0,001320
благословение 3,506558 0,001438
близкие 1,966113 0,000806
близкий 0,820981 0,000337
богато 2,995732 0,001228
большее 1,309333 0,000537
большинство 0,342490 0,000140
большое 0,385662 0,000316
большой 0,040822 0,000268
борнхольм 3,912023 0,001604
борт 2,525729 0,001036
ботник 3,912023 0,001604
ботнический 3,506558 0,002875
ботнического 3,912023 0,004812
ботническом 3,912023 0,004812
брать 1,714798 0,001406
бременский 3,506558 0,001438
брокгауза 0,328504 0,000539
бухта 2,207275 0,001810
былина 3,218876 0,001320
быстрый 0,916291 0,000376
быть -0,009950 -0,000004
варяжский 2,995732 0,006141
ваттовое 3,218876 0,001320
вблизи 1,139434 0,000467
вводной 3,218876 0,001320
вдаваться 3,506558 0,001438
век 0,248461 0,000407
великий 0,356675 0,000146
величество 2,525729 0,001036
величина 1,108663 0,000455
вента 3,912023 0,001604
вентспилс 3,506558 0,001438
вентспилса 3,912023 0,001604
версия -0,009950 -0,000008
верхний 0,494296 0,000203
вершина 1,514128 0,001862
вес 1,560648 0,000640
вести 0,356675 0,000146
вестись 0,673345 0,000276
весь 0,301105 0,000247
ветвистый 3,912023 0,001604
ветер 0,713350 0,000292
вещество 0,994252 0,000815
вид 0,061875 0,000051
видный 1,660731 0,000681
викиданные 0,776529 0,000637
викиданных -0,009950 -0,000004
викимедиа -0,009950 -0,000004
википедии -0,009950 -0,000008
википедия -0,009950 -0,000029
викискладвикиновостиэлемент 1,897120 0,000778
викискладе 0,174353 0,000071
виронии 3,912023 0,001604
виряйским 3,912023 0,001604
вирянским 3,912023 0,001604
висмара 3,912023 0,001604
виснуть 3,912023 0,001604
включать 0,235722 0,000483
владимирский 1,897120 0,000778
влияние 0,527633 0,000216
вместе 0,510826 0,000209
внешний 0,051293 0,000021
внутриматериковый 3,506558 0,001438
вода 0,527633 0,005408
водный 0,562119 0,001152
водоем 1,139434 0,000467
водообмен 2,659260 0,001090
военный 0,494296 0,000405
возможный 0,994252 0,000408
возникать 1,021651 0,000419
возникнуть 0,653926 0,000268
война 0,430783 0,000177
волин 3,506558 0,002875
волна 0,916291 0,002254
волнение 2,525729 0,001036
волшебный 0,030459 0,000012
волынским 3,912023 0,001604
восток 0,494296 0,000405
восточно-сибирское 2,407946 0,000987
восточный 0,430783 0,001766
восходить 1,609438 0,000660
впадать 1,309333 0,001074
впадина 2,207275 0,001810
впервые 0,385662 0,000316
временной 0,967584 0,000397
время 0,020203 0,000058
все 0,040822 0,000017
всплыть 3,912023 0,001604
встречаться 0,713350 0,001755
втора 0,274437 0,000338
второе 0,653926 0,000268
выборг 2,302585 0,001888
выделять 1,139434 0,000467
вызвать 1,049822 0,000430
высокий 0,139262 0,000057
высота 0,415515 0,001022
выше 0,616186 0,000505
газопровод 2,302585 0,001888
гамбургский 3,506558 0,001438
гвркарточка 2,813411 0,001154
гданьск 2,813411 0,001154
гдыня 3,506558 0,001438
гебридский 3,218876 0,001320
гельбке 3,912023 0,001604
география 0,415515 0,000511
геологический 1,139434 0,000934
георгиевский 2,407946 0,000987
германий 0,843970 0,002768
германия 2,302585 0,000944
гидрологический 1,966113 0,002418
гидрология 1,966113 0,000806
гидрометеоиздат 1,897120 0,002333
гкгнпро 0,916291 0,000376
главный 0,210721 0,000086
глинистый 3,218876 0,001320
глубина 1,139434 0,005606
глубинный 2,302585 0,000944
глубокий 1,078810 0,000442
глубоко 1,897120 0,000778
глубоководный 2,302585 0,000944
год -0,009950 -0,000147
годавикипедия 0,616186 0,000253
годовой 0,994252 0,000408
годувикипедия 2,407946 0,000987
голубовато-зеленый 3,912023 0,001604
голынское 3,912023 0,001604
гора 0,616186 0,000505
горизонт 1,897120 0,003111
город 0,371064 0,000304
государственный 0,261365 0,000107
государство 0,579818 0,000238
готланд 3,912023 0,001604
готландский 3,912023 0,001604
грамота 1,427116 0,000585
греча 1,427116 0,000585
грунт 2,207275 0,000905
губа 2,207275 0,000905
далее 0,693147 0,000284
данией 3,506558 0,001438
дании 2,659260 0,001090
дания 2,407946 0,004936
дата 0,030459 0,000125
датский 0,328504 0,001212
датчанин 3,912023 0,001604
дать 0,072571 0,000149
даугава 3,912023 0,001604
движение 0,544727 0,000223
двина 3,506558 0,001438
действовать -0,009950 -0,000004
декабрь 0,094311 0,000116
делать 0,867501 0,000356
дело 0,562119 0,000230
дельта 1,832581 0,000751
дерево 0,867501 0,000356
деяние 3,218876 0,001320
джаксон 3,506558 0,001438
дженсен 3,912023 0,001604
динамический 1,897120 0,000778
дини 3,912023 0,001604
длина 0,579818 0,000238
длинный 1,237874 0,001015
дмитрия 1,560648 0,000640
дно 1,469676 0,006628
добавить 0,562119 0,000461
добровольский 2,813411 0,001154
довольно 0,891598 0,000366
документ 0,415515 0,000681
долгий 1,021651 0,000419
должный 0,356675 0,000292
долина 0,916291 0,000751
донный 2,813411 0,003461
доп 0,597837 0,000490
дополнительный -0,009950 -0,000004
достигать 0,843970 0,001730
достичь 0,733969 0,000301
доступный -0,009950 -0,000004
древнескандинавский 3,912023 0,001604
древние 0,967584 0,000397
древний 0,653926 0,000268
древность 1,203973 0,000987
дрейфовать 3,506558 0,002875
дробно -0,009950 -0,000004
другой -0,009950 -0,000020
дудельзак 3,912023 0,001604
евразия 1,347074 0,001657
европа 0,301105 0,000741
единый 0,544727 0,000447
есимо 3,218876 0,002640
ефрона 0,328504 0,000539
железно-марганцевые 3,912023 0,001604
желто-зеленый 3,912023 0,001604
жесткий 1,966113 0,000806
живой 1,386294 0,000568
жилец 3,506558 0,001438
житие 3,218876 0,001320
заглавный -0,009950 -0,000004
загрязнение 0,891598 0,000366
закон 0,462035 0,000189
залежь 2,407946 0,000987
залив 1,609438 0,014517
залогин 3,218876 0,001320
заменить 0,494296 0,000203
запад 0,634878 0,000781
западный 0,462035 0,000758
запас 1,560648 0,000640
записьвойти -0,009950 -0,000004
заполняться 3,218876 0,001320
зарегистрировать -0,009950 -0,000008
затем 0,527633 0,000216
затопить 1,832581 0,001503
зафиксировать 1,078810 0,000442
захоронение 1,832581 0,000751
защита 0,616186 0,000253
заявление -0,009950 -0,000004
зеленогорск 3,218876 0,001320
зеленоградск 3,218876 0,001320
зеленый 0,755023 0,000310
зелинского 3,912023 0,001604
земной 1,966113 0,000806
зимний 0,798508 0,000327
знак -0,009950 -0,000004
значение 0,061875 0,000025
значительный 0,328504 0,000539
зона 0,400478 0,000164
зонн 3,506558 0,001438
зубова 2,407946 0,000987
зуй 3,218876 0,001320
ивана 1,078810 0,000442
идет 1,078810 0,000442
идти 0,820981 0,000673
из-за 0,415515 0,000681
избыток 3,506558 0,001438
изд 0,314711 0,000258
изд-во 1,049822 0,000430
изменение 0,301105 0,000123
измерение 1,771957 0,000727
изучать 1,427116 0,000585
икарийский 3,218876 0,001320
ил 2,995732 0,001228
иметь 0,094311 0,000116
иметься 0,385662 0,000316
императорский 1,469676 0,000603
империя 0,653926 0,000268
имя 0,274437 0,000113
иначе 0,733969 0,000602
институт 0,371064 0,000152
инструмент -0,009950 -0,000008
инструментально 3,912023 0,001604
интернет 0,755023 0,000310
информация 0,162519 0,000200
иольдиевое 3,912023 0,004812
ионический 3,218876 0,001320
ипполитов 3,912023 0,001604
иприт 3,506558 0,001438
ирландский 2,659260 0,001090
ирмингера 3,218876 0,001320
ируаз 3,218876 0,001320
исключение 0,891598 0,000366
исключительный 2,207275 0,000905
использование -0,009950 -0,000004
использовать 0,020203 0,000008
исследование 0,462035 0,000189
исследователь 0,941609 0,000386
исток 0,755023 0,000310
исторический 0,314711 0,000129
история 0,051293 0,000084
источник -0,009950 -0,000053
истый 2,659260 0,001090
июль 0,116534 0,000287
июнь 0,116534 0,000287
калининград 2,407946 0,000987
калининградской 3,218876 0,001320
калька 3,506558 0,001438
канский 3,506558 0,001438
канцелярия 1,832581 0,000751
карибский 2,813411 0,001154
карское 2,302585 0,000944
карт 0,301105 0,000370
картина 1,347074 0,000552
картировать 3,912023 0,001604
картографический 2,525729 0,001036
каспийский 1,514128 0,000621
каталанский 0,527633 0,000216
каталог 0,094311 0,000039
категория -0,009950 -0,000008
каять 3,218876 0,001320
кельтский 2,995732 0,001228
киликийский 3,218876 0,001320
киль 3,218876 0,001320
кипрский 3,218876 0,001320
китайский 0,653926 0,000268
клайпеда 3,506558 0,001438
классический 0,755023 0,000929
климат 0,446287 0,000183
климкин 3,912023 0,001604
книга 0,415515 0,000341
князь 0,867501 0,000356
код -0,009950 -0,000073
кодекс -0,009950 -0,000004
кодистория 0,116534 0,000048
колебание 1,386294 0,001705
количество 0,210721 0,000086
колобжег 3,506558 0,001438
колпакова 3,912023 0,001604
комиссия 0,967584 0,000397
конвенция 2,407946 0,001975
конкреция 3,912023 0,001604
контейнер 2,040221 0,000836
континентальный 0,527633 0,000216
контур 2,407946 0,000987
конфиденциальность -0,009950 -0,000004
копенгаген 3,218876 0,001320
кора 1,897120 0,002333
коричневатый 3,506558 0,001438
коричневый 2,995732 0,001228
король 2,120264 0,000869
короткий -0,009950 -0,000004
коса 2,407946 0,000987
костяной 3,218876 0,001320
котлино 3,912023 0,001604
котловина 1,897120 0,002333
который 0,000000 0,000000
кошалин 3,506558 0,001438
кошкин 3,218876 0,001320
крайний 1,514128 0,002483
кратон 3,912023 0,001604
критский 3,218876 0,001320
кром 0,235722 0,000193
кронштадта 3,912023 0,001604
кронштадтского 2,995732 0,001228
круг 0,967584 0,000793
круизный 2,040221 0,000836
крупный 0,210721 0,000691
круто 2,995732 0,001228
куки -0,009950 -0,000004
купец 1,078810 0,000442
курорт 1,560648 0,000640
куршский 3,218876 0,002640
кусок 3,218876 0,001320
куторги 3,912023 0,001604
кырык 1,771957 0,000727
лабрадор 3,218876 0,001320
лавразия 3,912023 0,001604
лаврентьевской 3,506558 0,001438
лавруссия 3,912023 0,001604
лазарева 2,302585 0,000944
лайнер 2,995732 0,001228
ландсортская 3,912023 0,001604
лапландии 3,912023 0,001604
лаптевой 2,302585 0,000944
ларусса 1,078810 0,000442
латвии 2,813411 0,002307
латвия 2,302585 0,000944
латиноязычном 3,912023 0,001604
латинский 2,040221 0,000836
латы 1,771957 0,001453
латыш 1,660731 0,000681
латышский 3,912023 0,001604
левантийское 3,218876 0,001320
лед 1,171183 0,003361
ледник 2,120264 0,002608
ледниковый 2,407946 0,005924
ледовитый 1,514128 0,000621
лексикон 2,659260 0,001090
леонов 2,659260 0,001090
лет 0,597837 0,000490
летопись 1,237874 0,001015
ливийский 3,218876 0,001320
лигурийский 3,218876 0,001320
лидарные 3,912023 0,001604
лидаром 3,912023 0,001604
лиепая 3,506558 0,001438
линия 0,462035 0,000379
литва 2,120264 0,002608
литература 0,051293 0,000042
литературный 0,867501 0,000356
литовский 1,203973 0,000987
литоринового 3,912023 0,001604
литориновое 3,912023 0,003208
лить 2,302585 0,000944
лицензия -0,009950 -0,000004
любавского 3,912023 0,001604
любек 3,506558 0,001438
любкер 3,506558 0,001438
май 0,127833 0,000210
максимальный 0,867501 0,000711
малый 0,139262 0,000228
марка 0,733969 0,000301
март 0,116534 0,000191
маршрут 0,673345 0,000276
массив 0,891598 0,000366
мастоглоевое 3,912023 0,001604
материал -0,009950 -0,000008
материк 2,040221 0,001673
материковый 1,966113 0,000806
медиафайлы 0,301105 0,000123
медленно 1,832581 0,000751
международный 0,385662 0,000158
мексиканский 2,813411 0,001154
мелководный 2,302585 0,002832
мелководье 2,813411 0,001154
меняться 1,272966 0,000522
место 0,139262 0,000171
месторождение 1,427116 0,001170
метеорологический 2,302585 0,000944
метр 0,653926 0,004558
мешко 3,912023 0,001604
миллиард 1,514128 0,000621
миллион 0,776529 0,000637
мир 0,094311 0,000116
мировая 0,527633 0,000433
мировой 1,469676 0,001205
миртойское 3,218876 0,001320
млн 0,462035 0,000189
многие 0,356675 0,000146
мобильный -0,009950 -0,000004
монастырь 0,867501 0,000356
монография 2,040221 0,000836
мор 1,021651 0,037699
море 0,562119 0,014981
мореморя 3,912023 0,001604
морепродукт 2,995732 0,001228
морской 0,994252 0,003261
моск 2,302585 0,000944
москва 0,400478 0,000164
московский 0,527633 0,000216
мост 0,713350 0,000585
мочь -0,009950 -0,000020
мощный 1,021651 0,000419
мраморный 2,813411 0,001154
наблюдаться 0,755023 0,000929
навигационный 2,525729 0,001036
навигация -0,009950 -0,000016
нагон 3,506558 0,001438
назад 1,108663 0,003636
название 0,105361 0,000648
назвать 0,371064 0,000152
называть 0,174353 0,000071
называться 0,328504 0,000404
наиболее 0,139262 0,000057
наличие 0,867501 0,000356
направление 0,385662 0,000158
например 0,328504 0,000269
нарва 3,912023 0,001604
нарва-йыэсуу 3,912023 0,001604
наряд 1,049822 0,000430
наса 2,995732 0,001228
наступление 1,714798 0,000703
научно-исследовательский 0,798508 0,000327
научно-образовательный 0,967584 0,000397
научный 0,248461 0,000102
находить 1,560648 0,000640
находиться 0,174353 0,000429
начаться 0,562119 0,000230
начинаться 0,527633 0,000216
небольшой 0,494296 0,000811
нева 2,813411 0,002307
невский 1,272966 0,000522
недоступный 0,446287 0,000183
незначительно 2,407946 0,000987
незначительный 1,660731 0,000681
некоммерческий -0,009950 -0,000004
некоторые 0,127833 0,000157
некоторый 1,237874 0,000508
неман 3,506558 0,001438
немецкий 0,798508 0,000655
нена 3,912023 0,001604
нередкий 2,659260 0,001090
неринга 3,506558 0,001438
неровный 2,995732 0,001228
несколько 0,116534 0,000048
нефть 1,347074 0,001105
нидерландов 2,813411 0,001154
ниже 0,693147 0,000284
низкий 0,843970 0,000692
никитина 2,302585 0,000944
николаев 2,407946 0,000987
нис 3,506558 0,001438
новгородский 2,040221 0,004182
новицкого 2,995732 0,001228
новость 0,544727 0,000223
норвежский 0,248461 0,000102
ноябрь 0,127833 0,000419
нуна 3,912023 0,001604
нынешний 1,021651 0,000419
обзор 1,078810 0,000442
область 0,150823 0,000247
обледенение 3,506558 0,001438
обмен 1,309333 0,001074
обнаружить 1,021651 0,000838
обозначить 1,771957 0,000727
образование 0,356675 0,000292
образовать 0,385662 0,000158
образоваться 0,967584 0,001984
обращение 0,030459 0,000112
обстановка 1,386294 0,000568
обусловить 1,237874 0,000508
общее 0,301105 0,000123
общество 0,415515 0,000170
общий 0,186330 0,000153
объект 0,235722 0,000483
объем 0,400478 0,000328
обычно 0,693147 0,000568
овидия 3,506558 0,001438
оги 3,912023 0,001604
ограничительный 3,506558 0,001438
огромный 0,776529 0,000318
одер 3,506558 0,001438
один 0,051293 0,000021
однако 0,174353 0,000071
озеро 0,673345 0,002209
оказаться 0,820981 0,000337
оказывать 0,867501 0,000356
океан 0,994252 0,005707
океанавнутренние 3,218876 0,001320
океанаморя 3,218876 0,001320
океанографический 3,218876 0,001320
океанография 3,218876 0,001320
океанология 3,218876 0,002640
окончание 1,309333 0,000537
округаморя 3,912023 0,001604
окружать 0,755023 0,000619
октябрь 0,072571 0,000149
оледенение 2,525729 0,001036
омывать 2,525729 0,002071
онлайн 0,198451 0,000163
опасность 1,832581 0,000751
описание -0,009950 -0,000004
опреснить 3,218876 0,001320
опускаться 1,714798 0,000703
организация -0,009950 -0,000004
органика 3,912023 0,001604
оригинал 0,139262 0,000628
оружие 1,203973 0,001975
осадка 1,237874 0,001015
осадок 0,544727 0,000670
освобождаться 2,813411 0,001154
осипов 0,527633 0,000216
осматривать 3,912023 0,001604
основной 0,040822 0,000017
особенность 0,693147 0,000853
остаток 1,203973 0,000494
остров 0,820981 0,001346
отв 0,755023 0,000310
ответственность -0,009950 -0,000004
отделение 0,713350 0,000292
отделить 1,966113 0,000806
отдельный -0,009950 -0,000008
отказ -0,009950 -0,000004
отложение 2,040221 0,000836
отмель 3,912023 0,001604
относительно 0,415515 0,000170
относительный 1,560648 0,000640
относиться 0,328504 0,000135
отношение 0,430783 0,000177
отравлять 2,995732 0,001228
отредактировать -0,009950 -0,000012
отступление 2,525729 0,001036
отсутствовать 0,776529 0,000637
отсчет 2,525729 0,001036
оттенка 3,506558 0,001438
охотский 2,040221 0,000836
охрана 0,843970 0,000692
очерк 0,733969 0,000602
ошибкекак -0,009950 -0,000004
паланга 3,912023 0,001604
пангея 3,912023 0,001604
паннотия 3,912023 0,001604
параллельно 1,237874 0,000508
параметр 1,139434 0,000467
парафин 3,912023 0,003208
педагогика 3,218876 0,001320
пейзаж 2,659260 0,001090
первый 0,162519 0,000067
перейти -0,009950 -0,000008
перемешиваться 3,912023 0,001604
переправа 1,514128 0,000621
пересек 3,912023 0,003208
переяславский 3,912023 0,001604
период 0,274437 0,000225
персональный -0,009950 -0,000004
песок 1,714798 0,000703
песчаный 1,771957 0,000727
петра 1,078810 0,000442
петрить 1,714798 0,000703
печать -0,009950 -0,000008
печорский 2,813411 0,001154
пионерский 2,407946 0,000987
письменный 1,660731 0,000681
письмо 1,237874 0,000508
плавание 1,714798 0,000703
планироваться 0,891598 0,000366
планктон 2,995732 0,001228
плита 1,832581 0,000751
площадь 0,385662 0,000316
пляж 1,609438 0,001320
побережье 1,171183 0,001921
поведение -0,009950 -0,000004
поверхностный 1,514128 0,001862
поверхность 1,347074 0,001657
повести 1,832581 0,000751
повысить 1,021651 0,000419
повышение 1,078810 0,000442
погружной 3,912023 0,001604
подписать 0,941609 0,000386
подсеверная 3,912023 0,001604
подъем 1,386294 0,001137
поиск -0,009950 -0,000016
покрываться 3,218876 0,002640
покрыть 1,309333 0,001074
пол 0,446287 0,000183
политик -0,009950 -0,000004
полный 0,328504 0,000135
половина 0,430783 0,000177
положение 0,415515 0,000170
полусуточный 3,912023 0,001604
полушарие 2,407946 0,000987
польский 1,347074 0,001105
польша 1,966113 0,000806
польше 2,659260 0,001090
польши 2,659260 0,001090
полярный 1,347074 0,001105
помощь 0,342490 0,000140
понижаться 2,525729 0,001036
понравиться 2,813411 0,001154
понт 2,659260 0,001090
попадание 2,659260 0,001090
пора 0,776529 0,000318
порт 0,733969 0,000301
портал 0,342490 0,000281
портовый 2,040221 0,000836
поскольку 0,941609 0,000386
последнее 0,843970 0,000346
последний -0,009950 -0,000008
послеледниковый 3,912023 0,001604
пособие 1,514128 0,001242
построить 0,301105 0,000123
поступать 1,609438 0,001320
поток 0,967584 0,000793
почтовый 0,653926 0,000268
поэт 1,049822 0,000430
появление 0,653926 0,000268
появляться 0,733969 0,000301
правительственный 1,832581 0,000751
править -0,009950 -0,000139
правка 0,274437 0,000113
правкиновые -0,009950 -0,000004
правкипостоянная -0,009950 -0,000004
пребывать 2,659260 0,001090
превратиться 1,386294 0,000568
превышать 0,673345 0,000828
преголя 3,506558 0,001438
предел 0,400478 0,000328
представиться -0,009950 -0,000004
представлять 0,328504 0,000135
прежнее 1,560648 0,000640
прекратить 0,916291 0,000376
препятствовать 2,302585 0,000944
пресноводный 2,207275 0,000905
пресный 2,407946 0,001975
прибалтийский 2,813411 0,001154
приблизительно 1,514128 0,001242
приблизиться 2,813411 0,001154
прибрежный 1,386294 0,002274
прилив 2,813411 0,001154
примерно 0,634878 0,001302
примечание -0,009950 -0,000008
принять 0,248461 0,000102
припай 3,506558 0,001438
природный 0,510826 0,000628
притка 1,427116 0,001755
проба 2,120264 0,000869
проверять 0,820981 0,000673
провести 0,579818 0,000238
проводиться 0,653926 0,000268
прогиб 2,995732 0,002457
продолжительный 1,560648 0,000640
проект -0,009950 -0,000004
прозрачность 2,302585 0,001888
прозрачный 2,813411 0,001154
произойти 0,430783 0,000177
происходить 0,328504 0,000135
происхождение 0,776529 0,000318
пролив 1,771957 0,007992
проложить 1,347074 0,000552
проложный 3,912023 0,001604
просмотр -0,009950 -0,000004
просто 1,171183 0,000960
пространство 0,634878 0,000260
протекать 1,108663 0,000455
протолавразия 3,912023 0,001604
профессор 0,967584 0,000397
проходить 0,462035 0,000379
прохоров 1,078810 0,000885
прошлое 0,673345 0,000276
псковский 2,407946 0,000987
птолемея 3,218876 0,001320
пярну 3,506558 0,001438
работа 0,127833 0,000052
равнинный 2,120264 0,000869
развитие 0,127833 0,000052
раздел 0,342490 0,000421
различный 0,116534 0,000048
разное 1,078810 0,000442
разный 0,314711 0,000258
разработка 0,653926 0,000536
разработчик -0,009950 -0,000004
район 0,430783 0,002296
рана 0,776529 0,000318
располагаться 0,544727 0,000223
расположение 0,776529 0,000318
расположить 0,385662 0,000474
распределить 0,693147 0,000284
распространить 0,616186 0,000253
распространиться 2,302585 0,000944
расти 0,941609 0,000772
расширить 0,967584 0,000397
реальный 0,967584 0,000793
региональный 0,634878 0,000260
ред 0,235722 0,000677
редакция 0,916291 0,000376
режим 0,653926 0,001609
резкий 1,386294 0,000568
результат 0,174353 0,000214
река 0,446287 0,000732
рекомендация 0,776529 0,000637
рекреационный 1,469676 0,001205
рельеф 0,798508 0,001310
республика 0,527633 0,000216
ресурс 0,020203 0,000041
речной 0,693147 0,000568
рига 2,659260 0,001090
рижский 3,506558 0,001438
рисер-ларсена 3,218876 0,001320
родиния 3,912023 0,001604
росбизнесконсалтинг 2,995732 0,001228
роспись 2,813411 0,001154
россииатлантического 2,995732 0,001228
россиискрытые 2,813411 0,001154
российский 0,105361 0,000173
россия 0,174353 0,000572
росток 2,813411 0,001154
рус 0,162519 0,001133
русский -0,009950 -0,000020
русь 1,139434 0,000467
рыбацкий 2,813411 0,001154
рюген 3,912023 0,001604
ряд 0,223144 0,000091
сааремаа 3,912023 0,001604
сам 0,162519 0,000200
самый 0,174353 0,000286
санкт-петербург 0,616186 0,000758
сантиметр 2,659260 0,004361
саргассов 3,218876 0,001320
сардинский 3,218876 0,001320
сарматский 3,218876 0,001320
саулкрасты 3,912023 0,001604
свалка 1,897120 0,000778
свебское 3,912023 0,001604
сведение 0,579818 0,000238
светлогорск 3,506558 0,001438
свидетельствовать 1,386294 0,000568
свитцкое 3,912023 0,001604
свободный -0,009950 -0,000004
свод 2,120264 0,000869
свойство 0,415515 0,000341
связать 0,174353 0,000071
связаться -0,009950 -0,000004
связывать 0,916291 0,000376
связь 0,174353 0,000071
сгонно-нагонные 3,218876 0,001320
сгусток 3,912023 0,001604
себя 0,198451 0,000081
север 0,527633 0,001082
северные 1,171183 0,000960
северный 0,385662 0,002214
сегодня 0,616186 0,000253
сейшевых 3,912023 0,001604
семенов 2,207275 0,000905
сентябрь 0,072571 0,000179
середина 0,356675 0,000146
середонина 3,912023 0,001604
сестрорецк 3,506558 0,001438
сеть 0,356675 0,000146
сечение 3,218876 0,001320
сильно 0,755023 0,000619
система 0,051293 0,000021
системеобсуждениевкладсоздать -0,009950 -0,000004
ситуация 0,693147 0,000284
сказываться 2,407946 0,000987
скалистый 2,659260 0,001090
скандинав 3,506558 0,001438
скандинавский 2,659260 0,002181
скачать -0,009950 -0,000004
скачок 2,995732 0,001228
скоша 3,218876 0,001320
скрыться 2,995732 0,001228
слабосоленый 3,912023 0,001604
слив 3,218876 0,001320
словарь 0,094311 0,000155
слово 0,210721 0,000086
сложиться 0,994252 0,000815
сложный 0,446287 0,000183
слой 1,272966 0,002088
случай -0,009950 -0,000012
смерть 1,609438 0,000660
смола 3,218876 0,001320
смоленский 1,966113 0,000806
смотреть 2,302585 0,000944
сначала 1,386294 0,000568
снижать 2,040221 0,000836
снимок 1,660731 0,000681
сноска 0,733969 0,000602
собрание 0,634878 0,000260
собственно 1,386294 0,000568
собственный 0,446287 0,000183
событияпожертвовать -0,009950 -0,000004
совет 0,462035 0,000189
советский 0,261365 0,000643
современный 0,150823 0,000495
содержание 0,010050 0,000012
соединить 0,994252 0,000408
соединяться 2,120264 0,000869
соленое 2,813411 0,002307
соленость 2,995732 0,013511
соленый 2,407946 0,001975
соловецкого 3,912023 0,001604
солоноватоводный 3,218876 0,001320
солоноватый 3,218876 0,001320
сообщить -0,009950 -0,000004
соответствовать 0,371064 0,000152
сопот 3,912023 0,001604
сост 0,597837 0,000245
состав 0,248461 0,000204
составлять 0,198451 0,000325
составной 1,966113 0,000806
состояние 0,248461 0,000204
сохранение -0,009950 -0,000004
спб 0,385662 0,000632
список 0,210721 0,000173
спицына 3,912023 0,001604
способствовать 0,867501 0,000711
справочный 1,514128 0,000621
спускать 3,912023 0,001604
сравнение 0,733969 0,000301
среда 0,385662 0,000474
среди 0,198451 0,000081
средиземный 2,302585 0,000944
средневековый 1,386294 0,001137
средний 0,371064 0,000609
ссср 0,314711 0,000129
ссылка -0,009950 -0,000045
ссылкасведения -0,009950 -0,000004
стабильность 2,207275 0,000905
стаивать 3,912023 0,001604
сталь 0,415515 0,000170
статистик -0,009950 -0,000004
стать 0,083382 0,000103
статьислучайная -0,009950 -0,000004
статьисообществофорумсправкасвежие -0,009950 -0,000004
статья 0,020203 0,000050
статьяобсуждение -0,009950 -0,000004
статьятекущие -0,009950 -0,000004
сток 1,660731 0,002724
стокгольм 2,995732 0,001228
сторона 0,235722 0,000097
страна 0,235722 0,000387
страница -0,009950 -0,000016
страницасодержаниеизбранные -0,009950 -0,000004
страницецитировать -0,009950 -0,000004
страницуполучить -0,009950 -0,000004
страницыслужебные -0,009950 -0,000004
строительный 0,891598 0,000731
строительство 0,462035 0,000189
строить 1,309333 0,000537
суд 0,693147 0,001989
судно 2,207275 0,000905
судоходство 1,660731 0,000681
суточные 2,407946 0,000987
суша 1,609438 0,001320
существование 0,693147 0,000284
существовать 0,020203 0,000008
счет 0,562119 0,000230
сытина 1,560648 0,001280
сюдасвязанные -0,009950 -0,000004
тайга 1,427116 0,000585
таллин 2,995732 0,001228
татьяна 1,609438 0,000660
тацита 3,506558 0,001438
театр 0,713350 0,000292
текст -0,009950 -0,000012
тектонический 2,659260 0,001090
температура 0,510826 0,001047
температурный 1,897120 0,001556
термоклин 3,218876 0,001320
территория 0,356675 0,000585
течение 0,314711 0,000387
тиммендорф 3,912023 0,001604
тип 0,072571 0,000060
типография 1,171183 0,000480
тирренский 3,218876 0,001320
тихий 1,347074 0,000552
товарный -0,009950 -0,000004
толщина 2,302585 0,000944
точка 0,478036 0,000588
традиция 0,891598 0,000366
трактат 2,302585 0,000944
транспорт 0,616186 0,000505
требование 0,967584 0,000397
три 0,248461 0,000102
туннель 3,506558 0,001438
турист 1,309333 0,000537
тыл 1,771957 0,000727
тыс 0,430783 0,001236
тысяча 0,371064 0,000152
тяжесть 2,302585 0,000944
убивать 2,995732 0,001228
увеличение 0,733969 0,000301
увеличиваться 1,309333 0,000537
угрожать 2,525729 0,001036
удалить 0,579818 0,000475
указание -0,009950 -0,000004
указать 0,083382 0,000103
украинский 1,469676 0,000603
уменьшаться 2,120264 0,002608
ун-та 2,120264 0,000869
универсальный 0,544727 0,000223
упомянуть 1,714798 0,000703
употреблять 2,813411 0,001154
употребляться 1,832581 0,000751
уровень 0,150823 0,000433
усилить 2,207275 0,000905
условие -0,009950 -0,000020
усложнять 3,218876 0,001320
установить 0,328504 0,000135
устный 2,407946 0,000987
устойчивый 1,427116 0,000585
утечка 2,659260 0,001090
утратить 1,272966 0,000522
уходить 1,386294 0,000568
участие -0,009950 -0,000004
участок 0,616186 0,000505
ученые-океанографы 3,912023 0,001604
учетный -0,009950 -0,000004
уэдделла 3,218876 0,001320
фактор 0,994252 0,000408
фарватер 3,218876 0,001320
фгу 2,525729 0,001036
февраль 0,051293 0,000105
федотова 2,995732 0,001228
фемарнбельтский 3,912023 0,001604
фенносарматия 3,912023 0,001604
физико-географический 0,693147 0,000568
фиксироваться 2,120264 0,000869
филология 2,813411 0,001154
фин 2,525729 0,001036
финляндии 2,207275 0,001810
финляндия 1,832581 0,001503
финский 2,659260 0,011993
фленсбурга 3,912023 0,001604
флуоресцентный 3,912023 0,001604
флуоресценция 3,912023 0,001604
фонд -0,009950 -0,000004
форма 0,287682 0,000118
формировать 1,272966 0,001044
фракийский 2,995732 0,001228
футшток 3,218876 0,001320
хайлигендамм 3,912023 0,001604
характеристика 0,415515 0,000170
хватать 0,820981 0,000673
хвойные 2,120264 0,000869
хель 3,912023 0,001604
хельсинкский 3,218876 0,002640
химический 0,867501 0,001423
хлорофилл 3,912023 0,003208
хлынуть 3,506558 0,001438
хмельницкий 3,912023 0,001604
хокона 3,218876 0,001320
хотя 0,653926 0,000804
царь 1,078810 0,000442
цвет 0,941609 0,001158
целое 0,634878 0,000260
цель 0,371064 0,000152
центр 0,287682 0,000826
центральный 0,400478 0,000493
церковь 0,673345 0,000276
частично 0,653926 0,000536
частность 0,462035 0,000189
часто 0,415515 0,000170
часть 0,061875 0,000279
челобитная 2,995732 0,001228
черное 1,237874 0,002030
чертеж 1,660731 0,000681
четвертичный 2,302585 0,000944
чикуров 3,912023 0,001604
читатьправитьправить 0,494296 0,000203
член 0,755023 0,000310
чукотский 2,040221 0,000836
шамраев 3,912023 0,001604
шантарское 2,995732 0,001228
швед 2,407946 0,000987
шведский 2,120264 0,002608
швеции 2,207275 0,001810
швеция 2,120264 0,003477
шельф 2,040221 0,000836
шельфовый 3,218876 0,001320
широта 1,237874 0,000508
шишкина 2,995732 0,001228
шмидт 2,659260 0,001090
штокман 3,912023 0,001604
шторм 2,302585 0,000944
штормовой 2,995732 0,002457
щецин 3,506558 0,001438
щит 1,171183 0,000480
эволюция 1,560648 0,000640
эвтрофикация 2,995732 0,001228
эгейский 2,813411 0,001154
эдиакарии 3,912023 0,001604
экватор 2,525729 0,001036
экз 0,415515 0,000341
экологический 0,693147 0,000568
экология 0,562119 0,000230
экономический 0,478036 0,000196
экспорт -0,009950 -0,000004
эланд 3,912023 0,001604
эландс-седра-грунт 3,912023 0,001604
электронный 0,478036 0,000196
энциклопедический 0,733969 0,000602
энциклопедия -0,009950 -0,000049
эресунн 3,912023 0,001604
эридан 3,912023 0,003208
эридана 3,912023 0,001604
эст 3,218876 0,001320
эстонии 2,525729 0,003107
эстония 2,407946 0,000987
эстонский 3,218876 0,001320
этап 0,634878 0,000260
этимология 0,616186 0,000505
юг 0,693147 0,000284
юго-западный 1,049822 0,000430
южный 0,385662 0,001265
юкатанское 3,218876 0,001320
юрмала 3,912023 0,003208
явление 1,021651 0,000419
являться 0,040822 0,000100
ядовитый 3,218876 0,001320
язык -0,009950 -0,000020
январь 0,105361 0,000173
янтарный 3,218876 0,001320
янтарь 3,218876 0,002640
японский 1,469676 0,000603
