август 1,237874 0,001015
августа 0,072571 0,000179
авт 1,469676 0,000603
авторитетные 0,941609 0,000772
авторства -0,009950 -0,000004
адама 2,995732 0,001228
адриатическое 3,218876 0,001320
аза 3,912023 0,001604
азовское 2,407946 0,001975
акваторий 3,218876 0,001320
акваторию 2,995732 0,001228
актовом 3,912023 0,001604
аландия 3,912023 0,001604
алг 3,912023 0,001604
александра 0,820981 0,000337
александровича 2,525729 0,001036
алфавитубалтийское 3,912023 0,001604
алфавитукарточка 2,207275 0,000905
альбек 3,912023 0,001604
альберт 2,525729 0,001036
альборан 3,218876 0,001320
америке 2,302585 0,000944
амплитуда 2,407946 0,001975
англ 0,174353 0,000214
английское 3,218876 0,001320
андреем 2,995732 0,001228
антарктике 3,218876 0,001320
антропогенным 3,218876 0,001320
анциловое 3,912023 0,006416
апостолом 3,506558 0,001438
аппаратов 2,407946 0,000987
апреле 0,994252 0,000408
апрель 1,469676 0,001205
аргентинское 3,218876 0,001320
арх 0,544727 0,000223
архив 0,462035 0,000189
архивировано 0,020203 0,000108
архиепископов 3,912023 0,001604
архипелаговое 3,912023 0,001604
архипелаговом 3,912023 0,001604
атлантический 2,040221 0,000836
атлантического 2,207275 0,003620
атмосферными 3,506558 0,001438
аюдаг 3,912023 0,001604
багамское 3,218876 0,001320
балеарское 3,218876 0,001320
балти 0,000000 0,000000
балтийск 3,218876 0,002640
балтийская 2,813411 0,001154
балтийские 3,218876 0,001320
балтийский 2,813411 0,002307
балтийским 2,407946 0,000987
балтийского 1,897120 0,014779
балтийское 2,407946 0,037516
балтийском 2,995732 0,003685
балтика 2,659260 0,003271
балтики 3,506558 0,005751
балтикой 3,912023 0,001604
балтику 3,218876 0,001320
балтическое 3,912023 0,001604
бан 3,912023 0,001604
банки 1,560648 0,000640
банок 3,506558 0,001438
баренцево 2,995732 0,001228
бассейна 1,386294 0,000568
бассейнового 2,525729 0,001036
бассейну 2,659260 0,001090
баш 3,506558 0,001438
беларуская 0,000000 0,000000
белое 1,714798 0,000703
бельт 3,506558 0,004313
берега 0,916291 0,001503
берегам 1,897120 0,001556
берегов 1,832581 0,000751
береговая 1,966113 0,000806
береговой 2,040221 0,000836
берингово 2,995732 0,001228
бессточных 2,813411 0,001154
библиографических 0,094311 0,000039
библиотека 0,462035 0,000189
бинц 3,912023 0,001604
бискайский 3,218876 0,001320
благословение 3,506558 0,001438
близки 2,813411 0,001154
близких 2,525729 0,001036
богато 2,995732 0,001228
большая 0,072571 0,000327
большим 1,560648 0,000640
большинстве 1,386294 0,000568
больших 1,272966 0,000522
большое 0,544727 0,000223
большой 0,328504 0,000404
большому 2,407946 0,000987
борнхольм 3,912023 0,001604
борта 3,218876 0,001320
ботника 3,912023 0,001604
ботнический 3,506558 0,002875
ботнического 3,912023 0,004812
ботническом 3,912023 0,004812
брала 3,912023 0,001604
брали 2,995732 0,001228
бременского 3,912023 0,001604
брокгауза 0,328504 0,000539
будущего 1,427116 0,000585
буряад 0,000000 0,000000
бухт 3,912023 0,001604
бухты 2,813411 0,001154
български 0,000000 0,000000
былинах 3,912023 0,001604
быстрому 2,813411 0,001154
варяжское 3,506558 0,007189
ваттовое 3,218876 0,001320
вашла 0,000000 0,000000
вблизи 1,139434 0,000467
вводной 3,912023 0,001604
вдается 3,912023 0,001604
ведется 0,994252 0,000408
века 0,248461 0,000407
великого 1,203973 0,000494
величества 2,525729 0,001036
величина 2,407946 0,000987
вента 3,912023 0,001604
вентспилс 3,506558 0,001438
вентспилса 3,912023 0,001604
версия -0,009950 -0,000008
верхний 1,427116 0,000585
вершинах 3,506558 0,002875
вершине 2,525729 0,001036
весом 2,525729 0,001036
вести 0,843970 0,000346
ветвистая 3,912023 0,001604
ветра 1,049822 0,000430
веществ 1,171183 0,000480
веществами 2,525729 0,001036
виде 0,235722 0,000193
видны 2,813411 0,001154
викиданные 0,776529 0,000637
викиданных -0,009950 -0,000004
викимедиа -0,009950 -0,000004
википедии -0,009950 -0,000008
википедия -0,009950 -0,000029
викискладвикиновостиэлемент 1,897120 0,000778
викискладе 0,174353 0,000071
виронии 3,912023 0,001604
виряйским 3,912023 0,001604
вирянским 3,912023 0,001604
висла 3,912023 0,001604
висмара 3,912023 0,001604
включает 0,462035 0,000947
владимирскому 3,912023 0,001604
влияние 0,776529 0,000318
вместе 0,510826 0,000209
внешние 0,051293 0,000021
внутриматериковое 3,912023 0,001604
вод 1,078810 0,000885
вода 1,203973 0,002468
водного 1,171183 0,000960
водные 1,386294 0,001137
водным 2,120264 0,000869
водоема 2,120264 0,000869
водой 2,120264 0,000869
водообмен 3,506558 0,001438
воду 1,386294 0,000568
воды 0,653926 0,004290
военная 1,108663 0,000909
возможны 2,207275 0,000905
возникает 2,407946 0,000987
возникла 2,040221 0,000836
войны 0,478036 0,000196
волин 3,506558 0,002875
волн 2,120264 0,002608
волнение 3,506558 0,001438
волны 2,040221 0,002509
волшебные 0,040822 0,000017
волынским 3,912023 0,001604
восток 1,021651 0,000419
востоку 1,514128 0,000621
восточная 1,309333 0,001074
восточно-сибирское 2,407946 0,000987
восточное 2,040221 0,004182
восточной 0,693147 0,000568
восточным 2,407946 0,000987
восходящих 3,912023 0,001604
впадала 3,506558 0,001438
впадающие 2,302585 0,000944
впадина 2,995732 0,001228
впадинах 3,912023 0,001604
впервые 0,385662 0,000316
времени 0,186330 0,000076
временных 2,302585 0,000944
время 0,030459 0,000075
всей 0,693147 0,000284
всему 1,272966 0,000522
всплывший 3,912023 0,001604
встречается 1,203973 0,001975
встречаться 2,813411 0,001154
встречаются 1,272966 0,000522
вся 0,994252 0,000408
второго 1,139434 0,000467
второй 0,274437 0,000338
выборг 2,302585 0,001888
выделяют 1,609438 0,000660
вызвала 2,207275 0,000905
высоким 1,514128 0,000621
высот 2,120264 0,000869
высота 0,562119 0,000691
высотой 1,108663 0,000909
выше 0,616186 0,000505
газопровод 2,659260 0,002181
гамбургской 3,912023 0,001604
гвркарточка 2,813411 0,001154
гданьск 2,813411 0,001154
гдыня 3,506558 0,001438
гебридское 3,218876 0,001320
гельбке 3,912023 0,001604
географии 1,609438 0,001320
география 0,462035 0,000189
геологическая 2,525729 0,002071
георгиевского 3,506558 0,001438
германией 2,302585 0,000944
германии 1,427116 0,002926
германия 1,203973 0,001481
гидрологический 2,659260 0,002181
гидрологического 3,506558 0,001438
гидрология 2,120264 0,000869
гидрометеоиздат 1,897120 0,002333
гкгнпро 0,916291 0,000376
главный 0,916291 0,000376
глинистого 3,912023 0,001604
глубин 2,407946 0,000987
глубина 1,609438 0,002640
глубинным 3,912023 0,001604
глубиной 2,995732 0,002457
глубины 2,207275 0,004525
глубокая 2,659260 0,001090
глубоко 2,302585 0,000944
глубоководных 2,995732 0,001228
год 0,235722 0,000483
года -0,009950 -0,000073
годавикипедия 0,616186 0,000253
годовая 2,120264 0,000869
году 0,072571 0,000089
годувикипедия 2,407946 0,000987
годы 0,356675 0,000146
голубовато-зеленый 3,912023 0,001604
голынское 3,912023 0,001604
гор 1,309333 0,000537
горам 2,995732 0,001228
горизонт 2,525729 0,002071
горизонтам 3,218876 0,002640
города 0,430783 0,000353
государств 1,203973 0,000494
государственный 0,430783 0,000177
готланд 3,912023 0,001604
готландской 3,912023 0,001604
грамотах 2,813411 0,001154
греч 1,427116 0,000585
грунта 2,995732 0,001228
губа 2,659260 0,001090
далее 0,693147 0,000284
данией 3,506558 0,001438
дании 2,659260 0,001090
дания 2,407946 0,004936
данные 0,510826 0,000628
данным 0,415515 0,000341
дат 1,966113 0,000806
дата 0,030459 0,000112
датская 0,342490 0,000140
датские 3,912023 0,004812
датских 3,218876 0,005279
датское 3,912023 0,001604
датчанам 3,912023 0,001604
даугава 3,912023 0,001604
движения 0,733969 0,000301
двина 3,506558 0,001438
действовать -0,009950 -0,000004
декабрь 1,108663 0,000909
декабря 0,105361 0,000043
делают 2,120264 0,000869
деле 1,660731 0,000681
дельта 2,040221 0,000836
деревьев 1,469676 0,000603
деяния 3,218876 0,001320
джаксон 3,506558 0,001438
дженсен 3,912023 0,001604
динамическое 3,506558 0,001438
дини 3,912023 0,001604
длина 1,171183 0,000480
длинного 2,995732 0,001228
длинное 3,218876 0,001320
дмитрия 1,560648 0,000640
дна 2,207275 0,007240
дно 2,120264 0,000869
дну 2,659260 0,002181
добавив 0,941609 0,000772
добровольский 2,813411 0,001154
довольно 0,891598 0,000366
документах 1,560648 0,001280
документе 2,525729 0,002071
долгий 2,813411 0,001154
должна 0,544727 0,000447
долина 1,660731 0,001362
донный 3,912023 0,001604
донных 2,813411 0,002307
доп 0,597837 0,000490
дополнительные -0,009950 -0,000004
достиг 1,469676 0,000603
достигать 1,966113 0,001612
достигают 2,525729 0,001036
достигая 2,525729 0,002071
доступен -0,009950 -0,000004
древнее 2,302585 0,000944
древнескандинавское 3,912023 0,001604
древних 1,469676 0,000603
древностей 2,207275 0,001810
дрейфовал 3,912023 0,001604
дрейфующий 3,912023 0,001604
другие 0,030459 0,000025
другими 0,616186 0,000253
других -0,009950 -0,000008
дудельзак 3,912023 0,001604
евразии 1,609438 0,001320
евразия 2,120264 0,000869
европа 0,941609 0,000386
европе 0,916291 0,000376
европы 0,673345 0,001104
единая 1,469676 0,000603
единый 1,469676 0,000603
есимо 3,218876 0,002640
ефрона 0,328504 0,000539
железно-марганцевые 3,912023 0,001604
желто-зеленый 3,912023 0,001604
жесткие 2,525729 0,001036
живой 2,207275 0,000905
жильцов 3,506558 0,001438
жития 3,912023 0,001604
заглавная -0,009950 -0,000004
загрязнением 2,302585 0,000944
законов 1,660731 0,000681
залежи 2,659260 0,001090
залив 1,897120 0,004667
залива 2,040221 0,005019
заливах 2,995732 0,002457
заливе 2,407946 0,005924
заливов 2,995732 0,001228
заливы 2,525729 0,001036
залогин 3,218876 0,001320
заменить 0,562119 0,000230
запад 1,427116 0,000585
западе 1,347074 0,000552
западная 1,560648 0,001280
западное 2,207275 0,000905
западной 0,994252 0,000408
западу 1,771957 0,000727
запасы 1,832581 0,000751
записьвойти -0,009950 -0,000004
заполняется 3,506558 0,001438
зарегистрирован 1,771957 0,000727
зарегистрированный -0,009950 -0,000004
затем 0,527633 0,000216
затопленных 3,912023 0,001604
затоплено 2,995732 0,001228
зафиксирована 2,120264 0,000869
захоронение 2,995732 0,001228
защите 1,897120 0,000778
заявление -0,009950 -0,000004
збекча 0,000000 0,000000
зеленого 2,302585 0,000944
зеленогорск 3,218876 0,001320
зеленоградск 3,218876 0,001320
зелинского 3,912023 0,001604
земной 2,120264 0,000869
зимних 1,897120 0,000778
знак -0,009950 -0,000004
значение 0,314711 0,000129
значительная 1,609438 0,000660
значительное 1,309333 0,000537
значительной 1,469676 0,000603
значительный 1,347074 0,000552
зоне 0,527633 0,000216
зонн 3,506558 0,001438
зубова 2,407946 0,000987
зуев 3,506558 0,001438
ивана 1,078810 0,000442
идет 1,078810 0,000442
идти 3,218876 0,001320
идущие 2,995732 0,001228
из-за 0,415515 0,000681
избыток 3,912023 0,001604
изд 0,314711 0,000258
изд-во 1,049822 0,000430
изменению 2,302585 0,000944
измерения 2,207275 0,000905
изучали 3,506558 0,001438
икарийское 3,218876 0,001320
ила 3,506558 0,001438
имеет 0,235722 0,000193
имеется 0,653926 0,000268
имени 0,462035 0,000189
имеют 0,371064 0,000152
имеются 0,843970 0,000346
императорского 2,040221 0,000836
империи 0,733969 0,000301
иначе 0,733969 0,000602
институт 0,478036 0,000196
инструментально 3,912023 0,001604
инструменты -0,009950 -0,000008
интернет 0,916291 0,000376
информации 0,446287 0,000183
информация 0,446287 0,000366
иольдиевое 3,912023 0,004812
ионическое 3,218876 0,001320
ипполитов 3,912023 0,001604
иприта 3,912023 0,001604
ирландское 3,218876 0,001320
ирмингера 3,218876 0,001320
ирон 0,000000 0,000000
ируаз 3,218876 0,001320
исключение 2,525729 0,001036
исключительной 3,218876 0,001320
использования -0,009950 -0,000004
использующие 0,040822 0,000017
исследования 0,733969 0,000301
исследователи 1,469676 0,000603
ист 2,659260 0,001090
исток 1,469676 0,000603
исторической 1,171183 0,000480
история 0,051293 0,000084
источник -0,009950 -0,000004
источниках 1,386294 0,000568
источники 0,415515 0,000852
источников 0,371064 0,000913
июль 0,579818 0,000475
июля 0,116534 0,000191
июне 0,967584 0,000397
июнь 0,544727 0,000447
июня 0,116534 0,000143
йское 0,000000 0,000000
калининград 2,407946 0,000987
калининградской 3,218876 0,001320
калькой 3,912023 0,001604
канского 3,912023 0,001604
канцелярии 2,407946 0,000987
карибское 3,218876 0,001320
карское 2,302585 0,000944
картами 0,562119 0,000230
картах 2,040221 0,000836
карте 1,108663 0,000455
картине 3,218876 0,001320
картировали 3,912023 0,001604
картографических 3,912023 0,001604
каспийское 1,897120 0,000778
каталанская 0,527633 0,000216
каталогах 0,094311 0,000039
категории -0,009950 -0,000008
каяно 3,912023 0,001604
кельтское 3,218876 0,001320
киликийское 3,218876 0,001320
киль 3,218876 0,001320
кипрское 3,218876 0,001320
китайская 0,776529 0,000318
клайпеда 3,506558 0,001438
классических 1,897120 0,001556
классической 1,609438 0,000660
климат 0,494296 0,000203
климкин 3,912023 0,001604
книге 1,309333 0,001074
князя 1,139434 0,000467
код -0,009950 -0,000073
кодекс -0,009950 -0,000004
кодистория 0,116534 0,000048
колебаний 2,040221 0,001673
колебания 1,714798 0,000703
количеством 1,514128 0,000621
колобжег 3,506558 0,001438
колпакова 3,912023 0,001604
комиссия 1,609438 0,000660
конвенция 2,525729 0,002071
конкреции 3,912023 0,001604
контейнеров 2,525729 0,001036
континентальной 2,407946 0,000987
контуры 3,506558 0,001438
конфиденциальности -0,009950 -0,000004
копенгаген 3,218876 0,001320
коричневатого 3,912023 0,001604
коричневого 3,912023 0,001604
короля 2,659260 0,001090
короткий -0,009950 -0,000004
коры 2,813411 0,003461
косой 3,912023 0,001604
костяной 3,506558 0,001438
котлино 3,912023 0,001604
котловин 3,218876 0,001320
котловина 3,506558 0,001438
котловине 2,659260 0,001090
которой 0,174353 0,000071
котором 0,301105 0,000123
которые 0,162519 0,000067
который 0,105361 0,000043
которых 0,094311 0,000039
кошалин 3,506558 0,001438
кошкина 3,912023 0,001604
крайняя 2,659260 0,004361
кратон 3,912023 0,001604
критское 3,218876 0,001320
кроме 0,235722 0,000193
кронштадта 3,912023 0,001604
кронштадтского 2,995732 0,001228
круга 2,525729 0,002071
круизных 2,813411 0,001154
крупнейшим 1,203973 0,000494
крупные 0,579818 0,001426
крупный 0,798508 0,000327
круче 3,506558 0,001438
куки -0,009950 -0,000004
купца 1,560648 0,000640
курорты 2,302585 0,000944
куршский 3,912023 0,001604
куршской 3,506558 0,001438
куски 3,912023 0,001604
куторги 3,912023 0,001604
къарачай-малкъар 0,000000 0,000000
кыргызча 0,000000 0,000000
кырык 1,771957 0,000727
лабрадор 3,218876 0,001320
лавразия 3,912023 0,001604
лаврентьевской 3,506558 0,001438
лавруссия 3,912023 0,001604
лазарева 2,302585 0,000944
лайнеров 3,506558 0,001438
ландсортская 3,912023 0,001604
лапландии 3,912023 0,001604
лаптевых 2,302585 0,000944
ларусса 1,078810 0,000442
лат 1,771957 0,001453
латвии 2,813411 0,002307
латвия 2,302585 0,000944
латиноязычном 3,912023 0,001604
латинский 3,912023 0,001604
латыш 2,813411 0,001154
латышское 3,912023 0,001604
левантийское 3,218876 0,001320
лед 1,897120 0,003111
ледника 2,995732 0,003685
ледникового 3,218876 0,002640
ледниковое 3,506558 0,004313
ледниковым 3,912023 0,001604
ледовитого 1,832581 0,000751
лезги 0,000000 0,000000
лексикон 2,995732 0,001228
леонов 2,659260 0,001090
лет 0,223144 0,000823
летом 0,597837 0,000490
летописи 1,609438 0,001320
ливийское 3,218876 0,001320
лигурийское 3,218876 0,001320
лидарные 3,912023 0,001604
лидаром 3,912023 0,001604
лиепая 3,506558 0,001438
линии 0,755023 0,000310
линия 0,891598 0,000366
лит 2,302585 0,000944
литва 2,407946 0,000987
литве 3,218876 0,001320
литвы 3,218876 0,001320
литература 0,061875 0,000051
литературных 2,302585 0,000944
литовская 1,309333 0,000537
литовское 3,506558 0,001438
литоринового 3,912023 0,001604
литориновое 3,912023 0,003208
лицензии -0,009950 -0,000004
льда 1,832581 0,001503
льдом 2,207275 0,000905
льшая 0,000000 0,000000
льшую 0,000000 0,000000
любавского 3,912023 0,001604
любек 3,506558 0,001438
любкер 3,506558 0,001438
май 0,597837 0,000490
македонски 0,000000 0,000000
максимальная 1,560648 0,000640
максимальной 2,207275 0,000905
малый 0,371064 0,000456
марке 2,995732 0,001228
март 0,616186 0,000758
марте 0,967584 0,000397
маршруту 1,832581 0,000751
мары 0,000000 0,000000
массив 2,302585 0,000944
мастоглоевое 3,912023 0,001604
материал -0,009950 -0,000004
материале 2,525729 0,001036
материков 2,995732 0,001228
материкового 3,218876 0,001320
материком 3,506558 0,001438
мая 0,139262 0,000114
медиафайлы 0,301105 0,000123
медленно 2,120264 0,000869
международные 0,941609 0,000386
мексиканский 3,218876 0,001320
мелководными 3,912023 0,001604
мелководных 2,813411 0,002307
мелководью 3,912023 0,001604
менее 0,314711 0,000129
меняется 1,714798 0,000703
места 0,579818 0,000238
месте 0,544727 0,000447
месторождений 2,040221 0,000836
месторождения 1,966113 0,000806
метеорологических 2,995732 0,001228
метр 2,659260 0,001090
метра 1,560648 0,001280
метров 0,776529 0,004457
мешко 3,912023 0,001604
миллиарда 1,966113 0,000806
миллионов 1,078810 0,000885
мир 0,342490 0,000140
мира 0,415515 0,000170
мире 0,494296 0,000203
мирового 1,609438 0,000660
мировой 0,733969 0,000301
мировом 2,659260 0,001090
мировым 2,659260 0,001090
миртойское 3,218876 0,001320
млн 0,462035 0,000189
многие 0,356675 0,000146
мобильная -0,009950 -0,000004
могут -0,009950 -0,000012
можете 0,653926 0,000536
монастыря 1,309333 0,000537
монгол 0,000000 0,000000
монография 2,659260 0,001090
море 1,049822 0,038739
морем 1,771957 0,006539
мореморя 3,912023 0,001604
морепродуктами 3,912023 0,001604
морская 2,525729 0,001036
морские 1,609438 0,000660
морской 1,309333 0,003221
моря 0,579818 0,012124
морями 2,040221 0,004182
моск 2,302585 0,000944
москва 0,400478 0,000164
московских 2,040221 0,000836
мост 0,967584 0,000397
мосты 1,427116 0,000585
мощный 2,207275 0,000905
мраморное 3,218876 0,001320
наблюдается 1,021651 0,000838
наблюдаются 1,966113 0,000806
навигации -0,009950 -0,000004
навигационных 2,995732 0,001228
навигацию 2,659260 0,001090
навигация -0,009950 -0,000008
нагоны 3,912023 0,001604
назад 1,108663 0,003636
назван 1,078810 0,000442
название 0,198451 0,000651
названия 0,342490 0,000983
называется 0,916291 0,000751
назывался 1,347074 0,000552
называют 0,916291 0,000376
наиболее 0,139262 0,000057
наибольшая 1,832581 0,000751
наличие 1,108663 0,000455
нами -0,009950 -0,000004
направлении 1,108663 0,000455
например 0,328504 0,000269
нарва 3,912023 0,001604
нарва-йыэсуу 3,912023 0,001604
наряду 1,078810 0,000442
наса 2,995732 0,001228
наступлением 3,912023 0,001604
научно-исследовательском 3,218876 0,001320
научно-образовательный 0,967584 0,000397
научных 0,776529 0,000318
находилась 1,514128 0,000621
находили 3,912023 0,001604
находится 0,328504 0,000539
находясь 2,302585 0,000944
началась 0,967584 0,000397
начинается 0,755023 0,000310
небольшая 1,897120 0,000778
небольшие 1,832581 0,000751
небольших 1,660731 0,000681
небольшой 1,427116 0,000585
нева 2,813411 0,002307
невского 1,427116 0,000585
недоступны 3,218876 0,001320
незначительно 2,407946 0,000987
незначительным 3,506558 0,001438
некоммерческой -0,009950 -0,000004
некоторое 1,771957 0,000727
некоторые 0,301105 0,000123
некоторых 0,494296 0,000405
нем 0,356675 0,000292
неман 3,506558 0,001438
немецкая 1,966113 0,000806
немецкое 2,995732 0,001228
нена 3,912023 0,001604
нередки 2,813411 0,001154
неринга 3,506558 0,001438
неровное 3,506558 0,001438
несколько 0,150823 0,000062
нефти 1,514128 0,000621
нефть 1,832581 0,000751
нидерландов 2,813411 0,001154
ниже 0,693147 0,000284
низкая 1,660731 0,000681
низкую 2,995732 0,001228
никитина 2,302585 0,000944
николаев 2,407946 0,000987
нис 3,506558 0,001438
новгородских 3,506558 0,002875
новгородского 3,912023 0,001604
новгородской 2,407946 0,001975
новицкого 2,995732 0,001228
новости 0,579818 0,000238
норвежская 0,248461 0,000102
нохчийн 0,000000 0,000000
ноябре 0,994252 0,000408
ноябрь 1,171183 0,000960
ноября 0,127833 0,000262
нська 0,000000 0,000000
нуна 3,912023 0,001604
нынешнего 1,771957 0,000727
обзор 1,171183 0,000480
областей 1,049822 0,000430
области 0,223144 0,000183
областях 1,560648 0,000640
обледенение 3,506558 0,001438
обмен 1,832581 0,000751
обменом 3,506558 0,001438
обнаруженные 3,218876 0,001320
обнаружены 1,771957 0,000727
обозначена 3,218876 0,001320
образовавшийся 3,912023 0,001604
образовалось 2,525729 0,003107
образовался 2,407946 0,000987
образования 0,478036 0,000392
образованная 2,995732 0,001228
обращения 0,030459 0,000112
обстановке 2,995732 0,001228
обусловлено 2,207275 0,000905
общества 0,776529 0,000318
общий 0,916291 0,000751
общим 1,427116 0,000585
объекта 1,203973 0,000987
объекты 0,478036 0,000588
объем 0,616186 0,000505
обычно 0,693147 0,000568
овидия 3,506558 0,001438
оги 3,912023 0,001604
ограничительный 3,912023 0,001604
огромного 2,995732 0,001228
одер 3,506558 0,001438
однако 0,174353 0,000071
одном 1,139434 0,000467
озеро 1,049822 0,003443
оказалась 1,771957 0,000727
оказывают 1,660731 0,000681
океан 1,714798 0,001406
океана 1,272966 0,003653
океанавнутренние 3,218876 0,001320
океанаморя 3,218876 0,001320
океане 2,659260 0,001090
океанов 2,040221 0,000836
океанографический 3,912023 0,001604
океанография 3,912023 0,001604
океанология 3,506558 0,002875
океаном 2,525729 0,003107
около 0,000000 0,000000
окончанием 3,506558 0,001438
округаморя 3,912023 0,001604
окружающей 1,049822 0,000861
октябре 0,967584 0,000397
октябрь 0,867501 0,000711
октября 0,083382 0,000068
оледенения 2,813411 0,001154
омывает 2,995732 0,002457
онлайн 0,198451 0,000163
опасностей 3,218876 0,001320
описание -0,009950 -0,000004
опресненный 3,912023 0,001604
опускаясь 3,912023 0,001604
организации -0,009950 -0,000004
органикой 3,912023 0,001604
оригинала 0,162519 0,000733
ортса 0,000000 0,000000
оружие 2,120264 0,000869
оружием 2,525729 0,001036
оружия 1,560648 0,001280
осадками 1,771957 0,000727
осадков 0,544727 0,000670
осадкой 3,218876 0,001320
освобождаются 3,506558 0,001438
осипов 0,527633 0,000216
осматривали 3,912023 0,001604
основную 1,832581 0,000751
особенности 0,994252 0,000408
особенностью 1,609438 0,001320
остатки 1,469676 0,000603
острова 1,078810 0,000442
островов 1,897120 0,002333
отв 0,755023 0,000310
ответственности -0,009950 -0,000004
отделения 1,021651 0,000419
отделенный 3,912023 0,001604
отдельным 2,207275 0,000905
отдельных -0,009950 -0,000004
отказ -0,009950 -0,000004
отложениями 2,813411 0,001154
отмелей 3,912023 0,001604
относительно 0,415515 0,000170
относительной 2,407946 0,000987
относится 0,733969 0,000301
отношения 0,994252 0,000408
ото 2,813411 0,001154
отравляющих 3,218876 0,001320
отредактирована -0,009950 -0,000004
отредактировать 0,967584 0,000793
отступления 3,506558 0,001438
отсутствует 1,272966 0,001044
отсчет 2,995732 0,001228
оттенка 3,912023 0,001604
охотское 2,813411 0,001154
охрана 1,771957 0,001453
очерк 1,237874 0,001015
ошибкекак -0,009950 -0,000004
паланга 3,912023 0,001604
пангея 3,912023 0,001604
паннотия 3,912023 0,001604
параллельно 1,237874 0,000508
параметры 2,120264 0,000869
парафина 3,912023 0,003208
педагогики 3,218876 0,001320
пейзаж 2,813411 0,001154
первая 0,430783 0,000177
перейти -0,009950 -0,000008
перемешивается 3,912023 0,001604
переправы 1,832581 0,000751
пересек 3,912023 0,003208
переяславского 3,912023 0,001604
период 0,342490 0,000140
периода 0,967584 0,000397
персональные -0,009950 -0,000004
пески 2,040221 0,000836
песчаной 3,506558 0,001438
петра 1,078810 0,000442
петру 1,771957 0,000727
печати -0,009950 -0,000004
печать -0,009950 -0,000004
печорское 2,995732 0,001228
пионерский 2,995732 0,001228
письма 1,897120 0,000778
письменной 3,218876 0,001320
плавания 2,659260 0,001090
планируется 1,021651 0,000419
планктона 2,995732 0,001228
плиты 2,995732 0,001228
площадь 0,478036 0,000392
пляжа 2,995732 0,001228
пляже 3,506558 0,001438
побережье 1,560648 0,000640
побережья 1,427116 0,001755
поведения -0,009950 -0,000004
поверхности 1,514128 0,001862
поверхностного 2,995732 0,001228
поверхностные 2,525729 0,001036
поверхностных 1,714798 0,000703
повести 1,897120 0,000778
повышения 2,207275 0,000905
повышенное 3,506558 0,001438
погружного 3,912023 0,001604
подписана 2,813411 0,001154
подробнее -0,009950 -0,000004
подсеверная 3,912023 0,001604
подъема 2,813411 0,001154
подъемы 3,218876 0,001320
поиск -0,009950 -0,000004
поиску -0,009950 -0,000012
покрываются 3,912023 0,003208
покрыта 2,659260 0,001090
покрыты 2,120264 0,000869
пол 1,897120 0,000778
политика -0,009950 -0,000004
полное 1,139434 0,000467
половина 1,171183 0,000480
положению 2,995732 0,001228
полусуточные 3,912023 0,001604
полушарии 2,659260 0,001090
польское 3,912023 0,001604
польском 3,506558 0,001438
польша 1,966113 0,000806
польше 2,659260 0,001090
польши 2,659260 0,001090
полярного 3,218876 0,002640
помощью 0,634878 0,000260
понижается 2,813411 0,001154
понравилось 2,995732 0,001228
понта 3,506558 0,001438
попадания 2,995732 0,001228
пор 0,941609 0,000386
портал 0,342490 0,000281
портовая 2,995732 0,001228
порты 1,714798 0,000703
поскольку 0,941609 0,000386
последнего 1,609438 0,000660
последний -0,009950 -0,000004
последняя 0,342490 0,000140
послеледниковое 3,912023 0,001604
пособие 1,609438 0,000660
пособиях 3,912023 0,001604
построенных 1,771957 0,000727
поступают 2,813411 0,001154
поступающей 3,218876 0,001320
поток 1,660731 0,001362
почтовой 2,040221 0,000836
поэты 2,407946 0,000987
появления 1,514128 0,000621
появляется 1,560648 0,000640
правительственных 2,813411 0,001154
править -0,009950 -0,000139
правка 0,328504 0,000135
правкиновые -0,009950 -0,000004
правкипостоянная -0,009950 -0,000004
пребывал 3,912023 0,001604
превратилась 2,040221 0,000836
превышает 0,967584 0,001190
преголя 3,506558 0,001438
пределах 0,510826 0,000419
представились -0,009950 -0,000004
представляют 1,237874 0,000508
прежнее 2,120264 0,000869
прекратил 1,660731 0,000681
препятствовать 3,506558 0,001438
пресноводный 3,506558 0,001438
пресной 2,659260 0,002181
прибалтийские 3,912023 0,001604
приблизился 3,912023 0,001604
приблизительно 1,514128 0,001242
прибрежный 2,813411 0,001154
прибрежных 2,302585 0,002832
приливы 3,218876 0,001320
примерно 0,634878 0,001302
примечания -0,009950 -0,000008
принято 0,713350 0,000292
припаем 3,912023 0,001604
природной 1,897120 0,000778
природные 1,108663 0,000909
приток 1,427116 0,001755
пробы 2,995732 0,001228
проведены 1,966113 0,000806
проверяема 0,967584 0,000793
проводилось 2,813411 0,001154
прогиб 3,506558 0,001438
прогибом 3,912023 0,001604
продолжительное 2,813411 0,001154
проектах -0,009950 -0,000004
прозрачна 3,506558 0,001438
прозрачность 2,525729 0,002071
произошел 1,171183 0,000480
происходит 0,634878 0,000260
происхождения 1,272966 0,000522
пролив 2,040221 0,000836
проливах 3,912023 0,003208
проливов 3,218876 0,005279
проливы 2,813411 0,004614
проложен 2,995732 0,001228
проложной 3,912023 0,001604
просмотры -0,009950 -0,000004
просто 1,272966 0,001044
пространства 1,049822 0,000430
протекавшей 3,912023 0,001604
протолавразия 3,912023 0,001604
профессор 1,660731 0,000681
проходят 0,941609 0,000386
проходящих 2,995732 0,001228
прохоров 1,078810 0,000885
прошлом 1,108663 0,000455
псковской 3,218876 0,001320
птолемея 3,218876 0,001320
пярну 3,506558 0,001438
работы 0,314711 0,000129
равнинное 3,912023 0,001604
развития 0,287682 0,000118
разделами 0,891598 0,000366
разделе 0,776529 0,000637
различных 0,385662 0,000158
разное 1,966113 0,000806
разных 0,510826 0,000419
разработка 1,347074 0,000552
разработке 1,560648 0,000640
разработчики -0,009950 -0,000004
район 0,597837 0,000245
района 0,673345 0,000276
районах 0,941609 0,001158
районе 0,527633 0,001514
районов 0,562119 0,000230
ран 0,776529 0,000318
располагался 1,660731 0,000681
расположена 0,916291 0,000376
расположение 1,139434 0,000467
расположенное 2,407946 0,000987
расположено 0,916291 0,000376
распределенные 1,514128 0,000621
распространены 1,832581 0,000751
распространился 3,912023 0,001604
растет 1,660731 0,000681
расширенной 2,995732 0,001228
реальный 1,897120 0,001556
региональная 2,207275 0,000905
ред 0,235722 0,000677
редакции 1,966113 0,000806
режим 1,108663 0,002273
режима 2,120264 0,000869
резкий 2,813411 0,001154
результате 0,342490 0,000421
рек 0,820981 0,000337
реки 0,462035 0,000568
рекомендации 0,843970 0,000692
рекреационные 2,659260 0,002181
рельеф 0,941609 0,001544
республики 0,916291 0,000376
ресурсы 0,020203 0,000041
речного 1,139434 0,000467
речной 0,916291 0,000376
рига 2,813411 0,001154
рижский 3,506558 0,001438
рисер-ларсена 3,218876 0,001320
родиния 3,912023 0,001604
росбизнесконсалтинг 2,995732 0,001228
росла 3,218876 0,001320
росписи 3,218876 0,001320
россии 0,186330 0,000458
россииатлантического 2,995732 0,001228
россиискрытые 2,813411 0,001154
российская 0,186330 0,000229
российской 0,385662 0,000158
россия 0,371064 0,000304
росток 3,218876 0,001320
рус 0,162519 0,001133
руси 1,347074 0,000552
русиньскыйсаха 0,000000 0,000000
русский -0,009950 -0,000004
русских 0,843970 0,000692
русское 0,755023 0,000310
русской 0,673345 0,000276
рыбацкие 3,912023 0,001604
рюген 3,912023 0,001604
ряде 1,237874 0,000508
сааремаа 3,912023 0,001604
самая 0,798508 0,000655
самого 0,891598 0,000731
самом 1,108663 0,000455
самые 1,021651 0,000419
самый 0,579818 0,000238
санкт-петербург 0,776529 0,000637
санкт-петербурга 1,514128 0,000621
сантиметров 2,659260 0,004361
саргассово 3,218876 0,001320
сардинское 3,218876 0,001320
сарматский 3,912023 0,001604
саулкрасты 3,912023 0,001604
свалок 2,659260 0,001090
свебское 3,912023 0,001604
сведения 0,867501 0,000356
светлогорск 3,506558 0,001438
свидетельствует 1,771957 0,000727
свитцкое 3,912023 0,001604
свободной -0,009950 -0,000004
своду 3,912023 0,001604
свойство 0,653926 0,000536
свяжитесь -0,009950 -0,000004
связанные 1,021651 0,000419
связывающих 3,912023 0,001604
связь 0,616186 0,000253
сгонно-нагонные 3,218876 0,001320
сгустки 3,912023 0,001604
север 1,171183 0,000480
севере 1,139434 0,001869
северная 1,078810 0,000885
северного 1,021651 0,001257
северное 1,514128 0,003104
северной 0,693147 0,000568
северный 0,820981 0,000673
северным 1,771957 0,001453
сегодня 0,616186 0,000253
сейшевых 3,912023 0,001604
семенов 2,207275 0,000905
сентябрь 1,309333 0,001074
сентября 0,072571 0,000119
середины 0,967584 0,000397
середонина 3,912023 0,001604
сестрорецк 3,506558 0,001438
сети 0,494296 0,000203
сечению 3,506558 0,001438
сильно 0,776529 0,000637
система 0,235722 0,000097
системеобсуждениевкладсоздать -0,009950 -0,000004
ситуациях 2,813411 0,001154
сказывается 2,813411 0,001154
скалистое 3,506558 0,001438
скандинавов 3,912023 0,001604
скандинавским 3,912023 0,001604
скандинавских 2,813411 0,001154
скачать -0,009950 -0,000004
скачок 3,506558 0,001438
скоша 3,218876 0,001320
скрылась 3,506558 0,001438
слабосоленой 3,912023 0,001604
слив 3,912023 0,001604
слова 0,562119 0,000230
словари 0,116534 0,000048
словарь 0,274437 0,000338
слоев 2,040221 0,000836
сложились 2,525729 0,001036
сложился 2,407946 0,000987
сложной 2,659260 0,001090
слой 2,120264 0,001739
слоя 2,407946 0,000987
случаи 1,714798 0,000703
случай 2,525729 0,001036
случаях -0,009950 -0,000004
смерти 1,771957 0,000727
смола 3,506558 0,001438
смоленских 3,912023 0,001604
смотрите 3,218876 0,001320
сначала 1,386294 0,000568
снижает 2,302585 0,000944
снимок 2,040221 0,000836
сносок 0,843970 0,000692
собой 0,328504 0,000135
собрание 0,941609 0,000386
собственно 1,386294 0,000568
собственной 1,660731 0,000681
событияпожертвовать -0,009950 -0,000004
советов 0,820981 0,000337
советская 0,371064 0,000913
современное 1,108663 0,000909
современной 0,579818 0,000475
современному 2,813411 0,001154
современным 1,832581 0,001503
современных 0,713350 0,000292
содержание 0,010050 0,000008
содержания 1,386294 0,000568
соединивших 3,912023 0,001604
соединяется 2,659260 0,001090
соленой 3,506558 0,001438
солености 2,995732 0,001228
соленость 2,995732 0,012283
соленые 3,218876 0,001320
соленым 3,912023 0,003208
соловецкого 3,912023 0,001604
солоноватоводным 3,506558 0,001438
солоноватые 3,506558 0,001438
сообщить -0,009950 -0,000004
соответствующей 2,120264 0,000869
сопот 3,912023 0,001604
сост 0,597837 0,000245
составе 0,616186 0,000505
составляет 0,314711 0,000516
составной 2,659260 0,001090
состоянии 1,309333 0,000537
состояния 1,203973 0,000494
сохранением -0,009950 -0,000004
спб 0,385662 0,000632
списке 1,966113 0,000806
список 0,248461 0,000102
спицына 3,912023 0,001604
способствует 1,609438 0,000660
способствующими 3,912023 0,001604
справочное 3,506558 0,001438
спускаемых 3,912023 0,001604
сравнению 1,078810 0,000442
среди 0,198451 0,000081
средиземное 3,218876 0,001320
средневековом 3,506558 0,001438
средневековых 2,659260 0,001090
средняя 0,510826 0,000838
среды 0,755023 0,000929
српски 0,000000 0,000000
српскохрватски 0,000000 0,000000
ссср 0,314711 0,000129
ссылкасведения -0,009950 -0,000004
ссылки -0,009950 -0,000033
ссылок 0,693147 0,000853
стабильности 2,659260 0,001090
стаивает 3,912023 0,001604
стали 0,430783 0,000177
статистика -0,009950 -0,000004
статьи 0,072571 0,000179
статьислучайная -0,009950 -0,000004
статьисообществофорумсправкасвежие -0,009950 -0,000004
статью 0,616186 0,000758
статьяобсуждение -0,009950 -0,000004
статьятекущие -0,009950 -0,000004
сток 2,120264 0,000869
стока 1,897120 0,001556
стоками 2,525729 0,001036
стокгольм 2,995732 0,001228
сторона 2,040221 0,000836
страна 0,462035 0,000568
страница -0,009950 -0,000004
страницасодержаниеизбранные -0,009950 -0,000004
страницецитировать -0,009950 -0,000004
страницуполучить -0,009950 -0,000004
страницы -0,009950 -0,000012
страницыслужебные -0,009950 -0,000004
страны 0,634878 0,000260
строительные 1,966113 0,000806
строительный 1,897120 0,000778
строительство 0,510826 0,000209
строить 1,832581 0,000751
суда 1,078810 0,000442
судам 3,218876 0,002640
судне 3,912023 0,001604
судов 1,237874 0,002030
судоходства 2,040221 0,000836
суточные 2,995732 0,001228
суши 2,207275 0,000905
сушу 3,218876 0,001320
существовало 1,427116 0,000585
существование 1,049822 0,000430
счет 0,673345 0,000276
сытина 1,560648 0,001280
сюдасвязанные -0,009950 -0,000004
т-ва 0,000000 0,000000
тайга 1,966113 0,000806
также 0,000000 0,000000
таллин 2,995732 0,001228
тарашкев 0,000000 0,000000
татарча 0,000000 0,000000
татьяна 1,609438 0,000660
тацита 3,506558 0,001438
театр 0,713350 0,000292
текст -0,009950 -0,000004
текстах 2,525729 0,001036
тексте 2,407946 0,000987
тектонической 2,995732 0,001228
температура 0,562119 0,001152
температурный 2,207275 0,001810
термоклина 3,912023 0,001604
территории 0,400478 0,000657
тех 0,798508 0,000327
течением 1,771957 0,000727
течения 1,897120 0,001556
тиммендорф 3,912023 0,001604
тип 0,356675 0,000146
типам 1,609438 0,000660
типография 1,203973 0,000494
тирренское 3,218876 0,001320
тихого 2,120264 0,000869
товарный -0,009950 -0,000004
толщиной 2,813411 0,001154
точка 1,309333 0,001074
точки 1,049822 0,000430
традиции 1,386294 0,000568
трактате 3,912023 0,001604
транспорт 0,693147 0,000568
требования 1,832581 0,000751
трех 0,713350 0,000292
туннеля 3,912023 0,001604
туристы 2,040221 0,000836
тыла 1,897120 0,000778
тыс 0,430783 0,001236
тысяч 0,415515 0,000170
тяжесть 3,912023 0,001604
убивают 3,218876 0,001320
увеличением 2,120264 0,000869
увеличивается 1,832581 0,000751
угрожает 3,506558 0,001438
удалена 0,941609 0,000772
указан 0,139262 0,000057
указанием -0,009950 -0,000004
указано 0,733969 0,000602
укра 0,000000 0,000000
украинская 2,525729 0,001036
уменьшается 2,407946 0,002962
ун-та 2,120264 0,000869
универсальная 0,891598 0,000366
упомянута 3,506558 0,001438
употреблялась 3,506558 0,001438
употребляли 3,506558 0,001438
уровнем 0,798508 0,000327
уровня 0,634878 0,001562
усиленной 3,912023 0,001604
условий -0,009950 -0,000004
условия -0,009950 -0,000008
условиях 1,049822 0,000861
усложняет 3,506558 0,001438
установлено 1,714798 0,000703
устной 3,218876 0,001320
устойчивой 2,995732 0,001228
утечка 3,218876 0,001320
утратило 3,912023 0,001604
уходят 2,407946 0,000987
участие -0,009950 -0,000004
участках 2,120264 0,000869
участок 1,203973 0,000494
ученые-океанографы 3,912023 0,001604
учетную -0,009950 -0,000004
уэдделла 3,218876 0,001320
фактор 2,040221 0,000836
фарватерах 3,912023 0,001604
фгу 2,525729 0,001036
февраль 1,272966 0,001044
февраля 0,051293 0,000063
федотова 2,995732 0,001228
фемарнбельтский 3,912023 0,001604
фенносарматия 3,912023 0,001604
физико-географический 3,218876 0,002640
фиксируется 2,813411 0,001154
филологии 3,218876 0,001320
фин 2,525729 0,001036
финляндии 2,207275 0,001810
финляндия 1,832581 0,001503
финский 2,995732 0,003685
финского 2,813411 0,004614
финское 3,506558 0,001438
финском 3,506558 0,004313
фленсбурга 3,912023 0,001604
флуоресцентным 3,912023 0,001604
флуоресценции 3,912023 0,001604
фонд -0,009950 -0,000004
форма 1,514128 0,000621
формирует 2,207275 0,000905
формируют 2,525729 0,001036
фракийское 3,218876 0,001320
футштока 3,506558 0,001438
хайлигендамм 3,912023 0,001604
характеристики 1,660731 0,000681
хватает 0,843970 0,000692
хвойных 2,659260 0,001090
хель 3,912023 0,001604
хельсинкская 3,506558 0,002875
химическим 3,912023 0,001604
химического 2,525729 0,002071
химическое 2,207275 0,000905
хлорофилла 3,912023 0,003208
хлынули 3,912023 0,001604
хмельницкий 3,912023 0,001604
хокона 3,218876 0,001320
хотя 0,653926 0,000804
царю 2,040221 0,000836
цвет 1,771957 0,001453
цвета 1,171183 0,000480
целом 0,755023 0,000310
целях 1,171183 0,000480
центр 0,400478 0,000164
центра 0,562119 0,000230
центральная 0,755023 0,000310
центральной 0,843970 0,000692
центре 0,673345 0,001104
центру 1,966113 0,000806
церкви 0,916291 0,000376
части 0,198451 0,000325
частично 0,653926 0,000536
частности 0,462035 0,000189
часто 0,415515 0,000170
часть 0,105361 0,000216
частью 0,755023 0,000619
челобитной 3,506558 0,001438
черного 1,609438 0,001320
черное 2,040221 0,001673
чертежу 3,506558 0,001438
четвертичного 2,995732 0,001228
чикуров 3,912023 0,001604
читатьправитьправить 0,494296 0,000203
членов 1,272966 0,000522
чукотское 2,659260 0,001090
шамраев 3,912023 0,001604
шантарское 2,995732 0,001228
швед 3,218876 0,001320
шведского 3,506558 0,001438
шведское 3,912023 0,003208
швеции 2,207275 0,001810
швеция 2,120264 0,003477
шельфа 2,813411 0,001154
шельфовыми 3,912023 0,001604
широтах 2,813411 0,001154
шишкина 2,995732 0,001228
шмидт 2,659260 0,001090
штокман 3,912023 0,001604
штормов 3,506558 0,001438
штормовые 2,995732 0,002457
щецин 3,506558 0,001438
щитом 2,995732 0,001228
эволюции 2,120264 0,000869
эвтрофикации 3,218876 0,001320
эгейское 3,218876 0,001320
эдиакарии 3,912023 0,001604
экватор 3,218876 0,001320
экз 0,415515 0,000341
экологические 1,560648 0,000640
экологическом 2,995732 0,001228
экологию 3,218876 0,001320
экономической 1,237874 0,000508
экспорт -0,009950 -0,000004
эланд 3,912023 0,001604
эландс-седра-грунт 3,912023 0,001604
электронное 2,407946 0,000987
энциклопедии -0,009950 -0,000008
энциклопедический 0,733969 0,000602
энциклопедия 0,210721 0,000864
эресунн 3,912023 0,001604
эридан 3,912023 0,003208
эридана 3,912023 0,001604
эст 3,218876 0,001320
эстонии 2,525729 0,003107
эстония 2,407946 0,000987
эстонское 3,912023 0,001604
эта 0,000000 0,000000
этапы 1,714798 0,000703
этим 0,693147 0,000284
этимология 0,616186 0,000505
этих 0,400478 0,000164
это 0,000000 0,000000
юго-западном 2,659260 0,001090
югу 1,609438 0,000660
южная 0,941609 0,001158
южного 1,139434 0,000934
южной 0,733969 0,000602
южном 1,237874 0,000508
юкатанское 3,218876 0,001320
юрмала 3,912023 0,003208
явления 1,771957 0,000727
является 0,094311 0,000232
ядовитыми 3,506558 0,001438
язык 0,116534 0,000048
языках -0,009950 -0,000012
языки 1,309333 0,000537
январь 0,941609 0,000772
января 0,116534 0,000096
янтарный 3,218876 0,001320
янтарь 3,218876 0,001320
янтаря 3,506558 0,001438
японское 2,525729 0,001036
