абх 3,912023 0,001275
абхазии 2,407946 0,001569
абхазия 2,040221 0,000997
абхазский 2,302585 0,000375
август 0,072571 0,000248
австрии 2,659260 0,000433
авт 1,469676 0,000239
автоматический 1,560648 0,000254
автономный 0,867501 0,000141
автор 0,462035 0,000301
авторство -0,009950 -0,000002
ага 2,813411 0,000458
агбунов 3,912023 0,000637
агентство 0,798508 0,000130
адалары 3,912023 0,000637
адлер 2,659260 0,000433
административный 0,597837 0,000097
адриатический 3,218876 0,000525
адыг 2,813411 0,001834
адыгейский 3,218876 0,000525
аз 2,302585 0,000375
азиатский 1,609438 0,000262
азия 0,755023 0,000369
азова 2,813411 0,000458
азово-черноморский 3,506558 0,000571
азово-черноморской 3,506558 0,000571
азово-черноморскому 3,218876 0,000525
азовский 1,660731 0,003247
азовско-черноморская 3,912023 0,000637
азовського 3,506558 0,001143
азорский 3,506558 0,000571
айвазовский 2,659260 0,000433
айвазовского 2,659260 0,001300
акад 2,040221 0,000332
академик 1,203973 0,000392
академия 0,544727 0,000266
акватория 1,560648 0,000509
аксинский 3,912023 0,000637
активизироваться 2,659260 0,000433
активно 0,733969 0,000239
активность 1,309333 0,000640
активный 0,527633 0,000258
актиний 3,912023 0,000637
акула 3,506558 0,001143
акула-катран 3,912023 0,000637
акция 1,660731 0,000271
албена 3,218876 0,000525
алг 3,912023 0,000637
алеврит 3,912023 0,000637
александр 0,462035 0,000226
александровка 2,813411 0,000458
александруполис 3,912023 0,000637
алексей 1,049822 0,000171
алупка 3,218876 0,000525
алушта 3,218876 0,001049
алфавитувикипедия 0,776529 0,000127
алфавитукарточка 2,207275 0,000360
алфавитучерное 3,912023 0,000637
алый 2,659260 0,000433
альборан 3,218876 0,000525
америка 1,386294 0,000226
амплитуда 1,966113 0,000320
амшын 3,912023 0,001275
анаклия 3,218876 0,000525
анапа 1,966113 0,000961
анатолийский 3,506558 0,000571
анаэробный 3,912023 0,001912
англ 0,174353 0,000227
андреев 2,040221 0,000332
анонимный 2,407946 0,000392
антарктика 2,302585 0,000375
антициклон 2,407946 0,000392
антициклонический 3,218876 0,000525
античность 2,407946 0,000392
античный 2,207275 0,001439
антропогенный 1,771957 0,000577
анчоус 3,912023 0,001275
апокалипсис 3,912023 0,000637
апрель 0,150823 0,000221
араб 1,609438 0,000262
арабский 1,560648 0,000254
арала 3,506558 0,000571
аральский 3,912023 0,000637
аргентинский 2,995732 0,000488
аргумент 1,108663 0,000361
аркадия 1,832581 0,000299
армия 0,916291 0,000149
археология 1,171183 0,000191
архивировать 0,020203 0,000227
архивный 0,248461 0,000040
архипо-осиповка 3,218876 0,001049
асс 3,506558 0,000571
атлантический 1,609438 0,001574
атлантичного 3,912023 0,000637
атлас 1,108663 0,000723
атмосфера 0,994252 0,000162
атмосферный 1,386294 0,000226
аурелия 3,912023 0,000637
афалина 3,506558 0,001143
афанасием 3,912023 0,000637
афон 2,995732 0,000488
ахшайна 3,912023 0,000637
ахын 3,912023 0,000637
аэросъемка 3,506558 0,000571
багамский 2,995732 0,000488
баз 0,371064 0,000121
базар 2,207275 0,000360
базироваться 1,272966 0,000207
байкальский 2,659260 0,000433
баклан 3,912023 0,000637
бактерия 2,813411 0,001834
баланс 1,609438 0,000262
балатона 3,912023 0,000637
балеарский 3,218876 0,000525
балка 2,040221 0,000332
балластный 3,506558 0,001143
балтийский 1,514128 0,000740
балчик 3,218876 0,000525
балязин 3,912023 0,000637
бардовский 3,912023 0,000637
баренцево 2,995732 0,000488
бартын 3,218876 0,000525
бассейн 0,653926 0,000533
бассейнболее 3,912023 0,000637
батуми 2,995732 0,002929
баш 3,506558 0,000571
бедно 2,995732 0,000488
бедность 3,218876 0,000525
безопасность 0,916291 0,000149
белинского 2,659260 0,000433
беллинсгаузеном 3,912023 0,000637
белобрюхий 3,506558 0,000571
белое 0,994252 0,000486
беломорско-балтийский 3,506558 0,000571
белуга 3,218876 0,000525
берег 0,478036 0,002025
береговой 1,469676 0,001676
березань 3,912023 0,001275
берингово 2,995732 0,000488
бескислородный 3,912023 0,000637
беспозвоночное 2,659260 0,000433
бессточный 2,659260 0,000433
бетон 2,995732 0,000488
бзыбь 3,912023 0,000637
библиографический 0,083382 0,000014
биография 2,120264 0,000345
биологический 1,771957 0,000866
биология 1,560648 0,000763
биостратиграфия 3,506558 0,000571
биоценоз 3,218876 0,001049
биркун 3,912023 0,000637
бискайский 3,218876 0,000525
благодаря 0,527633 0,000258
благоприятность 3,506558 0,000571
благоприятный 1,660731 0,000271
близ 1,237874 0,000202
близкий 0,820981 0,000268
бобрецкого 3,912023 0,000637
богатый 1,049822 0,000171
богородским 3,506558 0,000571
болг 3,506558 0,000571
болгария 1,272966 0,003111
болгарский 2,813411 0,000917
болтачев 3,912023 0,000637
большинство 0,342490 0,000112
большое 0,385662 0,000063
большой 0,040822 0,000106
бонгард-левина 3,912023 0,000637
бор 1,203973 0,000392
бориса 1,832581 0,000299
босфор 3,218876 0,004196
босфора 3,912023 0,000637
босфорский 3,912023 0,000637
бояться 3,912023 0,000637
браконьерство 2,995732 0,000488
бриг 3,912023 0,000637
бриллиантовый 3,912023 0,000637
британский 1,469676 0,000239
брод 3,912023 0,000637
брокгауза 0,328504 0,000375
броненосец 3,218876 0,000525
буг 3,912023 0,000637
булгакова 3,218876 0,000525
бургас 2,525729 0,000823
бургасский 3,912023 0,000637
буревестник 2,207275 0,000360
бурение 2,659260 0,000433
бурный 1,660731 0,000271
бурый 1,897120 0,000309
буря 2,407946 0,000392
бутакова 3,912023 0,000637
бухаресте 3,912023 0,000637
бухарестский 3,912023 0,000637
бухарин 3,506558 0,000571
бухта 2,207275 0,002158
бывает 1,660731 0,000271
быстро 0,967584 0,000158
быстрый 0,916291 0,000149
быть -0,009950 -0,000003
бычок 3,218876 0,000525
бычок-головач 3,912023 0,000637
бычок-кнут 3,912023 0,000637
бычок-кругляк 3,912023 0,000637
бычок-мартовик 3,912023 0,000637
бычок-ротан 3,912023 0,000637
бяла 3,218876 0,000525
важное 1,108663 0,000361
важный 0,494296 0,000322
вайнштейн 3,912023 0,000637
валентина 2,302585 0,000375
вардане 3,218876 0,000525
варна 2,525729 0,001646
варненский 3,506558 0,000571
варяг 2,659260 0,000433
василевка 3,218876 0,000525
васильева 2,207275 0,000360
васильевич 1,609438 0,000262
ваттовое 3,218876 0,000525
ввоз 3,506558 0,000571
ввозиться 3,912023 0,000637
вдохновение 3,912023 0,000637
век 0,248461 0,000567
велека 3,912023 0,000637
великий 0,356675 0,000232
величина 1,108663 0,000542
вена 2,995732 0,000488
венгрии 2,813411 0,000458
венецианский 2,659260 0,000433
венозный 3,912023 0,000637
верно 3,506558 0,000571
вероятно 1,560648 0,000254
версия -0,009950 -0,000003
вертикальный 2,207275 0,001798
верх 2,525729 0,000412
верхний 0,494296 0,000081
вершинин 3,218876 0,000525
вести 0,356675 0,000058
вестись 0,673345 0,000110
весь 0,301105 0,000049
ветвь 1,514128 0,000247
ветер 0,713350 0,000465
веха 3,506558 0,000571
вещество 0,994252 0,000162
взаимодействие 1,203973 0,000196
взрыв 1,771957 0,000289
вивчення 3,912023 0,000637
вид 0,061875 0,000252
византией 3,218876 0,000525
викиданные 0,776529 0,000127
викиданных -0,009950 -0,000002
викимедиа -0,009950 -0,000002
википедии -0,009950 -0,000003
википедия -0,009950 -0,000010
викискладвикиновостивикитекаэлемент 3,912023 0,000637
викискладе 0,174353 0,000028
виктор 1,386294 0,000452
виноград 2,407946 0,005493
витсеном 3,912023 0,000637
витязево 3,218876 0,001049
вклад 0,994252 0,000162
включать 0,235722 0,000269
влага 2,407946 0,000392
влажный 1,427116 0,000930
влечь 2,995732 0,000488
влияние 0,527633 0,000258
влиять 1,347074 0,000220
вместе 0,510826 0,000250
вмс 3,506558 0,001143
вмф 2,207275 0,000719
внести 1,021651 0,000166
внешний 0,051293 0,000017
вниигаза 3,912023 0,000637
вниро 3,912023 0,000637
вновь 0,755023 0,000123
внутренний 0,314711 0,000051
внушительный 3,506558 0,000571
вода 0,527633 0,004299
водиться 1,897120 0,000309
водный 0,562119 0,001099
водоем 1,139434 0,001485
водоемыморя 3,912023 0,000637
водообмен 2,659260 0,000433
водоросль 2,207275 0,002518
водоросль-хищница 3,912023 0,000637
военно-морской 2,120264 0,000345
военное 0,916291 0,000299
военный 0,494296 0,000161
возвести 1,139434 0,000186
возвращаться 1,897120 0,000309
воздействие 1,021651 0,000666
воздух 0,616186 0,000100
воздушный 0,798508 0,000520
возможно 0,867501 0,000141
возможность 0,314711 0,000051
возможный 0,994252 0,000486
возникновение 0,941609 0,000460
возобновить 1,832581 0,000299
возрастать 1,897120 0,000309
возрасти 1,660731 0,000271
война 0,430783 0,000211
войти 0,634878 0,000103
вокруг 0,693147 0,000113
волга 1,347074 0,000220
волго-балтийский 3,912023 0,000637
волго-донской 2,813411 0,000458
волна 0,916291 0,000448
волнограф 3,912023 0,000637
волшебный 0,030459 0,000005
вооружить 1,609438 0,000262
вопрос 0,371064 0,000121
ворот 1,078810 0,000176
воспринять 2,995732 0,000488
восстановление 1,078810 0,000176
восток 0,494296 0,000242
восточно-сибирское 2,407946 0,000392
восточный 0,430783 0,000211
восходить 1,609438 0,000262
восхождение 2,995732 0,000488
впадать 1,309333 0,001067
впадение 1,139434 0,000186
впадина 2,207275 0,001798
впервые 0,385662 0,000251
вплотную 2,040221 0,000332
впоследствии 0,653926 0,000107
враг 2,207275 0,000719
враждебный 2,813411 0,000458
врезаться 3,218876 0,000525
врезка 2,525729 0,000412
временивикипедия 2,407946 0,000392
временной 0,967584 0,000315
время 0,020203 0,000046
вроде 2,302585 0,000375
все 0,040822 0,000007
всемирный 0,891598 0,000145
вследствие 1,203973 0,001373
вспышка 3,506558 0,000571
встречаться 0,713350 0,000349
втора 0,274437 0,000045
второй 0,891598 0,000145
вуз 0,820981 0,000134
вход 0,755023 0,000123
входить 0,287682 0,000047
вътечеть 3,912023 0,000637
вывоз 2,659260 0,000433
вывозиться 2,813411 0,000458
вывозной 3,912023 0,000637
выдаваться 1,139434 0,000186
выделить 0,544727 0,000178
выделять 1,139434 0,000371
выделяться 0,941609 0,000153
вызов 2,040221 0,000332
вылов 3,218876 0,001049
вынос 3,506558 0,000571
выноситься 3,218876 0,000525
вып 0,798508 0,000520
выпадать 1,139434 0,000371
выполнить 0,843970 0,000138
выполнять 0,867501 0,000141
выпустить 0,891598 0,000291
выразить 1,427116 0,000698
вырастать 2,995732 0,000488
высказывать 2,995732 0,000488
высокий 0,139262 0,000045
высота 0,415515 0,000068
выход 1,078810 0,000176
вычислительный 1,514128 0,000247
гагра 3,218876 0,002098
газ 0,941609 0,000767
газета 0,579818 0,000094
газовый 1,469676 0,000239
газопровод 2,302585 0,001876
галерея 1,049822 0,000342
галечный 3,912023 0,000637
галоклином 3,912023 0,000637
галька 3,506558 0,000571
гальченко 3,912023 0,000637
ганарджиис-мухури 3,218876 0,000525
гаспра 3,218876 0,000525
гданьск 2,813411 0,000917
гебридский 3,218876 0,000525
геленджик 2,407946 0,000785
геленджика 3,506558 0,000571
генезис 2,813411 0,000458
генриха 3,506558 0,000571
генуэзский 2,525729 0,000412
геогр 2,525729 0,000412
географ 2,040221 0,000332
географический 0,356675 0,000174
география 0,415515 0,000339
геокаре 2,813411 0,000458
геология 1,609438 0,000525
геолого-минералогический 2,995732 0,000488
геометрический 2,407946 0,000392
георга 2,995732 0,000488
геофизический 2,813411 0,000458
геохимический 3,218876 0,000525
германий 0,843970 0,000138
геройский 3,218876 0,000525
гибель 2,207275 0,001079
гигантский 1,897120 0,000309
гидрат 3,912023 0,000637
гидробиологический 2,995732 0,000488
гидрографический 2,302585 0,001126
гидрография 1,427116 0,000465
гидрологический 1,966113 0,000320
гидрология 1,966113 0,001281
гидрометеоиздат 1,897120 0,000618
гидрометеорологический 2,525729 0,000823
гидрофизический 3,912023 0,002550
гидрохимический 2,813411 0,001375
гидрохимия 2,995732 0,000976
гилева 3,912023 0,000637
гипотеза 1,560648 0,000763
гиресун 3,218876 0,000525
гкгнпро 0,916291 0,000149
главный 0,210721 0,000069
гладь 3,506558 0,000571
глубина 1,139434 0,003342
глубинный 2,302585 0,001501
глубиномерных 3,912023 0,000637
глубоко 1,897120 0,000618
глубоководный 2,302585 0,001126
говорить 1,049822 0,000171
говориться 2,525729 0,000412
год -0,009950 -0,000251
годовой 0,994252 0,000162
голенький 3,912023 0,000637
голливуд 3,506558 0,000571
головинка 3,218876 0,000525
голоцен 2,659260 0,000433
голуба 1,897120 0,000618
голубок 3,912023 0,000637
голый 2,525729 0,000412
гора 0,616186 0,000402
гораздо 1,714798 0,000279
горизонт 1,897120 0,000618
гористый 2,525729 0,000412
горный 0,941609 0,000153
город 0,371064 0,000242
горообразование 3,506558 0,000571
горький 0,941609 0,000153
гостеприимный 3,506558 0,000571
государственный 0,261365 0,000043
государство 0,579818 0,000189
готовиться 2,407946 0,000392
готовый 1,386294 0,000226
готье 3,506558 0,000571
гравий 3,912023 0,000637
град 1,832581 0,000299
граница 0,356675 0,000174
грань 1,966113 0,000320
гребешок 2,995732 0,001464
гребневик 3,912023 0,001275
гребницкого 3,912023 0,000637
грек 1,560648 0,000763
греча 1,427116 0,000930
греческий 1,469676 0,000958
григолети 3,218876 0,000525
григорьева 2,813411 0,000458
грубообломочный 3,912023 0,000637
груз 1,309333 0,000427
грузией 2,813411 0,001834
грузии 1,771957 0,001444
грузинский 2,302585 0,000750
грузия 1,966113 0,000961
грузооборот 2,302585 0,000750
грунт 2,207275 0,000360
группировка 2,207275 0,000360
грязный 1,771957 0,000577
губка 3,506558 0,000571
гурзуф 3,218876 0,000525
гячрыпш 3,218876 0,000525
дагомыс 3,218876 0,000525
далее 0,693147 0,000226
дальневосточный 1,966113 0,000320
дальний 0,446287 0,000073
дарданеллы 3,218876 0,001574
дата 0,030459 0,000333
датский 0,328504 0,000054
дать 0,072571 0,000154
два 0,150823 0,000123
дважды 1,272966 0,000207
движение 0,544727 0,000089
действие 0,776529 0,000380
действовать -0,009950 -0,000005
декабрь 0,094311 0,000476
дельфин 2,813411 0,002751
дельфином-белобочкой 3,912023 0,000637
день 0,210721 0,000172
департамент 1,386294 0,000226
держаться 2,040221 0,000332
десятилетие 1,203973 0,000392
десятка 1,139434 0,000186
десяток 1,660731 0,000271
детская 0,653926 0,000107
деятельность 0,342490 0,000167
джанхот 3,218876 0,000525
джарылгач 3,912023 0,001275
джарылгачский 3,912023 0,000637
джейхан 3,912023 0,000637
джубга 2,995732 0,000488
дзендзик 3,912023 0,000637
диалог 1,660731 0,000271
диатомовые 2,995732 0,000488
дивноморское 3,218876 0,000525
дикий 1,469676 0,000239
димитров 3,912023 0,001275
димитър 3,912023 0,000637
динофлагелляты 3,912023 0,000637
длина 0,579818 0,000472
длительный 1,309333 0,000427
дмитрий 0,967584 0,000158
дмитровка 3,218876 0,000525
днейвикипедия 0,967584 0,000158
днепр 2,813411 0,000917
днепровский 2,813411 0,000458
днепром 3,912023 0,000637
днестр 3,912023 0,000637
дно 1,469676 0,002155
довольно 0,891598 0,000145
договоренность 2,659260 0,000433
документ 0,415515 0,000068
должен 1,078810 0,000176
должно 1,714798 0,000279
должный 0,356675 0,000058
долина 0,916291 0,000149
дон 1,660731 0,000271
донный 2,813411 0,002292
донской 1,714798 0,000279
доп 0,597837 0,000195
дополнительно 2,525729 0,000412
дополнительный -0,009950 -0,000003
достаточно 0,820981 0,000401
достигать 0,843970 0,000963
достичь 0,733969 0,000120
доступный -0,009950 -0,000002
дракончик 3,912023 0,000637
древнегреческий 1,832581 0,000299
древнерусский 1,427116 0,000233
древние 0,967584 0,000315
древний 0,653926 0,000213
древность 1,203973 0,000392
дробно -0,009950 -0,000002
другое 0,462035 0,000151
другой -0,009950 -0,000021
дунаем 3,912023 0,000637
дунай 2,813411 0,002292
дънепрь 3,912023 0,000637
дюздже 3,218876 0,000525
евпатория 2,525729 0,000412
евразия 1,347074 0,000220
европа 0,301105 0,000294
европейский 0,494296 0,000242
единственный 0,891598 0,000291
единый 0,544727 0,000089
еж 2,407946 0,000785
ежегодник 0,820981 0,000268
екатеринбург 0,843970 0,000138
екол 3,912023 0,000637
елена 1,560648 0,000254
елените 3,218876 0,000525
есимо 3,218876 0,000525
естественный 0,776529 0,000759
ефремовой 3,912023 0,000637
ефрона 0,328504 0,000375
ешильырмак 3,912023 0,000637
жаберный 3,912023 0,000637
жаркий 1,514128 0,000493
жгутиконосец 3,912023 0,000637
железнодорожный 0,579818 0,000094
жерелы 3,912023 0,000637
живое 2,659260 0,000433
живой 1,386294 0,000904
живописец 2,813411 0,000458
животное 0,798508 0,000781
жижченко 3,912023 0,000637
жизнедеятельность 2,407946 0,001177
жизнь 0,342490 0,000112
жир 2,995732 0,000488
житель 0,562119 0,000092
жить 0,820981 0,000134
журн 3,506558 0,000571
журнал 0,301105 0,000098
заболотить 2,040221 0,000332
забыть 1,966113 0,000320
завезти 3,506558 0,000571
завершить 0,867501 0,000141
завершиться 1,309333 0,000213
зависеть 1,171183 0,000191
зависимость 0,713350 0,000116
заглавный -0,009950 -0,000002
загрязнение 0,891598 0,001308
загрязнить 1,514128 0,000740
задача 0,820981 0,000134
задний 2,120264 0,000345
заика 3,912023 0,001275
закономерность 2,040221 0,000332
залежь 2,407946 0,000392
залив 1,609438 0,001574
зализный 3,218876 0,000525
замена 1,660731 0,000271
заменить 0,494296 0,000081
замер 2,659260 0,000433
замерзание 2,659260 0,000433
замерзать 2,120264 0,000345
заметно 1,771957 0,000577
замкнуть 2,407946 0,000392
заморозка 1,966113 0,000320
занести 1,714798 0,000279
занимать 0,430783 0,000070
заниматься 0,634878 0,000207
заноситься 3,912023 0,000637
заозерный 2,813411 0,000458
запад 0,634878 0,000517
западнее 3,218876 0,000525
западный 0,462035 0,000226
запас 1,560648 0,000509
записьвойти -0,009950 -0,000002
заполнить 1,771957 0,000289
заполнять 2,659260 0,000433
запорожский 2,525729 0,000412
запретить 1,309333 0,000427
заработать 2,040221 0,000332
зарегистрировать -0,009950 -0,000002
зарождаться 2,995732 0,000976
заселить 1,897120 0,000309
застройка 0,916291 0,000299
затем 0,527633 0,000344
заток 3,218876 0,000525
затонуть 2,659260 0,000433
затопить 1,832581 0,000299
затруднить 2,407946 0,000392
затяжной 2,302585 0,000375
зачастую 1,771957 0,000577
защита 0,616186 0,000402
защитить 1,139434 0,000186
защищаться 3,506558 0,000571
заявление -0,009950 -0,000002
заяц 1,897120 0,000927
збереження 3,912023 0,000637
звезда 0,916291 0,000448
зверь 2,525729 0,000823
зеленые 1,203973 0,000196
зелинский 3,506558 0,000571
землетрясение 1,897120 0,000309
земля 0,400478 0,000131
земной 1,966113 0,000320
зерно 2,407946 0,000392
зима 0,478036 0,000623
зимний 0,798508 0,000260
змеиный 2,659260 0,000867
знак -0,009950 -0,000002
знание 1,108663 0,000181
значение 0,061875 0,000091
значительно 0,510826 0,000166
значительный 0,328504 0,000214
значить 1,427116 0,000233
золотой 0,597837 0,000292
зона 0,400478 0,000326
зонгулдак 3,218876 0,000525
зоопланктон 3,218876 0,000525
зостера 3,506558 0,000571
иван 0,843970 0,000138
иван-баба 3,912023 0,000637
ивана 1,078810 0,000176
иванов 1,560648 0,000509
ивановка 2,525729 0,000412
игнатьев 2,995732 0,000488
игоревича 3,912023 0,000637
игра 0,843970 0,000138
из-за 0,415515 0,000474
известное 0,994252 0,000162
известность 2,040221 0,000332
известный 0,287682 0,000094
изд 0,314711 0,000205
изд-во 1,049822 0,000342
изменение 0,301105 0,000196
изменчивость 2,659260 0,000433
измерительный 2,525729 0,000412
изолировать 2,120264 0,000345
изрезать 2,407946 0,000785
изучать 1,427116 0,000233
изучение 0,713350 0,001395
икарийский 3,218876 0,000525
ил 2,995732 0,000488
иллюстрация 2,525729 0,000412
именно 0,544727 0,000178
именовать 1,560648 0,000254
иметь 0,094311 0,000092
иметься 0,385662 0,000126
империя 0,653926 0,000107
имя 0,274437 0,000089
ингури 3,912023 0,000637
индустрия 1,514128 0,000247
инициатива 1,171183 0,000191
иной 0,867501 0,000283
институт 0,371064 0,000484
инструмент -0,009950 -0,000003
интенсивный 1,237874 0,000202
интересный 1,832581 0,000299
интернет 0,755023 0,000123
ионический 3,218876 0,000525
иран 2,207275 0,000719
ираника 2,995732 0,000488
ирландский 2,659260 0,000433
ирмингера 3,218876 0,000525
ируаз 3,218876 0,000525
исключение 0,891598 0,000291
ископаемое 1,560648 0,000254
искусственный 0,916291 0,000149
искусство 0,478036 0,000156
испарение 2,407946 0,001177
исполнение 0,867501 0,000283
использование -0,009950 -0,000005
использовать 0,020203 0,000010
использоваться 0,223144 0,000109
исправить 1,347074 0,000220
исследование 0,462035 0,000979
исследователь 0,941609 0,000153
исследовательский 1,237874 0,000403
исторический 0,314711 0,000103
история 0,051293 0,000075
источник -0,009950 -0,000024
истребить 2,813411 0,000458
исчезновение 2,120264 0,000345
итал 2,813411 0,000458
итальянский 1,139434 0,000186
итог 0,494296 0,000161
ихтиологический 3,218876 0,000525
ихтиофауна 2,525729 0,000412
июль 0,116534 0,000418
июнь 0,116534 0,000247
кабард 3,912023 0,000637
кабардинка 2,995732 0,000488
каварна 3,218876 0,000525
кавказ 1,771957 0,000577
кавказа 1,660731 0,003247
кавказский 1,966113 0,000320
казак 1,309333 0,000213
какой-либо 1,272966 0,000207
каламитский 3,506558 0,000571
калькировать 3,912023 0,000637
кальмар 3,506558 0,000571
камбала 3,218876 0,000525
камбала-глосса 3,506558 0,000571
камбала-калкан 3,912023 0,000637
каменный 0,733969 0,000120
камень 0,994252 0,000162
кампания 2,040221 0,000332
камчия 3,912023 0,000637
канак 3,218876 0,000525
канал 0,673345 0,000549
кандидат 1,272966 0,000207
кантор 3,912023 0,000637
каньон 2,995732 0,000488
капитан 1,897120 0,000309
капитан-лейтенант 3,218876 0,000525
каракатица 3,912023 0,000637
карангатское 3,912023 0,000637
карибский 2,813411 0,000458
каркинитский 3,506558 0,001143
каролино-бугаз 3,218876 0,000525
карское 2,302585 0,000375
карт 0,301105 0,000245
картинный 2,120264 0,000691
картказак 3,912023 0,000637
картографический 2,525729 0,000412
каспий 2,302585 0,000375
каспийский 1,514128 0,001234
каспийско-черноморские 3,912023 0,000637
кастамону 3,218876 0,000525
катаева 3,912023 0,000637
каталанский 0,527633 0,000086
каталог 0,094311 0,000015
категория -0,009950 -0,000003
катран 3,912023 0,001912
кафа 1,514128 0,000247
кацивели 3,912023 0,002550
кача 2,813411 0,000458
качество 0,287682 0,000094
кашкет 3,912023 0,000637
квариати 3,218876 0,000525
кельтский 2,995732 0,000488
керченский 2,995732 0,001464
керчи 3,218876 0,001049
керчь 1,966113 0,000641
кесслера 3,912023 0,000637
кефалевые 3,912023 0,000637
кефаль 3,506558 0,000571
киевский 2,120264 0,000345
кий 1,469676 0,000479
киликийский 3,218876 0,000525
километр 0,693147 0,000113
килька 3,506558 0,001714
кима 3,506558 0,000571
киммерийский 3,218876 0,001049
кинематограф 2,120264 0,000345
кинематографист 2,659260 0,000433
кино 0,994252 0,000162
киноискусство 3,506558 0,000571
кинокомпания 2,659260 0,000433
кинолента 2,995732 0,000488
киностудия 2,040221 0,001995
кипрский 3,218876 0,000525
кирсанов 3,506558 0,000571
кислород 2,659260 0,001300
кислородный 3,506558 0,000571
кит 2,207275 0,000360
китайский 0,653926 0,000107
кладофора 3,506558 0,000571
классический 0,755023 0,000123
климат 0,446287 0,001018
климатический 1,049822 0,000171
климчук 3,912023 0,000637
книга 0,415515 0,000068
книповича 3,506558 0,001714
коблево 3,218876 0,000525
кобулети 3,218876 0,000525
ковалевский 3,912023 0,000637
ковалевского 3,912023 0,000637
код -0,009950 -0,000034
кодекс -0,009950 -0,000002
кодистория 0,116534 0,000019
кодор 3,912023 0,000637
кокколитофориды 3,912023 0,000637
коктебель 3,218876 0,001049
колебание 1,386294 0,000452
колебаться 1,714798 0,000279
количество 0,210721 0,000137
коллектив 1,237874 0,000202
коллекция 1,309333 0,000213
колонист 2,995732 0,000488
колючка 3,912023 0,001275
коми 1,514128 0,000247
комиссия 0,967584 0,000315
коммерчески 3,218876 0,000525
комплексный 1,078810 0,000352
компонент 0,967584 0,000158
конвенция 2,407946 0,002354
конек 2,207275 0,000360
конец 0,198451 0,000162
конечный 1,514128 0,000247
конкретизациивикипедия 1,714798 0,000279
консорциум 2,407946 0,000392
константин 1,560648 0,000254
константина 2,659260 0,000433
константинополь 3,218876 0,001574
константинополя 3,912023 0,000637
констанца 3,218876 0,001049
констанце 3,912023 0,000637
контейнерный 2,407946 0,000785
континентальный 0,527633 0,000086
контролировать 1,469676 0,000239
контролироваться 2,659260 0,000433
конфиденциальность -0,009950 -0,000002
конфликт 1,347074 0,000220
концентрация 1,203973 0,000589
кооперация 2,040221 0,000332
координата 1,347074 0,000220
координатный 3,912023 0,000637
координация 2,120264 0,000345
копие 0,223144 0,000036
кора 1,897120 0,000618
корабельный 2,659260 0,000433
корабль 1,469676 0,000958
коралл 3,506558 0,000571
кореиз 3,218876 0,000525
коридор 1,966113 0,000641
корить 1,309333 0,000213
корнерот 3,912023 0,000637
король 2,120264 0,000345
короткий -0,009950 -0,000003
корреляция 3,506558 0,000571
космический 1,309333 0,000213
кот 1,966113 0,000320
котловина 1,897120 0,000309
котлякова 2,659260 0,000433
который 0,000000 0,000000
краб 3,506558 0,001143
край 0,544727 0,000178
крайне 1,832581 0,000597
крапец 3,218876 0,000525
красная 0,713350 0,000116
краснодар 1,386294 0,000452
краснодарского 2,407946 0,000785
красный 0,597837 0,000195
креветка 3,912023 0,000637
крепость 0,994252 0,000162
кривохижин 3,912023 0,000637
критический 1,966113 0,000320
критский 3,218876 0,000525
кром 0,235722 0,000038
круговой 2,813411 0,000458
круговорот 2,995732 0,000488
крупинина 3,912023 0,000637
крупномасштабный 2,407946 0,000392
крупный 0,210721 0,000378
крутой 1,514128 0,000247
крым 1,660731 0,001353
крыма 0,843970 0,000825
крымская 2,659260 0,000433
крымские 1,771957 0,000289
крымский 2,659260 0,000867
крымского 1,832581 0,000597
крымской 2,813411 0,000458
крымскотат 3,506558 0,000571
крыму 2,407946 0,001177
крышка 3,912023 0,000637
кубометр 2,525729 0,000412
кузнец 1,560648 0,000254
кузнецов 1,771957 0,000577
кузьминская 3,912023 0,000637
куки -0,009950 -0,000002
кулеви 3,506558 0,000571
курорт 1,560648 0,000763
курортный 2,302585 0,002251
куяльник 3,218876 0,000525
куяльницкое 3,912023 0,001912
кызылырмак 3,912023 0,000637
кырык 1,771957 0,000289
кючюк 3,912023 0,000637
лабрадор 3,218876 0,000525
ладья 2,995732 0,000488
лазарева 2,302585 0,000375
лазаревское 2,659260 0,000433
лазурный 2,040221 0,000332
лаптевой 2,302585 0,000375
ларин 2,407946 0,000392
ларусса 1,078810 0,000176
латы 1,771957 0,000866
лебедевка 3,218876 0,000525
лебяжий 2,659260 0,000433
левантийское 3,218876 0,000525
легенда 1,469676 0,000479
ледовитый 1,514128 0,000247
лежать 0,994252 0,000162
леин 3,912023 0,000637
лейтенант 2,302585 0,000375
лента 1,203973 0,000196
леонида 2,813411 0,000458
лермонтово 3,218876 0,000525
лермонтовский 3,218876 0,000525
лет 0,597837 0,000390
летний 0,579818 0,000283
лето 0,891598 0,000291
летопись 1,237874 0,000403
лещ 2,813411 0,000458
лиана 3,506558 0,000571
ливийский 3,218876 0,000525
лигурийский 3,218876 0,000525
лилия 2,995732 0,000488
лиман 2,995732 0,000488
линия 0,462035 0,000301
лисий 3,506558 0,000571
лисица 2,407946 0,000392
литература 0,051293 0,000017
литовский 1,203973 0,000196
лихвинский 3,506558 0,000571
лихтер 3,912023 0,000637
лицензия -0,009950 -0,000002
лишь 0,478036 0,000156
ложа 2,995732 0,000488
ложиться 2,995732 0,000488
локальный 0,673345 0,000110
ломоносова 2,040221 0,000332
лоо 3,218876 0,000525
лосось 3,218876 0,000525
лоция 2,659260 0,001300
лузановка 3,218876 0,000525
луфарь 3,912023 0,000637
люстдорф 3,218876 0,000525
магатэ 3,912023 0,000637
мазут 2,525729 0,000412
май 0,127833 0,000271
майкоп 3,218876 0,000525
максимальный 0,867501 0,000565
максимум 0,579818 0,000094
мала 1,237874 0,000202
мало 0,579818 0,000283
малодолинское 3,218876 0,000525
малое 0,994252 0,000162
малой 0,776529 0,000127
малый 0,139262 0,000272
мамай 2,995732 0,000976
мангалии 3,912023 0,000637
мангалия 3,218876 0,000525
манганари 3,912023 0,000637
марий 2,525729 0,000412
мариупольский 3,506558 0,000571
март 0,116534 0,000133
маршрут 0,673345 0,000110
масса 0,916291 0,001045
массив 0,891598 0,000145
массово 2,813411 0,000458
массовый 0,494296 0,000242
материал -0,009950 -0,000003
материковый 1,966113 0,000641
мацеста 3,218876 0,000525
машина 0,713350 0,000116
маяк 1,078810 0,000176
медиафайлы 0,301105 0,000049
медуза 2,995732 0,001464
межведомственный 3,218876 0,000525
межводное 3,218876 0,000525
межгосударственный 3,218876 0,000525
междисциплинарный 2,525729 0,000412
международный 0,385662 0,000503
межледниковье 3,218876 0,000525
мексиканский 2,813411 0,000458
мелкий 1,309333 0,000427
мелководный 2,302585 0,000750
мелководье 2,813411 0,000458
мелкозернистый 3,912023 0,000637
менять 1,714798 0,000279
меняться 1,272966 0,000207
меотическое 3,912023 0,000637
мера 0,820981 0,000134
меретуков 3,218876 0,000525
мерлуза 3,912023 0,000637
меромиктическим 3,912023 0,000637
местный 0,478036 0,000234
место 0,139262 0,000113
месяц 0,415515 0,000068
месяцекарточка 3,218876 0,000525
металл 1,272966 0,000622
металлический 1,771957 0,000289
метан 2,813411 0,000917
метановый 3,912023 0,000637
метр 0,653926 0,000213
мзымта 3,506558 0,000571
миграция 1,309333 0,000427
миддендорф 3,912023 0,000637
мидия 2,995732 0,000976
миклухо-маклаю 3,912023 0,000637
микроорганизм 2,407946 0,000392
миллион 0,776529 0,000127
минеральный 1,139434 0,000186
минимум 0,653926 0,000213
минута 1,272966 0,000207
миоцен 3,218876 0,000525
мир 0,094311 0,000123
мирный 2,207275 0,000360
мировая 0,527633 0,000086
мировой 1,469676 0,000239
миртойское 3,218876 0,000525
миф 1,966113 0,000320
михаила 1,171183 0,000191
млекопитающее 1,897120 0,000618
млн 0,462035 0,001054
млрд 0,820981 0,000134
мнемиопсиса 3,912023 0,000637
мнение 0,634878 0,000310
многие 0,356675 0,000058
многоклеточные 3,912023 0,001275
многочисленный 0,693147 0,000339
множество 0,462035 0,000151
мобильный -0,009950 -0,000002
модест 3,506558 0,000571
модуль 0,562119 0,000092
молдове 3,912023 0,000637
молдовы 2,995732 0,000488
моллюск 2,659260 0,001733
моллюск-хищник 3,912023 0,001275
монгол 1,660731 0,000271
мониторинг 1,108663 0,000181
монтре 3,912023 0,000637
мор 1,021651 0,024305
море 0,562119 0,016487
мореболг 3,912023 0,000637
моремеромиктические 3,912023 0,000637
мореплаватель 2,995732 0,000488
мореход 3,912023 0,000637
морской 0,994252 0,005508
морський 3,912023 0,001275
морягрузия 3,218876 0,000525
моск 2,302585 0,000375
московский 0,527633 0,000258
мочь -0,009950 -0,000005
мощность 1,386294 0,000226
мраморный 2,813411 0,002292
музыка 0,941609 0,000153
мутация 3,506558 0,000571
мягкий 1,714798 0,000559
мягко 2,995732 0,000488
наблюдать 2,040221 0,000332
наблюдаться 0,755023 0,000246
навигационный 2,525729 0,000412
навигация -0,009950 -0,000006
нагрузка 1,714798 0,000279
назад 1,108663 0,000723
название 0,105361 0,000258
назвать 0,371064 0,000060
называть 0,174353 0,000199
называться 0,328504 0,000161
наиболее 0,139262 0,000136
наименование 0,994252 0,000162
найти 0,733969 0,000359
наказ 3,506558 0,000571
накопление 2,120264 0,000691
налет 2,813411 0,000458
намного 2,302585 0,000375
нан 3,912023 0,000637
нанести 1,832581 0,000896
наоборот 1,832581 0,000597
направить 0,867501 0,000565
направление 0,385662 0,000126
направленность 2,120264 0,000691
например 0,328504 0,000214
нарис 3,912023 0,000637
народ 0,579818 0,000094
нарушать 1,714798 0,000279
наса 2,995732 0,000488
насад 3,912023 0,000637
населять 2,207275 0,000360
настоящее 0,287682 0,000047
насчитываться 0,967584 0,000158
насытить 2,995732 0,000488
насытиться 3,912023 0,000637
насыщение 3,506558 0,000571
насыщенность 2,995732 0,000976
натура 3,506558 0,001143
натурный 3,506558 0,000571
наука 0,235722 0,000346
научно-исследовательский 0,798508 0,000260
научно-образовательный 0,967584 0,000158
научно-промысловая 3,912023 0,000637
научно-технический 1,386294 0,000226
научный 0,248461 0,000283
находиться 0,174353 0,000142
национальный 0,342490 0,000223
начало 0,116534 0,000114
началось 0,616186 0,000201
начать 0,510826 0,000083
начаться 0,562119 0,000092
наш 0,527633 0,000086
неблагоприятный 2,040221 0,000332
небуг 3,218876 0,000525
невиданный 3,506558 0,000571
невысокий 1,966113 0,000641
негостеприимный 3,506558 0,001143
недостаток 0,579818 0,000094
недостаточно 2,207275 0,000360
независимый 1,049822 0,000171
незалежное 3,912023 0,000637
некоммерческий -0,009950 -0,000002
некоторые 0,127833 0,000083
необходимый 1,078810 0,000176
необычно 3,912023 0,000637
неоднократно 1,139434 0,000371
неоплейстоцен 3,506558 0,000571
неопределенность 3,218876 0,000525
неопределенный 2,813411 0,000458
неофициальный 1,139434 0,000186
неочищенный 2,813411 0,000458
нередко 1,108663 0,000181
нерестилище 2,813411 0,000458
несебыр 3,218876 0,000525
несколько 0,116534 0,000133
несмешиваемыми 3,912023 0,000637
несмотря 0,755023 0,000123
нетрадиционный 3,912023 0,000637
нефтепровод 2,813411 0,001375
нефтепродукт 1,660731 0,001353
нефтетерминал 3,912023 0,000637
нефтетерминалы 3,912023 0,000637
нефть 1,347074 0,001976
нефтяной 1,514128 0,000493
нечасто 3,912023 0,000637
нечисловыми 2,659260 0,000433
неядовитый 3,912023 0,000637
ниже 0,693147 0,000565
нижнее 0,916291 0,000149
нижнеплейстоценовое 3,912023 0,000637
нижний 0,494296 0,000081
низкий 0,843970 0,000275
низменный 1,897120 0,000618
никитиным 3,506558 0,000571
николаеве 3,912023 0,000637
николаевка 2,659260 0,000433
николаевский 1,832581 0,000299
николай 0,867501 0,000141
николая 0,916291 0,000149
нис 3,506558 0,000571
нитрат 2,659260 0,000433
ниша 2,525729 0,000412
новое 0,287682 0,000047
новоевксинское 3,912023 0,000637
новомихайловский 3,218876 0,000525
новороссийск 1,966113 0,000320
новороссийска 3,506558 0,001714
новороссийске 3,912023 0,000637
новороссийский 2,813411 0,000917
новость 0,544727 0,000089
новофедоровка 3,218876 0,000525
новый 0,083382 0,000082
ноктилюк 3,912023 0,000637
норвежский 0,248461 0,000040
норд-ост 3,912023 0,000637
носить 0,798508 0,000130
ночесветка 3,912023 0,000637
ноябрь 0,127833 0,000167
нтв 1,427116 0,000233
нтпо 3,912023 0,000637
нужда 1,237874 0,000202
ныне 0,653926 0,000107
нынешний 1,021651 0,000166
оба 0,597837 0,000097
обеспечивать 0,415515 0,000068
обзор 1,078810 0,000352
обитание 2,040221 0,000332
обитать 1,469676 0,001437
обладать 0,843970 0,000413
область 0,150823 0,000197
облачность 2,207275 0,000360
обмен 1,309333 0,000427
обнаружить 1,021651 0,000333
обогащение 2,813411 0,000458
обозначать 1,609438 0,000262
обозначение 1,386294 0,000226
оборудование 0,653926 0,000107
обработка 1,309333 0,000213
образ 0,287682 0,000188
образовать 0,385662 0,000063
образоваться 0,967584 0,000631
образовываться 2,995732 0,000976
обратное 2,659260 0,000433
обращение 0,030459 0,000333
обрывистый 2,813411 0,000458
обслуживание 0,941609 0,000153
обуславливать 2,813411 0,000458
обусловливать 2,659260 0,000867
обход 1,469676 0,000479
общепризнанный 2,407946 0,000392
общий 0,186330 0,000121
объект 0,235722 0,000115
объем 0,400478 0,000522
объяснение 1,897120 0,000618
обыкновенный 1,966113 0,000961
обычно 0,693147 0,000226
обычный 1,347074 0,000220
ограничить 0,653926 0,000107
огромный 0,776529 0,000127
одесса 2,207275 0,001798
одессе 3,218876 0,001049
одесский 2,525729 0,002469
одессы 3,218876 0,001574
один 0,051293 0,000042
однако 0,174353 0,000057
одновременно 0,776529 0,000253
одноклеточный 3,912023 0,000637
озеро 0,673345 0,000219
озеро-море 3,912023 0,001275
ознаменоваться 2,120264 0,000691
оказывать 0,867501 0,000141
океан 0,994252 0,001458
океанавнутренние 3,218876 0,000525
океанаморя 3,218876 0,000525
океанический 2,813411 0,000458
океанографический 3,218876 0,003147
океанография 3,218876 0,001049
океанолог 3,912023 0,000637
океанология 3,218876 0,001049
окончание 1,309333 0,000213
окружать 0,755023 0,000369
октябрь 0,072571 0,000154
октябрьский 0,776529 0,000127
олега 1,966113 0,000320
оленевка 3,218876 0,000525
ольгинка 3,218876 0,000525
омывать 2,525729 0,000823
онлайн 0,198451 0,000032
оон 1,560648 0,000254
ооо 0,843970 0,000138
опасность 1,832581 0,000299
опасный 1,272966 0,000622
опираться 1,560648 0,000254
описание -0,009950 -0,000003
описать 1,347074 0,000220
описывать 1,427116 0,000233
определитель 3,506558 0,000571
опреснить 3,218876 0,000525
опреснять 3,912023 0,000637
опускаться 1,714798 0,001118
опустить 2,813411 0,000458
опыт 1,427116 0,000465
орган 0,616186 0,000100
организация -0,009950 -0,000005
организм 2,207275 0,001798
организовать 0,634878 0,000103
органический 1,832581 0,000299
орда 1,714798 0,000279
орджоникидзе 2,040221 0,000332
орест 3,912023 0,000637
оригинал 0,139262 0,000590
осадка 1,237874 0,000605
осадок 0,544727 0,000266
осаждать 2,813411 0,000458
осваивать 2,813411 0,000458
освободиться 2,813411 0,000458
освоение 1,309333 0,000640
осетр 2,207275 0,000360
осетровые 2,813411 0,000917
основать 0,274437 0,000089
основное 0,235722 0,000307
основной 0,040822 0,000086
основываться 1,560648 0,000254
особенно 0,562119 0,000366
особенность 0,693147 0,000226
особь 2,659260 0,000867
остальное 1,897120 0,000309
остальной 0,616186 0,000100
остаток 1,203973 0,000196
остаться 0,867501 0,000141
остров 0,820981 0,001070
осуществлять 0,597837 0,000195
осьминог 3,506558 0,000571
ответственность -0,009950 -0,000002
отделение 0,713350 0,000349
отдельный -0,009950 -0,000005
отдыхать 2,302585 0,000750
отель 1,660731 0,000271
отечественный 0,634878 0,000207
отказ -0,009950 -0,000003
открыть 0,150823 0,000074
открыться 0,820981 0,000134
отличать 1,966113 0,000320
отложение 2,040221 0,000332
отложить 2,407946 0,000785
отметить 0,616186 0,000100
отметка 1,386294 0,000226
отмечать 1,078810 0,000176
отмечаться 0,994252 0,000324
относительно 0,415515 0,000339
относительный 1,560648 0,000254
относить 1,469676 0,000239
относиться 0,328504 0,000161
отношение 0,430783 0,000070
отображение 2,120264 0,000345
отрадный 2,525729 0,000412
отражение 1,714798 0,000279
отредактировать -0,009950 -0,000002
отрог 2,525729 0,000823
отса 3,912023 0,000637
отсутствие 0,891598 0,000436
отсутствовать 0,776529 0,000127
отход 1,514128 0,000247
охватывать 1,237874 0,000202
охлаждаться 3,506558 0,000571
охотиться 3,506558 0,000571
охотский 2,040221 0,000332
охрана 0,843970 0,000963
оценка 0,400478 0,000131
очаков 3,218876 0,000525
очевидно 3,506558 0,000571
очень 0,494296 0,000161
очередь 0,510826 0,000250
очерк 0,733969 0,000239
очертание 2,659260 0,000867
очистить 2,120264 0,000345
очистка 1,771957 0,000289
очко 2,995732 0,000488
ошибкекак -0,009950 -0,000002
палеогеография 2,995732 0,000488
паллас 3,218876 0,000525
памяти 1,078810 0,000176
памятник 0,597837 0,000097
память 0,820981 0,000134
панагия 3,912023 0,000637
пансионат 3,218876 0,000525
панъевропейский 3,218876 0,000525
параллельно 1,237874 0,000403
параметр 1,139434 0,000186
параметрывикипедия 3,506558 0,000571
паромный 2,302585 0,000375
пароходство 1,832581 0,000299
партенит 3,218876 0,000525
парус 2,207275 0,001079
пархоменко 3,506558 0,000571
пассажирский 0,941609 0,000153
паустовского 3,506558 0,000571
пелитовый 3,912023 0,000637
первое 0,150823 0,000049
первоначально 1,203973 0,000196
первый 0,162519 0,000238
переваливаться 3,912023 0,000637
перевозить 1,832581 0,000597
перевозка 0,891598 0,001017
передний 2,525729 0,000412
перейти -0,009950 -0,000003
перелов 3,912023 0,000637
перемешивание 3,218876 0,000525
переориентироваться 3,506558 0,001143
переосмыслить 3,218876 0,000525
переправа 1,514128 0,000247
перестройка 1,771957 0,000289
переть 1,108663 0,000361
переудобрение 3,912023 0,000637
переход 0,653926 0,000213
перидиниевые 3,912023 0,000637
периметр 2,659260 0,000433
период 0,274437 0,000045
периодически 1,897120 0,000618
перипл 3,912023 0,000637
перлова 3,912023 0,000637
персидский 1,897120 0,000309
персональный -0,009950 -0,000002
перспектива 1,049822 0,000342
песня 1,427116 0,000698
песок 1,714798 0,001397
петер 2,995732 0,000488
петко 3,912023 0,000637
петр 1,108663 0,000181
петра 1,078810 0,000176
петровский 1,514128 0,000247
печать -0,009950 -0,000003
печень 3,912023 0,000637
печорский 2,813411 0,000458
пикноклином 3,912023 0,000637
пилад 3,912023 0,000637
пионер 1,427116 0,000233
писатель 0,916291 0,000149
питание 1,171183 0,000191
питаться 3,218876 0,001049
пицунда 2,995732 0,001464
плавание 1,714798 0,001118
плавник 3,506558 0,001143
план 0,527633 0,000344
планировать 1,272966 0,000207
планироваться 0,891598 0,000436
планктон 2,995732 0,000488
планктонный 3,218876 0,000525
платонов 2,813411 0,000458
платформа 1,049822 0,000513
племя 1,514128 0,000247
плиний 3,218876 0,000525
плоский 2,659260 0,000433
плотно 2,813411 0,000458
плотность 0,634878 0,000207
плотный 2,813411 0,000458
плохой 2,040221 0,000332
плоцк 3,912023 0,000637
площадь 0,385662 0,000314
пляж 1,609438 0,001311
побережье 1,171183 0,005153
поведение -0,009950 -0,000002
поверхностный 1,514128 0,001234
поверхность 1,347074 0,000878
повествовать 2,995732 0,000976
повести 1,832581 0,000299
повесть 2,407946 0,000785
повсеместно 2,407946 0,000392
повторяться 2,525729 0,000412
погода 0,693147 0,000226
поголовье 3,912023 0,000637
пограничный 1,469676 0,000479
подверженный 2,040221 0,000665
подводной 1,514128 0,001480
поддерживать 0,994252 0,000162
поднятие 2,407946 0,000392
подписать 0,941609 0,000307
подробный 1,832581 0,000597
подступать 2,813411 0,000458
подходить 1,386294 0,000452
подчеркивать 2,120264 0,000345
позволить 0,967584 0,000158
позволять 0,462035 0,000075
позвоночные 2,995732 0,000488
позднечаудинское 3,912023 0,000637
поздно 0,713350 0,000349
поиск -0,009950 -0,000003
пока 0,843970 0,000138
показатель 0,494296 0,000242
покровка 2,813411 0,000458
покрывать 2,407946 0,000392
покрываться 3,218876 0,000525
покрыть 1,309333 0,000213
поле 1,049822 0,000171
полезный 1,203973 0,000196
поликарпов 3,912023 0,000637
политик -0,009950 -0,000003
полиция 2,207275 0,000360
полностью 0,400478 0,000065
полный 0,328504 0,000107
половина 0,430783 0,000211
положение 0,415515 0,000068
положить 1,514128 0,000247
полонский 3,506558 0,000571
полоса 0,916291 0,000299
полтора 2,040221 0,000332
полуостров 1,171183 0,001527
получить 0,150823 0,000074
пользоваться 1,139434 0,000186
польский 1,347074 0,000220
помимо 0,562119 0,000275
поморие 3,218876 0,000525
помощь 0,342490 0,000112
понизовка 3,218876 0,000525
пониматься 1,966113 0,000320
понт 2,659260 0,000867
понтийские 3,506558 0,000571
понтийских 3,912023 0,000637
понтическое 3,506558 0,000571
понто-каспия 3,506558 0,000571
понтьское 3,912023 0,000637
поньтъ 3,912023 0,000637
поньтьское 3,912023 0,000637
понятие 0,967584 0,000158
попадать 1,771957 0,000289
попасть 1,049822 0,000513
популярный 0,891598 0,000145
популяция 2,407946 0,000392
порода 1,427116 0,000233
порт 0,733969 0,002153
портал 0,342490 0,000112
портовый 2,040221 0,000332
порядка 1,139434 0,000186
поселение 0,634878 0,000103
посетить 1,203973 0,000392
послевоенный 1,309333 0,000213
последнее 0,843970 0,000138
последний -0,009950 -0,000008
последующий 1,272966 0,000207
поспешный 3,912023 0,000637
поставить 1,021651 0,000166
постоянная 0,843970 0,000138
постоянно 1,108663 0,000723
постоянный 0,579818 0,000094
построить 0,301105 0,000098
поступление 1,609438 0,000525
потемкин 2,525729 0,000412
потепление 2,040221 0,000332
поти 2,995732 0,000976
поток 0,967584 0,000631
потоп 2,525729 0,000412
поход 1,203973 0,000392
похожее 2,659260 0,000433
похожий 1,897120 0,000309
поэт 1,049822 0,000171
поэтому 0,616186 0,000100
появиться 0,248461 0,000040
появление 0,653926 0,000107
появляться 0,733969 0,000239
правило 0,478036 0,000156
править -0,009950 -0,000068
правка 0,274437 0,000045
правкиновые -0,009950 -0,000002
правкипостоянная -0,009950 -0,000002
правление 1,386294 0,000226
превысить 1,427116 0,000233
превышать 0,673345 0,000549
преграда 2,813411 0,000458
предел 0,400478 0,000065
предисл 2,120264 0,000345
предмет 0,713350 0,000116
предполагать 1,171183 0,000191
предполагаться 1,078810 0,000176
представитель 0,653926 0,000213
представить 0,328504 0,000054
представиться -0,009950 -0,000002
представлять 0,328504 0,000214
президент 0,597837 0,000097
прекратиться 2,407946 0,000392
преобладать 0,713350 0,000116
преобразовать 0,967584 0,000158
препятствовать 2,302585 0,000750
прервать 2,525729 0,000412
пресноводный 2,207275 0,001079
приблизительно 1,514128 0,000247
приблизительный 3,506558 0,000571
прибой 3,506558 0,000571
прибор 1,660731 0,000541
прибрежный 1,386294 0,001355
привести 0,356675 0,000058
привлекать 1,609438 0,000262
приводить 0,776529 0,000253
прием 1,347074 0,000220
признать 0,494296 0,000322
прилегать 1,237874 0,000202
прилив 2,813411 0,000458
прим 2,407946 0,000392
применять 0,510826 0,000166
применяться 1,139434 0,000186
примерно 0,634878 0,000103
примечание -0,009950 -0,000003
приморский 1,897120 0,000618
приморско 2,995732 0,000488
принадлежать 0,755023 0,000369
принимать 0,634878 0,000103
приносить 2,040221 0,000332
приноситься 3,506558 0,000571
принять 0,248461 0,000162
припай 3,506558 0,000571
приплывать 3,912023 0,001275
природа 0,653926 0,000852
природный 0,510826 0,000166
природоохранный 2,302585 0,000375
пристань 1,427116 0,000233
присутствие 1,514128 0,000247
присутствовать 1,021651 0,000166
приход 1,108663 0,000181
приходиться 0,693147 0,000339
причем 0,994252 0,000324
причерноморский 3,506558 0,000571
причерноморье 2,525729 0,002469
причина 0,562119 0,000183
проблема 0,274437 0,000179
проведение 0,673345 0,000219
провести 0,579818 0,000189
проводиться 0,653926 0,000320
прогноз 1,427116 0,000233
программа 0,415515 0,000203
прогреваться 2,407946 0,000392
прогресс 1,309333 0,000213
прогреть 3,506558 0,000571
прогреться 3,506558 0,000571
продлить 2,120264 0,000345
продолжение 1,347074 0,000439
продолжиться 2,120264 0,000345
продукт 0,634878 0,000207
проект -0,009950 -0,000006
прозрачность 2,302585 0,000375
произведение 1,021651 0,000333
производить 0,916291 0,000149
происходить 0,328504 0,000054
происхождение 0,776529 0,000253
прокладка 2,659260 0,000433
пролегать 2,659260 0,000433
пролетарий 3,506558 0,000571
пролив 1,771957 0,003754
проложить 1,347074 0,000220
промежуточный 1,771957 0,000289
промилле 3,218876 0,001574
промысел 2,659260 0,000867
промысл 1,966113 0,000320
промысловый 2,407946 0,000392
промышлять 0,462035 0,000151
проникновение 1,832581 0,000299
пропускной 2,040221 0,000332
просмотр -0,009950 -0,000002
просто 1,171183 0,000191
против 0,798508 0,000130
противоположность 3,506558 0,000571
протяженность 0,776529 0,000253
проф 1,771957 0,000289
профессия 2,302585 0,000375
профессор 0,967584 0,000158
проходить 0,462035 0,000301
проходная 2,407946 0,000392
прохоров 1,078810 0,000176
процесс 0,415515 0,000203
прут 3,912023 0,000637
прямая 0,867501 0,000141
псоу 3,218876 0,000525
птица 1,272966 0,000207
пункт 0,494296 0,000161
путать 1,714798 0,000279
путешественник 1,714798 0,000279
путь 0,261365 0,000256
пыль 2,407946 0,000392
пятно 2,813411 0,000458
пять 0,693147 0,000113
работа 0,127833 0,000083
работать 0,314711 0,000103
рабочий 0,597837 0,000097
равда 3,218876 0,000525
равнина 0,867501 0,000141
равновесие 3,218876 0,000525
равномерность 3,912023 0,000637
радикальный 2,207275 0,000360
радионавигационный 3,912023 0,000637
раз-два 3,912023 0,000637
развиваться 0,597837 0,000097
развитие 0,127833 0,000083
развить 0,616186 0,000201
разделить 0,527633 0,000258
разливаться 2,995732 0,000488
различный 0,116534 0,000076
размер 0,755023 0,000246
размножение 2,659260 0,000433
размножиться 3,912023 0,001275
разногласие 1,714798 0,000279
разный 0,314711 0,000103
разработка 0,653926 0,000107
разработчик -0,009950 -0,000002
разрешиться 3,912023 0,000637
район 0,430783 0,000772
ракообразные 2,995732 0,000488
ракушечник 3,506558 0,000571
ракушка 3,912023 0,000637
рамка 0,478036 0,000156
рана 0,776529 0,000253
рано 0,261365 0,000043
рапан 3,912023 0,003825
распад 1,514128 0,000247
расплодиться 3,912023 0,000637
расположение 0,776529 0,000127
расположить 0,385662 0,000251
распределение 1,203973 0,000196
распределить 0,693147 0,000113
распространить 0,616186 0,000301
распустить 2,207275 0,000360
рассказ 1,514128 0,000247
расслоение 3,506558 0,000571
рассматриваться 1,203973 0,000196
расти 0,941609 0,000307
растительный 1,386294 0,000226
расчленить 2,659260 0,000433
расширение 0,415515 0,000068
расщелина 3,912023 0,000637
ратке 3,912023 0,000637
реально 2,207275 0,000360
реальный 0,967584 0,000158
революция 0,562119 0,000092
регион 0,385662 0,000440
региональный 0,634878 0,000103
регулировать 2,207275 0,000719
ред 0,235722 0,000115
редко 1,514128 0,000740
режим 0,653926 0,000213
резервуар 2,995732 0,000976
резкий 1,386294 0,000452
резко 0,967584 0,000315
результат 0,174353 0,000284
рейс 1,171183 0,000382
река 0,446287 0,000800
рекорд 1,427116 0,000233
рекреационный 1,469676 0,000479
рельеф 0,798508 0,000260
республика 0,527633 0,000516
ресурс 0,020203 0,000016
рефлекс 3,912023 0,000637
речной 0,693147 0,000452
решать 1,469676 0,000239
риа 1,049822 0,000171
риза 3,218876 0,000525
римский 1,897120 0,000618
риони 3,912023 0,000637
рисер-ларсена 3,218876 0,000525
риф 2,813411 0,000458
рогожкин 3,912023 0,000637
родник 2,407946 0,000392
роль 0,494296 0,000081
роман 1,237874 0,000202
россииатлантического 2,995732 0,000488
россииморя 3,506558 0,000571
российский 0,105361 0,000120
россия 0,174353 0,000682
россыпь 2,813411 0,000458
рост 0,597837 0,000195
рубеж 1,021651 0,000333
руд 2,040221 0,000665
рука 1,139434 0,000186
руководство 0,544727 0,000266
рум 3,506558 0,003428
румелийский 3,912023 0,000637
румынией 3,506558 0,001143
румынии 3,218876 0,002623
румыния 2,120264 0,001382
рус 0,162519 0,001695
русский -0,009950 -0,000018
русь 1,139434 0,000557
руськое 3,912023 0,000637
рыба 1,514128 0,003701
рыбак 2,040221 0,000997
рыбаковка 3,218876 0,000525
рыбальче 3,218876 0,000525
рыбацкий 2,813411 0,000458
рыбное 2,813411 0,000917
рыбный 1,609438 0,000787
рыболовный 2,813411 0,000458
рыболовство 2,207275 0,000719
ряд 0,223144 0,000400
савинкова 3,912023 0,000637
сакарья 3,912023 0,000637
сам 0,162519 0,000106
самописец 3,912023 0,000637
самостоятельно 2,120264 0,000345
самсун 3,218876 0,001574
самсуне 3,912023 0,000637
самсуном 3,912023 0,000637
самсунский 3,912023 0,000637
самый 0,174353 0,000028
санаторий 1,714798 0,000279
сарган 3,912023 0,000637
саргассов 3,218876 0,000525
сардинский 3,218876 0,000525
сарма 3,218876 0,000525
сарматский 3,218876 0,001049
сарпи 3,218876 0,000525
сахар 2,525729 0,000412
сборник 0,597837 0,000097
сброс 1,660731 0,000541
сведение 0,579818 0,000094
свет 0,941609 0,000153
свети-влас 3,218876 0,000525
свечение 3,912023 0,000637
свечка 3,912023 0,000637
свинья 3,218876 0,000525
свободный -0,009950 -0,000002
свое 0,287682 0,000141
свой 0,150823 0,000025
свойство 0,415515 0,000406
свыше 0,891598 0,000291
связать 0,174353 0,000057
связаться -0,009950 -0,000002
связь 0,174353 0,000057
святой 0,755023 0,000246
святослава 2,813411 0,000458
сгонно-нагонные 3,218876 0,000525
сдерживаться 2,659260 0,000867
себя 0,198451 0,000065
севастополе 3,506558 0,001143
севастополь 1,771957 0,000577
севастопольскую 3,912023 0,000637
севастополя 2,813411 0,000458
север 0,527633 0,000688
северные 1,171183 0,000954
северный 0,385662 0,000503
северо-восточный 1,386294 0,000226
северо-запад 1,469676 0,000479
северо-западный 1,078810 0,001582
севрюга 3,218876 0,000525
сезон 0,916291 0,000149
сезонный 1,714798 0,000279
сейсмический 2,659260 0,000433
сейша 3,506558 0,000571
сектор 1,049822 0,000171
село 0,891598 0,000145
сельдь 2,995732 0,000976
семен 1,966113 0,000320
семь 0,820981 0,000134
сентябрь 0,072571 0,000118
сера 2,302585 0,000750
сергеевка 2,995732 0,000488
сергея 1,469676 0,000239
середземного 3,912023 0,000637
середина 0,356675 0,000174
сероводород 2,813411 0,005043
сероводородный 3,506558 0,001143
серьезный 1,386294 0,000226
сизов 3,506558 0,000571
сила 0,494296 0,000161
сильно 0,755023 0,000246
сильный 0,544727 0,000266
симеиз 3,218876 0,000525
симферополь 1,897120 0,000618
сине-зеленый 2,659260 0,000433
синоп 3,218876 0,000525
синопа 3,912023 0,000637
синопе 3,912023 0,000637
синопом 3,912023 0,000637
синопский 3,912023 0,000637
синтагма 3,912023 0,000637
синтез 2,407946 0,000392
сириус 2,995732 0,000488
система 0,051293 0,000042
систематический 2,040221 0,000997
системеобсуждениевкладсоздать -0,009950 -0,000002
ситуация 0,693147 0,000226
скадовск 3,218876 0,000525
скала 2,407946 0,001569
скалы-корабли 3,912023 0,000637
скат 2,995732 0,000976
скачать -0,009950 -0,000002
скифский 2,525729 0,000823
складывать 3,912023 0,000637
складываться 1,771957 0,000289
склон 1,347074 0,000439
скоро 1,560648 0,000509
скорпена-ерш 3,912023 0,001275
скорый 2,525729 0,000412
скоша 3,218876 0,000525
скумбрия 3,506558 0,001714
слабый 1,660731 0,000541
славянин 2,302585 0,000750
следовать 0,235722 0,000115
следствие 1,560648 0,000763
следует 0,755023 0,000369
словакии 3,218876 0,000525
словарь 0,094311 0,000092
словении 2,995732 0,000488
словеть 3,912023 0,000637
слово 0,210721 0,000069
сложиться 0,994252 0,000162
слой 1,272966 0,003526
служба 0,527633 0,000086
случай -0,009950 -0,000002
сменить 1,714798 0,000279
сменять 2,659260 0,000867
смирнов 2,302585 0,000375
смочь 1,203973 0,000196
смягчать 2,659260 0,000433
снабдить 2,995732 0,000488
снаряжать 3,912023 0,000637
снег 1,386294 0,000452
снижение 1,171183 0,000191
снизить 1,560648 0,000254
снизиться 1,609438 0,000525
снимок 1,660731 0,000271
снять 1,237874 0,000403
собрать 1,386294 0,000452
собственно 1,386294 0,000226
собственный 0,446287 0,000073
событие 0,733969 0,000359
событияпожертвовать -0,009950 -0,000002
совершить 0,994252 0,000162
советский 0,261365 0,000256
совместно 1,427116 0,000233
совместный 1,514128 0,000247
современный 0,150823 0,000172
согласно 0,301105 0,000098
соглашение 0,994252 0,000324
содержание 0,010050 0,000002
содержать 0,634878 0,000207
соединение 1,237874 0,000202
соединить 0,994252 0,000324
соединиться 2,813411 0,000458
соединять 1,108663 0,000361
соединяться 2,120264 0,000691
созвучие 3,506558 0,000571
создание 0,301105 0,000098
создать 0,210721 0,000069
созопол 3,218876 0,000525
сократиться 1,386294 0,000678
соленое 2,813411 0,000458
соленость 2,995732 0,004393
соленый 2,407946 0,000392
солнечный 0,597837 0,000390
солоноватоводный 3,218876 0,000525
солоноватый 3,218876 0,000525
сообщить -0,009950 -0,000002
соответственно 1,021651 0,000333
соответствовать 0,371064 0,000121
соотноситься 2,995732 0,000488
сорокин 2,995732 0,000488
сосредоточить 1,171183 0,000191
сост 0,597837 0,000097
состав 0,248461 0,000202
составить 0,400478 0,000196
составлять 0,198451 0,000420
составляться 3,218876 0,000525
состояние 0,248461 0,000202
состоять 0,385662 0,000063
сотни 1,427116 0,000233
сотрудник 1,386294 0,000226
сотрудничество 1,078810 0,000352
софиевка 3,218876 0,000525
софии 2,813411 0,000458
софия 3,218876 0,000525
сохранение -0,009950 -0,000002
сохранять 1,427116 0,000233
сочить 1,514128 0,000740
союз 0,579818 0,000094
спасать 2,813411 0,000458
специалист 0,755023 0,000246
специальный 0,415515 0,000068
спинной 3,912023 0,001275
список 0,210721 0,000034
спичак 3,912023 0,000637
спорный 1,514128 0,000247
способ 1,078810 0,000176
способность 1,139434 0,000186
способный 1,309333 0,000213
справа 1,714798 0,000279
справка 1,203973 0,000392
спутник 1,560648 0,000254
сравнение 0,733969 0,000359
сравнительно 1,897120 0,000309
сразу 0,994252 0,000162
среда 0,385662 0,000126
среди 0,198451 0,000420
средиземноморский 2,525729 0,001235
средиземный 2,302585 0,003002
средневековый 1,386294 0,000226
среднегодовой 0,776529 0,000127
среднее 0,342490 0,000167
среднеконтинентальным 3,912023 0,000637
среднеплиоценовый 3,912023 0,000637
средний 0,371064 0,000484
срок 0,798508 0,000260
ссср 0,314711 0,000256
ссылка -0,009950 -0,000011
ссылкасведения -0,009950 -0,000002
ссылкойвикипедия 1,660731 0,000271
ставрида 3,506558 0,001143
сталкиваться 3,912023 0,000637
сталь 0,415515 0,000271
стамбул 2,659260 0,001300
стамбульский 3,506558 0,000571
станция 0,579818 0,000567
старший 1,386294 0,000226
статистик -0,009950 -0,000002
статус 0,430783 0,000140
стать 0,083382 0,000068
статьислучайная -0,009950 -0,000002
статьисообществофорумсправкасвежие -0,009950 -0,000002
статья 0,020203 0,000043
статьяобсуждение -0,009950 -0,000002
статьятекущие -0,009950 -0,000002
стационарный 1,108663 0,000361
стен 0,967584 0,000158
степанов 2,813411 0,000458
стер 2,207275 0,000360
стихотворение 2,120264 0,000345
стоить 0,891598 0,000145
сток 1,660731 0,001082
столь 1,714798 0,000279
сторона 0,235722 0,000038
сточный 1,560648 0,000254
стоячий 3,912023 0,000637
страбона 3,218876 0,001049
страна 0,235722 0,000499
страница -0,009950 -0,000011
страницасодержаниеизбранные -0,009950 -0,000002
страницецитировать -0,009950 -0,000002
страницуполучить -0,009950 -0,000002
страницыслужебные -0,009950 -0,000002
стратегический 1,469676 0,000479
стратификация 3,912023 0,001912
строительство 0,462035 0,000527
структура 0,400478 0,000131
субтропический 1,832581 0,000597
суд 0,693147 0,000339
судак 2,525729 0,001235
судакский 3,218876 0,000525
суджук 3,912023 0,000637
судно 2,207275 0,001079
судоходный 1,714798 0,000559
сукко 3,218876 0,000525
султанка 3,912023 0,000637
сульфатредуцирующих 3,912023 0,001275
сумасшедший 3,912023 0,000637
супертанкер 3,912023 0,000637
суровый 1,714798 0,000559
суховей 2,813411 0,000458
сухогруз 3,218876 0,000525
сухой 1,049822 0,000171
существенно 1,108663 0,000361
существенный 1,237874 0,000807
существовать 0,020203 0,000023
сфера 0,562119 0,000092
схема 0,916291 0,000299
счет 0,562119 0,000092
считать 0,597837 0,000097
считаться 0,385662 0,000063
сша 0,562119 0,000092
съемка 1,966113 0,000320
съесть 3,218876 0,000525
сюдасвязанные -0,009950 -0,000002
сюрприз 3,506558 0,000571
табачник 3,506558 0,000571
таврия 3,912023 0,001275
тайна 1,897120 0,000618
такое 0,328504 0,000321
такой 0,162519 0,000159
таманский 3,912023 0,001275
танкер 2,659260 0,001300
танкерный 3,912023 0,000637
тарасенко 3,218876 0,000525
тарханкут 3,506558 0,000571
твердый 1,771957 0,000289
творчество 1,021651 0,000166
текст -0,009950 -0,000002
тематика 1,897120 0,000309
темно-синий 3,506558 0,000571
темный 2,995732 0,000488
температура 0,510826 0,001665
температурный 1,897120 0,000618
тенденция 1,237874 0,000202
тендер 3,912023 0,000637
тендровский 3,912023 0,000637
теплое 1,309333 0,000427
теплый 1,171183 0,000382
термин 0,198451 0,000032
терминал 1,347074 0,000220
термоклин 3,218876 0,000525
территориальный 0,713350 0,000116
территория 0,356675 0,000523
тетис 3,912023 0,000637
технический 0,462035 0,000151
течение 0,314711 0,000564
течь 0,274437 0,000045
тип 0,072571 0,000012
типичное 2,995732 0,000488
тирренский 3,218876 0,000525
титаномагнетитовый 3,912023 0,000637
тихий 1,347074 0,000439
товар 0,916291 0,000149
товарный -0,009950 -0,000002
топалов 3,912023 0,000637
топографический 1,897120 0,000309
топоним 1,078810 0,000352
топонимический 0,776529 0,000253
торговать 2,525729 0,000412
торговля 0,579818 0,000094
торговый 0,597837 0,000584
точка 0,478036 0,000078
трабзон 3,218876 0,001049
традиционно 1,347074 0,000220
традиция 0,891598 0,000145
траление 3,912023 0,001275
траловый 3,912023 0,000637
трансгрессия 2,995732 0,000488
транспортировка 2,407946 0,000392
транспортный 0,616186 0,000703
трансъевропейский 3,506558 0,000571
трапезонда 3,912023 0,001275
требовать 0,562119 0,000183
трлн 2,207275 0,000360
трофей 2,813411 0,000458
труба 2,207275 0,000719
трубачева 2,407946 0,000392
трубопроводный 2,525729 0,000412
трудность 1,966113 0,000320
трутаева 3,912023 0,000637
трьми 3,912023 0,000637
туапсе 1,897120 0,000927
туапсинский 3,218876 0,000525
тузикова 3,912023 0,000637
тузла 3,506558 0,000571
тунец 3,912023 0,000637
тур 1,609438 0,000525
турецкий 1,771957 0,000289
турист 1,309333 0,000427
турка 1,469676 0,000239
турцией 2,995732 0,001464
турции 2,407946 0,003139
турцию 3,506558 0,000571
турция 2,207275 0,001439
тыл 1,771957 0,000289
тыс 0,430783 0,000281
тысяча 0,371064 0,000181
тюлень 2,813411 0,000458
тюлька 3,218876 0,000525
тюменский 2,995732 0,000488
увеличиваться 1,309333 0,000213
углеводород 2,407946 0,000392
угода 3,506558 0,000571
угроза 1,469676 0,000239
удаление 1,966113 0,000320
удачный 2,207275 0,000360
удивительный 2,659260 0,000433
удмурт 1,660731 0,000271
удобрение 2,407946 0,000392
указание -0,009950 -0,000002
указатель 1,966113 0,000320
указать 0,083382 0,000054
указывать 1,272966 0,000207
укол 3,912023 0,000637
укр 2,040221 0,001662
украина 0,527633 0,001805
украинский 1,469676 0,000239
украиныскрытые 3,506558 0,000571
укрепление 1,272966 0,000207
укромный 3,912023 0,000637
ульва 3,506558 0,000571
ульянина 3,912023 0,000637
уменьшение 1,469676 0,000479
универсальный 0,544727 0,000089
университет 0,328504 0,000161
уничтожать 2,407946 0,000392
упоминание 0,967584 0,000158
упоминаться 1,203973 0,000196
управление 0,248461 0,000040
уреки 3,218876 0,000525
уровень 0,150823 0,000074
урон 3,912023 0,001275
усатово 3,218876 0,000525
усилие 1,660731 0,000271
условие -0,009950 -0,000008
успевать 2,995732 0,000976
усср 3,218876 0,000525
устойчивый 1,427116 0,000233
устрица 3,506558 0,001714
усугублять 2,995732 0,000488
утверждение 0,400478 0,000065
утесова 3,912023 0,000637
утиные 3,506558 0,000571
утки-нырки 3,912023 0,000637
уточнение 1,469676 0,000239
утриш 3,912023 0,000637
ухудшение 2,813411 0,000458
ухудшиться 3,506558 0,000571
участвовать 1,021651 0,000166
участие -0,009950 -0,000002
участник 0,510826 0,000083
участок 0,616186 0,000201
учебник 1,609438 0,000262
ученый 0,653926 0,000533
учетный -0,009950 -0,000002
уэдделла 3,218876 0,000525
факт 0,634878 0,000103
фактически 0,916291 0,000149
фактор 0,994252 0,000486
факультет 1,514128 0,000247
фасмер 1,966113 0,000320
фауна 1,108663 0,000903
февраль 0,051293 0,000100
феодосии 3,506558 0,001143
феодосийский 3,218876 0,000525
феодосия 1,966113 0,000961
фиксироваться 2,120264 0,000345
филиал 0,755023 0,000123
филиппов 2,525729 0,000412
филлофора 3,912023 0,000637
фильм 1,049822 0,000513
фитопланктон 2,995732 0,001953
флор 1,021651 0,000499
флот 1,347074 0,000878
фонд -0,009950 -0,000002
фонтан 1,309333 0,000213
форма 0,287682 0,000047
формироваться 1,078810 0,000176
форос 3,218876 0,000525
фосфат 2,659260 0,000433
фосфоресцировать 3,912023 0,000637
фракийский 2,995732 0,000488
французско-русская 3,912023 0,000637
фундаментальный 1,560648 0,000254
функционирование 1,714798 0,000279
функция 0,693147 0,000113
хаджибей 3,218876 0,000525
хамса 3,218876 0,001574
характер 0,653926 0,000107
характеризоваться 0,891598 0,000145
характеристика 0,415515 0,000135
характерный 0,693147 0,000226
хвост 2,302585 0,000750
хемоклин 3,912023 0,000637
херсоне 3,912023 0,000637
херсонский 2,525729 0,000823
химик 2,207275 0,000360
химический 0,867501 0,000141
хищник 2,302585 0,000750
хищнический 3,506558 0,000571
хищные 2,525729 0,000412
хождение 3,912023 0,000637
хозяйство 0,579818 0,000189
хокона 3,218876 0,000525
холодная 1,139434 0,000743
холодное 1,560648 0,000254
холодный 1,771957 0,000577
хорватии 3,506558 0,000571
хорлы 3,218876 0,000525
хост 2,813411 0,000458
хпс 3,912023 0,001275
хребет 1,560648 0,000254
художник 0,967584 0,000158
художника-мариниста 3,912023 0,000637
царапина 3,912023 0,000637
царев 2,407946 0,000392
царь 1,078810 0,000176
цвет 0,941609 0,000153
цветение 2,995732 0,000976
цветной 1,560648 0,000509
цветовой 2,995732 0,000488
целебный 2,995732 0,000488
целое 0,634878 0,000414
целый 1,108663 0,000181
цемент 2,813411 0,000458
цементный 2,813411 0,000458
цемесская 3,912023 0,000637
ценное 3,912023 0,000637
центр 0,287682 0,000047
центральный 0,400478 0,000196
цепочка 2,040221 0,000332
цикл 1,237874 0,000202
циклон 2,207275 0,000360
циклонический 3,218876 0,000525
циркуляция 2,302585 0,001876
цистозира 3,912023 0,000637
чаек 1,660731 0,000271
чакви 3,218876 0,000525
час 0,867501 0,000141
частично 0,653926 0,000320
частность 0,462035 0,000301
часть 0,061875 0,000272
чаудинское 3,912023 0,000637
чаща 1,108663 0,000181
человек 0,186330 0,000091
человек-амфибия 3,912023 0,000637
человеческий 1,309333 0,000213
чемедже 3,912023 0,000637
черк 3,912023 0,000637
чермный 3,912023 0,000637
черно 3,912023 0,001275
черное 1,237874 0,037114
черноморск 3,506558 0,001714
черноморский 1,832581 0,014632
черноморско-каспийская 3,912023 0,000637
черный 0,843970 0,000138
чернявского 3,912023 0,000637
черта 0,994252 0,000162
чертеж 1,660731 0,000271
честь 0,562119 0,000092
чешский 1,966113 0,000320
чиновник 1,771957 0,000289
число 0,186330 0,000152
числовой 2,040221 0,000332
читатьправитьправить 0,494296 0,000081
член 0,755023 0,000123
чорне 3,912023 0,001275
чорного 3,912023 0,002550
чорох 3,912023 0,000637
чрезмерный 3,218876 0,000525
чукотский 2,040221 0,000332
шабла 3,218876 0,000525
шаблон 0,462035 0,000075
шаблоноввикипедия 3,218876 0,000525
шабо 3,218876 0,000525
шадрин 3,912023 0,000637
шантарское 2,995732 0,000488
шекветили 3,218876 0,000525
шельф 2,040221 0,001330
шельфовый 3,218876 0,001574
шепси 3,218876 0,000525
шестакова 3,912023 0,000637
шесть 1,021651 0,000166
шестьсот 3,912023 0,000637
шип 2,995732 0,001464
широкий 0,494296 0,000161
широко 0,653926 0,000213
шпиндлера 3,912023 0,000637
шпрот 3,912023 0,001275
шторм 2,302585 0,001126
штурман 3,218876 0,000525
шуц 3,912023 0,000637
эвксинским 3,912023 0,000637
эвригалинный 3,912023 0,000637
эвтрофикация 2,995732 0,000488
эгейский 2,813411 0,001375
эгида 2,302585 0,000375
эйзенштейна 3,912023 0,000637
экз 0,415515 0,000068
экзотический 2,525729 0,000412
эколог 2,302585 0,000375
экологический 0,693147 0,001355
экология 0,562119 0,000366
экономика 0,400478 0,000196
экономический 0,478036 0,000234
экосистема 1,966113 0,001281
экспедиция 1,469676 0,003113
экспериментальный 1,660731 0,000271
эксплуатация 0,776529 0,000127
экспорт -0,009950 -0,000003
экстрим 3,506558 0,000571
элемент 0,544727 0,000089
эмма 3,506558 0,000571
энтероморфа 3,912023 0,000637
энциклопедия -0,009950 -0,000006
эпоха 0,713350 0,000349
эра 1,514128 0,000247
эрдемир 3,912023 0,000637
эрдогана 3,912023 0,001275
этимологический 2,040221 0,000332
этимология 0,616186 0,000201
эфорие 3,218876 0,001049
эхографы 3,912023 0,000637
юбилей 1,560648 0,000254
юг 0,693147 0,000452
югниро 3,912023 0,001912
юго-восток 1,171183 0,000191
юго-восточный 1,108663 0,000181
юго-западный 1,049822 0,000171
южный 0,385662 0,001257
юкатанское 3,218876 0,000525
юлия 2,407946 0,000785
юношеский 1,560648 0,000254
юрия 1,660731 0,000271
явление 1,021651 0,000499
являться 0,040822 0,000100
ягорлыцкий 3,912023 0,000637
ядовитый 3,218876 0,001049
язык -0,009950 -0,000006
якорь 2,525729 0,000412
ялта 2,659260 0,000867
ялтинский 3,218876 0,001049
ялты 3,912023 0,000637
январь 0,105361 0,000137
янина 3,506558 0,000571
японский 1,469676 0,000239
яселка 3,218876 0,000525
яхта 3,506558 0,000571
ящур 3,506558 0,000571
