абразия 3,912023 0,001060
август 0,072571 0,000138
аверинцев 3,506558 0,000950
авестийский 3,912023 0,001060
авт 1,469676 0,000398
автономный 0,867501 0,000235
автоподтвержденных 2,120264 0,000574
авторитетный 0,891598 0,000483
авторство -0,009950 -0,000003
агентство 0,798508 0,000216
агломерат 3,912023 0,002119
административный 0,597837 0,000324
администрация 0,755023 0,000409
адриатический 3,218876 0,000872
аз 2,302585 0,004366
азак 3,506558 0,001900
азан 3,912023 0,001060
азау 3,912023 0,001060
азова 2,813411 0,000762
азовка 3,912023 0,002119
азовморинформцентр 3,912023 0,001060
азово-черноморской 3,506558 0,000950
азовский 1,660731 0,044982
азовско-черноморском 3,912023 0,001060
азовсталь 3,912023 0,002119
азовське 3,912023 0,003179
азовського 3,506558 0,000950
азупа 3,912023 0,001060
азуфа 3,912023 0,001060
академик 1,203973 0,000326
акватория 1,560648 0,001691
акдениз 3,912023 0,001060
аккумулятивный 2,995732 0,000811
активно 0,733969 0,000199
актуальный 1,347074 0,000365
алг 3,912023 0,001060
александр 0,462035 0,000125
алексеев 2,207275 0,000598
алексеевич 2,040221 0,000553
алфавитуазовское 3,912023 0,001060
алфавитукарточка 2,207275 0,000598
аль-азуф 3,912023 0,001060
альборан 3,218876 0,000872
америка 1,386294 0,000375
амплитуда 1,966113 0,000533
анадара 3,912023 0,002119
анализ 0,967584 0,000262
англ 0,174353 0,000047
анистратенко 3,912023 0,001060
анкетирование 3,218876 0,000872
аннексировать 2,995732 0,003246
аннексия 0,941609 0,000510
аномалия 2,995732 0,000811
антарктика 2,302585 0,000624
античность 2,407946 0,001304
апрель 0,150823 0,000245
араб 1,609438 0,000436
арабатская 3,506558 0,001900
арабатский 3,506558 0,000950
арабский 1,560648 0,000423
аргентинский 2,995732 0,000811
ареал 2,659260 0,000720
армянск 3,506558 0,000950
армянский 1,347074 0,000365
арх 0,544727 0,000148
археология 1,171183 0,000317
архивировать 0,020203 0,000115
асоки 3,912023 0,001060
асс 3,506558 0,000950
ассак 3,912023 0,001060
аст 0,820981 0,000222
астрель 1,049822 0,000284
атлантический 1,609438 0,001744
аузак 3,912023 0,001060
африка 1,560648 0,000423
ахтарский 3,912023 0,002119
ачуевская 3,912023 0,001060
ачуевский 3,912023 0,001060
багамский 2,995732 0,000811
балеарский 3,218876 0,000872
балка 2,040221 0,000553
балтийский 1,514128 0,001230
балук-дегниз 3,912023 0,001060
балык-денгиз 3,912023 0,001060
банк 0,693147 0,000375
бар-эль-азов 3,912023 0,001060
барабуля 3,912023 0,001060
баренцево 2,995732 0,000811
бассейн 0,653926 0,001063
батиметрия 3,912023 0,002119
бахр 3,912023 0,002119
баш 3,506558 0,000950
беглицкая 3,912023 0,001060
бедность 3,218876 0,000872
бедствие 2,995732 0,000811
безвредный 3,506558 0,000950
безопасность 0,916291 0,000496
бейсугский 3,912023 0,003179
белое 0,994252 0,000539
белосарайская 3,912023 0,001060
белуга 3,218876 0,000872
бентос 3,506558 0,001900
бердо 3,912023 0,001060
бердянск 3,218876 0,004359
бердянска 3,912023 0,001060
бердянская 3,912023 0,001060
бердянский 3,912023 0,003179
бердянском 3,912023 0,002119
берег 0,478036 0,001554
береговой 1,469676 0,001990
берингово 2,995732 0,000811
бессточный 2,659260 0,000720
бестер 3,912023 0,001060
библиографический 0,083382 0,000023
биомасса 3,218876 0,000872
бирючий 3,912023 0,001060
бискайский 3,218876 0,000872
благодаря 0,527633 0,000143
ближний 1,469676 0,000398
близкий 0,820981 0,000445
богатырь 2,525729 0,000684
большинство 0,342490 0,000093
большое 0,385662 0,000104
большой 0,040822 0,000199
бондарук 3,912023 0,001060
борисов 2,659260 0,001441
босфор 3,218876 0,000872
бродяной 3,912023 0,001060
брокгауза 0,328504 0,000534
бурный 1,660731 0,000450
быстрый 0,916291 0,000745
быть -0,009950 -0,000003
бычок 3,218876 0,002616
бюллетень 2,407946 0,000652
важно 2,040221 0,000553
ванадий 3,912023 0,001060
васильева 2,207275 0,000598
ваттовое 3,218876 0,000872
вблизи 1,139434 0,000309
вдоль 0,755023 0,000614
веб-камера 3,912023 0,002119
век 0,248461 0,000538
великий 0,356675 0,000193
величина 1,108663 0,001501
велокурова 3,912023 0,002119
венецианец 3,218876 0,002616
вероятно 1,560648 0,000423
версия -0,009950 -0,000005
вертикаль 2,813411 0,000762
верхний 0,494296 0,000134
верховный 1,108663 0,000300
вес 1,560648 0,000423
весна 0,713350 0,000193
вести 0,356675 0,000097
весь 0,301105 0,000082
весьма 1,514128 0,000820
ветер 0,713350 0,000193
ветка 1,427116 0,000387
взгляд 1,309333 0,000709
взмучивание 3,912023 0,001060
взять 0,755023 0,000205
вид 0,061875 0,000268
викиданные 0,776529 0,000210
викиданных -0,009950 -0,000003
викимедиа -0,009950 -0,000003
википедии -0,009950 -0,000005
википедия -0,009950 -0,000013
викискладвикиновостиэлемент 1,897120 0,000514
викискладе 0,174353 0,000047
включать 0,235722 0,000383
владение 0,916291 0,000248
влияние 0,527633 0,000429
вначале 2,813411 0,000762
внешний 0,051293 0,000014
вновь 0,755023 0,000205
внутренний 0,314711 0,000085
вода 0,527633 0,005431
водный 0,562119 0,000457
водоем 1,139434 0,001234
водообмен 2,659260 0,000720
водоросль 2,207275 0,001794
водосбор 2,659260 0,000720
водосборный 2,525729 0,000684
водохранилище 1,139434 0,000309
военный 0,494296 0,000134
возвышенность 1,386294 0,000375
возможно 0,867501 0,000235
возникновение 0,941609 0,000255
возобновление 2,525729 0,000684
возрасти 1,660731 0,000450
волга 1,347074 0,000365
волгоград 1,139434 0,000309
волгонефть 3,506558 0,001900
волнение 2,525729 0,000684
воловник 3,912023 0,001060
волшебный 0,030459 0,000008
вольногорск 3,912023 0,001060
вопрос 0,371064 0,000201
воровка 3,912023 0,003179
воронеж 1,203973 0,000326
вост 3,218876 0,000872
восток 0,494296 0,000536
восточно-сибирское 2,407946 0,000652
восточный 0,430783 0,000467
востребовать 2,407946 0,000652
впадать 1,309333 0,001064
впервые 0,385662 0,000209
врадиевка 3,912023 0,001060
время 0,020203 0,000049
все 0,040822 0,000033
вследствие 1,203973 0,000978
встречаться 0,713350 0,000386
втора 0,274437 0,000074
вторжение 1,609438 0,000436
вулканический 2,995732 0,000811
входить 0,287682 0,000156
вчора 3,912023 0,001060
выброс 1,347074 0,000365
выдать 1,897120 0,000514
выделять 1,139434 0,000309
выделяться 0,941609 0,000510
вылов 3,218876 0,004359
выноситься 3,218876 0,000872
вып 0,798508 0,000216
выпуск 0,693147 0,000375
высокий 0,139262 0,000151
вытянутость 3,506558 0,000950
вытянуть 2,207275 0,000598
выше 0,616186 0,000334
вышеуказанный 3,218876 0,000872
гавань 1,966113 0,001065
гаспаров 3,912023 0,001060
гебридский 3,218876 0,000872
геническ 3,912023 0,001060
генический 3,912023 0,001060
генического 3,506558 0,000950
генуэзец 3,218876 0,002616
генуэзский 2,525729 0,000684
географический 0,356675 0,000773
географическо-статистический 2,407946 0,000652
география 0,415515 0,000338
геолог 2,302585 0,001247
геологический 1,139434 0,000309
геолого-географический 3,912023 0,001060
геродота 2,659260 0,000720
гибралтарский 3,912023 0,001060
гидрографический 2,302585 0,000624
гидрометеоиздат 1,897120 0,001028
гидрометеорологический 2,525729 0,000684
гидрометеорология 2,525729 0,002052
гидрометеостанция 3,912023 0,001060
гидрометиздат 3,912023 0,002119
гидроузел 2,407946 0,000652
гидрохимический 2,813411 0,000762
гидрохимия 2,995732 0,002434
гипотеза 1,560648 0,000423
гкгнпро 0,916291 0,000248
глава 0,494296 0,000134
глафировская 3,912023 0,001060
глеб 3,218876 0,000872
глубина 1,139434 0,004012
год -0,009950 -0,000164
годавикипедия 0,616186 0,000334
годовой 0,994252 0,000539
голубицкая 3,912023 0,001060
гора 0,616186 0,000167
горбушина 3,912023 0,001060
горловина 3,912023 0,001060
город 0,371064 0,001005
городской 0,544727 0,000443
горсовет 1,897120 0,001028
горячее 3,218876 0,000872
гос 1,609438 0,000436
госдума 3,218876 0,000872
государственный 0,261365 0,000283
граница 0,356675 0,000193
грацианская 3,912023 0,001060
греча 1,427116 0,000387
грузии 1,771957 0,000480
грузопоток 2,995732 0,001623
грузский 3,912023 0,001060
группа 0,314711 0,000256
дарданеллы 3,218876 0,000872
дата 0,030459 0,000215
дать 0,072571 0,000098
два 0,150823 0,000041
действовать -0,009950 -0,000003
декабрь 0,094311 0,000588
дельта 1,832581 0,000496
дельфин 2,813411 0,001524
демченко 3,912023 0,002119
денонсировать 3,912023 0,002119
детская 0,653926 0,000177
джанкойский 3,912023 0,001060
диатомовые 2,995732 0,000811
дирипаско 3,912023 0,001060
длина 0,579818 0,000471
длиннорылый 3,912023 0,001060
длинный 1,237874 0,000335
длительный 1,309333 0,000355
дно 1,469676 0,001194
добавить 0,562119 0,000305
добровольский 2,813411 0,001524
добыча 1,386294 0,001502
довольно 0,891598 0,000241
договор 1,171183 0,001586
документ 0,415515 0,000225
долгий 1,021651 0,000830
долгота 0,820981 0,000222
должанская 3,912023 0,001060
должный 0,356675 0,000193
доломит 3,912023 0,001060
доминировать 1,897120 0,000514
дон 1,660731 0,003599
донецкий 2,302585 0,002495
донный 2,813411 0,002286
донской 1,714798 0,000929
доп 0,597837 0,000486
дополнительный -0,009950 -0,000003
допустимый 1,771957 0,000480
дорога 0,527633 0,000286
достигать 0,843970 0,001143
достигнуть 1,272966 0,000345
достоверно 2,995732 0,000811
достопримечательность 0,867501 0,000235
доступный -0,009950 -0,000003
древний 0,653926 0,000531
древность 1,203973 0,000978
дробно -0,009950 -0,000003
другое 0,462035 0,000375
другой -0,009950 -0,000030
дума 0,916291 0,000248
думка 3,506558 0,000950
дуная 3,912023 0,001060
дуть 2,813411 0,000762
евразия 1,347074 0,000365
европа 0,301105 0,000163
единица 0,478036 0,000259
ейск 2,659260 0,000720
ейска 3,912023 0,001060
ейский 3,218876 0,002616
еланчик 3,912023 0,002119
ефрона 0,328504 0,000534
жажда 3,218876 0,000872
жданова 3,218876 0,000872
железинская 3,912023 0,001060
железнодорожный 0,579818 0,000314
железный 0,616186 0,000501
железо 2,525729 0,000684
животное 0,798508 0,000433
жизнь 0,342490 0,000186
жить 0,820981 0,000222
журнал 0,301105 0,000571
зависимость 0,713350 0,000193
завтра 2,207275 0,000598
заглавный -0,009950 -0,000003
загрязнение 0,891598 0,000724
загрязнить 1,514128 0,001640
задерживаться 3,218876 0,000872
займище 3,912023 0,001060
закавказье 2,040221 0,000553
заклинский 3,912023 0,001060
заключить 1,309333 0,000355
закрепиться 1,966113 0,001065
залив 1,609438 0,014821
залогин 3,218876 0,001744
замерзание 2,659260 0,001441
замерзать 2,120264 0,001149
заметно 1,771957 0,000480
занести 1,714798 0,000464
занимать 0,430783 0,000233
заниматься 0,634878 0,000172
запад 0,634878 0,000516
западный 0,462035 0,000250
запас 1,560648 0,000845
записьвойти -0,009950 -0,000003
заповедник 1,714798 0,000464
заполнение 2,813411 0,000762
запорожский 2,525729 0,001368
запрос 1,021651 0,000277
зарегистрировать -0,009950 -0,000003
зарегулирование 3,912023 0,001060
застрять 3,506558 0,000950
затем 0,527633 0,000143
затонуть 2,659260 0,000720
затруднить 2,407946 0,000652
зафиксировать 1,078810 0,000877
заходить 2,407946 0,001957
защита 0,616186 0,000167
защитить 1,139434 0,000309
заявление -0,009950 -0,000003
зеленовато-голубого 3,912023 0,001060
зеленовато-желтого 3,912023 0,001060
земля 0,400478 0,000217
зерновой 2,995732 0,000811
зима 0,478036 0,000259
зимний 0,798508 0,000216
зимовка 3,506558 0,000950
знак -0,009950 -0,000003
значение 0,061875 0,000134
значит 1,560648 0,000423
значительно 0,510826 0,000277
значительный 0,328504 0,000356
золотой 0,597837 0,000162
зона 0,400478 0,000217
зрелость 2,995732 0,000811
зюк 3,912023 0,001060
из-за 0,415515 0,000225
изв 3,912023 0,003179
известие 0,994252 0,000539
известный 0,287682 0,000156
извлекать 3,506558 0,000950
извлечение 2,407946 0,001304
изд 0,314711 0,000170
издательство 0,494296 0,000268
измаил 3,506558 0,000950
изменение 0,301105 0,000082
измениться 1,021651 0,000277
изменчивость 2,659260 0,000720
изменяться 1,203973 0,000326
измерить 3,506558 0,000950
изобата 3,912023 0,002119
изобиловать 2,995732 0,000811
изредка 2,525729 0,000684
изучать 1,427116 0,000387
изучение 0,713350 0,000580
икарийский 3,218876 0,000872
ил 2,995732 0,001623
иметь 0,094311 0,000102
иметься 0,385662 0,000209
имитационный 3,912023 0,001060
империя 0,653926 0,000354
имя 0,274437 0,000149
иначе 0,733969 0,000596
индекс 0,634878 0,000344
институт 0,371064 0,000101
инструмент -0,009950 -0,000005
интенсивный 1,237874 0,000335
интерес 1,021651 0,000277
интернет 0,755023 0,000205
информация 0,162519 0,000088
ион 2,995732 0,000811
ионический 3,218876 0,000872
ионный 3,912023 0,001060
ирландский 2,659260 0,000720
ирмингера 3,218876 0,000872
ирмшер 3,912023 0,001060
ируаз 3,218876 0,000872
исключительный 2,207275 0,000598
искусственный 0,916291 0,000248
использование -0,009950 -0,000016
использовать 0,020203 0,000005
исследование 0,462035 0,000125
исследователь 0,941609 0,000255
история 0,051293 0,000069
источник -0,009950 -0,000032
истый 2,659260 0,000720
итальянский 1,139434 0,000309
ихтиофауна 2,525729 0,000684
июль 0,116534 0,000095
июнь 0,116534 0,000126
йоне 3,912023 0,001060
кабинет 2,207275 0,000598
кавказ 1,771957 0,000480
кавказский 1,966113 0,000533
кагальник 3,506558 0,000950
казантип 3,912023 0,001060
казантипский 3,506558 0,000950
калач 3,218876 0,000872
калкан 3,912023 0,002119
кальмиус 3,912023 0,001060
кальмиусский 3,912023 0,001060
кальций 3,218876 0,001744
камбала 3,218876 0,000872
камбала-глосса 3,506558 0,000950
каменный 0,733969 0,000199
камень 0,994252 0,000269
камыш-буруном 3,912023 0,001060
камышеватская 3,912023 0,001060
каневской 3,218876 0,000872
капитонов 3,912023 0,002119
карась 3,912023 0,001060
карбалук 3,912023 0,001060
карбонат 3,506558 0,001900
каргалук 3,912023 0,001060
карибский 2,813411 0,000762
карское 2,302585 0,000624
карт 0,301105 0,000489
картограф 2,813411 0,000762
касаться 1,897120 0,000514
каспийский 1,514128 0,000820
каталанский 0,527633 0,000143
каталог 0,094311 0,000026
категория -0,009950 -0,000013
каффа 3,912023 0,001060
каффское 3,912023 0,001060
каховский 3,506558 0,000950
качество 0,287682 0,000078
кельтский 2,995732 0,000811
кермек 3,912023 0,001060
керченский 2,995732 0,013794
керчи 3,218876 0,001744
керчь 1,966113 0,001065
керчью 3,912023 0,001060
кий 1,469676 0,000398
киликийский 3,218876 0,000872
киммериец 3,218876 0,000872
киммерийский 3,218876 0,000872
кипрский 3,218876 0,000872
кирилловка 3,912023 0,001060
кировский 1,237874 0,000335
кислород 2,659260 0,001441
китообразные 3,506558 0,000950
кки 3,912023 0,002119
клавдий 3,218876 0,000872
кладофора 3,506558 0,000950
класс 0,616186 0,000167
классический 0,755023 0,000205
книга 0,415515 0,000225
князь 0,867501 0,000470
ковалева 2,302585 0,000624
коваленко 3,218876 0,000872
ковель 3,912023 0,001060
ковешников 3,912023 0,001060
код -0,009950 -0,000003
кодаистория 2,040221 0,000553
кодекс -0,009950 -0,000003
колебание 1,386294 0,000751
колебаться 1,714798 0,000464
количество 0,210721 0,000114
колония 1,771957 0,000480
колюшка 3,912023 0,001060
команда 0,798508 0,000216
комбинат 1,021651 0,000277
комиссия 0,967584 0,000524
компания 0,371064 0,000101
комплекс 0,579818 0,000157
комплексный 1,078810 0,000292
компонент 0,967584 0,000262
конец 0,198451 0,000108
континентальный 0,527633 0,000143
контролироваться 2,659260 0,000720
контроль 0,994252 0,000269
конфиденциальность -0,009950 -0,000003
концентрация 1,203973 0,001631
координата 1,347074 0,000365
корабль 1,469676 0,000796
коричнево-желтого 3,912023 0,001060
королев 1,897120 0,000514
король 2,120264 0,000574
короткий -0,009950 -0,000003
корсак 2,995732 0,000811
корчева 2,040221 0,000553
коса 2,407946 0,015653
который 0,000000 0,000000
краеведческий 1,108663 0,001802
край 0,544727 0,000148
крайний 1,514128 0,000410
краснодар 1,386294 0,000375
краснодарский 2,302585 0,000624
краснодарского 2,407946 0,000652
красноперекопский 3,506558 0,000950
красный 0,597837 0,000162
краткий 0,653926 0,000177
кратковременный 2,302585 0,000624
краяводные 3,912023 0,001060
крепость 0,994252 0,000269
кривая 2,302585 0,000624
критический 1,966113 0,000533
критский 3,218876 0,000872
кром 0,235722 0,000064
круг 0,967584 0,000262
круговой 2,813411 0,000762
крупно 3,218876 0,000872
крупный 0,210721 0,000228
крутой 1,514128 0,000820
крым 1,660731 0,000900
крыма 0,843970 0,000457
крымагеография 3,912023 0,001060
крыму 2,407946 0,000652
кубани 2,995732 0,000811
кубань 2,659260 0,000720
кузищин 3,912023 0,001060
кузьмина 2,659260 0,000720
куки -0,009950 -0,000003
культура 0,356675 0,000097
лабрадор 3,218876 0,000872
лазарева 2,302585 0,000624
лаптевой 2,302585 0,000624
левантийское 3,218876 0,000872
левинская 3,912023 0,001060
легко 1,771957 0,000480
лед 1,171183 0,000952
ледовитый 1,514128 0,000410
ледовый 1,078810 0,000292
ледокол 2,525729 0,000684
лежать 0,994252 0,000269
ленин 0,755023 0,000205
ленинградский 1,560648 0,000423
ленинский 0,941609 0,000255
лет 0,597837 0,000648
летопись 1,237874 0,000335
лещ 2,813411 0,002286
ливан 3,218876 0,000872
ливийский 3,218876 0,000872
ливия 2,995732 0,000811
ливневый 2,040221 0,000553
лигурийский 3,218876 0,000872
лиман 2,995732 0,010548
лимит 2,995732 0,000811
лимон 3,506558 0,000950
линейный 1,714798 0,000464
линия 0,462035 0,000626
литература 0,051293 0,000056
литовский 1,203973 0,000326
лицензия -0,009950 -0,000005
лишь 0,478036 0,000518
лобан 3,912023 0,001060
лов 3,912023 0,001060
лодка 1,660731 0,000450
лозоватка 3,912023 0,001060
лоция 2,659260 0,001441
лукойл 2,525729 0,002052
льдообразование 3,912023 0,001060
ляпина 3,912023 0,001060
мавродин 3,506558 0,000950
магистраль 0,867501 0,000235
магнитный 2,207275 0,000598
мазут 2,525729 0,000684
май 0,127833 0,000069
майутис 3,912023 0,001060
максимальный 0,867501 0,000705
мало 0,579818 0,000314
малой 0,776529 0,000421
маломерный 3,912023 0,001060
малый 0,139262 0,000151
марганцевый 3,506558 0,001900
мариуполем 3,912023 0,001060
мариуполь 2,407946 0,006522
мариупольский 3,506558 0,000950
мариуполя 3,912023 0,004238
март 0,116534 0,000410
марти 3,218876 0,000872
масличные 3,912023 0,001060
масса 0,916291 0,000745
массовый 0,494296 0,000268
материал -0,009950 -0,000008
мать 1,203973 0,000326
медиафайлы 0,301105 0,000082
медленно 1,832581 0,000993
медуза 2,995732 0,001623
медь 2,040221 0,001105
межгодовые 3,912023 0,001060
международно-правовой 3,912023 0,001060
международный 0,385662 0,000104
мексиканский 2,813411 0,000762
мелеть 3,218876 0,000872
мелитопольский 3,506558 0,006648
мелитопольщины 3,912023 0,001060
мелкий 1,309333 0,001773
мелко 3,912023 0,001060
мелководный 2,302585 0,000624
мелководье 2,813411 0,001524
мель 2,995732 0,000811
менять 1,714798 0,000464
меняться 1,272966 0,000345
меот 3,506558 0,001900
меотида 3,506558 0,002849
меотиды 3,912023 0,001060
меотийский 3,912023 0,005298
мера 0,820981 0,000667
мержаново 3,912023 0,001060
местный 0,478036 0,000129
место 0,139262 0,000189
месторождение 1,427116 0,001546
месяц 0,415515 0,000225
месяцевикипедия 0,776529 0,000210
металл 1,272966 0,001034
металлургический 1,469676 0,000398
метр 0,653926 0,000354
миграция 1,309333 0,000709
миллион 0,776529 0,000210
минимальный 1,347074 0,000365
министр 1,171183 0,000317
мировая 0,527633 0,000143
миронова 3,506558 0,000950
миртойское 3,218876 0,000872
миус 3,912023 0,001060
миусский 3,912023 0,001060
млекопитающее 1,897120 0,001028
млн 0,462035 0,000626
мнение 0,634878 0,000172
многие 0,356675 0,000097
много 0,150823 0,000041
многократно 2,407946 0,000652
многолетний 1,560648 0,001691
мобильный -0,009950 -0,000003
модель 0,891598 0,000241
мокрый 2,302585 0,001247
молибден 3,506558 0,000950
моллюск 2,659260 0,002161
моллюск-вселенец 3,912023 0,001060
молодой 1,021651 0,000277
молодь 3,912023 0,001060
молочная 2,659260 0,001441
молочный 2,040221 0,000553
мониторинг 1,108663 0,000300
мор 1,021651 0,025735
море 0,562119 0,015987
мореводные 3,912023 0,001060
мореплавание 3,912023 0,003179
мореукр 3,912023 0,001060
морской 0,994252 0,004847
морфологический 3,912023 0,001060
моряк 2,995732 0,000811
моск 2,302585 0,000624
москва 0,400478 0,000108
москва-ленинград 3,912023 0,001060
мочь -0,009950 -0,000013
мраморный 2,813411 0,001524
музей 0,653926 0,000177
мутный 2,995732 0,000811
мыс 1,386294 0,003755
мысовый 3,912023 0,001060
наблюдать 2,040221 0,000553
наблюдаться 0,755023 0,000409
навигация -0,009950 -0,000008
нагуливаться 3,912023 0,002119
надводный 3,506558 0,000950
надпись 1,660731 0,000450
название 0,105361 0,000485
назвать 0,371064 0,000101
назначение 1,108663 0,000300
называть 0,174353 0,000189
называться 0,328504 0,000267
наиболее 0,139262 0,000113
найти 0,733969 0,000199
накопление 2,120264 0,000574
наличие 0,867501 0,000235
наниматься 3,506558 0,000950
направление 0,385662 0,000418
напротив 1,237874 0,001006
нарастать 2,995732 0,000811
нарушаться 2,995732 0,000811
населить 0,597837 0,000324
населять 2,207275 0,000598
настоящее 0,287682 0,000078
наступление 1,714798 0,000464
натрий 2,813411 0,000762
наука 0,235722 0,000255
наукова 3,506558 0,000950
научно-образовательный 0,967584 0,000262
нахичевань 3,506558 0,000950
находиться 0,174353 0,000236
начало 0,116534 0,000158
начать 0,510826 0,000138
начиная 0,733969 0,000199
нашествие 2,120264 0,000574
небольшой 0,494296 0,000536
невысокий 1,966113 0,000533
неглубокий 3,506558 0,000950
недостаточно 2,207275 0,000598
недра 2,525729 0,000684
незнамов 3,912023 0,001060
незначительный 1,660731 0,000450
неклиновский 3,506558 0,000950
некоммерческий -0,009950 -0,000003
некоторые 0,127833 0,000104
неодинаковый 3,506558 0,000950
неорганизованный 3,506558 0,000950
нерест 3,506558 0,000950
нерестилище 2,813411 0,000762
несколько 0,116534 0,000063
несудоходный 3,218876 0,000872
нефть 1,347074 0,001095
нефтяной 1,514128 0,000410
нештатный 3,506558 0,000950
неясный 3,218876 0,000872
нижнегорский 3,912023 0,001060
нижний 0,494296 0,000134
низкий 0,843970 0,000457
низменный 1,897120 0,000514
никель 2,407946 0,000652
николаева 2,995732 0,001623
николай 0,867501 0,000235
новоазовск 3,912023 0,001060
новое 0,287682 0,000156
новость 0,544727 0,000148
новый 0,083382 0,000023
норвежский 0,248461 0,000067
ноябрь 0,127833 0,000104
нужда 1,237874 0,000335
нуль 1,897120 0,000514
ныне 0,653926 0,000177
оао 0,916291 0,000248
оба 0,597837 0,000486
обеспечение 0,634878 0,000516
обилие 2,407946 0,000652
обильный 2,525729 0,000684
обитатель 2,120264 0,000574
обитать 1,469676 0,001194
обиточная 3,912023 0,002119
обиточный 3,912023 0,002119
областигеография 3,912023 0,003179
областиморя 3,912023 0,001060
область 0,150823 0,000286
обнаружить 1,021651 0,000277
оборот 1,139434 0,000309
образ 0,287682 0,000078
обратное 2,659260 0,001441
обращение 0,030459 0,000206
обслуживаться 2,525729 0,000684
общее 0,301105 0,000163
общий 0,186330 0,000151
объект 0,235722 0,000511
объем 0,400478 0,000434
объявить 0,798508 0,000216
обычно 0,693147 0,000751
один 0,051293 0,000056
однако 0,174353 0,000047
однородный 3,218876 0,000872
озеро 0,673345 0,000547
означать 0,798508 0,000649
окварцованного 3,912023 0,001060
океан 0,994252 0,002693
океанавнутренние 3,218876 0,000872
океанаморя 3,218876 0,000872
оккупировать 2,207275 0,002391
оконечность 1,966113 0,000533
окраска 2,995732 0,000811
окрестность 0,941609 0,000510
округ 0,562119 0,000457
октябрь 0,072571 0,000098
омывать 2,525729 0,000684
онлайн 0,198451 0,000054
ооо 0,843970 0,000229
опасный 1,272966 0,000345
описание -0,009950 -0,000003
определить 0,527633 0,000286
определять 0,867501 0,000470
определяться 1,078810 0,000292
опреснить 3,218876 0,000872
организация -0,009950 -0,000003
организм 2,207275 0,000598
орда 1,714798 0,000464
орден 0,891598 0,000241
оригинал 0,139262 0,000226
орудие 1,897120 0,000514
осадка 1,237874 0,000671
освоить 2,525729 0,000684
осетр 2,207275 0,002989
осипов 0,527633 0,000143
основное 0,235722 0,000128
основной 0,040822 0,000044
особенно 0,562119 0,000152
особенность 0,693147 0,000188
особый 0,776529 0,000210
особь 2,659260 0,001441
осов 3,912023 0,001060
осолонение 3,912023 0,001060
осолоняться 3,506558 0,000950
оставаться 0,544727 0,000295
оставить 1,427116 0,000387
остальной 0,616186 0,000334
остаток 1,203973 0,000326
остров 0,820981 0,001779
остронос 3,912023 0,001060
осуществляться 0,616186 0,000334
отв 0,755023 0,000205
ответственность -0,009950 -0,000003
отдаленность 3,506558 0,000950
отдельный -0,009950 -0,000003
отдых 0,941609 0,000255
отказ -0,009950 -0,000003
открыть 0,150823 0,000123
отличаться 0,342490 0,000093
отложение 2,040221 0,000553
отмечаться 0,994252 0,001077
отнести 1,560648 0,000423
относительно 0,415515 0,000225
относительный 1,560648 0,000423
относиться 0,328504 0,000445
отредактировать -0,009950 -0,000008
отсутствие 0,891598 0,000241
отсутствовать 0,776529 0,000210
отсюда 1,897120 0,000514
отход 1,514128 0,000410
охота 1,966113 0,000533
охотский 2,040221 0,000553
охрана 0,843970 0,000457
оценка 0,400478 0,000325
очень 0,494296 0,000402
очередь 0,510826 0,000277
очерк 0,733969 0,000199
очистить 2,120264 0,000574
ошибкекак -0,009950 -0,000003
павло-очаковская 3,912023 0,001060
падать 1,771957 0,000480
палеолит 2,813411 0,000762
пгт 2,302585 0,000624
пдк 2,207275 0,000598
первое 0,150823 0,000041
первый 0,162519 0,000088
перевалка 2,995732 0,000811
перевозиться 2,659260 0,002161
перевозка 0,891598 0,000483
перегородить 3,218876 0,000872
передовая 2,659260 0,000720
переименовываться 3,218876 0,000872
перейти -0,009950 -0,000005
перенаправляться 1,560648 0,000423
перенос 1,560648 0,000423
переть 1,108663 0,000300
переходить 1,237874 0,000335
перечислить 1,966113 0,000533
перечислять 3,912023 0,001060
перечисляться 3,506558 0,000950
перидиниевых 3,912023 0,001060
период 0,274437 0,000297
перкарина 3,912023 0,001060
персональный -0,009950 -0,000003
песчаный 1,771957 0,000960
петра 1,078810 0,000292
петрушина 3,912023 0,001060
печать -0,009950 -0,000005
печорский 2,813411 0,000762
пиковидное 3,912023 0,001060
пиленгас 3,912023 0,002119
пимена 3,218876 0,000872
пищевой 0,916291 0,000248
плавание 1,714798 0,000464
плавно 2,407946 0,000652
плавсредство 3,912023 0,001060
планета 1,309333 0,000355
планктон 2,995732 0,000811
племя 1,514128 0,001640
плиний 3,218876 0,000872
плоский 2,659260 0,001441
плотина 1,514128 0,000410
плотность 0,634878 0,000172
площадь 0,385662 0,000627
пляж 1,609438 0,001308
побережье 1,171183 0,003172
поведение -0,009950 -0,000003
поверхностный 1,514128 0,001230
поверхность 1,347074 0,001824
повреждение 2,525729 0,000684
повсеместно 2,407946 0,000652
повысить 1,021651 0,000277
повышаться 2,525729 0,000684
подвид 2,302585 0,000624
подводной 1,514128 0,000820
подводный 2,813411 0,001524
подобное 1,832581 0,000496
подписание 2,407946 0,000652
подписать 0,941609 0,000510
поздний 1,171183 0,000317
поиск -0,009950 -0,000011
показатель 0,494296 0,000402
покрыться 3,912023 0,001060
политик -0,009950 -0,000003
поллютантов 3,912023 0,001060
полностью 0,400478 0,000108
полный 0,328504 0,000178
полова 3,506558 0,000950
половец 2,813411 0,000762
половецкий 3,506558 0,000950
половина 0,430783 0,000233
положение 0,415515 0,000225
положительный 1,771957 0,000480
полузамкнутый 3,912023 0,001060
полуостров 1,171183 0,000317
полупроходной 3,912023 0,003179
получать 0,916291 0,000248
получить 0,150823 0,000123
пользование 1,609438 0,000436
понижаться 2,525729 0,000684
пониматься 1,966113 0,000533
понт 2,659260 0,000720
попасть 1,049822 0,000284
попружный 3,912023 0,001060
популяция 2,407946 0,002609
порт 0,733969 0,001193
портал 0,342490 0,000093
портолан 3,912023 0,001060
порядок 0,994252 0,000539
поселок 0,634878 0,000172
последний -0,009950 -0,000008
поспелов 1,021651 0,000553
постоянно 1,108663 0,001201
построить 0,301105 0,000082
поступление 1,609438 0,000436
потенциал 0,967584 0,000262
потеря 1,660731 0,000450
поти 2,995732 0,000811
потоп 2,525729 0,000684
поход 1,203973 0,000652
пошесть 3,912023 0,001060
поэтому 0,616186 0,000334
появление 0,653926 0,000708
правило 0,478036 0,000129
правительство 0,510826 0,000277
править -0,009950 -0,000008
правка 0,274437 0,000074
правкиновые -0,009950 -0,000003
правкипостоянная -0,009950 -0,000003
право 0,314711 0,000341
практик 1,049822 0,000284
практически 0,755023 0,000409
превышать 0,673345 0,000365
превышение 1,660731 0,000450
предел 0,400478 0,000217
предельно 2,302585 0,000624
предисл 2,120264 0,000574
предоставить 1,714798 0,000464
предполагаться 1,078810 0,000292
предприятие 0,527633 0,000715
представитель 0,653926 0,000177
представить 0,328504 0,000267
представиться -0,009950 -0,000003
представление 0,776529 0,000210
представлять 0,328504 0,000267
преимущественно 0,776529 0,000210
премия 1,272966 0,000345
преобладать 0,713350 0,000193
пресноводный 2,207275 0,001196
пресный 2,407946 0,001304
приазовнефть 3,912023 0,001060
приазовский 3,912023 0,002119
приазовье 3,218876 0,001744
приблизительно 1,514128 0,000410
приборкати 3,912023 0,001060
прибрежный 1,386294 0,000751
прибыть 1,514128 0,000410
привести 0,356675 0,000193
привлекательность 1,832581 0,000496
приводить 0,776529 0,000421
придонный 3,218876 0,001744
придти 0,755023 0,000205
признак 1,714798 0,000464
прилагательное 2,659260 0,000720
примерно 0,634878 0,000688
примечание -0,009950 -0,000005
приморско-ахтарск 2,659260 0,000720
приморско-ахтарска 3,912023 0,001060
приморско-ахтарский 3,218876 0,000872
примыкать 1,386294 0,000375
приниматься 2,120264 0,000574
принять 0,248461 0,000067
приобретать 1,966113 0,000533
природа 0,653926 0,000354
природно-техническим 3,912023 0,001060
пристанище 3,218876 0,000872
приток 1,078810 0,000292
приходиться 0,693147 0,000188
приходный 3,506558 0,000950
причем 0,994252 0,000269
причина 0,562119 0,000305
проблема 0,274437 0,000074
проведение 0,673345 0,000182
проверять 0,820981 0,000445
прогнозирование 2,525729 0,000684
прогреваться 2,407946 0,000652
прогресс 1,309333 0,000355
продолжительность 1,021651 0,000277
продолжительный 1,560648 0,000423
проект -0,009950 -0,000003
прозрачность 2,302585 0,004989
произойти 0,430783 0,000233
происходить 0,328504 0,000178
происхождение 0,776529 0,000210
пролив 1,771957 0,010079
промежуток 2,659260 0,000720
промысл 1,966113 0,000533
промысловый 2,407946 0,000652
промышлять 0,462035 0,000375
просмотр -0,009950 -0,000003
простой 1,108663 0,000300
против 0,798508 0,000216
противоположное 2,302585 0,000624
противоречивый 3,218876 0,000872
проток 1,660731 0,000450
протокол 1,139434 0,000617
проходная 2,407946 0,002609
прохоров 1,078810 0,000292
процесс 0,415515 0,000113
прямой 1,660731 0,000450
птолемей 3,218876 0,000872
пункт 0,494296 0,000402
пыхтун 3,912023 0,001060
пятерка 2,040221 0,000553
работа 0,127833 0,000035
работать 0,314711 0,000085
равный 1,203973 0,000326
рад 2,995732 0,000811
раз -0,009950 -0,000005
разведка 2,525729 0,002052
развиваться 0,597837 0,000162
развитие 0,127833 0,000069
развить 0,616186 0,000167
раздел 0,342490 0,000371
различный 0,116534 0,000063
размер 0,755023 0,000205
размножаться 3,506558 0,000950
размножение 2,659260 0,002161
разное 1,078810 0,000292
разный 0,314711 0,000085
разработчик -0,009950 -0,000003
разрешить 1,560648 0,000423
район 0,430783 0,003384
ракушечник 3,506558 0,000950
раннеашельских 3,912023 0,001060
раннепалеолитический 3,506558 0,000950
ранний 0,733969 0,000199
рано 0,261365 0,000071
располагаться 0,544727 0,000148
расположение 0,776529 0,000421
расположить 0,385662 0,000313
распоряжение 1,139434 0,000309
распределение 1,203973 0,000326
распространиться 2,302585 0,000624
расстояние 0,713350 0,000580
растительный 1,386294 0,000375
расчет 0,820981 0,000222
расшириться 2,407946 0,000652
ратифицировать 3,218876 0,000872
реальный 0,967584 0,000262
регулирование 2,040221 0,000553
регулярный 0,798508 0,000433
ред 0,235722 0,000319
редактирование 1,897120 0,000514
редакция 0,916291 0,000248
редко 1,514128 0,000410
редкол 2,659260 0,000720
режим 0,653926 0,000708
результат 0,174353 0,000047
река 0,446287 0,001330
рекомендация 0,776529 0,000421
рекордный 1,966113 0,001065
рекреационный 1,469676 0,000398
рельеф 0,798508 0,000433
рената 3,912023 0,002119
репр 3,912023 0,001060
республика 0,527633 0,000286
ресурс 0,020203 0,000016
речной 0,693147 0,000375
решение 0,328504 0,000089
рисер-ларсена 3,218876 0,000872
род 0,843970 0,000457
роснедра 3,912023 0,001060
роснефть 2,995732 0,002434
россииатлантического 2,995732 0,000811
россииморя 3,506558 0,000950
российский 0,105361 0,000285
российско-украинская 3,506558 0,000950
россия 0,174353 0,001370
ростиздат 3,218876 0,000872
ростов-на-дону 1,237874 0,000335
ростова-на-дону 2,813411 0,000762
ростовская 2,659260 0,000720
ростовской 2,995732 0,000811
руд 2,040221 0,001105
рудноугольной 3,912023 0,001060
рус 0,162519 0,001541
русский -0,009950 -0,000024
рыба 1,514128 0,005331
рыба-игла 3,912023 0,001060
рыбалка 3,218876 0,000872
рыбец 3,912023 0,001060
рыбеца 3,912023 0,001060
рыбное 2,813411 0,003048
рыбный 1,609438 0,001308
рыболовство 2,207275 0,000598
ряд 0,223144 0,000181
сазальникская 3,912023 0,001060
сайт 0,210721 0,000057
саксинское 3,912023 0,001060
салакар 3,912023 0,001060
сам 0,162519 0,000132
самакуш 3,912023 0,001060
самбек 3,912023 0,001060
самец 3,506558 0,001900
самка 3,218876 0,001744
самый 0,174353 0,000236
санктъ-петербургъ 3,912023 0,001060
саргассов 3,218876 0,000872
сардинский 3,218876 0,000872
сборник 0,597837 0,000162
сброс 1,660731 0,000900
сведение 0,579818 0,000471
свидетельствовать 1,386294 0,000375
свинец 2,302585 0,000624
свинья 3,218876 0,002616
свободный -0,009950 -0,000003
свой 0,150823 0,000041
свойственный 2,525729 0,000684
свойство 0,415515 0,000113
связаться -0,009950 -0,000003
связь 0,174353 0,000094
святославич 3,912023 0,001060
себя 0,198451 0,000108
сев 2,995732 0,000811
север 0,527633 0,000143
северный 0,385662 0,000731
северо-восток 1,237874 0,001676
северо-восточный 1,386294 0,000375
северо-запад 1,469676 0,001194
севрюга 3,218876 0,004359
сегодня 0,616186 0,000167
сезонный 1,714798 0,000929
сель 3,218876 0,000872
сельдь 2,995732 0,002434
сентябрь 0,072571 0,000059
сера 2,302585 0,000624
сергеев 2,302585 0,000624
серебряный 0,891598 0,000241
середина 0,356675 0,000193
сиваш 3,506558 0,008548
сильно 0,755023 0,000205
сильный 0,544727 0,000295
симметричный 2,995732 0,000811
сингиль 3,912023 0,001060
сине-зеленый 2,659260 0,000720
синий 1,771957 0,000480
система 0,051293 0,000014
системеобсуждениевкладсоздать -0,009950 -0,000003
системный 1,966113 0,000533
ситуация 0,693147 0,000188
скатываться 3,912023 0,001060
скачать -0,009950 -0,000003
скелетный 3,506558 0,000950
скиф 2,525729 0,000684
скифский 2,525729 0,000684
склон 1,347074 0,001095
скоша 3,218876 0,000872
скумбрия 3,506558 0,000950
славянский 1,386294 0,000375
следование 2,120264 0,001149
следовать 0,235722 0,000064
словарь 0,094311 0,000179
слово 0,210721 0,000171
слой 1,272966 0,001379
случай -0,009950 -0,000005
снижаться 1,514128 0,000410
снижение 1,171183 0,000634
снимок 1,660731 0,000450
сноска 0,733969 0,000398
событияпожертвовать -0,009950 -0,000003
совершать 2,407946 0,001304
советский 0,261365 0,000354
совместный 1,514128 0,000410
совокупно 3,912023 0,001060
совр 2,813411 0,000762
современный 0,150823 0,000368
согласно 0,301105 0,000082
соглашение 0,994252 0,000539
содержание 0,010050 0,000005
содержать 0,634878 0,000172
соединить 0,994252 0,000269
соединяться 2,120264 0,000574
создание 0,301105 0,000245
сокол 1,469676 0,000796
сокращение 0,867501 0,000235
солевой 3,506558 0,000950
соленость 2,995732 0,008114
соленый 2,407946 0,001304
солоненко 3,912023 0,001060
соль 1,660731 0,000450
сообщение 0,478036 0,000259
сообщить -0,009950 -0,000005
соответственно 1,021651 0,000277
соответствовать 0,371064 0,000201
сопоставлять 2,813411 0,000762
сорваться 3,506558 0,000950
сост 0,597837 0,000324
состав 0,248461 0,000135
составить 0,400478 0,000217
составлять 0,198451 0,000269
состояние 0,248461 0,000269
состоять 0,385662 0,000313
сотрудничество 1,078810 0,000584
сохранение -0,009950 -0,000003
сохраняться 1,108663 0,000300
сочинение 1,771957 0,000480
спб 0,385662 0,000627
спустя 1,609438 0,000436
спутниковый 2,120264 0,001149
сравнение 0,733969 0,000199
сравнительно 1,897120 0,000514
среда 0,385662 0,000104
среди 0,198451 0,000161
средиземный 2,302585 0,001247
средневзвешенный 3,912023 0,001060
среднегодовой 0,776529 0,000631
среднее 0,342490 0,000278
среднемесячный 1,560648 0,000423
средний 0,371064 0,000402
сср 0,820981 0,000222
ссср 0,314711 0,000511
ссылка -0,009950 -0,000032
ссылкасведения -0,009950 -0,000003
стабилизироваться 3,506558 0,000950
ставрида 3,506558 0,000950
стадный 3,912023 0,001060
станица 2,207275 0,000598
станкевич 3,218876 0,000872
становиться 0,415515 0,000113
станция 0,579818 0,000157
старов 3,218876 0,000872
статистик -0,009950 -0,000003
статус 0,430783 0,000350
стать 0,083382 0,000090
статьислучайная -0,009950 -0,000003
статьисообществофорумсправкасвежие -0,009950 -0,000003
статья 0,020203 0,000038
статьяобсуждение -0,009950 -0,000003
статьятекущие -0,009950 -0,000003
стерлядь 2,995732 0,000811
сток 1,660731 0,000900
сторона 0,235722 0,000255
сточный 1,560648 0,000423
стоянка 1,897120 0,001542
стр 1,309333 0,000355
страна 0,235722 0,000319
страница -0,009950 -0,000013
страницасодержаниеизбранные -0,009950 -0,000003
страницецитировать -0,009950 -0,000003
страницуполучить -0,009950 -0,000003
страницыслужебные -0,009950 -0,000003
страх 3,218876 0,000872
стрелка 1,560648 0,001268
стрижак 3,912023 0,001060
строительство 0,462035 0,000250
струнино 3,506558 0,000950
суд 0,693147 0,000751
судак 2,525729 0,001368
судакский 3,218876 0,000872
судно 2,207275 0,000598
судовладелец 3,912023 0,001060
судоходство 1,660731 0,000900
сульфат 2,995732 0,000811
сурожем 3,912023 0,001060
сурожский 3,912023 0,001060
сухогруз 3,218876 0,000872
суша 1,609438 0,000436
существовать 0,020203 0,000027
сходный 2,813411 0,000762
счет 0,562119 0,000457
считать 0,597837 0,000324
сырье 1,966113 0,000533
сытина 1,560648 0,000423
сюда 1,108663 0,000300
сюдасвязанные -0,009950 -0,000003
таганрог 2,407946 0,003261
таганрога 3,912023 0,004238
таганрогский 3,506558 0,008548
тайна 1,897120 0,000514
такой 0,162519 0,000132
таманского 3,506558 0,000950
таманью 3,912023 0,001060
танкер 2,659260 0,000720
тарань 3,912023 0,002119
тасс 1,171183 0,000317
татарин 0,733969 0,000199
текст -0,009950 -0,000003
тело 1,237874 0,000335
темеринда 3,912023 0,001060
темно-синий 3,506558 0,001900
температура 0,510826 0,002352
температурный 1,897120 0,001542
темрюк 2,525729 0,000684
темрюкский 3,218876 0,002616
темрюкском 3,912023 0,001060
теория 1,049822 0,000284
терзиев 3,912023 0,001060
термин 0,198451 0,000054
территория 0,356675 0,000773
техник 0,713350 0,000193
технический 0,462035 0,000125
течение 0,314711 0,000426
течь 0,274437 0,000074
тизенгаузен 3,912023 0,001060
тип 0,072571 0,000039
типовой 2,120264 0,000574
тирренский 3,218876 0,000872
тихий 1,347074 0,000365
тихорецк 2,813411 0,000762
тмутаракани 3,912023 0,002119
тмутараканский 2,995732 0,000811
товарный -0,009950 -0,000003
толщина 2,302585 0,000624
тонна 1,108663 0,003303
тоннаж 3,912023 0,002119
топоним 1,078810 0,000292
топонимика 1,897120 0,000514
топонимия 2,120264 0,000574
торговля 0,579818 0,000157
торговый 0,597837 0,000324
точка 0,478036 0,000129
транспортный 0,616186 0,000167
трансформироваться 2,659260 0,000720
трехиглая 3,912023 0,001060
труд 0,597837 0,000324
тузла 3,506558 0,000950
тузлинская 3,912023 0,002119
тур 1,609438 0,000872
турецкий 1,771957 0,000960
турка 1,469676 0,000398
турки-османы 3,506558 0,000950
тушин 3,912023 0,002119
тыл 1,771957 0,000480
тыс 0,430783 0,000467
тысяча 0,371064 0,000402
тысячелетие 1,427116 0,000387
тюлька 3,218876 0,001744
тюрин 3,218876 0,000872
тюркский 1,386294 0,001502
тяжелый 1,108663 0,000300
увеличение 0,733969 0,000199
увеличиваться 1,309333 0,001064
увеличиться 0,843970 0,000686
увлажненность 3,506558 0,000950
углеводородный 3,218876 0,000872
уголь 1,714798 0,000929
удаление 1,966113 0,000533
удалить 0,579818 0,000314
удаляться 2,995732 0,000811
удельный 1,897120 0,000514
удмурт 1,660731 0,000450
узкий 1,171183 0,000317
узэв 3,912023 0,001060
уйти 1,237874 0,000335
указание -0,009950 -0,000003
указать 0,083382 0,000023
уклейка 3,912023 0,001060
укр 2,040221 0,000553
украина 0,527633 0,004573
украинский 1,469676 0,000796
украиныскрытые 3,506558 0,000950
улучшаться 3,506558 0,000950
улучшение 1,309333 0,000355
уменьшаться 2,120264 0,000574
уменьшение 1,469676 0,000796
умеренно 1,021651 0,000277
умерить 1,049822 0,000284
универсальный 0,544727 0,000148
университет 0,328504 0,000178
упоминать 2,207275 0,000598
управление 0,248461 0,000067
уровень 0,150823 0,000082
условие -0,009950 -0,000008
устанавливаться 1,609438 0,000436
установить 0,328504 0,000089
устье 0,634878 0,000860
утверждаться 2,302585 0,000624
утлюк 3,912023 0,001060
утлюкский 3,912023 0,002119
утоление 3,912023 0,001060
участие -0,009950 -0,000003
участок 0,616186 0,000334
ученый 0,653926 0,000354
учетный -0,009950 -0,000003
учитывать 1,514128 0,000410
уэдделла 3,218876 0,000872
фактический 1,660731 0,000450
фактор 0,994252 0,000269
фауна 1,108663 0,000601
фгу 2,525729 0,000684
февраль 0,051293 0,000083
федеральный 0,462035 0,000125
федерация 0,510826 0,000553
федотова 2,995732 0,000811
феодосия 1,966113 0,000533
фитопланктон 2,995732 0,001623
флаг 0,597837 0,000162
флор 1,021651 0,000553
флот 1,347074 0,000365
фонд -0,009950 -0,000003
формирование 0,597837 0,000162
формироваться 1,078810 0,000292
фото 1,203973 0,000326
фотосинтез 3,218876 0,000872
фракийский 2,995732 0,000811
франк 2,659260 0,000720
франкский 3,912023 0,001060
хадж 2,813411 0,000762
хамса 3,218876 0,001744
характеризоваться 0,891598 0,000483
характеристика 0,415515 0,000225
характерно 1,609438 0,000872
харьков 2,120264 0,000574
хватать 0,820981 0,000445
херсона 3,912023 0,002119
херсонский 2,525729 0,001368
хлор 2,659260 0,000720
хозяйственно-бытовых 3,912023 0,001060
хозяйство 0,579818 0,000157
хокона 3,218876 0,000872
холм 1,386294 0,000375
холодная 1,139434 0,000309
хорватский 1,897120 0,000514
хрони 3,912023 0,001060
худож 3,506558 0,000950
цабакское 3,912023 0,001060
царицын 2,813411 0,000762
цвет 0,941609 0,001020
цветение 2,995732 0,000811
целое 0,634878 0,000172
ценный 1,714798 0,000464
центр 0,287682 0,000078
центральный 0,400478 0,000434
цепочка 2,040221 0,000553
цикл 1,237874 0,000335
цимлянский 2,995732 0,000811
чабак-денгис 3,912023 0,001060
чаганы 3,912023 0,001060
чаплино 3,912023 0,001060
часовой 0,713350 0,000386
частичный 1,514128 0,000820
часто 0,415515 0,000225
часть 0,061875 0,000251
человек 0,186330 0,000050
череп 2,995732 0,000811
черепаха 3,218876 0,000872
черкесский 2,813411 0,000762
черное 1,237874 0,004023
черноморска 3,912023 0,001060
черноморский 1,832581 0,003475
чехонь 3,912023 0,002119
чиатурская 3,912023 0,001060
численность 0,616186 0,000167
число 0,186330 0,000151
чисто 2,040221 0,000553
читатьпросмотр 2,040221 0,000553
чубурка 3,912023 0,001060
чукотский 2,040221 0,000553
чумбурский 3,912023 0,001060
чушка 3,912023 0,002119
шантарское 2,995732 0,000811
шелягин 3,912023 0,001060
шемая 3,912023 0,001060
ширина 0,916291 0,000248
широкий 0,494296 0,000134
широта 1,237874 0,000335
шторм 2,302585 0,001247
штука 2,525729 0,000684
щелинский 3,912023 0,001060
щербиновский 3,218876 0,000872
щука 2,813411 0,000762
эвксинского 3,912023 0,001060
эгейский 2,813411 0,001524
экз 0,415515 0,000225
экологический 0,693147 0,000939
экология 0,562119 0,000305
экономика 0,400478 0,000217
экономический 0,478036 0,000129
экосистема 1,966113 0,000533
экспорт -0,009950 -0,000003
эласмотерий 3,912023 0,001060
эль-ассак 3,912023 0,001060
энциклопедический 0,733969 0,000596
энциклопедия -0,009950 -0,000019
эоловый 3,506558 0,000950
эпоха 0,713350 0,000193
эсп 3,912023 0,001060
этап 0,634878 0,000172
этимология 0,616186 0,000501
юго-восток 1,171183 0,000952
юго-восточный 1,108663 0,000300
юго-запад 1,309333 0,000709
юго-западный 1,049822 0,000284
южный 0,385662 0,000627
юкатанское 3,218876 0,000872
юридический 0,994252 0,000539
юфу 3,218876 0,000872
явление 1,021651 0,000277
являться 0,040822 0,000055
язык -0,009950 -0,000003
язь 3,912023 0,001060
якорь 2,525729 0,000684
январь 0,105361 0,000257
яновский 3,506558 0,000950
японский 1,469676 0,000398
ярко-зеленый 3,912023 0,001060
ясенский 3,912023 0,002119
