абразии 3,912023 0,001060
август 1,237874 0,000671
августа 0,072571 0,000098
аверинцев 3,506558 0,000950
авестийского 3,912023 0,001060
авт 1,469676 0,000398
автономная 1,469676 0,000398
автоподтвержденных 2,120264 0,000574
авторитетные 0,941609 0,000510
авторства -0,009950 -0,000003
агентство 1,049822 0,000284
агломерата 3,912023 0,002119
административные 1,514128 0,000820
администрация 0,941609 0,000510
адриатическое 3,218876 0,000872
адыгэбзэ 0,000000 0,000000
аза 3,912023 0,001060
азак 3,506558 0,001900
азан 3,912023 0,001060
азау 3,912023 0,001060
азо 0,000000 0,000000
азов 2,525729 0,004105
азова 2,813411 0,000762
азовка 3,912023 0,002119
азовморинформцентр 3,912023 0,001060
азово-черноморской 3,506558 0,000950
азовская 3,218876 0,000872
азовский 2,813411 0,001524
азовским 2,407946 0,000652
азовских 3,506558 0,000950
азовско-черноморском 3,912023 0,001060
азовского 2,040221 0,025972
азовское 2,407946 0,020218
азовской 3,506558 0,002849
азовском 3,218876 0,011334
азовскому 2,813411 0,000762
азовсталь 3,912023 0,002119
азовське 3,912023 0,003179
азовського 3,506558 0,000950
азупа 3,912023 0,001060
азуфа 3,912023 0,001060
академик 1,660731 0,000450
акватории 1,660731 0,001349
акваторию 2,995732 0,000811
акдениз 3,912023 0,001060
аккумулятивных 3,506558 0,000950
активно 0,755023 0,000205
актуальный 3,506558 0,000950
алг 3,912023 0,001060
александра 0,820981 0,000222
алексеев 2,207275 0,000598
алексеевич 2,040221 0,000553
алфавитуазовское 3,912023 0,001060
алфавитукарточка 2,207275 0,000598
аль-азуф 3,912023 0,001060
альборан 3,218876 0,000872
америке 2,302585 0,000624
амплитуда 2,407946 0,000652
анадара 3,912023 0,002119
анализа 1,897120 0,000514
англ 0,174353 0,000047
анистратенко 3,912023 0,001060
анкетирование 3,218876 0,000872
аннексии 2,995732 0,001623
аннексированы 3,506558 0,003799
аномалия 3,506558 0,000950
антарктике 3,218876 0,000872
античности 2,525729 0,001368
апрель 1,469676 0,000398
апреля 0,174353 0,000236
арабатская 3,506558 0,001900
арабатский 3,506558 0,000950
арабов 3,506558 0,000950
арабских 2,302585 0,000624
аргентинское 3,218876 0,000872
ареала 3,506558 0,000950
армянск 3,506558 0,000950
армянский 2,302585 0,000624
арх 0,544727 0,000148
археологии 1,309333 0,000355
архивировано 0,020203 0,000115
асоки 3,912023 0,001060
ассак 3,912023 0,001060
ассы 3,912023 0,001060
аст 0,820981 0,000222
астрель 1,049822 0,000284
атлантическим 3,506558 0,000950
атлантического 2,207275 0,001794
аузак 3,912023 0,001060
африки 2,120264 0,000574
ахтарский 3,912023 0,002119
ачуевская 3,912023 0,001060
ачуевский 3,912023 0,001060
багамское 3,218876 0,000872
балеарское 3,218876 0,000872
балка 2,659260 0,000720
балтийского 1,897120 0,000514
балтийское 2,407946 0,001304
балук-дегниз 3,912023 0,001060
балык-денгиз 3,912023 0,001060
банка 0,941609 0,000255
банки 1,560648 0,000423
бар-эль-азов 3,912023 0,001060
барабуля 3,912023 0,001060
баренцево 2,995732 0,000811
бассейн 1,078810 0,000292
бассейна 1,386294 0,001502
бассейне 1,897120 0,000514
батиметрия 3,912023 0,002119
бахр 3,912023 0,002119
бахр-ы 0,000000 0,000000
баш 3,506558 0,000950
беглицкая 3,912023 0,001060
бедностью 3,912023 0,001060
бедствиям 3,912023 0,001060
безвредна 3,912023 0,001060
безопасности 1,139434 0,000617
бейсугский 3,912023 0,003179
беларускаябългарски 0,000000 0,000000
белое 1,714798 0,000929
белосарайская 3,912023 0,001060
белуга 3,218876 0,000872
бентос 3,912023 0,001060
бентоса 3,506558 0,000950
берда 3,912023 0,001060
бердянск 3,218876 0,004359
бердянска 3,912023 0,001060
бердянская 3,912023 0,001060
бердянский 3,912023 0,003179
бердянском 3,912023 0,002119
берега 0,916291 0,001241
берегов 1,832581 0,001985
берегового 3,912023 0,001060
береговой 2,040221 0,001105
береговыми 3,506558 0,000950
береговых 3,506558 0,000950
берегу 0,616186 0,000501
берингово 2,995732 0,000811
бессточных 2,813411 0,000762
бестер 3,912023 0,001060
библиографических 0,094311 0,000026
биомассы 3,506558 0,000950
бирючий 3,912023 0,001060
бискайский 3,218876 0,000872
благодаря 0,527633 0,000143
ближнего 2,525729 0,000684
близки 2,813411 0,000762
близкое 2,659260 0,000720
богатыри 3,506558 0,000950
большая 0,072571 0,000236
большей 1,078810 0,000292
большинстве 1,386294 0,000375
больших 1,272966 0,000690
большого 0,967584 0,000262
большой 0,328504 0,000089
бондарук 3,912023 0,001060
борисов 2,659260 0,001441
босфор 3,218876 0,000872
бродяной 3,912023 0,001060
брокгауза 0,328504 0,000534
будучи 1,714798 0,000464
бурного 3,218876 0,000872
быстрое 2,995732 0,001623
быстрый 2,525729 0,000684
бычка 3,912023 0,001060
бычков 3,218876 0,001744
бюллетень 2,659260 0,000720
важно 2,120264 0,000574
ванадий 3,912023 0,001060
васильева 2,207275 0,000598
ваттовое 3,218876 0,000872
вашла 0,000000 0,000000
вблизи 1,139434 0,000309
вдоль 0,755023 0,000614
веб-камера 3,912023 0,002119
ведет 1,203973 0,000326
век 0,733969 0,000199
века 0,248461 0,000471
великого 1,203973 0,000652
величин 2,995732 0,000811
величина 2,407946 0,001304
величины 2,659260 0,001441
велокурова 3,912023 0,002119
венецианцев 3,506558 0,000950
венецианцы 3,912023 0,002119
вероятнее 3,218876 0,000872
версия -0,009950 -0,000005
вертикали 2,995732 0,000811
верхних 2,525729 0,000684
верховная 3,506558 0,000950
вес 1,966113 0,000533
весной 1,049822 0,000284
весьма 1,514128 0,000820
ветка 2,120264 0,000574
ветров 0,843970 0,000229
взгляд 1,514128 0,000820
взмучивание 3,912023 0,001060
взявшего 3,912023 0,001060
вида 1,386294 0,000375
видами 1,469676 0,000398
виде 0,235722 0,000128
видов 0,616186 0,000167
видом 1,514128 0,000410
виды 0,798508 0,002163
викиданные 0,776529 0,000210
викиданных -0,009950 -0,000003
викимедиа -0,009950 -0,000003
википедии -0,009950 -0,000005
википедия -0,009950 -0,000013
викискладвикиновостиэлемент 1,897120 0,000514
викискладе 0,174353 0,000047
включает 0,462035 0,000751
владения 2,040221 0,000553
влияние 0,776529 0,000210
влиянием 1,897120 0,000514
влияния 1,609438 0,000436
вначале 2,813411 0,000762
внешние 0,051293 0,000014
вновь 0,755023 0,000205
внутренних 1,237874 0,000335
вод 1,078810 0,002630
вода 1,203973 0,002283
водах 2,525729 0,000684
воде 1,966113 0,000533
водного 1,171183 0,000317
водные 1,386294 0,000375
водных 1,347074 0,000365
водоем 2,302585 0,000624
водоема 2,120264 0,000574
водоемам 3,912023 0,001060
водоемом 3,218876 0,000872
водообмена 3,218876 0,000872
водорослей 2,525729 0,001368
водоросли 2,659260 0,000720
водорост 0,000000 0,000000
водосбора 2,659260 0,000720
водосборной 3,506558 0,000950
водохранилищ 2,525729 0,000684
воды 0,653926 0,003542
военная 1,108663 0,000300
возвышенностей 2,995732 0,000811
возможно 0,867501 0,000235
возникновение 1,897120 0,000514
возобновления 3,506558 0,000950
возросла 2,407946 0,000652
волгоград 1,139434 0,000309
волгой 2,407946 0,000652
волгонефть 3,506558 0,001900
волнении 3,912023 0,001060
воловник 3,912023 0,001060
волшебные 0,040822 0,000011
вольногорск 3,912023 0,001060
вопросам 1,966113 0,000533
вопросы 1,049822 0,000284
воровка 3,912023 0,003179
воронеж 1,203973 0,000326
вост 3,218876 0,000872
востока 1,078810 0,000292
востоке 1,108663 0,000901
восточно-сибирское 2,407946 0,000652
восточного 1,386294 0,000375
восточной 0,693147 0,000188
восточном 1,897120 0,000514
восточную 1,897120 0,000514
востребовано 3,912023 0,001060
впадал 3,506558 0,000950
впадающие 2,302585 0,001247
впервые 0,385662 0,000209
врадиевка 3,912023 0,001060
времен 0,941609 0,000255
времени 0,186330 0,000101
время 0,030459 0,000050
всей 0,693147 0,000188
всем 0,891598 0,000483
всему 1,272966 0,000345
вское 0,000000 0,000000
вследствие 1,203973 0,000978
встречаются 1,272966 0,000690
вське 0,000000 0,000000
вторжения 1,771957 0,000480
второй 0,274437 0,000074
вулканического 3,912023 0,001060
входят 0,713350 0,000193
входящих 1,771957 0,000480
вчора 3,912023 0,001060
выбросов 1,609438 0,000436
выдали 3,218876 0,000872
выделяется 1,832581 0,000496
выделяют 1,609438 0,000436
выделяются 1,386294 0,000375
вылов 3,218876 0,000872
вылова 3,506558 0,003799
выносится 3,218876 0,000872
вып 0,798508 0,000216
выпуск 0,916291 0,000248
выпусков 2,995732 0,000811
высоких 1,237874 0,000671
высокой 1,272966 0,000345
высокую 1,832581 0,000496
вытянутостью 3,506558 0,000950
вытянутые 2,995732 0,000811
выше 0,616186 0,000334
вышеуказанных 3,506558 0,000950
гавани 2,813411 0,000762
гаванями 3,912023 0,001060
гаспаров 3,912023 0,001060
гебридское 3,218876 0,000872
геническ 3,912023 0,001060
генический 3,912023 0,001060
генического 3,506558 0,000950
генуэзскую 3,912023 0,001060
генуэзцев 3,506558 0,000950
генуэзцы 3,506558 0,001900
географические 0,713350 0,000966
географический 1,832581 0,000496
географических 1,139434 0,000617
географическо-статистический 2,407946 0,000652
география 0,462035 0,000375
геолог 3,506558 0,001900
геологические 2,995732 0,000811
геолого-географический 3,912023 0,001060
геродота 2,659260 0,000720
гибралтарский 3,912023 0,001060
гидрографическая 2,995732 0,000811
гидрометеоиздат 1,897120 0,001028
гидрометеорологическая 3,506558 0,000950
гидрометеорология 3,912023 0,003179
гидрометеостанциях 3,912023 0,001060
гидрометиздат 3,912023 0,002119
гидроузла 2,813411 0,000762
гидрохимические 3,912023 0,001060
гидрохимия 2,995732 0,002434
гипотез 2,302585 0,000624
гкгнпро 0,916291 0,000248
глав 1,897120 0,000514
глафировская 3,912023 0,001060
глеб 3,218876 0,000872
глубин 2,407946 0,001957
глубина 1,609438 0,001744
глубинами 2,995732 0,001623
глубиной 2,995732 0,000811
глубины 2,207275 0,001794
год 0,235722 0,000192
года -0,009950 -0,000086
годавикипедия 0,616186 0,000334
годах 0,385662 0,000522
годовая 2,120264 0,000574
годовое 2,525729 0,000684
году 0,072571 0,000314
годы 0,356675 0,000290
голубицкая 3,912023 0,001060
горбушин 3,912023 0,001060
горловина 3,912023 0,001060
город 0,544727 0,000148
города 0,430783 0,000583
городов 0,579818 0,000314
городской 0,755023 0,000614
городу 0,798508 0,000433
горсовет 2,659260 0,001441
горы 1,108663 0,000300
горячего 3,506558 0,000950
гос 1,609438 0,000436
госдума 3,218876 0,000872
государственная 0,941609 0,000255
государственное 0,776529 0,000210
государственную 1,714798 0,000464
государственный 0,430783 0,000117
граница 1,139434 0,000309
границе 1,347074 0,000365
грацианская 3,912023 0,001060
греч 1,427116 0,000387
грузии 1,771957 0,000480
грузопотоки 3,506558 0,001900
грузский 3,912023 0,001060
группа 0,693147 0,000375
группы 0,634878 0,000172
дало 1,966113 0,000533
данные 0,510826 0,000277
данным 0,415515 0,000225
дарданеллы 3,218876 0,000872
дата 0,030459 0,000206
дату 2,302585 0,000624
двумя 1,021651 0,000277
действовать -0,009950 -0,000003
декабрь 1,108663 0,000300
декабря 0,105361 0,000628
дельты 2,659260 0,000720
дельфин 2,813411 0,000762
дельфины 3,912023 0,001060
демченко 3,912023 0,002119
денонсировала 3,912023 0,001060
денонсировали 3,912023 0,001060
детская 0,916291 0,000248
джанкойский 3,912023 0,001060
диатомовых 3,506558 0,000950
дирипаско 3,912023 0,001060
дки 0,000000 0,000000
длина 1,171183 0,000952
длинной 2,995732 0,000811
длиннорылая 3,912023 0,001060
длительного 2,659260 0,000720
дна 2,207275 0,001196
дну 2,659260 0,000720
добавив 0,941609 0,000510
добровольский 2,813411 0,001524
добыча 1,966113 0,001065
добычи 2,040221 0,000553
добычу 2,407946 0,000652
довольно 0,891598 0,000241
договор 1,771957 0,001920
договоров 2,813411 0,000762
документе 2,525729 0,000684
документу 2,813411 0,000762
долгая 2,995732 0,000811
долгое 1,386294 0,000375
долгой 3,506558 0,000950
долготы 1,832581 0,000496
должанская 3,912023 0,001060
должна 0,544727 0,000295
доломита 3,912023 0,001060
доминирующее 3,218876 0,000872
дон 1,966113 0,001065
дона 2,407946 0,003261
донецкая 2,659260 0,000720
донецкий 3,218876 0,001744
донецкой 3,506558 0,000950
донного 3,912023 0,001060
донных 2,813411 0,001524
доном 2,813411 0,000762
донским 3,506558 0,000950
донской 2,659260 0,000720
доп 0,597837 0,000486
дополнительные -0,009950 -0,000003
допустимой 3,218876 0,000872
дорога 0,798508 0,000216
дорогами 2,120264 0,000574
достигали 3,218876 0,000872
достигать 1,966113 0,000533
достигают 2,525729 0,000684
достигая 2,525729 0,001368
достигнуто 3,218876 0,000872
достоверно 2,995732 0,000811
достопримечательностей 1,660731 0,000450
доступен -0,009950 -0,000003
древнего 1,832581 0,000496
древнее 2,302585 0,000624
древний 1,660731 0,000450
древностей 2,207275 0,000598
древности 1,469676 0,000796
другие 0,030459 0,000050
другим 0,733969 0,000596
других -0,009950 -0,000013
дума 1,108663 0,000300
думка 3,506558 0,000950
дуная 3,912023 0,001060
дующих 3,912023 0,001060
евразии 1,609438 0,000436
европы 0,673345 0,000365
единицы 1,386294 0,000751
ейск 2,659260 0,000720
ейска 3,912023 0,001060
ейская 3,912023 0,001060
ейский 3,218876 0,001744
еланчик 3,912023 0,002119
ефрона 0,328504 0,000534
жажды 3,506558 0,000950
жданова 3,218876 0,000872
железинская 3,912023 0,001060
железная 1,171183 0,000634
железнодорожная 1,309333 0,000355
железнодорожных 1,469676 0,000398
железными 2,813411 0,000762
железо 2,813411 0,000762
животное 2,302585 0,000624
животных 1,203973 0,000326
жившего 3,912023 0,001060
жизни 0,562119 0,000305
журнал 0,510826 0,000969
зависимости 0,798508 0,000216
завтра 2,207275 0,000598
заглавная -0,009950 -0,000003
загрязнение 1,309333 0,000709
загрязнению 2,525729 0,000684
загрязненная 3,506558 0,000950
загрязненным 2,995732 0,000811
загрязнено 3,218876 0,000872
загрязнены 2,813411 0,000762
задерживаться 3,912023 0,001060
займищах 3,912023 0,001060
закавказья 2,525729 0,000684
заклинский 3,912023 0,001060
заключено 2,659260 0,000720
закрепилось 2,525729 0,001368
залив 1,897120 0,010791
залива 2,040221 0,002210
заливе 2,407946 0,003913
заливов 2,995732 0,000811
заливом 3,506558 0,000950
заливы 2,525729 0,000684
залогин 3,218876 0,001744
замерзает 2,525729 0,001368
замерзание 3,218876 0,000872
замерзания 3,912023 0,001060
заметно 1,832581 0,000496
занесены 2,525729 0,000684
занимается 1,386294 0,000375
занимают 1,347074 0,000365
занимающие 3,506558 0,000950
западе 1,347074 0,001095
западного 1,560648 0,000423
западном 1,714798 0,000464
запасов 2,207275 0,000598
запасы 1,832581 0,000496
записьвойти -0,009950 -0,000003
заповедник 1,966113 0,000533
заполнение 2,995732 0,000811
запорожская 2,659260 0,000720
запорожской 3,218876 0,000872
запрос 1,514128 0,000410
зарегистрированный -0,009950 -0,000003
зарегулирования 3,912023 0,001060
застрявшее 3,912023 0,001060
затем 0,527633 0,000143
затонуло 3,912023 0,001060
затрудненного 3,506558 0,000950
зафиксировали 2,659260 0,000720
зафиксировано 2,207275 0,000598
зафиксированы 2,302585 0,000624
заходят 3,218876 0,001744
заходящая 3,912023 0,001060
защита 1,469676 0,000398
защищена 2,040221 0,000553
заявление -0,009950 -0,000003
збекча 0,000000 0,000000
зеленовато-голубого 3,912023 0,001060
зеленовато-желтого 3,912023 0,001060
земле 0,994252 0,000269
земли 0,634878 0,000172
зерновых 2,995732 0,000811
зимний 1,660731 0,000450
зимовку 3,912023 0,001060
зимой 0,713350 0,000386
знак -0,009950 -0,000003
значения 0,105361 0,000228
значит 1,560648 0,000423
значительно 0,510826 0,000277
значительного 2,207275 0,000598
значительному 2,659260 0,000720
значительный 1,347074 0,000365
значительных 1,771957 0,000480
золотой 0,843970 0,000229
зона 0,891598 0,000241
зоны 0,755023 0,000205
зрелости 3,218876 0,000872
зюк 3,912023 0,001060
из-за 0,415515 0,000225
изв 3,912023 0,003179
известия 1,021651 0,000553
известные 0,891598 0,000241
известный 0,941609 0,000255
извлекаемые 3,912023 0,001060
извлечения 2,813411 0,001524
изд 0,314711 0,000170
издательство 0,510826 0,000277
измаил 3,506558 0,000950
изменения 0,562119 0,000152
изменились 2,813411 0,000762
изменчивостью 3,912023 0,001060
изменялась 3,506558 0,000950
измерил 3,912023 0,001060
изобат 3,912023 0,001060
изобата 3,912023 0,001060
изобилующее 3,912023 0,001060
изредка 2,525729 0,000684
изучал 3,912023 0,001060
изучения 1,272966 0,001034
икарийское 3,218876 0,000872
ила 3,506558 0,000950
илов 3,912023 0,001060
имеет 0,235722 0,000128
имеется 0,653926 0,000177
имени 0,462035 0,000250
иметь 1,272966 0,000345
имеют 0,371064 0,000101
имеются 0,843970 0,000229
имитационной 3,912023 0,001060
империи 0,733969 0,000398
иначе 0,733969 0,000596
индексу 2,659260 0,001441
института 0,755023 0,000205
инструменты -0,009950 -0,000005
интенсивной 3,506558 0,000950
интерес 1,714798 0,000464
интернет 0,916291 0,000248
информация 0,446287 0,000242
ионическое 3,218876 0,000872
ионный 3,912023 0,001060
ионов 3,506558 0,000950
ирландское 3,218876 0,000872
ирмингера 3,218876 0,000872
ирмшер 3,912023 0,001060
ирон 0,000000 0,000000
ируаз 3,218876 0,000872
исключительная 3,506558 0,000950
искусственный 2,207275 0,000598
использование 0,891598 0,000483
использовании 1,560648 0,001268
использования -0,009950 -0,000003
использующие 0,040822 0,000011
исследований 0,941609 0,000255
исследователь 2,207275 0,000598
ист 2,659260 0,000720
истории 0,248461 0,000202
история 0,051293 0,000028
источник -0,009950 -0,000003
источники 0,415515 0,000675
источников 0,371064 0,000503
итальянская 1,609438 0,000436
ихтиофауна 2,813411 0,000762
июле 0,967584 0,000262
июль 0,579818 0,000157
июля 0,116534 0,000032
июнь 0,544727 0,000148
июня 0,116534 0,000095
йоне 3,912023 0,001060
кабинетом 3,912023 0,001060
кавказ 1,771957 0,000480
кавказского 2,525729 0,000684
кагальник 3,506558 0,000950
казантип 3,912023 0,001060
казантипский 3,506558 0,000950
калача 3,506558 0,000950
калкан 3,912023 0,002119
кальмиус 3,912023 0,001060
кальмиусский 3,912023 0,001060
кальцием 3,912023 0,001060
кальция 3,218876 0,000872
камбала-глосса 3,506558 0,000950
камбалы 3,912023 0,001060
каменный 1,714798 0,000464
камне 2,659260 0,000720
камыш-буруном 3,912023 0,001060
камышеватская 3,912023 0,001060
каневской 3,218876 0,000872
капитонов 3,912023 0,002119
карась 3,912023 0,001060
карбалук 3,912023 0,001060
карбонатами 3,912023 0,001060
карбонатом 3,912023 0,001060
каргалук 3,912023 0,001060
карибское 3,218876 0,000872
карское 2,302585 0,000624
карта 0,776529 0,000421
картами 0,562119 0,000152
картографы 3,506558 0,000950
карту 2,302585 0,000624
карты 0,941609 0,000510
касается 2,207275 0,000598
каспийское 1,897120 0,000514
каспийском 3,218876 0,000872
каталанская 0,527633 0,000143
каталогах 0,094311 0,000026
категории -0,009950 -0,000013
каффа 3,912023 0,001060
каффское 3,912023 0,001060
каховский 3,506558 0,000950
качества 1,078810 0,000292
кельтское 3,218876 0,000872
кермек 3,912023 0,001060
керченский 3,218876 0,004359
керченского 3,218876 0,004359
керченском 3,506558 0,005699
керченскому 3,506558 0,000950
керчи 3,218876 0,001744
керчь 1,966113 0,001065
керчью 3,912023 0,001060
киев 1,560648 0,000423
киликийское 3,218876 0,000872
киммерийское 3,912023 0,001060
киммерийцев 3,912023 0,001060
кипрское 3,218876 0,000872
кирилловка 3,912023 0,001060
кировский 1,237874 0,000335
кислород 3,506558 0,000950
кислорода 2,995732 0,000811
китообразных 3,506558 0,000950
кки 3,912023 0,002119
клавдий 3,218876 0,000872
кладофора 3,506558 0,000950
классических 1,897120 0,000514
классу 2,995732 0,000811
книге 1,309333 0,000355
книги 0,916291 0,000248
князь 1,771957 0,000480
князя 1,139434 0,000309
ковалева 2,302585 0,000624
коваленко 3,218876 0,000872
ковель 3,912023 0,001060
ковешников 3,912023 0,001060
код -0,009950 -0,000003
кодаистория 2,040221 0,000553
кодекс -0,009950 -0,000003
колебания 1,714798 0,000929
колеблется 2,040221 0,000553
количества 0,941609 0,000255
количестве 1,714798 0,000464
колония 2,302585 0,000624
колюшка 3,912023 0,001060
команда 1,272966 0,000345
комбинат 1,171183 0,000317
комикыргызча 0,000000 0,000000
комиссии 1,309333 0,000355
комиссия 1,609438 0,000436
компания 0,653926 0,000177
комплексный 2,407946 0,000652
комплексом 1,966113 0,000533
компонентов 1,660731 0,000450
конец 0,798508 0,000216
континентальным 2,525729 0,000684
контролироваться 3,912023 0,001060
контроля 1,560648 0,000423
конфиденциальности -0,009950 -0,000003
конце 0,430783 0,000117
концентрации 2,040221 0,002210
концентраций 2,207275 0,000598
координаты 1,469676 0,000398
кораблей 2,525729 0,001368
коричнево-желтого 3,912023 0,001060
королева 2,207275 0,000598
короля 2,659260 0,000720
короткий -0,009950 -0,000003
корсак 3,912023 0,001060
корчева 2,040221 0,000553
коса 3,506558 0,018995
косы 3,218876 0,003487
которое 0,478036 0,000129
которые 0,162519 0,000044
который 0,105361 0,000029
которыми 1,469676 0,000398
которых 0,094311 0,000077
краеведческий 1,237874 0,002012
край 0,891598 0,000241
крайние 3,218876 0,000872
краснодар 1,386294 0,000375
краснодарский 2,302585 0,000624
краснодарского 2,407946 0,000652
красноперекопский 3,506558 0,000950
красные 1,660731 0,000450
краткие 3,506558 0,000950
кратковременном 3,912023 0,001060
краяводные 3,912023 0,001060
крепость 1,078810 0,000292
кривая 3,506558 0,000950
критическими 3,912023 0,001060
критское 3,218876 0,000872
кроме 0,235722 0,000064
круговое 3,912023 0,001060
кругом 2,040221 0,000553
крупнее 3,506558 0,000950
крупнейшие 0,776529 0,000210
крупные 0,579818 0,000314
крупных 0,494296 0,000134
крутой 2,813411 0,000762
крутые 2,995732 0,000811
крым 1,660731 0,000900
крыма 0,843970 0,000457
крымагеография 3,912023 0,001060
крыму 2,407946 0,000652
кубани 2,995732 0,000811
кубань 2,659260 0,000720
кузищин 3,912023 0,001060
кузьмина 2,659260 0,000720
куки -0,009950 -0,000003
культур 1,309333 0,000355
къарачай-малкъар 0,000000 0,000000
лабрадор 3,218876 0,000872
лазарева 2,302585 0,000624
лаптевых 2,302585 0,000624
левантийское 3,218876 0,000872
левинская 3,912023 0,001060
легко 1,966113 0,000533
лед 1,897120 0,000514
ледовитого 1,832581 0,000496
ледовый 1,560648 0,000423
ледоколов 3,506558 0,000950
лежат 2,407946 0,000652
ленина 0,867501 0,000235
ленинградский 2,207275 0,000598
ленинский 1,078810 0,000292
лет 0,223144 0,000121
летом 0,597837 0,000648
летописи 1,609438 0,000436
лещ 2,813411 0,000762
леща 3,912023 0,001060
лещами 3,912023 0,001060
ливан 3,218876 0,000872
ливийское 3,218876 0,000872
ливия 2,995732 0,000811
ливневых 3,912023 0,001060
лигурийское 3,218876 0,000872
лиман 3,506558 0,009498
лиманом 3,912023 0,002119
лиманы 3,218876 0,000872
лимитах 3,912023 0,001060
лимонов 3,912023 0,001060
линейное 3,218876 0,000872
линии 0,755023 0,000818
линия 0,891598 0,000241
литература 0,061875 0,000050
литературы 1,078810 0,000292
литовская 1,309333 0,000355
лицензии -0,009950 -0,000003
лицензию 2,659260 0,000720
лишь 0,478036 0,000518
лобан 3,912023 0,001060
лова 3,912023 0,001060
лодок 2,995732 0,000811
лозоватка 3,912023 0,001060
лоции 3,506558 0,000950
лоция 2,813411 0,000762
лукойла 3,218876 0,002616
льдом 2,207275 0,000598
льдообразование 3,912023 0,001060
льду 2,040221 0,000553
ляпина 3,912023 0,001060
мавродин 3,506558 0,000950
магистралей 2,525729 0,000684
магнитная 3,218876 0,000872
мазута 2,813411 0,000762
май 0,597837 0,000162
майутис 3,912023 0,001060
македонски 0,000000 0,000000
максимальной 2,207275 0,000598
максимальные 2,407946 0,001304
мало 1,427116 0,000387
маломерных 3,912023 0,001060
малую 2,659260 0,000720
малый 0,371064 0,000201
малых 1,309333 0,000355
марганцевая 3,912023 0,002119
мариуполем 3,912023 0,001060
мариуполь 2,407946 0,006522
мариупольский 3,506558 0,000950
мариуполя 3,912023 0,004238
март 0,616186 0,000334
марта 0,139262 0,000415
марти 3,218876 0,000872
масличных 3,912023 0,001060
масс 1,714798 0,000464
массовое 1,771957 0,000480
массовые 2,207275 0,000598
массой 2,525729 0,001368
материал -0,009950 -0,000003
материалам 2,207275 0,000598
материалов 0,755023 0,000205
мать 2,659260 0,000720
мая 0,139262 0,000038
меди 2,207275 0,000598
медиафайлы 0,301105 0,000082
медленно 2,120264 0,001149
медуз 3,506558 0,001900
медь 2,995732 0,000811
межгодовые 3,912023 0,001060
международно-правовой 3,912023 0,001060
международных 0,967584 0,000262
мексиканский 3,218876 0,000872
мелеет 3,218876 0,000872
мелитопольский 3,912023 0,007417
мелитопольщины 3,912023 0,001060
мелководный 3,506558 0,000950
мелководье 2,995732 0,001623
мелкого 3,218876 0,000872
мелкое 3,506558 0,002849
мель 3,912023 0,001060
мельчайших 3,912023 0,001060
мельче 3,912023 0,001060
менее 0,314711 0,000085
меньше 0,755023 0,000205
меняется 1,714798 0,000464
меняют 3,506558 0,000950
меотида 3,506558 0,002849
меотиды 3,912023 0,001060
меотийским 3,912023 0,001060
меотийского 3,912023 0,001060
меотийское 3,912023 0,003179
меотов 3,912023 0,002119
мерах 2,813411 0,001524
мере 1,272966 0,000345
мержаново 3,912023 0,001060
мест 0,713350 0,000193
местами 1,427116 0,000387
месте 0,544727 0,000295
местной 1,832581 0,000496
место 0,371064 0,000101
месторождение 2,302585 0,000624
месторождении 3,506558 0,000950
месторождения 1,966113 0,001065
месяц 1,272966 0,000345
месяца 1,347074 0,000365
месяцевикипедия 0,776529 0,000210
металлам 3,912023 0,001060
металлами 3,506558 0,000950
металлов 1,771957 0,000480
металлургическим 3,506558 0,000950
метров 0,776529 0,000421
миграции 1,660731 0,000450
миграций 2,995732 0,000811
миллиона 1,386294 0,000375
минимальная 2,040221 0,000553
министров 1,660731 0,000450
мировой 0,733969 0,000199
миронова 3,506558 0,000950
миртойское 3,218876 0,000872
миус 3,912023 0,001060
миусский 3,912023 0,001060
млекопитающие 2,813411 0,000762
млекопитающих 1,966113 0,000533
млн 0,462035 0,000626
мнение 1,427116 0,000387
многие 0,356675 0,000097
многих 0,494296 0,000134
многократно 2,407946 0,000652
многолетнего 3,506558 0,000950
многолетнем 3,912023 0,001060
многолетние 2,525729 0,000684
многолетняя 3,912023 0,001060
мобильная -0,009950 -0,000003
могли 1,514128 0,000410
могут -0,009950 -0,000005
модели 1,171183 0,000317
можете 0,653926 0,000354
мокрая 3,218876 0,000872
мокрый 3,218876 0,000872
молибден 3,912023 0,001060
моллюск 3,506558 0,000950
моллюск-вселенец 3,912023 0,001060
моллюски 3,218876 0,001744
молоди 3,912023 0,001060
молодых 1,660731 0,000450
молочная 3,506558 0,000950
молочный 2,040221 0,000553
молочным 3,912023 0,001060
монгол 0,000000 0,000000
мониторинга 1,714798 0,000464
море 1,049822 0,026445
мореводные 3,912023 0,001060
морей 1,832581 0,002482
морем 1,771957 0,002400
мореплавание 3,912023 0,001060
мореплавания 3,912023 0,002119
мореукр 3,912023 0,001060
морская 2,525729 0,002736
морские 1,609438 0,002180
морскими 2,813411 0,000762
морских 1,832581 0,001985
морского 1,897120 0,001028
морской 1,309333 0,000709
морфологическим 3,912023 0,001060
морю 1,966113 0,001065
моря 0,579818 0,013977
моряки 3,506558 0,000950
морям 2,995732 0,000811
морях 2,995732 0,002434
моск 2,302585 0,000624
москва 0,400478 0,000108
москва-ленинград 3,912023 0,001060
мраморное 3,218876 0,001744
музея 1,021651 0,000277
мутных 3,912023 0,001060
мыс 1,966113 0,004260
мысов 2,995732 0,000811
мысовое 3,912023 0,001060
мысы 2,995732 0,000811
наблюдается 1,021651 0,000277
наблюдали 3,912023 0,001060
наблюдалось 2,525729 0,000684
навигации -0,009950 -0,000003
навигация -0,009950 -0,000005
нагуливаются 3,912023 0,002119
надводных 3,912023 0,001060
надпись 2,207275 0,000598
назвали 1,609438 0,000436
название 0,198451 0,000484
названий 1,078810 0,000877
названию 1,966113 0,001065
названия 0,342490 0,000278
назначения 1,427116 0,000387
называется 0,916291 0,000248
называли 1,347074 0,001459
называлось 3,218876 0,000872
назывался 1,347074 0,000365
наиболее 0,139262 0,000113
наибольшая 1,832581 0,000496
наибольших 3,506558 0,000950
наименьшая 2,813411 0,000762
накопления 2,407946 0,000652
наличие 1,108663 0,000300
нами -0,009950 -0,000003
нанимаются 3,912023 0,001060
направление 1,203973 0,000326
направлении 1,108663 0,000601
направлению 2,040221 0,000553
напротив 1,237874 0,001006
нарастают 3,506558 0,000950
нарушается 3,218876 0,000872
населенным 1,897120 0,000514
населенных 0,693147 0,000188
населяют 3,912023 0,001060
настоящее 0,328504 0,000089
наступления 2,407946 0,000652
натрия 3,218876 0,000872
наука 0,301105 0,000163
науки 0,820981 0,000445
наукова 3,506558 0,000950
научно-образовательный 0,967584 0,000262
нахичевань 3,506558 0,000950
находилось 1,771957 0,000480
находится 0,328504 0,000267
находятся 0,527633 0,000143
начала 0,314711 0,000256
начале 0,314711 0,000170
начали 0,891598 0,000241
начиная 0,733969 0,000199
нашествием 3,912023 0,001060
нашли 2,120264 0,000574
небольшая 1,897120 0,000514
небольшой 1,427116 0,000773
невелика 3,912023 0,001060
невысокими 3,218876 0,000872
неглубоким 3,912023 0,001060
недостаточно 2,207275 0,000598
недр 3,218876 0,000872
незнамов 3,912023 0,001060
незначительны 3,912023 0,001060
неклиновский 3,506558 0,000950
некоммерческой -0,009950 -0,000003
некоторые 0,301105 0,000163
некоторых 0,494296 0,000134
нем 0,356675 0,000097
неодинакова 3,506558 0,000950
неорганизованного 3,912023 0,001060
нерест 3,912023 0,001060
нерестилищ 2,995732 0,000811
несколько 0,150823 0,000082
несудоходно 3,912023 0,001060
нефти 1,514128 0,001230
нефтяная 2,659260 0,000720
нештатных 3,912023 0,001060
неясные 3,912023 0,001060
нижнегорский 3,912023 0,001060
нижний 0,673345 0,000182
низкая 1,660731 0,000450
низкий 2,040221 0,000553
низменный 2,995732 0,000811
никель 3,506558 0,000950
николаева 2,995732 0,001623
николай 0,867501 0,000235
новоазовск 3,912023 0,001060
новое 0,755023 0,000205
новом 1,386294 0,000375
новость 2,659260 0,000720
новый 0,446287 0,000121
норвежская 0,248461 0,000067
нохчийн 0,000000 0,000000
ноябрь 1,171183 0,000317
ноября 0,127833 0,000069
нська 0,000000 0,000000
нужд 1,660731 0,000450
нуля 2,040221 0,000553
ныне 0,653926 0,000177
оао 0,916291 0,000248
обе 1,609438 0,000436
обеими 3,218876 0,000872
обеспечению 2,407946 0,001304
обеспечения 0,867501 0,000235
обилия 3,506558 0,000950
обильного 3,912023 0,001060
обитавших 3,912023 0,001060
обитатель 3,912023 0,001060
обитают 2,040221 0,000553
обитающие 3,506558 0,000950
обиточная 3,912023 0,002119
обиточный 3,912023 0,002119
областей 1,049822 0,000284
области 0,223144 0,000060
областигеография 3,912023 0,003179
областиморя 3,912023 0,001060
область 0,385662 0,000522
обнаружен 2,659260 0,000720
обоих 1,469676 0,000398
оборота 1,966113 0,000533
образ 1,771957 0,000480
обратном 2,995732 0,001623
обращения 0,030459 0,000206
обслуживаться 3,912023 0,001060
общие 0,673345 0,000547
общим 1,427116 0,000773
объекта 1,203973 0,000326
объектов 0,527633 0,000143
объекты 0,478036 0,000777
объем 0,616186 0,000334
объема 1,237874 0,000335
объеме 1,832581 0,000496
объявлено 1,832581 0,000496
обычно 0,693147 0,000751
одна 0,527633 0,000143
однако 0,174353 0,000047
одним 0,494296 0,000134
одной 0,371064 0,000101
одном 1,139434 0,000309
однородная 3,912023 0,001060
озеро 1,049822 0,000853
означающего 2,813411 0,000762
означающее 2,995732 0,001623
окварцованного 3,912023 0,001060
океана 1,272966 0,002758
океанавнутренние 3,218876 0,000872
океанаморя 3,218876 0,000872
океане 2,659260 0,000720
океаном 2,525729 0,000684
оккупированы 3,506558 0,003799
около 0,000000 0,000000
оконечность 2,995732 0,000811
окраску 3,506558 0,000950
окрестности 1,560648 0,000845
округ 0,673345 0,000547
октябрь 0,867501 0,000235
октября 0,083382 0,000090
омывающее 3,912023 0,001060
онлайн 0,198451 0,000054
оно 0,000000 0,000000
ооо 0,843970 0,000229
опасное 3,506558 0,000950
описание -0,009950 -0,000003
определенным 2,120264 0,000574
определил 2,407946 0,000652
определяется 1,609438 0,000436
определяют 2,120264 0,000574
определяющие 2,813411 0,000762
опресненные 3,912023 0,001060
организации -0,009950 -0,000003
организмов 2,659260 0,000720
ордена 1,714798 0,000464
орды 1,966113 0,000533
оригинала 0,162519 0,000264
ортсабеларуская 0,000000 0,000000
орудие 3,912023 0,001060
осадка 3,218876 0,000872
осадкой 3,218876 0,000872
освоена 3,912023 0,001060
осетр 2,813411 0,000762
осетра 3,218876 0,003487
осипов 0,527633 0,000143
основная 0,116534 0,000063
основной 0,653926 0,000177
основном 0,510826 0,000138
основные 0,223144 0,000060
основным 0,616186 0,000167
особей 2,659260 0,001441
особенно 0,562119 0,000152
особенности 0,994252 0,000269
особый 2,040221 0,000553
осов 3,912023 0,001060
осолонение 3,912023 0,001060
осолонялась 3,912023 0,001060
оставлено 3,912023 0,001060
остается 0,891598 0,000483
остальной 1,966113 0,000533
остальную 3,218876 0,000872
остатки 1,469676 0,000398
остров 1,139434 0,001234
острова 1,078810 0,001169
остронос 3,912023 0,001060
осуществлялась 2,407946 0,000652
осуществлялось 2,302585 0,000624
отв 0,755023 0,000205
ответственности -0,009950 -0,000003
отдаленности 3,912023 0,001060
отдельных -0,009950 -0,000003
отдыха 1,049822 0,000284
отказ -0,009950 -0,000003
открытой 2,207275 0,001794
отличается 0,579818 0,000157
отложений 2,813411 0,000762
отмечается 1,309333 0,000355
отмечалось 2,407946 0,000652
отмечаются 2,407946 0,001304
отнесено 3,506558 0,000950
относительно 0,415515 0,000225
относительной 2,407946 0,000652
относится 0,733969 0,000398
относятся 0,713350 0,000193
относящихся 2,302585 0,001247
отредактирована -0,009950 -0,000003
отредактировать 0,967584 0,000524
отсутствия 1,714798 0,000464
отсутствуют 1,897120 0,000514
отсюда 1,897120 0,000514
отходами 2,813411 0,000762
охоте 3,506558 0,000950
охотское 2,813411 0,000762
охрана 1,771957 0,000960
оценка 0,693147 0,000375
оценкам 1,609438 0,000436
очень 0,494296 0,000402
очередь 0,527633 0,000286
очерки 1,171183 0,000317
очищенных 3,506558 0,000950
ошибкекак -0,009950 -0,000003
павло-очаковская 3,912023 0,001060
падает 2,813411 0,000762
палеолите 3,912023 0,001060
пгт 2,302585 0,000624
пдк 2,207275 0,000598
пер 1,108663 0,000300
первого 0,733969 0,000199
первую 0,867501 0,000470
перевалка 3,912023 0,001060
перевозилась 3,912023 0,001060
перевозился 3,912023 0,002119
перевозка 2,813411 0,000762
перевозке 3,506558 0,000950
перегорожены 3,912023 0,001060
передовые 3,912023 0,001060
переименовывалось 3,912023 0,001060
перейти -0,009950 -0,000005
перенаправляется 1,771957 0,000480
переноса 2,120264 0,000574
переходящие 3,912023 0,001060
перечислены 2,813411 0,000762
перечисляются 3,506558 0,000950
перечисляя 3,912023 0,001060
перидиниевых 3,912023 0,001060
период 0,342490 0,000278
периоде 2,525729 0,000684
перкарина 3,912023 0,001060
персональные -0,009950 -0,000003
песчаные 2,995732 0,000811
песчаный 3,218876 0,000872
петра 1,078810 0,000292
петрушина 3,912023 0,001060
печати -0,009950 -0,000003
печать -0,009950 -0,000003
печорское 2,995732 0,000811
пиковидное 3,912023 0,001060
пиленгас 3,912023 0,001060
пиленгаса 3,912023 0,001060
пимена 3,218876 0,000872
пищевых 1,897120 0,000514
плавание 2,302585 0,000624
плавно 2,407946 0,000652
плавсредств 3,912023 0,001060
планеты 2,040221 0,000553
планктона 2,995732 0,000811
племен 1,966113 0,000533
племена 2,120264 0,000574
племени 2,525729 0,000684
племя 3,912023 0,001060
плиний 3,218876 0,000872
плоские 3,506558 0,000950
плоским 3,506558 0,000950
плотинами 3,506558 0,000950
плотности 2,407946 0,000652
площади 0,510826 0,000138
площадь 0,478036 0,000647
пляж 2,207275 0,000598
пляжах 3,506558 0,000950
пляжи 2,407946 0,000652
побережий 3,218876 0,000872
побережье 1,560648 0,001268
побережья 1,427116 0,002319
поведения -0,009950 -0,000003
поверхности 1,514128 0,002051
поверхностная 3,506558 0,000950
поверхностного 2,995732 0,000811
поверхностном 2,995732 0,000811
повреждения 2,995732 0,000811
повсеместно 2,407946 0,000652
повышаться 3,506558 0,000950
повышенным 2,995732 0,000811
подвида 3,506558 0,000950
подводного 3,218876 0,000872
подводный 2,813411 0,001524
подводных 2,407946 0,000652
подобное 2,525729 0,000684
подписала 2,995732 0,000811
подписании 3,506558 0,000950
подписано 2,040221 0,000553
подробнее -0,009950 -0,000003
поздним 2,659260 0,000720
поиск -0,009950 -0,000003
поиску -0,009950 -0,000008
показателей 1,203973 0,000326
показатели 0,994252 0,000539
покрылось 3,912023 0,001060
политика -0,009950 -0,000003
поллютантов 3,912023 0,001060
полного 1,660731 0,000450
полное 1,139434 0,000309
полностью 0,400478 0,000108
половецкого 3,912023 0,001060
половине 0,634878 0,000172
половины 0,994252 0,000269
половой 3,506558 0,000950
половцы 3,218876 0,000872
положение 0,510826 0,000138
положения 1,309333 0,000355
положительна 3,912023 0,001060
полузамкнутое 3,912023 0,001060
полуострова 1,560648 0,000423
полупроходные 3,912023 0,001060
полупроходным 3,912023 0,001060
полупроходными 3,912023 0,001060
получало 3,912023 0,001060
получила 0,653926 0,000177
получили 0,967584 0,000262
получило 1,832581 0,000496
пользования 1,660731 0,000450
понижается 2,813411 0,000762
понимались 3,506558 0,000950
понта 3,506558 0,000950
попало 2,302585 0,000624
попружный 3,912023 0,001060
популяции 2,659260 0,002161
популяция 2,995732 0,000811
порта 1,309333 0,000355
портал 0,342490 0,000093
портами 2,813411 0,000762
портов 2,120264 0,001723
портоланы 3,912023 0,001060
порты 1,714798 0,000464
порядке 1,309333 0,000709
поселку 3,218876 0,000872
последние 0,755023 0,000205
последний -0,009950 -0,000003
последняя 0,342490 0,000093
поспелов 1,021651 0,000553
постоянно 1,108663 0,001201
построена 0,916291 0,000248
поступление 2,302585 0,000624
потенциала 1,897120 0,000514
потерю 3,912023 0,001060
поти 2,995732 0,000811
потопа 3,218876 0,000872
похода 1,897120 0,000514
походов 2,659260 0,000720
пошесть 3,912023 0,001060
поэтому 0,616186 0,000334
появлением 1,347074 0,000365
появлению 2,207275 0,000598
появления 1,514128 0,000820
права 0,755023 0,000205
правивший 3,506558 0,000950
правило 0,891598 0,000241
правительство 0,843970 0,000229
правительством 1,832581 0,000496
править -0,009950 -0,000005
правка 0,328504 0,000089
правкиновые -0,009950 -0,000003
правкипостоянная -0,009950 -0,000003
право 1,469676 0,001194
практике 1,660731 0,000450
практически 0,755023 0,000409
превышает 0,967584 0,000524
превышение 2,040221 0,000553
пределах 0,510826 0,000277
предельно 2,302585 0,000624
предисл 2,120264 0,000574
предоставило 3,218876 0,000872
предполагается 1,560648 0,000423
предприятием 2,120264 0,000574
предприятий 0,713350 0,000580
предприятию 3,506558 0,000950
представились -0,009950 -0,000003
представители 1,272966 0,000345
представлена 1,171183 0,000317
представления 1,469676 0,000398
представленные 2,995732 0,000811
представлены 0,867501 0,000235
представляет 0,446287 0,000121
представляют 1,237874 0,000335
представляющие 2,525729 0,000684
преимущественно 0,776529 0,000210
премию 1,966113 0,000533
преобладающих 2,525729 0,000684
пресноводные 3,218876 0,000872
пресноводными 3,912023 0,001060
пресной 2,659260 0,001441
приазовнефть 3,912023 0,001060
приазовское 3,912023 0,001060
приазовской 3,912023 0,001060
приазовья 3,218876 0,001744
приблизительно 1,514128 0,000410
приборкати 3,912023 0,001060
прибрежной 2,207275 0,000598
прибрежных 2,302585 0,000624
прибыло 2,659260 0,000720
привело 1,108663 0,000601
привлекательности 2,040221 0,000553
приводит 1,171183 0,000634
придонного 3,506558 0,000950
придонных 3,506558 0,000950
признакам 3,218876 0,000872
прилагательное 3,218876 0,000872
примерно 0,634878 0,000688
примечания -0,009950 -0,000005
приморско-ахтарск 2,659260 0,000720
приморско-ахтарска 3,912023 0,001060
приморско-ахтарский 3,218876 0,000872
примыкающую 3,912023 0,001060
принимаются 2,659260 0,000720
принято 0,713350 0,000193
приобретает 2,659260 0,000720
природа 1,309333 0,000709
природно-техническим 3,912023 0,001060
пристанище 3,506558 0,000950
притока 2,120264 0,000574
приходилось 1,660731 0,000450
приходными 3,912023 0,001060
причем 0,994252 0,000269
причине 1,771957 0,000480
причины 1,771957 0,000480
пришло 2,207275 0,000598
проблемы 0,544727 0,000148
проведения 0,843970 0,000229
проверяема 0,967584 0,000524
прогнозирования 2,813411 0,000762
прогревается 2,659260 0,000720
прогресс 1,514128 0,000410
продолжительное 2,813411 0,000762
продолжительность 1,171183 0,000317
проектах -0,009950 -0,000003
прозрачность 2,525729 0,005473
произошло 0,733969 0,000199
происходит 0,634878 0,000344
происхождения 1,272966 0,000345
происшедшего 3,912023 0,001060
пролив 2,040221 0,003868
пролива 2,407946 0,003913
проливе 3,218876 0,005231
проливов 3,218876 0,000872
проливу 2,995732 0,000811
промежутке 3,218876 0,000872
промысла 3,506558 0,000950
промысловые 3,218876 0,000872
промышленных 0,916291 0,000745
просмотры -0,009950 -0,000003
прост 3,506558 0,000950
против 0,798508 0,000216
противоположного 3,912023 0,001060
противоречивые 3,506558 0,000950
протока 2,525729 0,000684
протокол 1,560648 0,000423
протокола 2,120264 0,000574
проходные 3,506558 0,001900
проходными 3,912023 0,001060
проходных 3,506558 0,000950
прохоров 1,078810 0,000292
процессе 1,309333 0,000355
прямое 2,525729 0,000684
птолемей 3,218876 0,000872
пункт 1,203973 0,000326
пунктам 2,813411 0,000762
пунктов 0,653926 0,000177
пыхтун 3,912023 0,001060
пятерка 3,506558 0,000950
работают 0,673345 0,000182
работы 0,314711 0,000085
равна 2,525729 0,000684
рада 3,218876 0,000872
раза 0,867501 0,000470
разведка 3,218876 0,001744
разведки 2,659260 0,000720
развиваться 1,469676 0,000398
развит 1,897120 0,000514
развитие 0,314711 0,000085
развития 0,287682 0,000078
разделами 0,891598 0,000483
разделе 0,776529 0,000421
различного 1,714798 0,000464
различное 3,506558 0,000950
размеры 2,040221 0,000553
размножаются 3,506558 0,000950
размножение 3,218876 0,000872
размножения 2,995732 0,001623
разным 1,609438 0,000436
разных 0,510826 0,000138
разработчики -0,009950 -0,000003
разрешен 3,506558 0,000950
район 0,597837 0,003400
районах 0,941609 0,000510
районе 0,527633 0,000572
районов 0,562119 0,000152
районом 1,714798 0,000464
ракушечника 3,912023 0,001060
раннеашельских 3,912023 0,001060
раннем 2,659260 0,000720
раннепалеолитическая 3,912023 0,001060
раньше 1,171183 0,000317
располагается 0,994252 0,000269
расположение 1,139434 0,000617
расположенного 1,832581 0,000993
расположенных 1,427116 0,000387
распоряжение 1,609438 0,000436
распределение 1,560648 0,000423
распространилось 2,659260 0,000720
расстояние 0,843970 0,000686
растительных 3,218876 0,000872
расчете 2,302585 0,000624
расширилась 2,995732 0,000811
ратифицирован 3,912023 0,001060
реальный 1,897120 0,000514
регулированием 3,218876 0,000872
регулярная 2,995732 0,000811
регулярные 1,514128 0,000410
ред 0,235722 0,000319
редактирования 1,897120 0,000514
редакция 1,469676 0,000398
редко 1,832581 0,000496
редкол 2,659260 0,000720
режим 1,108663 0,001201
результатам 1,049822 0,000284
рек 0,820981 0,000445
река 0,733969 0,000199
реках 2,040221 0,001105
реке 0,713350 0,000193
реки 0,462035 0,000501
рекомендации 0,843970 0,000457
рекордные 2,995732 0,001623
рекреационного 3,506558 0,000950
реку 1,171183 0,000317
рельеф 0,941609 0,000255
рельефе 2,813411 0,000762
рената 3,912023 0,002119
репр 3,912023 0,001060
республика 0,843970 0,000457
ресурсов 0,798508 0,000216
ресурсы 0,020203 0,000011
речных 1,609438 0,000872
решением 1,078810 0,000292
рисер-ларсена 3,218876 0,000872
рода 1,560648 0,000423
родам 3,218876 0,000872
роснедра 3,912023 0,001060
роснефти 3,912023 0,003179
россией 1,427116 0,002319
россии 0,186330 0,000606
россииатлантического 2,995732 0,000811
россииморя 3,506558 0,000950
российская 0,186330 0,000202
российско-украинская 3,506558 0,000950
российского 0,634878 0,000172
российской 0,385662 0,000522
россия 0,371064 0,001106
ростиздат 3,218876 0,000872
ростов-на-дону 1,237874 0,000335
ростова-на-дону 2,813411 0,000762
ростовская 2,659260 0,000720
ростовской 2,995732 0,000811
руда 3,506558 0,001900
рудноугольной 3,912023 0,001060
рус 0,162519 0,001541
русиньскыйсаха 0,000000 0,000000
русский -0,009950 -0,000011
русского 0,494296 0,000268
русское 0,755023 0,000409
русскую 3,218876 0,000872
рыб 2,040221 0,002763
рыба-игла 3,912023 0,001060
рыбалке 3,912023 0,001060
рыбам 3,912023 0,001060
рыбец 3,912023 0,001060
рыбеца 3,912023 0,001060
рыбного 2,995732 0,001623
рыбное 3,506558 0,001900
рыбные 3,506558 0,000950
рыбный 2,302585 0,000624
рыбных 2,995732 0,000811
рыболовства 3,218876 0,000872
рыбы 1,897120 0,003597
ряд 0,385662 0,000104
ряде 1,237874 0,000335
рядом 0,733969 0,000199
сазальникская 3,912023 0,001060
сайте 0,967584 0,000262
саксинское 3,912023 0,001060
салакар 3,912023 0,001060
самакуш 3,912023 0,001060
самая 0,798508 0,000433
самбек 3,912023 0,001060
самки 3,506558 0,000950
самое 0,994252 0,000539
самок 3,506558 0,000950
самом 1,108663 0,000300
самую 2,659260 0,000720
самцов 3,506558 0,001900
самые 1,021651 0,000277
самым 0,653926 0,000177
санктъ-петербургъ 3,912023 0,001060
саргассово 3,218876 0,000872
сардинское 3,218876 0,000872
сборник 0,653926 0,000177
сброса 2,407946 0,001304
сведения 0,867501 0,000705
свидетельствует 1,771957 0,000480
свинца 2,407946 0,000652
свиньей 3,506558 0,000950
свинья 3,506558 0,001900
свободной -0,009950 -0,000003
своих 0,776529 0,000210
свойственной 3,912023 0,001060
свойство 0,653926 0,000177
свяжитесь -0,009950 -0,000003
связи 0,235722 0,000128
святославич 3,912023 0,001060
сев 2,995732 0,000811
севере 1,139434 0,000309
северного 1,021651 0,000830
северное 1,514128 0,000410
северной 0,693147 0,000375
северном 1,469676 0,000398
северо-востоке 2,120264 0,002871
северо-восточных 3,506558 0,000950
северо-западе 1,966113 0,001598
севрюга 3,218876 0,000872
севрюги 3,912023 0,004238
сегодня 0,616186 0,000167
сезонной 3,912023 0,001060
сезонные 2,302585 0,000624
сели 3,506558 0,000950
сельди 3,506558 0,000950
сельдь 3,218876 0,001744
сентябрь 1,309333 0,000355
сентября 0,072571 0,000039
сергеев 2,813411 0,000762
серебряный 1,386294 0,000375
середина 2,120264 0,000574
середины 0,967584 0,000262
серы 2,302585 0,000624
сиваш 3,506558 0,008548
сильно 0,776529 0,000210
сильного 2,407946 0,000652
сильных 1,771957 0,000480
симметричному 3,912023 0,001060
сингиль 3,912023 0,001060
сине-зеленых 3,218876 0,000872
синяя 2,995732 0,000811
системеобсуждениевкладсоздать -0,009950 -0,000003
системного 3,218876 0,000872
системы 0,342490 0,000093
ситуациях 2,813411 0,000762
скатывается 3,912023 0,001060
скачать -0,009950 -0,000003
скелетные 3,912023 0,001060
скифов 3,218876 0,000872
скифские 3,912023 0,001060
склон 2,525729 0,000684
склона 2,659260 0,000720
склонами 3,912023 0,001060
скоша 3,218876 0,000872
скумбрия 3,506558 0,000950
славянский 2,302585 0,000624
следования 2,302585 0,001247
следующие 0,544727 0,000148
слова 0,562119 0,000152
словари 0,116534 0,000032
словарь 0,274437 0,000446
словом 1,897120 0,001028
слое 2,525729 0,000684
слоя 2,407946 0,000652
слоях 2,407946 0,001304
случае 0,843970 0,000229
случаях -0,009950 -0,000003
снижаются 3,506558 0,000950
снижение 1,609438 0,000436
снижению 2,659260 0,000720
снимок 2,040221 0,000553
сносок 0,843970 0,000457
собой 0,328504 0,000178
событияпожертвовать -0,009950 -0,000003
совершают 2,995732 0,000811
совершающая 3,912023 0,001060
советская 0,371064 0,000402
советский 0,755023 0,000205
совместному 3,912023 0,001060
совокупно 3,912023 0,001060
совр 2,813411 0,000762
современного 0,653926 0,000708
современное 1,108663 0,000601
современной 0,579818 0,000157
современные 0,916291 0,000248
современный 0,967584 0,000262
согласно 0,301105 0,000082
соглашение 1,139434 0,000617
содержание 0,010050 0,000003
содержанием 2,407946 0,000652
содержит 1,386294 0,000375
соединен 2,659260 0,000720
соединяется 2,659260 0,000720
создание 0,733969 0,000199
создания 0,653926 0,000354
соколов 1,966113 0,001065
сокращению 2,407946 0,000652
солевого 3,912023 0,001060
соленой 3,506558 0,000950
солености 2,995732 0,004057
соленость 2,995732 0,004057
соленых 3,218876 0,000872
соли 2,302585 0,000624
солоненко 3,912023 0,001060
сообщение 1,049822 0,000284
сообщения 0,820981 0,000222
сообщило 3,506558 0,000950
сообщить -0,009950 -0,000003
соответственно 1,021651 0,000277
соответствующая 2,525729 0,000684
соответствующее 3,218876 0,000872
сопоставляют 3,912023 0,001060
сорвались 3,912023 0,001060
сост 0,597837 0,000324
состав 0,400478 0,000108
состава 1,171183 0,000317
составил 0,916291 0,000248
составленная 2,813411 0,000762
составляет 0,314711 0,000170
составляли 1,660731 0,000450
составляло 1,347074 0,000365
составлять 3,506558 0,000950
состоит 0,755023 0,000205
состоял 2,659260 0,000720
состояла 2,813411 0,000762
состояние 0,733969 0,000199
состоянию 0,544727 0,000148
состояния 1,203973 0,000652
сотрудничестве 1,771957 0,000960
сохранением -0,009950 -0,000003
сохраняется 1,560648 0,000423
сочинений 2,525729 0,000684
спб 0,385662 0,000627
спустя 1,609438 0,000436
спутниковое 3,912023 0,001060
спутниковый 2,813411 0,000762
сравнению 1,078810 0,000292
сравнительно 1,897120 0,000514
среди 0,198451 0,000161
средиземное 3,218876 0,001744
средневзвешенных 3,912023 0,001060
среднегодовая 1,078810 0,000292
среднегодовые 2,525729 0,000684
среднегодовых 3,506558 0,000950
среднее 1,272966 0,000345
средней 0,867501 0,000235
среднем 0,693147 0,000188
среднемесячные 3,218876 0,000872
средние 0,941609 0,000255
средняя 0,510826 0,000415
среды 0,755023 0,000205
српски 0,000000 0,000000
српскохрватски 0,000000 0,000000
сср 0,820981 0,000222
ссср 0,314711 0,000511
ссылкасведения -0,009950 -0,000003
ссылки -0,009950 -0,000022
ссылок 0,693147 0,000751
стабилизировалась 3,506558 0,000950
ставрида 3,506558 0,000950
стадный 3,912023 0,001060
стал 0,314711 0,000085
стала 0,462035 0,000125
станицам 3,506558 0,000950
станкевич 3,218876 0,000872
становится 0,527633 0,000143
станции 0,693147 0,000188
старов 3,218876 0,000872
статистика -0,009950 -0,000003
статус 0,510826 0,000415
статьи 0,072571 0,000118
статьислучайная -0,009950 -0,000003
статьисообществофорумсправкасвежие -0,009950 -0,000003
статью 0,616186 0,000334
статья 0,105361 0,000029
статьяобсуждение -0,009950 -0,000003
статьятекущие -0,009950 -0,000003
стерлядь 3,218876 0,000872
стока 1,897120 0,000514
стоков 2,813411 0,000762
сторонами 2,525729 0,000684
сторону 1,171183 0,000317
стороны 0,430783 0,000233
сточных 1,714798 0,000464
стоянка 2,525729 0,000684
стоянке 3,912023 0,001060
стоянок 3,218876 0,000872
стр 1,309333 0,000355
стран 0,597837 0,000324
страна 0,462035 0,000375
страница -0,009950 -0,000005
страницасодержаниеизбранные -0,009950 -0,000003
страницецитировать -0,009950 -0,000003
страницуполучить -0,009950 -0,000003
страницы -0,009950 -0,000008
страницыслужебные -0,009950 -0,000003
страхов 3,506558 0,000950
стрелка 2,407946 0,000652
стрелке 2,120264 0,000574
стрелки 2,302585 0,000624
стрижак 3,912023 0,001060
строительство 0,510826 0,000138
строительством 1,714798 0,000464
струнино 3,506558 0,000950
суда 1,078810 0,000292
судак 2,525729 0,000684
судака 3,912023 0,001060
судакское 3,912023 0,001060
судах 2,659260 0,000720
судна 2,995732 0,000811
судов 1,237874 0,000671
судовладелец 3,912023 0,001060
судоходства 2,040221 0,001105
сульфатами 3,912023 0,001060
сурожем 3,912023 0,001060
сурожское 3,912023 0,001060
сухогрузы 3,912023 0,001060
суши 2,207275 0,000598
существовала 1,386294 0,000375
существовали 1,309333 0,000355
существовало 1,427116 0,000387
существует 0,446287 0,000121
существуют 0,162519 0,000044
сходное 3,912023 0,001060
счет 0,673345 0,000547
считали 2,302585 0,000624
считать 0,994252 0,000269
сырья 2,120264 0,000574
сытина 1,560648 0,000423
сьогодн 0,000000 0,000000
сюда 1,108663 0,000300
сюдасвязанные -0,009950 -0,000003
таганрог 2,407946 0,003261
таганрога 3,912023 0,004238
таганрогский 3,506558 0,001900
таганрогским 3,912023 0,001060
таганрогского 3,912023 0,003179
таганрогском 3,912023 0,003179
тайна 2,659260 0,000720
также 0,000000 0,000000
такие 0,261365 0,000212
таманского 3,506558 0,000950
таманью 3,912023 0,001060
танкера 3,506558 0,000950
тарани 3,912023 0,001060
тарань 3,912023 0,001060
тарашкев 0,000000 0,000000
тасс 1,171183 0,000317
татарча 0,000000 0,000000
татары 0,798508 0,000216
текст -0,009950 -0,000003
текущем 0,544727 0,000148
тел 2,995732 0,000811
темеринда 3,912023 0,001060
темно-синее 3,912023 0,001060
темно-синяя 3,912023 0,001060
температур 1,609438 0,000872
температура 0,562119 0,001218
температуре 2,207275 0,001196
температурный 2,207275 0,001794
температуру 2,659260 0,000720
температуры 1,139434 0,001234
темрюк 2,525729 0,000684
темрюкский 3,218876 0,002616
темрюкском 3,912023 0,001060
теория 1,386294 0,000375
терзиев 3,912023 0,001060
термина 0,400478 0,000108
территории 0,400478 0,000868
техники 0,867501 0,000235
технические 1,897120 0,000514
течение 0,527633 0,000429
течением 1,771957 0,000480
течения 1,897120 0,000514
тизенгаузен 3,912023 0,001060
тип 0,356675 0,000193
типовой 2,813411 0,000762
тирренское 3,218876 0,000872
тихого 2,120264 0,000574
тихорецк 2,813411 0,000762
тмутаракани 3,912023 0,002119
тмутараканском 3,912023 0,001060
товарный -0,009950 -0,000003
толщиной 2,813411 0,000762
тому 1,108663 0,000300
тонн 1,108663 0,003303
тоннажем 3,912023 0,002119
топонима 1,386294 0,000375
топонимике 2,995732 0,000811
топонимию 3,912023 0,001060
торговля 1,021651 0,000277
торгового 1,832581 0,000496
торговый 1,237874 0,000335
точки 1,049822 0,000284
транспортных 0,891598 0,000241
трансформировалось 3,218876 0,000872
трехиглая 3,912023 0,001060
трудах 2,995732 0,000811
труды 1,469676 0,000398
тузла 3,506558 0,000950
тузлинская 3,912023 0,002119
тур 2,407946 0,001304
турецкие 3,506558 0,000950
турецкое 3,912023 0,001060
турки-османы 3,506558 0,000950
турок 2,659260 0,000720
тушин 3,912023 0,002119
тыла 1,897120 0,000514
тыс 0,430783 0,000467
тысяч 0,415515 0,000450
тысячелетии 2,813411 0,000762
тюлька 3,218876 0,000872
тюльки 3,912023 0,001060
тюрин 3,218876 0,000872
тюркским 2,659260 0,000720
тюркское 3,218876 0,002616
тяжелыми 3,218876 0,000872
увеличение 1,347074 0,000365
увеличивается 1,832581 0,000496
увеличиваются 2,813411 0,000762
увеличивающегося 3,912023 0,001060
увеличилась 1,427116 0,000387
увеличилось 1,309333 0,000709
увлажненности 3,912023 0,001060
углеводородного 3,218876 0,000872
уголь 2,207275 0,001196
удалена 0,941609 0,000510
удаления 3,218876 0,000872
удаляясь 3,912023 0,001060
удельный 2,120264 0,000574
удмурт 3,506558 0,000950
узкая 2,995732 0,000811
узэв 3,912023 0,001060
указанием -0,009950 -0,000003
указано 0,733969 0,000199
уклейка 3,912023 0,001060
укр 2,040221 0,000553
укра 0,000000 0,000000
украина 1,560648 0,005918
украиной 1,966113 0,001598
украинская 2,525729 0,000684
украинской 2,995732 0,000811
украину 1,897120 0,000514
украины 0,616186 0,002337
украиныскрытые 3,506558 0,000950
улучшается 3,912023 0,001060
улучшение 2,525729 0,000684
уменьшаются 3,912023 0,001060
уменьшению 2,659260 0,000720
уменьшения 2,407946 0,000652
умеренно 1,021651 0,000277
умеренной 2,407946 0,000652
универсальная 0,891598 0,000241
университет 0,562119 0,000152
университета 0,446287 0,000121
упоминает 2,995732 0,000811
управления 0,415515 0,000113
уровне 0,916291 0,000496
условий -0,009950 -0,000003
условия -0,009950 -0,000005
устанавливается 1,832581 0,000496
установлена 1,237874 0,000335
устье 0,994252 0,000539
устьев 3,506558 0,000950
устья 1,171183 0,000634
утверждается 2,659260 0,000720
утлюк 3,912023 0,001060
утлюкский 3,912023 0,002119
утолении 3,912023 0,001060
участие -0,009950 -0,000003
участках 2,120264 0,000574
участком 3,218876 0,000872
ученые 1,427116 0,000387
ученых 1,203973 0,000326
учетную -0,009950 -0,000003
учитывая 2,659260 0,000720
ушло 2,995732 0,000811
уэдделла 3,218876 0,000872
фактическая 2,995732 0,000811
факторы 2,207275 0,000598
фауна 1,272966 0,000690
фгу 2,525729 0,000684
феврале 1,203973 0,000326
февраль 1,272966 0,000690
февраля 0,051293 0,000042
федерального 0,673345 0,000182
федерацией 2,995732 0,001623
федерации 0,544727 0,000148
федерация 1,714798 0,000464
федотова 2,995732 0,000811
феодосия 1,966113 0,000533
фитопланктон 3,218876 0,001744
флаг 0,673345 0,000182
флора 1,171183 0,000634
флот 1,832581 0,000496
фонд -0,009950 -0,000003
формировании 1,897120 0,000514
формируются 2,120264 0,000574
фото 1,203973 0,000326
фотосинтеза 3,506558 0,000950
фракийское 3,218876 0,000872
франками 3,912023 0,001060
франкское 3,912023 0,001060
хаджи 2,813411 0,000762
хамса 3,506558 0,000950
хамсы 3,912023 0,001060
характеризуется 0,941609 0,000510
характеристика 0,713350 0,000193
характеристики 1,660731 0,000450
характерно 1,609438 0,000872
харьков 2,120264 0,000574
хватает 0,843970 0,000457
херсона 3,912023 0,002119
херсонская 2,525729 0,000684
херсонской 2,995732 0,000811
хлора 2,995732 0,000811
хозяйства 0,755023 0,000205
хозяйственно-бытовых 3,912023 0,001060
хокона 3,218876 0,000872
холмы 2,525729 0,000684
холодные 2,525729 0,000684
хорватская 1,897120 0,000514
хрони 3,912023 0,001060
худож 3,506558 0,000950
цабакское 3,912023 0,001060
царицын 3,218876 0,000872
цвет 1,771957 0,001440
цвета 1,171183 0,000317
цветением 3,912023 0,001060
целом 0,755023 0,000205
ценнейшие 3,912023 0,001060
центральной 0,843970 0,000686
центральных 1,427116 0,000387
центре 0,673345 0,000182
цепочкой 3,506558 0,000950
цикла 1,832581 0,000496
цимлянского 3,218876 0,000872
чабак-денгис 3,912023 0,001060
чаганы 3,912023 0,001060
чаплино 3,912023 0,001060
часовой 0,755023 0,000409
частей 1,139434 0,000309
части 0,198451 0,000430
частичная 1,897120 0,000514
частичное 2,995732 0,000811
часто 0,415515 0,000225
часть 0,105361 0,000086
частью 0,755023 0,000614
человека 0,579818 0,000157
черепаха 3,218876 0,000872
черепе 3,912023 0,001060
черкесским 3,912023 0,001060
черного 1,609438 0,000872
черное 2,040221 0,002763
черном 2,659260 0,002161
черноморска 3,912023 0,001060
черноморская 2,995732 0,002434
черноморский 2,525729 0,001368
черноморских 2,995732 0,000811
черноморского 2,407946 0,000652
черным 1,966113 0,001065
чехони 3,912023 0,001060
чехонь 3,912023 0,001060
чиатурская 3,912023 0,001060
числе 0,248461 0,000135
численность 0,653926 0,000177
число 0,478036 0,000129
читатьпросмотр 2,040221 0,000553
чище 3,506558 0,000950
чубурка 3,912023 0,001060
чукотское 2,659260 0,000720
чумбурский 3,912023 0,001060
чушка 3,912023 0,002119
шантарское 2,995732 0,000811
шелягин 3,912023 0,001060
шемая 3,912023 0,001060
ширина 1,469676 0,000398
широкое 1,660731 0,000450
широты 1,832581 0,000496
шторма 2,995732 0,001623
штук 2,525729 0,000684
щелинский 3,912023 0,001060
щербиновский 3,218876 0,000872
щука 2,813411 0,000762
эвксинского 3,912023 0,001060
эгейское 3,218876 0,001744
экз 0,415515 0,000225
экологические 1,560648 0,000423
экологическим 2,525729 0,000684
экологического 1,771957 0,000960
экологическое 1,771957 0,000480
экология 0,693147 0,000375
экономика 0,510826 0,000277
экономическая 1,660731 0,000450
экосистемы 2,302585 0,000624
экспорт -0,009950 -0,000003
эласмотерия 3,912023 0,001060
эль-ассак 3,912023 0,001060
энциклопедии -0,009950 -0,000005
энциклопедический 0,733969 0,000596
энциклопедия 0,210721 0,000285
эолового 3,506558 0,000950
эпоху 1,386294 0,000375
эсп 3,912023 0,001060
эта 0,000000 0,000000
этапа 1,966113 0,000533
этимологии 2,407946 0,000652
этимология 0,616186 0,000334
это 0,000000 0,000000
юго-востоке 1,771957 0,001440
юго-восточном 2,995732 0,000811
юго-западе 2,302585 0,001247
юго-западных 2,995732 0,000811
южная 0,941609 0,000255
южного 1,139434 0,000617
южной 0,733969 0,000199
южном 1,237874 0,000671
юкатанское 3,218876 0,000872
юридический 1,714798 0,000929
юфу 3,218876 0,000872
явление 1,832581 0,000496
является 0,094311 0,000102
являются 0,248461 0,000067
языках -0,009950 -0,000003
язь 3,912023 0,001060
якорей 3,912023 0,001060
январь 0,941609 0,000510
января 0,116534 0,000221
яновский 3,506558 0,000950
японское 2,525729 0,000684
ярко-зеленую 3,912023 0,001060
ясенская 3,912023 0,001060
ясенский 3,912023 0,001060
