абескунская 3,912023 0,000624
абескунскую 3,912023 0,000624
абсолютный 0,616186 0,000098
аваза 3,912023 0,000624
авар 3,912023 0,000624
август 0,072571 0,000139
автоматически 2,120264 0,000338
автор 0,462035 0,000074
авторитетный 0,891598 0,001421
авторство -0,009950 -0,000002
агамалиев 3,912023 0,000624
агентство 0,798508 0,000509
аграханский 3,912023 0,001247
агту 3,912023 0,000624
ад 1,966113 0,000313
аз 2,302585 0,000734
азербайджан 2,659260 0,003391
азербайджана 2,995732 0,002865
азербайджанаскрытые 3,912023 0,000624
азербайджанасоленые 3,912023 0,000624
азербайджане 3,912023 0,001871
азербайджаном 3,218876 0,000513
азербайджанский 2,525729 0,000805
азия 0,755023 0,000361
азовский 1,660731 0,000794
академия 0,544727 0,000087
акватория 1,560648 0,001244
аккумулятивный 2,995732 0,000477
аккумуляция 3,912023 0,000624
актау 2,995732 0,004297
активист 3,218876 0,000513
активно 0,733969 0,000351
актуальный 1,347074 0,000215
акчагыльская 3,912023 0,000624
акчагыльского 3,912023 0,000624
акчагыльское 3,912023 0,001247
акшиканак 3,912023 0,000624
аладжа 3,218876 0,000513
алг 3,912023 0,000624
александр 0,462035 0,000147
александрбайскую 3,912023 0,001247
алматы 3,218876 0,000513
алтай 2,407946 0,000384
алтайский 1,897120 0,000605
алфавитукарточка 2,207275 0,000352
алфавитукаспийское 3,912023 0,000624
альпы 3,506558 0,000559
алят 3,218876 0,000513
амбуране 3,912023 0,000624
амирабад 3,218876 0,000513
амплитуда 1,966113 0,000627
анализ 0,967584 0,000154
англ 0,174353 0,000417
андрусовым 3,912023 0,000624
анойкин 3,912023 0,001247
антипов 3,912023 0,000624
антропогенный 1,771957 0,000282
антропологический 2,995732 0,000955
апвеллинг 3,912023 0,003118
аполлов 3,912023 0,000624
апрель 0,150823 0,000240
апшеронский 3,218876 0,002565
апшеронского 3,506558 0,004471
апшеронское 3,912023 0,000624
апшеронской 3,912023 0,000624
апшеронском 3,912023 0,001247
апшеронскому 3,912023 0,000624
арал 3,506558 0,000559
аргумент 1,108663 0,000177
ареал 2,659260 0,000424
аридный 2,995732 0,000477
артефакт 2,407946 0,000384
арх 0,544727 0,000087
архантроп 3,912023 0,000624
археология 1,171183 0,000187
архивировать 0,020203 0,000174
архипелаг 2,525729 0,000805
асаева 3,912023 0,000624
асландашы 3,912023 0,000624
аспект 1,469676 0,000234
аст 0,820981 0,000131
астара 3,218876 0,001026
астарабад 3,912023 0,000624
астраханский 1,832581 0,000584
астрахань 0,967584 0,000617
астрель 1,049822 0,000167
ательская 3,912023 0,000624
ательской 3,912023 0,000624
атлантический 1,609438 0,000257
атмосфера 0,994252 0,000158
атрек 3,912023 0,000624
атырау 2,659260 0,000848
ашур-ада 3,912023 0,001247
баба 3,218876 0,000513
бабольсер 3,218876 0,000513
байдин 3,912023 0,001247
байкалу 3,218876 0,000513
бак 2,120264 0,002704
бакинский 2,407946 0,000768
баланс 1,609438 0,000257
балаханский 3,912023 0,000624
балаханское 3,912023 0,001247
балканский 2,525729 0,000403
балтийский 1,514128 0,000483
банк 0,693147 0,000221
баренцево 2,995732 0,000477
бароклинный 3,912023 0,000624
бассейн 0,653926 0,002501
бассейнаоколо 3,912023 0,000624
батиграфический 3,912023 0,000624
баткачный 3,912023 0,000624
баутино 3,218876 0,000513
баш 3,506558 0,000559
бегдашская 3,912023 0,000624
безледного 3,912023 0,000624
безопасность 0,916291 0,000584
безымянный 2,040221 0,000325
бековича-черкасского 3,912023 0,000624
белое 0,994252 0,000317
беломорско-балтийскому 3,506558 0,000559
беляева 2,659260 0,000424
бендер-торкемен 3,218876 0,000513
бендер-энзели 3,218876 0,001026
берег 0,478036 0,000914
береговой 1,469676 0,002342
берингово 2,995732 0,000477
берлин 2,302585 0,000367
бессточный 2,659260 0,000848
беюк-зиря 3,912023 0,001247
беюк-тава 3,912023 0,000624
библиографический 0,083382 0,000013
бильгях 3,912023 0,000624
биологический 1,771957 0,000847
биология 1,560648 0,000249
биостратиграфия 3,506558 0,000559
бирючек 3,912023 0,000624
благодаря 0,527633 0,000168
близ 1,237874 0,000395
близко 1,714798 0,000273
блин 3,912023 0,000624
большее 1,309333 0,000209
большинство 0,342490 0,000055
большое 0,385662 0,000430
большой 0,040822 0,000117
бореала 3,912023 0,000624
браконьерство 2,995732 0,000477
брат 1,272966 0,000203
брезгун 3,912023 0,000624
бригада 2,120264 0,000338
брокгауза 0,328504 0,000105
брюнес 3,912023 0,000624
бузачи 3,506558 0,000559
бурение 2,659260 0,000424
буровая 3,218876 0,000513
бурр 3,912023 0,000624
бурый 1,897120 0,000302
быстрый 0,916291 0,000292
быть -0,009950 -0,000006
бюллетень 2,407946 0,000384
вадим 2,407946 0,000384
варущенко 3,912023 0,001247
василий 1,078810 0,000172
ввести 0,634878 0,000101
вдоль 0,755023 0,000361
век 0,248461 0,000396
велаят 3,912023 0,000624
великий 0,356675 0,000114
величина 1,108663 0,000353
венедская 3,912023 0,000624
вердена 3,912023 0,000624
версия -0,009950 -0,000005
вертикальный 2,207275 0,001407
верхний 0,494296 0,000158
весенний 1,660731 0,000265
вестись 0,673345 0,000429
вестник 1,049822 0,000335
весь 0,301105 0,000096
весьма 1,514128 0,000241
ветвь 1,514128 0,000241
ветер 0,713350 0,001137
ветреный 2,659260 0,000424
вещество 0,994252 0,000158
взаимосвязанный 2,995732 0,000477
вид 0,061875 0,000178
видеть 1,272966 0,000203
викиданные 0,776529 0,000124
викиданными 2,813411 0,002691
викиданных -0,009950 -0,000002
викимедиа -0,009950 -0,000002
википедии -0,009950 -0,000003
википедия -0,009950 -0,000013
викискладвикиновостиэлемент 1,897120 0,000302
викискладе 0,174353 0,000028
виновник 3,912023 0,000624
вишняцкий 3,912023 0,000624
включая 0,527633 0,000084
владимир 0,653926 0,000104
власть 0,544727 0,000174
влияние 0,527633 0,000420
влиять 1,347074 0,000215
вместе 0,510826 0,000081
вместо 0,798508 0,000127
вмф 2,207275 0,000352
вне 1,560648 0,000249
внешний 0,051293 0,000008
внизу 2,302585 0,000367
внимание 1,108663 0,000177
вновь 0,755023 0,000120
внутриконтинентальный 3,218876 0,001026
во-вторых 2,659260 0,000424
во-первых 2,659260 0,000424
вобла 3,506558 0,000559
вода 0,527633 0,006560
водный 0,562119 0,001344
водоем 1,139434 0,001453
водообмен 2,659260 0,000848
водоохраной 3,912023 0,000624
водопропускной 3,912023 0,000624
водоросль 2,207275 0,000704
водосборакарточка 3,218876 0,000513
водосборный 2,525729 0,000403
водосток 2,813411 0,001794
военный 0,494296 0,000079
воздействие 1,021651 0,000326
воздух 0,616186 0,000098
возможный 0,994252 0,000158
возраст 1,078810 0,000688
возрастать 1,897120 0,000605
войнова 3,912023 0,000624
войновичем 3,912023 0,000624
волга 1,347074 0,002791
волго-балтийскому 3,218876 0,000513
волго-донской 2,813411 0,000448
волжский 1,897120 0,000302
волна 0,916291 0,000584
волнистый 2,995732 0,000477
волшебный 0,030459 0,000005
вопрос 0,371064 0,000177
воспроизводство 2,525729 0,000403
восстанавливаться 1,966113 0,000313
восстановить 0,967584 0,000154
восстановление 1,078810 0,000172
восток 0,494296 0,000473
восточно-сибирское 2,407946 0,000384
восточный 0,430783 0,001236
впадать 1,309333 0,001670
впадина 2,207275 0,001759
впервые 0,385662 0,000123
временной 0,967584 0,000463
время 0,020203 0,000039
все 0,040822 0,000013
всемирный 0,891598 0,000142
вследствие 1,203973 0,000192
встречаться 0,713350 0,000114
вступить 1,514128 0,000241
втора 0,274437 0,000131
вшэ 2,407946 0,000384
выброс 1,347074 0,000215
выводиться 2,659260 0,000424
выделение 1,832581 0,000292
выделить 0,544727 0,000174
выделять 1,139434 0,000182
вызвать 1,049822 0,000167
вызывать 1,078810 0,000344
вылов 3,218876 0,002565
вымерла-видео 3,912023 0,000624
вынести 2,525729 0,000403
выносить 2,813411 0,000448
вынудить 1,514128 0,000241
вып 0,798508 0,000127
выполнять 0,867501 0,000138
выпуск 0,693147 0,000110
выравнивать 3,506558 0,000559
выразить 1,427116 0,000455
высокий 0,139262 0,000155
высота 0,415515 0,000132
высотаоколо 3,912023 0,000624
высохший 3,912023 0,000624
выход 1,078810 0,000172
выше 0,616186 0,000295
вышка 2,995732 0,000477
выяснить 2,659260 0,000424
газ 0,941609 0,000900
газоконденсат 3,912023 0,000624
газопровод 2,302585 0,000734
ган-гулу 3,912023 0,000624
гарабаттаг 3,912023 0,000624
гарабогаз 3,218876 0,000513
гарасу 3,912023 0,001247
географ 2,040221 0,000325
географгиз 3,218876 0,000513
географический 0,356675 0,000455
география 0,415515 0,000199
геокаре 2,813411 0,000448
геолог 2,302585 0,000367
геологический 1,139434 0,000363
геология 1,609438 0,000513
геополитический 2,302585 0,000367
геоэкологических 3,912023 0,000624
герасимову 3,912023 0,000624
геродот 3,218876 0,000513
геродота 2,659260 0,000424
герритс 3,912023 0,000624
гессель 3,912023 0,000624
гибель 2,207275 0,000704
гидробиология 3,912023 0,000624
гидрографический 2,302585 0,000734
гидрография 1,427116 0,000227
гидрокарбонат-ион 3,912023 0,000624
гидрологический 1,966113 0,000313
гидрология 1,966113 0,001567
гидрометеоиздат 1,897120 0,000302
гидрохимия 2,995732 0,001432
гиль 3,912023 0,000624
гипотеза 1,560648 0,000249
гипотетический 2,302585 0,000367
гиркан 3,912023 0,000624
гирканским 3,912023 0,000624
гкгн 0,994252 0,000158
гкгнпро 0,916291 0,000146
главный 0,210721 0,000034
гладкий 3,218876 0,000513
глина 2,995732 0,000477
глобальный 1,203973 0,000576
глубина 1,139434 0,003451
глубинный 2,302585 0,000367
глубокий 1,078810 0,000688
глубоководен 3,912023 0,000624
глубоководный 2,302585 0,001468
год -0,009950 -0,000224
годавикипедия 0,616186 0,000098
годовой 0,994252 0,000475
голландский 2,659260 0,000424
голоцен 2,659260 0,001272
голуба 1,897120 0,000302
горган 3,912023 0,000624
горизонт 1,897120 0,000302
горизонтальный 1,966113 0,001253
город 0,371064 0,000887
город-порт 3,912023 0,001247
государственный 0,261365 0,000167
государство 0,579818 0,001017
гот 2,207275 0,000352
гоусанскую 3,912023 0,001247
градиент 3,218876 0,002052
градус 1,514128 0,000241
гражданин 0,733969 0,000117
граница 0,356675 0,000341
греча 1,427116 0,000455
греческий 1,469676 0,000234
григория 2,407946 0,000384
группа 0,314711 0,000050
гряда 2,302585 0,000367
грязь 2,407946 0,000384
губкина 3,506558 0,000559
гум 2,995732 0,000955
гута 3,506558 0,000559
гызлар 3,912023 0,000624
гьуьл 3,912023 0,000624
гюргянским 3,912023 0,000624
давать 0,820981 0,000262
дагестан 2,659260 0,001272
дагестана 2,813411 0,000897
дагестане 2,995732 0,001432
дагестанский 2,995732 0,001432
далее 0,693147 0,000110
далеко 1,347074 0,000215
дамба 2,040221 0,000325
дарвагчай 3,912023 0,001871
дарданеллы 3,218876 0,000513
дата 0,030459 0,000359
датировать 1,966113 0,000313
датироваться 2,120264 0,000338
датский 0,328504 0,000052
дать 0,072571 0,000127
даш-зиря 3,912023 0,001247
дашлы 3,912023 0,000624
дашские 3,912023 0,000624
два 0,150823 0,000048
дважды 1,272966 0,000203
двигаться 1,832581 0,000292
движение 0,544727 0,000087
двухметровый 3,506558 0,000559
девять 1,609438 0,000257
деев 3,912023 0,000624
действие 0,776529 0,000124
действовать -0,009950 -0,000006
декабрь 0,094311 0,000210
делиться 1,078810 0,000172
дельта 1,832581 0,001753
денгиз 3,912023 0,000624
день 0,210721 0,000034
дербент 2,525729 0,000805
дербента 3,218876 0,000513
дербентский 2,995732 0,001432
деревянко 3,912023 0,000624
десятилетие 1,203973 0,000192
десятимильных 3,912023 0,000624
десятка 1,139434 0,000182
деятельность 0,342490 0,000218
джалл 3,912023 0,000624
джамбай 3,912023 0,000624
джучи 3,506558 0,000559
диалог 1,660731 0,000265
диатомовые 2,995732 0,000477
динамик 1,272966 0,000609
динамический 1,897120 0,000302
директ-медиа 3,912023 0,000624
длина 0,579818 0,000462
длинакарточка 3,218876 0,000513
длительный 1,309333 0,000835
днейвикипедия 0,967584 0,000154
днище 3,218876 0,000513
дно 1,469676 0,003279
добавить 0,562119 0,000896
добиться 2,040221 0,000325
добровольский 2,813411 0,000897
добывать 2,407946 0,000384
добыча 1,386294 0,003756
договор 1,171183 0,000373
доказать 2,040221 0,000325
доклад 1,237874 0,000197
документ 0,415515 0,000199
долгий 1,021651 0,000163
долгожданный 3,218876 0,000513
долгопериодных 3,912023 0,001247
должный 0,356675 0,000625
дом 0,446287 0,000142
домашкинской 3,912023 0,001247
дон 1,660731 0,000265
доп 0,597837 0,000095
дополнительный -0,009950 -0,000002
достаточно 0,820981 0,000262
достигать 0,843970 0,001345
достигаться 2,207275 0,000352
достичь 0,733969 0,000234
доступ 0,755023 0,000241
доступный -0,009950 -0,000002
древнехорезмийской 3,912023 0,000624
древние 0,967584 0,000308
древний 0,653926 0,000104
древность 1,203973 0,000192
дробно -0,009950 -0,000002
другое 0,462035 0,000074
другой -0,009950 -0,000017
дурнева 3,506558 0,000559
дымовой 3,218876 0,000513
дюбенди 3,218876 0,000513
евразиипограничные 3,912023 0,000624
евразия 1,347074 0,000429
европа 0,301105 0,000192
единица 0,478036 0,000076
единственное 1,021651 0,000163
ежегодно 0,916291 0,000292
енотаевская 3,912023 0,000624
енотаевской 3,506558 0,000559
естественный 0,776529 0,000124
ефрона 0,328504 0,000105
жаркий 1,514128 0,000241
желиновская 3,912023 0,000624
жемчужный 3,218876 0,000513
жертва 1,347074 0,000215
животное 0,798508 0,000127
животный 1,714798 0,001367
жизнедеятельность 2,407946 0,000384
жизнь 0,342490 0,000055
жила 1,386294 0,000442
жиландинская 3,912023 0,000624
жилец 3,506558 0,001118
житель 0,562119 0,000090
жить 0,820981 0,000393
журнал 0,301105 0,000048
заболотить 2,040221 0,000325
забурунье 3,912023 0,000624
завершить 0,867501 0,000138
зависеть 1,171183 0,000373
зависимость 0,713350 0,000114
завод 0,693147 0,000110
завоевать 1,660731 0,000265
заглавный -0,009950 -0,000002
загрязнение 0,891598 0,001279
загрязнять 1,514128 0,000241
загульба 3,912023 0,000624
заключить 1,309333 0,000209
закон 0,462035 0,000074
закономерность 2,040221 0,000325
закрыть 0,798508 0,000127
залив 1,609438 0,003078
залив-лагуну 3,912023 0,000624
заливать 2,995732 0,000477
заливах-култуках 3,912023 0,000624
залогин 3,218876 0,000513
замедлить 3,506558 0,000559
заметно 1,771957 0,000282
замкнуть 2,407946 0,000768
замыкание 3,218876 0,000513
занести 1,714798 0,000273
занимать 0,430783 0,000137
запад 0,634878 0,000304
западный 0,462035 0,000663
запас 1,560648 0,000995
записка 1,139434 0,000363
записьвойти -0,009950 -0,000002
заполнить 1,771957 0,000565
запрет 1,771957 0,000565
запрос 1,021651 0,000163
запутать 3,506558 0,000559
зарегистрировать -0,009950 -0,000005
зарождение 1,832581 0,000292
заросль 2,813411 0,000448
засушливый 1,714798 0,000273
затем 0,527633 0,000084
затопление 2,120264 0,000338
зафиксировать 1,078810 0,000860
защита 0,616186 0,000687
заявить 1,386294 0,000221
заявление -0,009950 -0,000003
земля 0,400478 0,000255
земной 1,966113 0,000627
зенбиль 3,912023 0,001247
зенин 3,912023 0,000624
зеркало 2,659260 0,000424
зима 0,478036 0,000076
зимний 0,798508 0,000509
зиря 3,218876 0,000513
знак -0,009950 -0,000002
значение 0,061875 0,000020
значительно 0,510826 0,000081
значительный 0,328504 0,000314
золотой 0,597837 0,000191
золотоордынский 2,302585 0,000367
зона 0,400478 0,000830
зонн 3,506558 0,001677
зообентос 3,912023 0,001247
зоогеография 3,912023 0,000624
зоопланктон 3,218876 0,000513
зостера 3,506558 0,000559
зюдев 3,912023 0,001247
иван-караул 3,912023 0,000624
иванов 1,560648 0,000249
ивашинцева 3,912023 0,000624
играть 0,867501 0,000138
идентификатор 0,693147 0,000110
идти 0,820981 0,000131
из-за 0,415515 0,000530
избербаш 3,506558 0,000559
избербашская 3,912023 0,000624
известие 0,994252 0,000317
известняк 2,813411 0,000448
известняковый 3,506558 0,000559
извилистый 2,813411 0,000448
извне 3,218876 0,000513
изд 0,314711 0,000100
изд-во 1,049822 0,000502
издание 0,415515 0,000066
изменение 0,301105 0,000480
изменчивость 2,659260 0,000424
изменяться 1,203973 0,000768
измерение 1,771957 0,000565
изобразить 1,386294 0,000221
изогалина 3,912023 0,000624
изолировать 2,120264 0,001014
изоляция 2,995732 0,000477
изрезать 2,407946 0,000384
изучение 0,713350 0,000227
икра 3,218876 0,001539
илистый 3,218876 0,000513
иметь 0,094311 0,000120
иметься 0,385662 0,000123
империя 0,653926 0,000104
имя 0,274437 0,000044
иначе 0,733969 0,001170
инверсия 3,218876 0,000513
индустрия 1,514128 0,000965
иноземец 3,912023 0,000624
иностранный 0,916291 0,000146
институт 0,371064 0,000473
инструмент -0,009950 -0,000003
инструментальная 2,659260 0,001272
интенсивность 2,120264 0,000676
интенсивный 1,237874 0,000395
интервал 2,407946 0,000384
интервью 1,660731 0,000265
интерес 1,021651 0,000163
интернет-издание 3,912023 0,002494
информационный 0,462035 0,000221
информация 0,162519 0,000285
инфузория 3,912023 0,000624
ион 2,995732 0,000955
иран 2,207275 0,003166
ирана 2,995732 0,001432
иранаозера 3,912023 0,000624
иранасоленые 3,912023 0,000624
иране 3,912023 0,001247
ираника 2,995732 0,000477
иранский 2,407946 0,000384
исключение 0,891598 0,000142
исключительно 1,272966 0,000203
исключительный 2,207275 0,000352
ископаемое 1,560648 0,000249
искусственный 0,916291 0,000292
исламский 1,771957 0,000282
испарение 2,407946 0,002303
испаритель 3,912023 0,000624
испариться 3,218876 0,000513
испаряться 2,813411 0,000897
использование -0,009950 -0,000003
использовать 0,020203 0,000003
исправить 1,347074 0,001288
испытывать 1,560648 0,000249
исследование 0,462035 0,000810
исследователь 0,941609 0,000150
исследовать 1,469676 0,000234
история 0,051293 0,000090
источник -0,009950 -0,000052
исходить 1,832581 0,000292
исчезать 2,120264 0,000338
исчезновение 2,120264 0,000338
исчезнуть 1,771957 0,000282
итог 0,494296 0,000079
итоговый 2,659260 0,000424
ихтиофауна 2,525729 0,000403
июль 0,116534 0,000149
июнь 0,116534 0,000204
каверочкина 3,912023 0,000624
кавказа 1,660731 0,000794
кадмий 2,995732 0,000477
каз 2,995732 0,004297
казанский 1,049822 0,000167
казань 0,891598 0,000142
казахский 2,407946 0,000768
казахстан 1,469676 0,002577
казахстана 1,966113 0,000627
казахстанаозера 3,912023 0,000624
казахстанасоленые 3,912023 0,000624
казахстане 3,218876 0,000513
казахстаном 3,218876 0,000513
казахстанский 3,506558 0,001118
кайдак 3,912023 0,000624
каламкас 3,912023 0,000624
калий 3,912023 0,000624
калмыкия 2,659260 0,000424
кальций 3,218876 0,001539
каменистый 2,995732 0,000477
камень 0,994252 0,000634
канал 0,673345 0,000322
канцелярия 1,832581 0,000292
кара-богаз-гол 3,912023 0,006235
кара-богаз-гола 3,912023 0,001247
кара-богаз-голский 3,912023 0,000624
каравансарай 3,912023 0,000624
каражанбас 3,912023 0,000624
карбонат 3,506558 0,000559
карелин 3,506558 0,000559
карелина 3,506558 0,000559
карла 1,386294 0,000221
карп 2,207275 0,000352
карское 2,302585 0,000367
карт 0,301105 0,000144
картограф 2,813411 0,000448
каспи 3,912023 0,001871
каспий 2,302585 0,033397
каспийск 1,272966 0,000203
каспийский 1,514128 0,042957
каталанский 0,527633 0,000084
каталог 0,094311 0,000015
катастрофа 1,514128 0,000241
катастрофический 2,525729 0,000403
категория -0,009950 -0,000003
катион 3,912023 0,000624
квадратный 1,660731 0,000794
квазистационарный 3,912023 0,000624
квазиширотного 3,912023 0,000624
квазиширотные 3,912023 0,000624
кефаль 3,506558 0,000559
кианлы 3,218876 0,000513
кизлярский 3,218876 0,000513
километр 0,693147 0,002099
килька 3,506558 0,001118
киммерийский 3,218876 0,000513
кипчак 3,912023 0,000624
киргиз 1,386294 0,000221
кичик-тава 3,912023 0,000624
классифицироваться 2,659260 0,000424
классический 0,755023 0,000120
клиге 3,912023 0,000624
климат 0,446287 0,000213
климатический 1,049822 0,000335
клубок 3,912023 0,000624
ключевой 1,203973 0,000192
книга 0,415515 0,000132
книжный 0,798508 0,000127
книповича 3,506558 0,000559
код -0,009950 -0,000065
кодекс -0,009950 -0,000002
кодистория 0,116534 0,000019
колебание 1,386294 0,002210
количество 0,210721 0,000202
колодкиным 3,912023 0,000624
колтыш 3,912023 0,000624
комитет 0,653926 0,000313
коммерческий 1,021651 0,000163
компания 0,371064 0,000059
комплекс 0,579818 0,000185
комплексный 1,078810 0,000172
компонент 0,967584 0,000154
конвективный 3,912023 0,000624
конвекция 3,218876 0,000513
конвенция 2,407946 0,004222
конец 0,198451 0,000190
консервативный 3,506558 0,001118
континентальный 0,527633 0,000336
контракт 1,609438 0,000257
контроль 0,994252 0,000158
конференция 0,941609 0,000450
конфиденциальность -0,009950 -0,000002
конфискация 2,813411 0,000448
концентрация 1,203973 0,000576
координата 1,347074 0,000215
кора 1,897120 0,000605
корить 1,309333 0,000209
кормовой 2,813411 0,000448
корн 3,506558 0,000559
короткий -0,009950 -0,000003
корректировка 3,218876 0,000513
корреляция 3,506558 0,001118
корчагина 3,912023 0,000624
косарев 3,912023 0,002494
космос 1,237874 0,000395
костяной 3,218876 0,001026
котловина 1,897120 0,000302
который 0,000000 0,000000
кочак 3,912023 0,000624
край 0,544727 0,000174
красная 0,713350 0,000114
красноводск 3,912023 0,000624
красноводский 3,912023 0,000624
красноцветный 3,506558 0,000559
красный 0,597837 0,000191
краткий 0,653926 0,000104
кратковременный 2,302585 0,000367
крах 3,506558 0,000559
кривая 2,302585 0,000367
кризис 1,386294 0,000221
критик 1,560648 0,000249
критично 3,912023 0,000624
кром 0,235722 0,000075
кромка 3,506558 0,001118
крупномасштабный 2,407946 0,000768
крупный 0,210721 0,000403
крылов 3,218876 0,000513
крымское 2,813411 0,000448
крыша 2,207275 0,000352
кубический 3,506558 0,001677
кузьмин 2,525729 0,000403
куки -0,009950 -0,000002
кулалинская 3,912023 0,000624
кулик 2,995732 0,000477
культура 0,356675 0,000057
культурный 0,597837 0,000191
кум 3,506558 0,000559
кур 3,218876 0,001026
курорт 1,560648 0,000746
курортный 2,302585 0,000734
курык 3,218876 0,000513
кутум 3,506558 0,000559
кызылагадж 3,912023 0,000624
кюр-дашы 3,912023 0,001247
кюр-дили 3,912023 0,000624
лаврушин 3,912023 0,000624
лагань 2,813411 0,000448
лаптевой 2,302585 0,000367
ларусса 1,078810 0,000172
латы 1,771957 0,000565
лед 1,171183 0,000747
ледник 2,120264 0,000338
ледовитый 1,514128 0,000241
ледостойкой 3,912023 0,001247
лезг 3,506558 0,000559
ленкоранского 3,912023 0,000624
ленкорань 3,218876 0,001026
леонов 2,659260 0,000424
лет 0,597837 0,000095
летний 0,579818 0,000462
лечебный 1,771957 0,000282
лечение 1,897120 0,000302
лещ 2,813411 0,000897
лиана 3,506558 0,000559
лидер 1,237874 0,000197
линия 0,462035 0,001031
линиядо 3,912023 0,000624
литература 0,051293 0,000016
литосфера 3,506558 0,000559
лихвинский 3,506558 0,001118
лицензия -0,009950 -0,000002
лишь 0,478036 0,000076
ложа 2,995732 0,000955
локальный 0,673345 0,000107
лосось 3,218876 0,000513
лукойл 2,525729 0,000403
магний 3,506558 0,001118
магнитный 2,207275 0,000352
магрицкий 3,912023 0,000624
мазендеранским 3,912023 0,000624
май 0,127833 0,000346
макаров 1,660731 0,000265
максимальный 0,867501 0,001106
максимум 0,579818 0,000092
малакофауны 3,912023 0,000624
мало 0,579818 0,000092
малой 0,776529 0,000124
малый 0,139262 0,000089
мангистауской 3,912023 0,001247
мангышлак 3,506558 0,000559
мангышлакский 3,912023 0,002494
маныч-керченский 3,912023 0,000624
марий 2,525729 0,000403
марка 0,733969 0,000117
маркову 3,912023 0,000624
март 0,116534 0,000724
маслаков 3,506558 0,000559
маслинский 3,912023 0,000624
масса 0,916291 0,000146
массагет 3,912023 0,000624
массовый 0,494296 0,000158
матасова 3,912023 0,000624
материал -0,009950 -0,000005
материковый 1,966113 0,001253
матуяма 3,912023 0,000624
махачкала 2,813411 0,001794
махачкалинский 3,506558 0,000559
махачкалы 3,218876 0,000513
маяк 1,078810 0,000172
мга 2,040221 0,000325
медиафайлы 0,301105 0,000048
международно-правовые 3,912023 0,000624
международный 0,385662 0,000430
межледниковый 3,218876 0,000513
межледниковье 3,218876 0,001026
межправительственный 3,506558 0,001118
мезокко 3,506558 0,000559
мелеть 3,218876 0,000513
мелководный 2,302585 0,002569
мелководье 2,813411 0,000448
мельниченко 3,912023 0,000624
менять 1,714798 0,000273
мера 0,820981 0,000131
мерзлота 2,525729 0,000403
мертвый 2,525729 0,000805
место 0,139262 0,000089
местонахождение 2,995732 0,000477
месторождение 1,427116 0,001137
месяц 0,415515 0,000132
месяцекарточка 3,218876 0,000513
металл 1,272966 0,000406
метаморфизация 3,912023 0,000624
метеожурнал 3,912023 0,000624
метр 0,653926 0,001772
механизм 1,347074 0,000215
мешать 1,897120 0,000302
миа 3,912023 0,000624
мианкале 3,912023 0,000624
миграция 1,309333 0,000209
миллиард 1,514128 0,000483
миллиметр 2,995732 0,002387
минерализациисолоноватое 3,912023 0,000624
минерализация 2,995732 0,000477
минеральный 1,139434 0,000363
минимальный 1,347074 0,000644
минимум 0,653926 0,000208
министерство 0,653926 0,000208
мир 0,094311 0,000150
мировая 0,527633 0,000336
мировой 1,469676 0,001640
михаила 1,171183 0,000187
михайлов 2,120264 0,000338
мишовдагская 3,912023 0,000624
млекопитающее 1,897120 0,000302
млн 0,462035 0,000516
мнение 0,634878 0,000101
много 0,150823 0,000024
многолетний 1,560648 0,000497
множество 0,462035 0,000074
мобильный -0,009950 -0,000002
модуль 0,562119 0,000090
момент 0,527633 0,000084
мор 1,021651 0,015144
мораторий 3,506558 0,001118
море 0,562119 0,012543
мореазерб 3,912023 0,000624
моребессточные 3,912023 0,000624
морепродукт 2,995732 0,000955
морской 0,994252 0,002852
морфометрия 3,218876 0,000513
морцо 3,912023 0,000624
морякарточка 3,218876 0,000513
моряострова 3,912023 0,000624
моряроссия 3,218876 0,000513
моск 2,302585 0,000367
москва 0,400478 0,000191
москва-река 3,506558 0,000559
москвы 0,653926 0,000208
мочь -0,009950 -0,000019
мыс 1,386294 0,000442
мышьяк 3,218876 0,000513
наблюдаться 0,755023 0,000722
наблюдение 1,108663 0,000177
набранить 3,912023 0,000624
набрань 3,912023 0,000624
наварх 3,912023 0,000624
навигация -0,009950 -0,000005
назад 1,108663 0,003004
название 0,105361 0,000084
назвать 0,371064 0,000118
называть 0,174353 0,000028
называться 0,328504 0,000052
наиболее 0,139262 0,000178
наименее 2,207275 0,000704
наименование 0,994252 0,000158
найти 0,733969 0,000117
накопление 2,120264 0,000338
наметиться 2,525729 0,000403
направить 0,867501 0,000138
направление 0,385662 0,000123
например 0,328504 0,000105
наращивание 2,995732 0,000477
нардаран 3,912023 0,000624
народ 0,579818 0,000185
нарушать 1,714798 0,000273
нарушение 1,560648 0,000249
население 0,462035 0,000074
населять 2,207275 0,000352
настаивать 2,995732 0,000955
настоящее 0,287682 0,000046
настоящий 1,272966 0,000203
наступить 2,407946 0,000768
насчитывать 1,203973 0,000192
натрий 2,813411 0,000448
наука 0,235722 0,000413
научно-исследовательский 0,798508 0,000255
научно-образовательный 0,967584 0,000154
научно-популярный 1,966113 0,000627
научно-практической 2,207275 0,000352
научный 0,248461 0,000119
находить 1,560648 0,000249
находиться 0,174353 0,000278
находка 0,994252 0,000317
национальный 0,342490 0,000109
начало 0,116534 0,000390
началось 0,616186 0,000098
начальный 0,967584 0,000308
начать 0,510826 0,000326
начаться 0,562119 0,000448
начинаться 0,527633 0,000168
начиная 0,733969 0,000117
наш 0,527633 0,000168
небольшой 0,494296 0,000315
невозможный 2,659260 0,000424
негативный 1,347074 0,000215
недавний 3,218876 0,000513
недалеко 1,469676 0,000234
недропользование 3,506558 0,002236
незамедлительный 3,912023 0,000624
незначительно 2,407946 0,000384
нека 3,218876 0,000513
некаспийских 3,912023 0,000624
некоммерческий -0,009950 -0,000002
некорректно 1,897120 0,000302
некоторые 0,127833 0,000020
нелегальный 2,525729 0,000403
необходимо 1,237874 0,000197
необходимость 1,139434 0,000182
неогеновый 3,218876 0,000513
неоплейстоцен 3,506558 0,000559
неоплейстоцена 3,506558 0,001677
неоплейстоцене 3,912023 0,003118
неоплейстоценовой 3,912023 0,000624
неоплейстоценовых 3,912023 0,000624
непосредственное 2,120264 0,000338
неправомерный 3,912023 0,000624
нередко 1,108663 0,000177
нерестилище 2,813411 0,000448
нереститься 3,506558 0,000559
несколько 0,116534 0,000037
неурегулированный 3,912023 0,000624
нефтегазовый 2,120264 0,001014
нефтегазоносность 3,912023 0,000624
нефтедобыча 3,506558 0,000559
нефтчалы 3,912023 0,000624
нефть 1,347074 0,003006
нефтяник 2,302585 0,000367
нефтяной 1,514128 0,001689
нечисловыми 2,659260 0,000424
ниже 0,693147 0,000221
нижнее 0,916291 0,000292
нижний 0,494296 0,000079
низка 1,714798 0,000273
низкий 0,843970 0,000269
низменный 1,897120 0,000302
ниу 2,407946 0,000384
новое 0,287682 0,000046
новокаспийский 3,912023 0,000624
новокаспийского 3,912023 0,000624
новокаспийской 3,912023 0,002494
новокаспийскую 3,912023 0,000624
новость 0,544727 0,000087
новый 0,083382 0,000027
ногайский 2,525729 0,000403
номер 0,634878 0,000101
норвежский 0,248461 0,000040
нордовый 3,912023 0,000624
норма 0,597837 0,000095
нормативный 1,897120 0,000605
ноябрь 0,127833 0,000408
нум 3,506558 0,000559
ныне 0,653926 0,000104
обеспечивать 0,415515 0,000066
обитание 2,040221 0,000650
обитать 1,469676 0,000234
область 0,150823 0,000144
обмеление 2,813411 0,002691
обнаружить 1,021651 0,000326
обоснование 1,966113 0,000313
образ 0,287682 0,000046
образование 0,356675 0,000057
образовать 0,385662 0,000184
образоваться 0,967584 0,000308
обращение 0,030459 0,000364
обстоятельство 2,040221 0,000325
обусловить 1,237874 0,000197
обухова 3,506558 0,000559
общее 0,301105 0,000096
общество 0,415515 0,000132
общий 0,186330 0,000119
объект 0,235722 0,000150
объем 0,400478 0,000638
объемвикипедия 3,506558 0,000559
объемоколо 3,912023 0,000624
огонь 1,139434 0,000182
ограничение 1,237874 0,000197
ограничивать 2,120264 0,000338
огурчинский 3,912023 0,001247
один 0,051293 0,000025
однако 0,174353 0,000111
одноименный 0,967584 0,000154
однородность 3,912023 0,001247
озераморя 3,912023 0,000624
озерный 2,302585 0,000367
озеро 0,673345 0,002576
ознаменоваться 2,120264 0,000338
оказывать 0,867501 0,000415
океан 0,994252 0,001902
океанический 2,813411 0,001794
океанский 2,659260 0,000424
окончание 1,309333 0,000209
окрестность 0,941609 0,000150
октябрь 0,072571 0,000127
окунь 3,218876 0,000513
оледенение 2,525729 0,000403
оля 2,995732 0,000477
омывать 2,525729 0,000403
онлайн 0,198451 0,000032
оон 1,560648 0,001244
описание -0,009950 -0,000002
определяться 1,078810 0,000172
опреснение 3,506558 0,001118
оптимум 3,218876 0,000513
опускаться 1,714798 0,000273
опуститься 2,659260 0,000424
опустынивание 3,218876 0,000513
орган 0,616186 0,000098
организация -0,009950 -0,000002
организовать 0,634878 0,000101
орда 1,714798 0,000820
оригинал 0,139262 0,000222
осадка 1,237874 0,000395
осадок 0,544727 0,000174
осадочный 2,407946 0,000384
освоение 1,309333 0,000417
осенне-зимней 3,912023 0,000624
осенний 2,302585 0,000367
осень 0,941609 0,000150
осередок 3,912023 0,001871
осетровые 2,813411 0,004933
осипов 0,527633 0,000084
осложняться 2,995732 0,000477
основа 0,210721 0,000034
основание 0,494296 0,000079
основать 0,274437 0,000044
основное 0,235722 0,000075
основной 0,040822 0,000052
особенно 0,562119 0,000627
особенность 0,693147 0,000442
особь 2,659260 0,000848
осолоняться 3,506558 0,000559
оставаться 0,544727 0,000174
остаться 0,867501 0,000277
остров 0,820981 0,002486
осушной 3,912023 0,000624
осуществление 1,427116 0,000227
осуществлять 0,597837 0,000095
осуществляться 0,616186 0,000098
ответственность -0,009950 -0,000002
ответственный 2,659260 0,000848
отделить 1,966113 0,000313
отдельный -0,009950 -0,000006
отделять 2,207275 0,000704
отдых 0,941609 0,000450
отказ -0,009950 -0,000002
открыть 0,150823 0,000096
отличаться 0,342490 0,000055
отложение 2,040221 0,000976
отметить 0,616186 0,000196
отметка 1,386294 0,000442
относительно 0,415515 0,000066
относительный 1,560648 0,000497
относиться 0,328504 0,000157
отношение 0,430783 0,000275
отредактировать -0,009950 -0,000017
отрезка 2,525729 0,000403
отступить 2,659260 0,000424
отсутствие 0,891598 0,000284
отсутствовать 0,776529 0,000124
отток 2,407946 0,000384
отчетливо 3,218876 0,000513
официально 0,693147 0,000110
официальный 0,356675 0,000114
охватывать 1,237874 0,000197
охладить 3,912023 0,000624
охотский 2,040221 0,000325
охрана 0,843970 0,000135
оцениваться 1,560648 0,000497
оценка 0,400478 0,000064
очаг 2,995732 0,000477
очень 0,494296 0,000079
очередь 0,510826 0,000163
ошибкекак -0,009950 -0,000002
ощутимый 2,302585 0,000367
падение 1,560648 0,000249
палео-узбой 3,912023 0,000624
палеогеографический 3,912023 0,000624
палеогеография 2,995732 0,000955
палеорек 3,912023 0,000624
памятник 0,597837 0,000095
параметрамивикипедия 2,207275 0,000352
паратетиса 3,912023 0,000624
паромный 2,302585 0,000367
парышев 3,912023 0,000624
патрокл 3,912023 0,000624
пачкалов 3,506558 0,000559
первое 0,150823 0,000048
первый 0,162519 0,000104
перевозка 0,891598 0,000142
переговоры 2,525729 0,000805
перейти -0,009950 -0,000006
переменная 2,302585 0,000367
перемешивание 3,218876 0,000513
перемещаться 2,407946 0,000384
перенаправляться 1,560648 0,000249
переправа 1,514128 0,000241
перераб 1,609438 0,000257
пересохший 3,912023 0,000624
перестройка 1,771957 0,000282
период 0,274437 0,000569
перс 1,897120 0,000302
персональный -0,009950 -0,000002
песок 1,714798 0,000547
песчаный 1,771957 0,000282
петром 2,120264 0,000338
пехлеви 3,912023 0,000624
печать -0,009950 -0,000003
печорский 2,813411 0,000448
пешные 3,912023 0,000624
пещер 1,897120 0,000302
пик 1,609438 0,000257
пираллахи 3,912023 0,000624
пирсагатские 3,912023 0,000624
письменный 1,660731 0,000265
плавание 1,714798 0,000273
плавать 3,506558 0,000559
плавучий 2,995732 0,000477
планктон 2,995732 0,000955
платформа 1,049822 0,000335
плейстоцен 3,218876 0,002052
племя 1,514128 0,001207
плиоцен 3,506558 0,000559
площадка 0,867501 0,000138
площадь 0,385662 0,001045
площадькарточка 3,218876 0,000513
площадьоколо 3,506558 0,000559
пляж 1,609438 0,000513
побережье 1,171183 0,006907
повалишникова 3,912023 0,000624
поведение -0,009950 -0,000002
поверхностный 1,514128 0,000965
поверхность 1,347074 0,001503
повесть 2,407946 0,000384
повод 1,897120 0,000302
поволжья 1,714798 0,000273
повысить 1,021651 0,000326
повыситься 2,407946 0,000384
повышаться 2,525729 0,001208
повышение 1,078810 0,000172
погибший 1,203973 0,000192
погода 0,693147 0,000110
погодный 2,302585 0,000734
подать 1,714798 0,000547
подверженный 2,040221 0,000976
поддержание 2,407946 0,000384
поделить 2,813411 0,000448
подниматься 1,427116 0,000227
подняться 1,660731 0,000265
подобный 0,994252 0,000158
подписание 2,407946 0,000768
подписать 0,941609 0,000300
подтвердить 1,309333 0,000209
подчеркивать 2,120264 0,000338
подчинение 1,237874 0,000395
подъем 1,386294 0,000884
пожар 1,171183 0,000187
позволение 3,912023 0,000624
позволить 0,967584 0,000154
позволять 0,462035 0,000074
позвоночные 2,995732 0,000477
позднебакинский 3,912023 0,000624
позднебакинское 3,912023 0,000624
позднемахачкалинскую 3,912023 0,000624
позднехазарский 3,912023 0,000624
позднехвалынская 3,912023 0,000624
позднехвалынской 3,912023 0,000624
поздний 1,171183 0,001120
поздно 0,713350 0,000114
позже 0,733969 0,000117
поиск -0,009950 -0,000021
показатель 0,494296 0,000079
показать 0,891598 0,000142
покрыть 1,309333 0,000417
пол 0,446287 0,000071
поле 1,049822 0,000669
полезный 1,203973 0,000192
политик -0,009950 -0,000003
половец 2,813411 0,000448
половина 0,430783 0,000137
положение 0,415515 0,000199
полуостров 1,171183 0,002427
полупустыня 2,302585 0,000367
получить 0,150823 0,000024
пользоваться 1,139434 0,000182
помимо 0,562119 0,000269
помочь 1,171183 0,000187
понижаться 2,525729 0,000403
понижение 2,040221 0,000976
понт 2,659260 0,000424
понтического 3,912023 0,000624
понтическое 3,506558 0,000559
понто-каспия 3,506558 0,002795
понятие 0,967584 0,000308
популярность 1,609438 0,000257
порог 2,040221 0,001301
порода 1,427116 0,000455
порт 0,733969 0,000234
портал 0,342490 0,000109
портовый 2,040221 0,000325
поручение 1,832581 0,000292
поселок 0,634878 0,000304
поскольку 0,941609 0,000300
последний -0,009950 -0,000008
последствие 1,427116 0,000227
послужить 1,469676 0,000234
поспелов 1,021651 0,000326
постепенно 0,867501 0,000138
постоянная 0,843970 0,000135
построить 0,301105 0,000096
поступать 1,609438 0,000513
поступление 1,609438 0,000513
потенциал 0,967584 0,000154
потенциальный 1,832581 0,000292
потепление 2,040221 0,000325
потоп 2,525729 0,000403
поход 1,203973 0,000192
похолодание 2,995732 0,000955
почтовый 0,653926 0,000104
поэтому 0,616186 0,000196
появиться 0,248461 0,000040
появляться 0,733969 0,000117
пояс 0,597837 0,000095
правда 0,820981 0,000131
правило 0,478036 0,000076
править -0,009950 -0,000130
правка 0,274437 0,000044
правкиновые -0,009950 -0,000002
правкипостоянная -0,009950 -0,000002
правление 1,386294 0,000221
право 0,314711 0,000251
правовой 1,021651 0,001140
пребореала 3,912023 0,000624
превращаться 1,660731 0,000265
превысить 1,427116 0,000227
превышать 0,673345 0,000429
предел 0,400478 0,000128
предмет 0,713350 0,000114
предполагаться 1,078810 0,000172
предположить 2,302585 0,000367
предпринять 2,040221 0,000325
предприятие 0,527633 0,000252
представитель 0,653926 0,000104
представить 0,328504 0,000105
представиться -0,009950 -0,000002
представлять 0,328504 0,000314
предусматривать 1,386294 0,000221
предусмотреть 1,427116 0,000227
преимущественно 0,776529 0,000371
прекращение 1,771957 0,000565
преобладать 0,713350 0,000682
препятствовать 2,302585 0,000367
прерываться 3,506558 0,000559
пресноводный 2,207275 0,001055
пресс 1,272966 0,000203
преходить 3,912023 0,000624
прибрежный 1,386294 0,001989
привести 0,356675 0,000114
привлечение 1,660731 0,000265
приводить 0,776529 0,000619
придонный 3,218876 0,000513
приказ 1,203973 0,000192
прикаспий 3,218876 0,001539
прикаспийский 2,659260 0,003815
прилегать 1,237874 0,000197
приливный 3,218876 0,000513
применять 0,510826 0,000081
применяться 1,139434 0,000182
пример 0,527633 0,000084
примерно 0,634878 0,000101
примечание -0,009950 -0,000003
приморский 1,897120 0,000605
примыкать 1,386294 0,000221
принять 0,248461 0,000079
природа 0,653926 0,000208
природный 0,510826 0,000163
приступить 2,302585 0,000367
притка 1,427116 0,000455
приток 1,078810 0,000172
приходиться 0,693147 0,000221
причина 0,562119 0,000179
проба 2,120264 0,000338
проблема 0,274437 0,000612
пробурить 3,912023 0,001247
проверить 0,478036 0,000076
проверять 0,820981 0,001309
провести 0,579818 0,000092
провинция 1,309333 0,000209
прогиб 2,995732 0,000477
прогноз 1,427116 0,000227
прогрев 3,912023 0,002494
продлить 2,120264 0,000676
продолжать 1,049822 0,000167
продолжаться 1,049822 0,000167
продолжить 1,771957 0,000282
продуктивность 2,995732 0,000477
продукция 0,941609 0,000300
проект -0,009950 -0,000003
проживать 0,776529 0,000124
прозрачность 2,302585 0,000367
проигрывать 3,506558 0,000559
произойти 0,430783 0,000137
происходить 0,328504 0,000314
происхождение 0,776529 0,000743
прокладка 2,659260 0,000424
пролив 1,771957 0,002542
проложить 1,347074 0,000215
промежуточный 1,771957 0,000282
промысел 2,659260 0,000848
промысловый 2,407946 0,000384
промышленность 0,494296 0,000079
промышлять 0,462035 0,000295
проникать 2,302585 0,000367
пропасть 2,813411 0,000448
прослеживаться 2,120264 0,000676
просмотр -0,009950 -0,000002
пространственный 2,040221 0,000325
проток 1,660731 0,000529
протокол 1,139434 0,000182
прототюрков 3,912023 0,000624
протяжение 0,843970 0,000135
протяженность 0,776529 0,000248
профиль 1,427116 0,000227
проходить 0,462035 0,000147
прохоров 1,078810 0,000172
процветать 2,813411 0,000448
процент 1,427116 0,000227
процесс 0,415515 0,000265
прошкина-лавренко 3,912023 0,000624
прямая 0,867501 0,000138
пунктирный 3,912023 0,000624
пустынь 2,040221 0,000325
путешествие 1,469676 0,000468
путина 1,386294 0,000221
путь 0,261365 0,000083
пята 3,218876 0,000513
пятый 0,994252 0,000475
пять 0,693147 0,000442
равнина 0,867501 0,000138
радиоуглеродный 3,506558 0,000559
раз -0,009950 -0,000005
разведка 2,525729 0,000403
развиваться 0,597837 0,000286
развитие 0,127833 0,000102
развитость 3,506558 0,000559
развить 0,616186 0,000098
разграничение 2,813411 0,002242
разгул 3,218876 0,000513
раздел 0,342490 0,000983
разделительный 3,912023 0,000624
разделить 0,527633 0,000084
разделять 1,609438 0,001026
разделяться 2,040221 0,000325
разин 2,813411 0,000448
разлив 2,207275 0,000352
различие 1,714798 0,000547
различный 0,116534 0,000037
размах 2,659260 0,000424
размер 0,755023 0,000361
размерыоколо 3,912023 0,000624
размываться 3,506558 0,000559
разногласие 1,714798 0,001913
разность 2,995732 0,000955
разный 0,314711 0,000100
разрабатываться 1,660731 0,000265
разработчик -0,009950 -0,000002
разрез 2,120264 0,000338
район 0,430783 0,001030
ракушечный 3,912023 0,000624
рамочный 3,218876 0,001539
рана 0,776529 0,000248
раннебакинский 3,912023 0,000624
раннемахачкалинскую 3,912023 0,000624
раннепалеолитический 3,506558 0,001677
раннехазарский 3,912023 0,001871
раннехвалынская 3,912023 0,001247
раннехвалынский 3,912023 0,000624
раннехвалынской 3,912023 0,000624
ранний 0,733969 0,000468
рано 0,261365 0,000208
раскрыть 2,302585 0,000367
распад 1,514128 0,000483
располагаться 0,544727 0,000087
расположение 0,776529 0,000248
расположить 0,385662 0,000492
распределение 1,203973 0,000768
распространение 0,891598 0,000142
распространить 0,616186 0,000098
расселение 1,832581 0,000292
рассмотрение 2,040221 0,000650
рассчитать 1,514128 0,000241
растение 1,171183 0,000373
растительный 1,386294 0,001105
расчет 0,820981 0,000131
рациональный 2,407946 0,000384
реализовать 0,673345 0,000107
реальный 0,967584 0,000308
регион 0,385662 0,000246
региональный 0,634878 0,000101
регионкарточка 3,912023 0,000624
регистрационный 2,813411 0,000448
регрессивный 3,912023 0,001247
регрессия 3,912023 0,014341
регулирование 2,040221 0,000325
регулятор 3,218876 0,000513
ред 0,235722 0,000075
режим 0,653926 0,000208
резкий 1,386294 0,000221
резко 0,967584 0,000154
результат 0,174353 0,000139
река 0,446287 0,001280
рекиволга 3,912023 0,000624
рекомендация 0,776529 0,001238
рекреационный 1,469676 0,000468
релиз 2,407946 0,000384
рельеф 0,798508 0,000382
республика 0,527633 0,000420
республиканский 1,714798 0,000547
ресурс 0,020203 0,000045
ресурсный 2,525729 0,000403
реферат 3,506558 0,000559
речной 0,693147 0,000663
риск 1,897120 0,000302
рисунок 1,560648 0,000249
роза 0,916291 0,000146
роль 0,494296 0,000236
росгидромет 3,218876 0,000513
россби 3,912023 0,000624
россииатлантического 2,995732 0,000477
россииозера 3,912023 0,001247
российский 0,105361 0,000118
российско-азербайджано-казахстанское 3,912023 0,000624
россия 0,174353 0,000361
рост 0,597837 0,000095
рубас 3,506558 0,001677
руководить 1,309333 0,000209
руководство 0,544727 0,000260
рукопись 2,302585 0,000367
руппия 3,912023 0,000624
рус 0,162519 0,002254
русло 1,386294 0,000221
русский -0,009950 -0,000008
рыба 1,514128 0,001931
рыбак 2,040221 0,000325
рыбалко 3,218876 0,000513
рыбодобывающий 3,912023 0,000624
рыболовный 2,813411 0,000448
рыболовство 2,207275 0,002111
рычаг 3,506558 0,000559
сазан 3,506558 0,001118
сайт 0,210721 0,000067
сак 3,912023 0,000624
сам 0,162519 0,000026
саммит 2,040221 0,000650
самостоятельный 0,820981 0,000131
самур 3,218876 0,001026
самый 0,174353 0,000139
санаторий 1,714798 0,000273
сангаджиев 3,912023 0,000624
сангачалы 3,218876 0,000513
сара-камышскую 3,912023 0,000624
сарматский 3,218876 0,001539
сартасская 3,912023 0,000624
сарыкамышском 3,912023 0,000624
сброс 1,660731 0,000265
свидетельствовать 1,386294 0,000663
свинец 2,302585 0,000367
свита 3,218876 0,000513
свиточ 3,912023 0,001247
свобода 1,108663 0,000353
свободный -0,009950 -0,000002
свое 0,287682 0,000046
свой 0,150823 0,000096
свойство 0,415515 0,000066
связать 0,174353 0,000222
связаться -0,009950 -0,000002
связывать 0,916291 0,000146
связь 0,174353 0,000167
сгон 3,912023 0,000624
себя 0,198451 0,000127
север 0,527633 0,000505
северные 1,171183 0,000933
северный 0,385662 0,001783
северо-восток 1,237874 0,000197
северо-восточный 1,386294 0,000442
северо-запад 1,469676 0,000234
северо-западный 1,078810 0,000172
сегодня 0,616186 0,000098
седьмой 1,139434 0,000182
сезон 0,916291 0,000292
сезонный 1,714798 0,000273
секретность 3,506558 0,000559
секунда 2,207275 0,000704
селевка 3,912023 0,000624
семенов 2,207275 0,000352
сенги-муган 3,912023 0,001247
сентябрь 0,072571 0,000185
середина 0,356675 0,000114
серия 0,713350 0,000227
серьезный 1,386294 0,000221
сетной 3,912023 0,000624
сеть 0,356675 0,000114
сефидруд 3,912023 0,000624
сила 0,494296 0,000158
силыча 3,912023 0,000624
сильно 0,755023 0,000120
сильный 0,544727 0,000260
симонов 2,659260 0,000848
сине-зеленый 2,659260 0,000424
синий 1,771957 0,000282
система 0,051293 0,000008
систематик 3,912023 0,001247
систематический 2,040221 0,000325
системеобсуждениевкладсоздать -0,009950 -0,000002
ситуация 0,693147 0,000331
сказываться 2,407946 0,000384
скалистый 2,659260 0,000424
скачать -0,009950 -0,000002
скачка 2,995732 0,001910
скважина 2,525729 0,001610
склон 1,347074 0,000215
сколько 0,653926 0,000104
скорость 0,755023 0,000602
слева 1,108663 0,000177
след 1,427116 0,000227
следствие 1,560648 0,000249
словарь 0,094311 0,000045
слой 1,272966 0,002029
случай -0,009950 -0,000002
сменить 1,714798 0,000273
смениться 2,302585 0,002202
сместиться 2,995732 0,000477
смещаться 3,218876 0,000513
снижение 1,171183 0,000933
снизиться 1,609438 0,001026
снимок 1,660731 0,000265
сноска 0,733969 0,001170
соблюдение 2,525729 0,000403
событияпожертвовать -0,009950 -0,000002
совет 0,462035 0,000074
советский 0,261365 0,000167
советско-иранскими 3,912023 0,000624
совпасть 2,407946 0,000384
современный 0,150823 0,000096
согласие 1,897120 0,000605
согласно 0,301105 0,000144
соглашение 0,994252 0,000951
содержание 0,010050 0,000005
соединение 1,237874 0,000395
соединить 0,994252 0,000158
соединять 1,108663 0,000177
создавать 0,798508 0,000127
создать 0,210721 0,000101
сознательно 3,506558 0,000559
соймонова 3,912023 0,000624
сокол 1,469676 0,000234
сократиться 1,386294 0,000442
сокращаться 1,897120 0,000302
сокращение 0,867501 0,000277
солевой 3,506558 0,001118
соленое 2,813411 0,000448
соленостный 3,912023 0,000624
соленость 2,995732 0,005730
соленостьсредняя 3,912023 0,000624
соленый 2,407946 0,000384
солеобразующий 3,912023 0,000624
солнечный 0,597837 0,000095
солоноватоводный 3,218876 0,000513
солоноватый 3,218876 0,001026
соль 1,660731 0,000794
сообщение 0,478036 0,000076
сообщество 1,514128 0,000241
сообщить -0,009950 -0,000003
сооружение 0,733969 0,000234
соответственно 1,021651 0,000326
соответствовать 0,371064 0,000118
соотношение 1,560648 0,000249
сопредельный 2,659260 0,000848
сопровождаться 1,609438 0,000257
сосредоточение 2,995732 0,000477
сосредоточить 1,171183 0,000373
сост 0,597837 0,000095
состав 0,248461 0,000238
составить 0,400478 0,000255
составлять 0,198451 0,000474
состояние 0,248461 0,000119
состояться 0,713350 0,000114
сотрудничество 1,078810 0,000344
сохранение -0,009950 -0,000005
сохраняться 1,108663 0,000177
спиридонова 3,506558 0,000559
спиркин 3,506558 0,000559
список 0,210721 0,000168
сплошной 2,120264 0,000338
сползание 3,912023 0,000624
спутниковый 2,120264 0,000338
сравнение 0,733969 0,000117
среда 0,385662 0,000430
среди 0,198451 0,000032
средиземный 2,302585 0,000367
срединный 2,813411 0,000448
средневековье 1,660731 0,000265
среднегодовой 0,776529 0,000619
среднее 0,342490 0,000873
среднекаспийской 3,912023 0,000624
среднемесячный 1,560648 0,000249
средний 0,371064 0,001065
срп 3,912023 0,000624
ссср 0,314711 0,000552
ссылка -0,009950 -0,000043
ссылкасведения -0,009950 -0,000002
стабильный 0,820981 0,000262
стадий 1,660731 0,000265
станция 0,579818 0,000092
статистик -0,009950 -0,000002
статус 0,430783 0,000481
стать 0,083382 0,000159
статьислучайная -0,009950 -0,000002
статьисообществофорумсправкасвежие -0,009950 -0,000002
статья 0,020203 0,000042
статьяобсуждение -0,009950 -0,000002
статьятекущие -0,009950 -0,000002
стен 0,967584 0,000154
стенька 3,912023 0,000624
степень 0,673345 0,000107
стереотипный 3,506558 0,000559
стоить 0,891598 0,000284
сток 1,660731 0,002118
столица 0,755023 0,000241
сторона 0,235722 0,000038
сточный 1,560648 0,000249
стоянка 1,897120 0,000302
страбон 2,813411 0,000448
страдать 2,207275 0,000352
страна 0,235722 0,000376
страница -0,009950 -0,000010
страницасодержаниеизбранные -0,009950 -0,000002
страницецитировать -0,009950 -0,000002
страницуполучить -0,009950 -0,000002
страницыслужебные -0,009950 -0,000002
строение 0,891598 0,000142
строиться 0,693147 0,000110
строка 1,078810 0,000172
структура 0,400478 0,000191
ступина 3,912023 0,000624
стык 1,832581 0,000584
субтропический 1,832581 0,000584
суверенный 2,995732 0,000955
суд 0,693147 0,000442
судак 2,525729 0,000805
судить 2,525729 0,000403
судоходный 1,714798 0,000273
судоходство 1,660731 0,001059
сулак 3,506558 0,001677
сульфат 2,995732 0,000477
сульфат-аниона 3,912023 0,000624
сумгаит 3,218876 0,001539
сумма 1,386294 0,000221
сурик 2,813411 0,000448
сухой 1,049822 0,000167
существовать 0,020203 0,000023
сфера 0,562119 0,000090
сформировать 1,078810 0,000172
схема 0,916291 0,000146
счет 0,562119 0,000090
считаться 0,385662 0,000307
съемка 1,966113 0,000627
сытина 1,560648 0,000249
сюда 1,108663 0,000177
сюдасвязанные -0,009950 -0,000002
тава 3,912023 0,000624
таваалты 3,912023 0,000624
тазата 3,912023 0,000624
такое 0,328504 0,000052
такой 0,162519 0,000078
талыш 1,897120 0,000302
талышский 3,506558 0,000559
танганьике 3,912023 0,000624
тарнаирка 3,506558 0,000559
таяние 2,659260 0,000848
тегеране 3,912023 0,000624
текст -0,009950 -0,000002
температура 0,510826 0,002605
тенгиз 3,912023 0,001247
тенденция 1,237874 0,000395
тепло 1,386294 0,000221
тепловодный 3,912023 0,000624
теплый 1,171183 0,000187
терек 3,506558 0,001677
термоклин 3,218876 0,000513
территориальный 0,713350 0,000114
территория 0,356675 0,000796
техник 0,713350 0,000114
технологический 1,272966 0,000203
течение 0,314711 0,000652
течь 0,274437 0,000131
тил 3,912023 0,000624
тип 0,072571 0,000069
тихий 1,347074 0,000215
товарный -0,009950 -0,000002
токмачевым 3,912023 0,000624
токсичный 3,506558 0,000559
толстов 3,912023 0,000624
толща 2,525729 0,000403
тонна 1,108663 0,000530
топонимический 0,776529 0,000124
торонглинскую 3,912023 0,000624
точка 0,478036 0,000076
трансгрессивно-регрессивные 3,912023 0,000624
трансгрессивный 3,912023 0,000624
трансгрессия 2,995732 0,011937
транскаспийский 3,912023 0,000624
транспортировка 2,407946 0,000384
трассер 3,912023 0,000624
тратиться 3,912023 0,000624
требование 0,967584 0,000308
требовать 0,562119 0,000179
требоваться 1,386294 0,000221
третий 0,616186 0,000196
трехсторонний 3,912023 0,000624
три 0,248461 0,000040
трубопровод 3,218876 0,000513
турали 3,912023 0,000624
туралинская 3,912023 0,000624
туралинскую 3,912023 0,000624
турист 1,309333 0,000209
туристический 1,021651 0,000489
туристский 2,407946 0,000384
туркм 3,912023 0,000624
туркменбаши 3,218876 0,000513
туркменбашы 3,912023 0,001871
туркменбашытуркменбашы 3,912023 0,000624
туркмении 3,912023 0,000624
туркменистан 2,813411 0,004036
туркменистана 3,506558 0,002795
туркменистанаозера 3,912023 0,000624
туркменистанасоленые 3,912023 0,000624
туркменистане 3,912023 0,001247
туркменский 2,995732 0,000477
турции 2,407946 0,000384
тыл 1,771957 0,000282
тыс 0,430783 0,000481
тысяча 0,371064 0,000828
тысячелетие 1,427116 0,000455
тюб-караган 3,912023 0,001247
тюлений 3,912023 0,002494
тюлень 2,813411 0,002691
тюркянская 3,912023 0,000624
тюркянский 3,912023 0,001247
тюркянского 3,912023 0,000624
тюркянской 3,912023 0,001247
тяжелый 1,108663 0,000353
увеличение 0,733969 0,000351
увеличиваться 1,309333 0,000835
увлажнение 2,120264 0,000338
углеводород 2,407946 0,000384
угроза 1,469676 0,000234
удалить 0,579818 0,000924
узбой 3,912023 0,001247
узкий 1,171183 0,000187
указание -0,009950 -0,000002
указать 0,083382 0,000027
указываться 2,040221 0,000325
укатный 3,912023 0,000624
уллучайская 3,912023 0,000624
улов 3,506558 0,000559
улус 2,659260 0,000424
уменьшать 2,207275 0,000352
уменьшение 1,469676 0,000234
уменьшиться 1,832581 0,000292
умерить 1,049822 0,000167
университет 0,328504 0,000157
упасть 1,771957 0,000282
упоминание 0,967584 0,000154
урал 1,560648 0,001244
урала 1,609438 0,000513
урале 2,525729 0,000403
уровень 0,150823 0,001346
урунджикскими 3,912023 0,000624
урунджикскую 3,912023 0,000624
усиливаться 2,120264 0,000338
ускорение 2,207275 0,000352
условие -0,009950 -0,000019
условно 2,040221 0,000325
условный 1,897120 0,000302
уснуть 3,912023 0,000624
устанавливаться 1,609438 0,000257
установить 0,328504 0,000157
устойчивый 1,427116 0,000455
уступать 1,609438 0,000257
устье 0,634878 0,000304
устьевой 3,506558 0,000559
утвердить 0,755023 0,000120
утверждение 0,400478 0,000064
уходить 1,386294 0,000442
ухудшение 2,813411 0,000448
участие -0,009950 -0,000002
участок 0,616186 0,000786
ученый 0,653926 0,000521
учетный -0,009950 -0,000002
ущерб 1,897120 0,000302
фаза 2,302585 0,001101
фактически 0,916291 0,000146
фактор 0,994252 0,000317
факультет 1,514128 0,000241
фауна 1,108663 0,000177
февраль 0,051293 0,000065
федеральный 0,462035 0,000147
федерация 0,510826 0,000163
физик 1,309333 0,000209
физико-географический 0,693147 0,000331
физиография 3,912023 0,001247
фиксироваться 2,120264 0,000676
филановского 3,912023 0,001871
филиппов 2,525729 0,000403
фитопланктон 2,995732 0,000477
флаг 0,597837 0,000095
флор 1,021651 0,000163
флотилия 2,120264 0,000338
флуктуация 3,912023 0,000624
фон 1,203973 0,000576
фонд -0,009950 -0,000002
форма 0,287682 0,000092
формирование 0,597837 0,000381
формироваться 1,078810 0,000172
форт-шевченко 3,218876 0,001026
фронт 1,078810 0,000172
фронтальный 3,506558 0,001118
функционировать 0,798508 0,000127
хазар 2,813411 0,001345
хазарский 2,302585 0,001101
хаин 3,506558 0,000559
ханлар 3,912023 0,000624
ханство 1,771957 0,000565
характер 0,653926 0,000104
характеристика 0,415515 0,000066
характерный 0,693147 0,000110
харовый 3,912023 0,000624
хвалисьское 3,912023 0,000624
хвалынский 3,218876 0,000513
хватать 0,820981 0,001309
хере-зире 3,912023 0,000624
хере-зиря 3,912023 0,000624
химический 0,867501 0,000138
хищнический 3,506558 0,000559
хлор 2,659260 0,000424
хлорид 3,506558 0,000559
хозяйственный 1,203973 0,000768
холодная 1,139434 0,000363
хорватский 1,897120 0,000302
хороший 1,660731 0,000265
хотя 0,653926 0,000208
хуто 3,912023 0,000624
царство 1,237874 0,000197
царь 1,078810 0,000172
цветковый 3,506558 0,000559
цель 0,371064 0,000355
цена 1,237874 0,000197
центр 0,287682 0,000092
центрально-азиатского 3,912023 0,000624
цивилизация 1,771957 0,000565
цикл 1,237874 0,000789
циркуляция 2,302585 0,000367
чалус 3,218876 0,000513
чапура 3,912023 0,000624
частично 0,653926 0,000104
частность 0,462035 0,000221
часто 0,415515 0,000066
часть 0,061875 0,000335
чаща 1,108663 0,000177
челекено-огурчинский 3,912023 0,000624
челекенская 3,912023 0,000624
челекенскую 3,912023 0,000624
человек 0,186330 0,000148
черное 1,237874 0,000395
черноморский 1,832581 0,000584
черноморье 3,506558 0,000559
черноярская 3,912023 0,000624
чернявский 3,506558 0,000559
черта 0,994252 0,000158
четвертичный 2,302585 0,000734
четко 1,897120 0,000302
чечень 3,912023 0,002494
чигиль 3,912023 0,001247
чилов 3,912023 0,001247
чингисхана 3,506558 0,000559
чис-ленности 3,912023 0,000624
численность 0,616186 0,000196
число 0,186330 0,000059
чистая 1,427116 0,000455
читатьправитьправить 0,494296 0,000079
член 0,755023 0,000120
чукотский 2,040221 0,000325
чурка 3,912023 0,000624
шалбар 3,912023 0,000624
шаль 3,506558 0,000559
шантарское 2,995732 0,000477
шариат 3,912023 0,000624
шельф 2,040221 0,001951
шельфовый 3,218876 0,000513
ширинакарточка 3,506558 0,000559
широтный 1,897120 0,000302
шиховская 3,912023 0,000624
шлейф 3,912023 0,000624
шлямин 3,912023 0,000624
щука 2,813411 0,000448
эволюция 1,560648 0,000497
экерем 3,218876 0,000513
экз 0,415515 0,000132
эколог 2,302585 0,000734
экологический 0,693147 0,001105
экология 0,562119 0,000179
экономика 0,400478 0,000128
экономический 0,478036 0,000381
экосистема 1,966113 0,001253
экспедиционный 3,506558 0,000559
экспедиция 1,469676 0,000468
эксперт 1,203973 0,000576
эксплуатация 0,776529 0,000124
экспорт -0,009950 -0,000003
экспортировать 3,218876 0,000513
экстремально 3,506558 0,000559
экстремум 2,995732 0,000477
электронный 0,478036 0,000076
эльтонской 3,912023 0,000624
эмба 3,912023 0,001247
энергетик 1,108663 0,000177
энергия 1,021651 0,000163
энзели 3,912023 0,000624
энциклопедия -0,009950 -0,000013
энциклопедиясы 3,218876 0,000513
эоплейстоцена 3,912023 0,000624
эпоха 0,713350 0,000568
эра 1,514128 0,000241
эсенгулы 3,912023 0,001247
эстакада 2,525729 0,000403
этап 0,634878 0,000405
этимология 0,616186 0,000196
юг 0,693147 0,000331
юго-восток 1,171183 0,000560
юго-восточный 1,108663 0,000353
юго-запад 1,309333 0,000209
юго-западный 1,049822 0,000335
южно-каспийской 3,912023 0,001247
южнокаспийской 3,912023 0,000624
южный 0,385662 0,001598
юрия 1,660731 0,000265
яблонская 3,506558 0,000559
явиться 2,525729 0,000403
являться 0,040822 0,000046
ядро 1,171183 0,000187
язык -0,009950 -0,000002
январь 0,105361 0,000806
янина 3,506558 0,000559
японский 1,469676 0,000234
яшма 3,506558 0,000559
