абескунская 3,912023 0,000624
абескунскую 3,912023 0,000624
абсолютная 2,302585 0,000367
аваза 3,912023 0,000624
авар 3,912023 0,000624
августа 0,072571 0,000093
августе 0,994252 0,000634
автоматически 2,120264 0,000338
автор 0,994252 0,000158
авторитетные 0,941609 0,001501
авторства -0,009950 -0,000002
агамалиев 3,912023 0,000624
агентство 1,049822 0,000669
аграханский 3,912023 0,001247
агту 3,912023 0,000624
адам 2,407946 0,000384
адыгэбзэ 0,000000 0,000000
аза 3,912023 0,001247
азербайджан 2,659260 0,003391
азербайджана 2,995732 0,002865
азербайджанаскрытые 3,912023 0,000624
азербайджанасоленые 3,912023 0,000624
азербайджане 3,912023 0,001871
азербайджаном 3,218876 0,000513
азербайджанского 3,912023 0,000624
азербайджанской 3,506558 0,000559
азии 0,916291 0,000438
азовским 2,407946 0,000384
азовское 2,407946 0,000384
азовском 3,218876 0,000513
айгерим 0,000000 0,000000
академии 0,693147 0,000110
акватории 1,660731 0,001324
аккумулятивными 3,912023 0,000624
аккумуляцию 3,912023 0,000624
актау 2,995732 0,004297
активистов 3,912023 0,000624
активно 0,755023 0,000361
актуальна 3,218876 0,000513
акчагыльская 3,912023 0,000624
акчагыльского 3,912023 0,000624
акчагыльское 3,912023 0,001247
акшиканак 3,912023 0,000624
аладжа 3,218876 0,000513
алг 3,912023 0,000624
александр 0,693147 0,000221
александрбайскую 3,912023 0,001247
алматы 3,218876 0,000513
алтай 2,407946 0,000384
алтайского 2,525729 0,000805
алфавитукарточка 2,207275 0,000352
алфавитукаспийское 3,912023 0,000624
альпы 3,506558 0,000559
алят 3,218876 0,000513
амбуране 3,912023 0,000624
амирабад 3,218876 0,000513
амплитуда 2,407946 0,000768
ана 0,000000 0,000000
анализа 1,897120 0,000302
англ 0,174353 0,000417
андрусовым 3,912023 0,000624
анойкин 3,912023 0,001247
антипов 3,912023 0,000624
антропогенными 3,218876 0,000513
антропологическая 3,506558 0,001118
апвеллинг 3,912023 0,001871
апвеллинга 3,912023 0,001247
аполлов 3,912023 0,000624
апреле 0,994252 0,000158
апреля 0,174353 0,000250
апшеронский 3,218876 0,002565
апшеронского 3,506558 0,004471
апшеронское 3,912023 0,000624
апшеронской 3,912023 0,000624
апшеронском 3,912023 0,001247
апшеронскому 3,912023 0,000624
арал 3,506558 0,000559
аргументами 2,659260 0,000424
ареалов 3,912023 0,000624
аридного 3,912023 0,000624
артефактов 3,218876 0,000513
арх 0,544727 0,000087
архантропов 3,912023 0,000624
археологии 1,309333 0,000209
архивировано 0,020203 0,000174
архипелаг 2,659260 0,000848
асаева 3,912023 0,000624
асландашы 3,912023 0,000624
аспекты 2,120264 0,000338
аст 0,820981 0,000131
астара 3,218876 0,001026
астарабад 3,912023 0,000624
астраханская 2,302585 0,000367
астраханское 2,995732 0,000477
астрахань 0,967584 0,000617
астрель 1,049822 0,000167
ательская 3,912023 0,000624
ательской 3,912023 0,000624
атлантический 2,040221 0,000325
атмосферы 1,469676 0,000234
атрек 3,912023 0,000624
атырау 2,659260 0,000848
ашур-ада 3,912023 0,001247
баба 3,912023 0,000624
бабольсер 3,218876 0,000513
байдин 3,912023 0,001247
байкалу 3,218876 0,000513
бакинский 3,506558 0,000559
бакинскую 3,912023 0,000624
баку 2,207275 0,002815
баланса 2,659260 0,000424
балаханский 3,912023 0,000624
балаханское 3,912023 0,001247
балканском 3,912023 0,000624
балтийским 2,407946 0,000384
балтийское 2,407946 0,000384
банками 2,525729 0,000403
банки 1,560648 0,000249
баренцево 2,995732 0,000477
бароклинный 3,912023 0,000624
бассейн 1,078810 0,001548
бассейна 1,386294 0,001547
бассейнаоколо 3,912023 0,000624
бассейне 1,897120 0,000605
бассейнов 1,660731 0,000265
бассейном 2,995732 0,000477
бассейны 1,660731 0,001059
батиграфической 3,912023 0,000624
баткачный 3,912023 0,000624
баутино 3,218876 0,000513
баш 3,506558 0,000559
бегдашская 3,912023 0,000624
безледного 3,912023 0,000624
безопасности 1,139434 0,000726
безымянный 2,813411 0,000448
бековича-черкасского 3,912023 0,000624
беларуская 0,000000 0,000000
белое 1,714798 0,000273
беломорско-балтийскому 3,506558 0,000559
белым 2,207275 0,000352
беляева 2,659260 0,000424
бендер-торкемен 3,218876 0,000513
бендер-энзели 3,218876 0,001026
берег 1,021651 0,000163
берега 0,916291 0,001022
берегов 1,832581 0,000292
береговая 1,966113 0,000627
береговой 2,040221 0,002601
берегу 0,616186 0,000295
берингово 2,995732 0,000477
берлин 2,813411 0,000448
бессточное 3,912023 0,000624
бессточных 2,813411 0,000448
беюк-зиря 3,912023 0,001247
беюк-тава 3,912023 0,000624
библиографических 0,094311 0,000015
бильгях 3,912023 0,000624
биологическая 2,995732 0,000477
биологических 2,659260 0,000848
биология 2,120264 0,000338
биостратиграфия 3,506558 0,000559
бирючек 3,912023 0,000624
благодаря 0,527633 0,000168
близ 1,237874 0,000395
близко 2,525729 0,000403
блинов 3,912023 0,000624
большая 0,072571 0,000081
большие 0,891598 0,000142
большим 1,560648 0,000249
большинство 0,597837 0,000095
большого 0,967584 0,000308
большое 0,544727 0,000347
большой 0,328504 0,000105
большом 1,714798 0,000273
большую 0,891598 0,000142
бореала 3,912023 0,000624
браконьерства 3,912023 0,000624
брата 2,659260 0,000424
брезгунов 3,912023 0,000624
бригада 2,659260 0,000424
брокгауза 0,328504 0,000105
брюнес 3,912023 0,000624
бузачи 3,506558 0,000559
бурению 3,506558 0,000559
буровые 3,506558 0,000559
бурр 3,912023 0,000624
бурые 3,218876 0,000513
буряад 0,000000 0,000000
български 0,000000 0,000000
бывшей 1,514128 0,000241
бывший 1,108663 0,000530
быстрая 3,506558 0,000559
быстрым 2,659260 0,000424
бюллетень 2,659260 0,000424
вадим 2,407946 0,000384
варущенко 3,912023 0,001247
василий 1,386294 0,000221
вашла 0,000000 0,000000
ввел 2,525729 0,000403
вдоль 0,755023 0,000361
ведется 0,994252 0,000158
ведутся 1,966113 0,000313
века 0,248461 0,000356
веков 0,713350 0,000114
велаяте 3,912023 0,000624
великая 1,514128 0,000241
великим 2,120264 0,000338
велись 2,302585 0,000734
величина 2,407946 0,000384
величине 1,771957 0,000282
венедская 3,912023 0,000624
вердена 3,912023 0,000624
версия -0,009950 -0,000005
вертикального 3,506558 0,000559
вертикальной 2,995732 0,000477
вертикальном 3,912023 0,000624
вертикальные 3,218876 0,000513
верхнем 1,771957 0,000282
верхний 1,427116 0,000227
весенний 2,207275 0,000352
вестник 1,049822 0,000335
весь 0,755023 0,000120
весьма 1,514128 0,000241
ветви 1,897120 0,000302
ветер 1,832581 0,000292
ветра 1,049822 0,000335
ветрами 2,407946 0,000384
ветреные 3,506558 0,000559
ветров 0,843970 0,000538
ветры 1,897120 0,000605
веществ 1,171183 0,000187
взаимосвязано 3,912023 0,000624
вид 0,494296 0,000394
видами 1,469676 0,000468
виде 0,235722 0,000413
видимо 3,218876 0,000513
викиданные 0,776529 0,000124
викиданными 2,813411 0,002691
викиданных -0,009950 -0,000002
викимедиа -0,009950 -0,000002
википедии -0,009950 -0,000003
википедия -0,009950 -0,000013
викискладвикиновостиэлемент 1,897120 0,000302
викискладе 0,174353 0,000028
виновники 3,912023 0,000624
вишняцкий 3,912023 0,000624
включая 0,527633 0,000084
владимира 1,309333 0,000209
власти 0,634878 0,000202
влияет 1,832581 0,000292
влияние 0,776529 0,000371
влиянием 1,897120 0,000605
вместе 0,510826 0,000081
вместо 0,798508 0,000127
вмф 2,207275 0,000352
вне 1,560648 0,000249
внешние 0,051293 0,000008
внизу 2,302585 0,000367
внимания 1,897120 0,000302
вновь 0,755023 0,000120
внутриконтинентальный 3,506558 0,001118
во-вторых 2,659260 0,000424
во-первых 2,659260 0,000424
вобла 3,506558 0,000559
вод 1,078810 0,003439
вода 1,203973 0,000576
водами 1,897120 0,000605
водная 1,771957 0,000565
водного 1,171183 0,000747
водному 2,995732 0,000477
водные 1,386294 0,000442
водный 1,237874 0,000197
водными 2,659260 0,000424
водных 1,347074 0,000859
водоем 2,302585 0,001835
водоема 2,120264 0,000676
водоеме 3,912023 0,000624
водообмена 3,218876 0,001026
водоохраной 3,912023 0,000624
водопропускное 3,912023 0,000624
водоросли 2,659260 0,000848
водосборакарточка 3,218876 0,000513
водосборного 2,813411 0,000448
водосток 3,218876 0,000513
водостока 3,218876 0,001026
водостоком 3,912023 0,000624
воды 0,653926 0,005524
военная 1,108663 0,000177
воздействия 1,714798 0,000547
воздуха 0,733969 0,000117
возможные 2,407946 0,000384
возраста 1,560648 0,000249
возрастает 2,120264 0,000676
возрасте 1,714798 0,000273
возрастом 3,218876 0,000513
возрасту 3,506558 0,000559
войнова 3,912023 0,000624
войновичем 3,912023 0,000624
волга 1,660731 0,000794
волге 1,771957 0,000282
волги 1,771957 0,002259
волго-балтийскому 3,218876 0,000513
волго-донской 2,813411 0,000448
волгу 1,966113 0,000313
волжской 2,120264 0,000338
волн 2,120264 0,001014
волна 1,427116 0,000227
волнистая 3,912023 0,000624
волшебные 0,040822 0,000007
вопрос 0,967584 0,000308
вопроса 2,302585 0,000367
воспроизводства 2,813411 0,000448
восстанавливается 2,525729 0,000403
восстановлен 1,771957 0,000282
восстановление 1,609438 0,000257
восток 1,021651 0,000326
востока 1,078810 0,000172
востоке 1,108663 0,000530
восточная 1,309333 0,000209
восточно-сибирское 2,407946 0,000384
восточного 1,386294 0,001326
восточной 0,693147 0,000331
восточном 1,897120 0,002117
восточному 2,995732 0,000477
впадавшие 3,912023 0,000624
впадает 1,771957 0,000282
впадающая 2,813411 0,000448
впадающие 2,302585 0,001468
впадающих 2,525729 0,000403
впадине 3,218876 0,002052
впадину 3,506558 0,000559
впервые 0,385662 0,000123
времени 0,186330 0,000059
временному 3,218876 0,000513
временных 2,302585 0,000734
время 0,030459 0,000049
всей 0,693147 0,000110
всеми 1,386294 0,000221
всемирный 1,966113 0,000313
всему 1,272966 0,000203
вследствие 1,203973 0,000192
встречаются 1,272966 0,000203
вступила 2,525729 0,000403
второй 0,274437 0,000131
вшэ 2,407946 0,000384
выбросов 1,609438 0,000257
выводится 3,506558 0,000559
выделения 2,813411 0,000448
выделить 1,386294 0,000442
выделяют 1,609438 0,000257
вызвана 3,912023 0,000624
вызывает 1,427116 0,000227
вызывающих 3,912023 0,000624
вылов 3,218876 0,001539
вылова 3,506558 0,001118
вымерла-видео 3,912023 0,000624
вынесен 3,912023 0,000624
выносит 3,506558 0,000559
вынужденным 3,912023 0,000624
вып 0,798508 0,000127
выполняет 1,832581 0,000292
выпуск 0,916291 0,000146
выравнивает 3,912023 0,000624
выражен 3,506558 0,000559
выраженным 3,218876 0,000513
высокая 1,237874 0,000592
высокие 1,560648 0,000249
высокий 1,347074 0,000429
высокого 1,514128 0,000241
высота 0,562119 0,000090
высотаоколо 3,912023 0,000624
высотой 1,108663 0,000177
высохшей 3,912023 0,000624
выход 1,832581 0,000292
выше 0,616186 0,000295
вышки 3,912023 0,000624
выяснили 2,995732 0,000477
газ 1,660731 0,000265
газа 1,309333 0,001043
газоконденсата 3,912023 0,000624
газопровод 2,659260 0,000424
газопровода 2,813411 0,000448
ган-гулу 3,912023 0,000624
гарабаттаг 3,912023 0,000624
гарабогаз 3,218876 0,000513
гарасу 3,912023 0,001247
географ 2,813411 0,000448
географгиз 3,218876 0,000513
географии 1,609438 0,000513
географическая 2,407946 0,000384
географические 0,713350 0,000227
географического 1,386294 0,000663
географическое 0,693147 0,000221
география 0,462035 0,000074
геокаре 2,813411 0,000448
геологические 2,995732 0,000477
геологическими 3,912023 0,000624
геология 1,966113 0,000627
геологов 3,218876 0,000513
геополитических 3,506558 0,000559
геоэкологических 3,912023 0,000624
герасимову 3,912023 0,000624
геродот 3,218876 0,000513
геродота 2,659260 0,000424
герритс 3,912023 0,000624
гессель 3,912023 0,000624
гибели 2,302585 0,000367
гибель 2,813411 0,000448
гидробиологии 3,912023 0,000624
гидрографические 3,506558 0,000559
гидрографической 3,218876 0,000513
гидрография 1,427116 0,000227
гидрокарбонат-ион 3,912023 0,000624
гидрологии 2,995732 0,000477
гидрологические 3,218876 0,000513
гидрология 2,120264 0,001352
гидрометеоиздат 1,897120 0,000302
гидрохимия 2,995732 0,001432
гиль 3,912023 0,000624
гипотез 2,302585 0,000367
гипотетический 3,506558 0,000559
гиркан 3,912023 0,000624
гирканским 3,912023 0,000624
гкгн 0,994252 0,000158
гкгнпро 0,916291 0,000146
главному 3,506558 0,000559
гладкие 3,912023 0,000624
глины 3,506558 0,000559
глобальное 2,525729 0,000403
глобальной 2,525729 0,000403
глобальным 3,912023 0,000624
глубин 2,407946 0,000384
глубина 1,609438 0,002822
глубинами 2,995732 0,000477
глубине 2,525729 0,000403
глубинных 2,995732 0,000477
глубиной 2,995732 0,000955
глубину 2,525729 0,000403
глубины 2,207275 0,000704
глубокая 2,659260 0,000848
глубоководен 3,912023 0,000624
глубоководной 2,813411 0,000897
глубоководные 3,506558 0,000559
глубоководным 3,912023 0,000624
глубокой 2,302585 0,000367
глубочайших 3,218876 0,000513
год 0,235722 0,000263
года -0,009950 -0,000132
годавикипедия 0,616186 0,000098
годах 0,385662 0,000184
годов 0,356675 0,000114
годовая 2,120264 0,000338
годового 2,525729 0,000403
годовом 3,912023 0,000624
годом 0,941609 0,000150
году 0,072571 0,000231
годы 0,356675 0,000227
голландский 3,506558 0,000559
голоцена 3,218876 0,001026
голоцене 3,218876 0,000513
голубой 2,040221 0,000325
горган 3,912023 0,000624
горизонтальная 3,912023 0,000624
горизонтальной 2,813411 0,000448
горизонтальные 3,912023 0,001247
горизонтами 3,506558 0,000559
город 0,544727 0,000608
город-порт 3,912023 0,001247
города 0,430783 0,000343
городов 0,579818 0,000185
городом 0,798508 0,000127
государств 1,203973 0,001151
государства 0,843970 0,000404
государствами 2,995732 0,000955
государственного 0,616186 0,000196
государственный 0,430783 0,000069
государственным 1,897120 0,000302
готов 2,525729 0,000403
гоусанскую 3,912023 0,001247
градиенты 3,506558 0,002236
градусов 1,897120 0,000302
граждан 1,309333 0,000209
граница 1,139434 0,000363
границе 1,347074 0,000429
границы 0,867501 0,000277
греч 1,427116 0,000455
греческий 2,813411 0,000448
григория 2,407946 0,000384
группы 0,634878 0,000101
гряды 2,525729 0,000403
грязями 3,912023 0,000624
губкина 3,506558 0,000559
гум 3,506558 0,001118
гут 3,506558 0,000559
гызлар 3,912023 0,000624
гьуьл 3,912023 0,000624
гюргянским 3,912023 0,000624
давшей 3,912023 0,000624
дагестан 2,659260 0,001272
дагестана 2,813411 0,000897
дагестане 2,995732 0,001432
дагестанская 3,218876 0,000513
дагестанские 3,218876 0,000513
дагестанскую 3,912023 0,000624
дает 1,203973 0,000192
далее 0,693147 0,000110
дальше 1,897120 0,000302
дамба 2,659260 0,000424
данного 1,714798 0,000273
данные 0,510826 0,000244
данный 0,713350 0,000114
данным 0,415515 0,000265
данными 1,514128 0,000241
дарвагчай 3,912023 0,001871
дарданеллы 3,218876 0,000513
дата 0,030459 0,000359
датируемые 2,995732 0,000477
датируется 2,302585 0,000367
датская 0,342490 0,000055
даш-зиря 3,912023 0,001247
дашлы 3,912023 0,000624
дашские 3,912023 0,000624
дают 2,040221 0,000325
дважды 1,272966 0,000203
две 0,527633 0,000168
движение 0,820981 0,000131
движется 3,218876 0,000513
двухметровом 3,912023 0,000624
девять 1,714798 0,000273
деев 3,912023 0,000624
действия 1,427116 0,000227
действовать -0,009950 -0,000002
действует 0,634878 0,000101
действуют 0,867501 0,000138
действующий 2,040221 0,000325
декабре 0,798508 0,000255
декабря 0,105361 0,000202
делится 1,427116 0,000227
дельта 2,040221 0,000325
дельте 2,659260 0,000848
дельты 2,659260 0,001272
денгиз 3,912023 0,000624
дербент 2,525729 0,000805
дербента 3,218876 0,000513
дербентской 3,912023 0,001247
дербентскую 3,912023 0,000624
деревянко 3,912023 0,000624
десятилетия 2,120264 0,000338
десятимильных 3,912023 0,000624
десятки 1,347074 0,000215
деятельности 0,446287 0,000142
деятельность 0,653926 0,000104
деятельностью 1,714798 0,000273
джалл 3,912023 0,000624
джамбай 3,912023 0,000624
джучи 3,506558 0,000559
диалог 2,207275 0,000352
диатомовые 3,506558 0,000559
динамика 1,427116 0,000455
динамику 2,995732 0,000477
динамические 2,995732 0,000477
директ-медиа 3,912023 0,000624
длина 1,171183 0,000933
длинакарточка 3,218876 0,000513
длительная 2,813411 0,000897
длительного 2,659260 0,000424
длительной 3,218876 0,000513
дна 2,207275 0,004222
дней 0,446287 0,000071
днейвикипедия 0,967584 0,000154
днищах 3,912023 0,000624
дну 2,659260 0,000848
добавив 0,941609 0,001501
добились 3,912023 0,000624
добровольский 2,813411 0,000897
добывать 3,506558 0,000559
добыча 1,966113 0,003447
добычи 2,040221 0,001626
добычу 2,407946 0,000384
договорами 3,506558 0,000559
договоры 2,659260 0,000424
доказанные 3,912023 0,000624
доклады 2,995732 0,000477
документов 0,653926 0,000104
документу 2,813411 0,000448
документы 1,386294 0,000221
долгое 1,386294 0,000221
долгожданную 3,912023 0,000624
долгопериодных 3,912023 0,001247
должна 0,544727 0,000868
должны 1,021651 0,000163
дома 0,798508 0,000255
домашкинской 3,912023 0,001247
дон 1,966113 0,000313
доп 0,597837 0,000095
дополнительные -0,009950 -0,000002
достаточно 0,820981 0,000262
достиг 1,469676 0,000234
достигает 1,347074 0,000859
достигал 2,995732 0,000477
достигать 1,966113 0,001253
достигают 2,525729 0,000403
достигаются 3,506558 0,000559
достигло 1,966113 0,000313
доступ 1,203973 0,000192
доступе 2,995732 0,000477
доступен -0,009950 -0,000002
древнехорезмийской 3,912023 0,000624
древний 1,660731 0,000265
древним 3,218876 0,001026
древностей 2,207275 0,000352
другая 1,897120 0,000302
другие 0,030459 0,000015
другим 0,733969 0,000117
другими 0,616186 0,000098
других -0,009950 -0,000010
дурнева 3,506558 0,000559
дымовой 3,506558 0,000559
дюбенди 3,218876 0,000513
евразии 1,609438 0,000513
евразиипограничные 3,912023 0,000624
европу 1,714798 0,000273
европы 0,673345 0,000322
единицы 1,386294 0,000221
единственным 1,347074 0,000215
ежегодно 0,916291 0,000292
енотаевская 3,912023 0,000624
енотаевской 3,506558 0,000559
ескендирова 0,000000 0,000000
естественного 2,207275 0,000352
ефрона 0,328504 0,000105
жайык 0,000000 0,000000
жаркая 3,218876 0,000513
желиновская 3,912023 0,000624
жемчужный 3,218876 0,000513
жертв 2,120264 0,000338
животный 1,714798 0,001367
животных 1,203973 0,000192
живших 2,813411 0,000448
жизнедеятельностью 3,912023 0,000624
жизнь 0,693147 0,000110
жил 2,302585 0,000734
жиландинская 3,912023 0,000624
жили 1,832581 0,000584
жильцов 3,506558 0,001118
житель 1,714798 0,000273
журнал 0,510826 0,000081
заболоченные 2,525729 0,000403
забурунье 3,912023 0,000624
завершены 2,995732 0,000477
зависимости 0,798508 0,000127
зависит 1,560648 0,000497
завода 0,941609 0,000150
завоевавшему 3,912023 0,000624
заглавная -0,009950 -0,000002
загрязнение 1,309333 0,000417
загрязнением 2,302585 0,000734
загрязнений 2,302585 0,000367
загрязнения 1,203973 0,000768
загрязняющих 1,660731 0,000265
загульба 3,912023 0,000624
заключены 2,813411 0,000448
закономерности 2,407946 0,000384
законы 2,120264 0,000338
закрытый 2,407946 0,000384
залив 1,897120 0,001814
залив-лагуну 3,912023 0,000624
залива 2,040221 0,000650
заливает 3,506558 0,000559
заливах 2,995732 0,000477
заливах-култуках 3,912023 0,000624
заливы 2,525729 0,001208
залогин 3,218876 0,000513
замедленного 3,912023 0,000624
заметно 1,832581 0,000292
замкнутого 3,218876 0,000513
замкнутый 3,506558 0,000559
замыкания 3,218876 0,000513
занесенным 0,000000 0,000000
занесены 2,525729 0,000403
занимает 0,616186 0,000196
запад 1,427116 0,000227
запада 1,021651 0,000163
западе 1,347074 0,000215
западного 1,560648 0,000995
западной 0,994252 0,000317
западном 1,714798 0,000547
западный 1,560648 0,000249
запасов 2,207275 0,000704
запасом 3,912023 0,000624
запасы 1,832581 0,000292
записки 1,560648 0,000497
записьвойти -0,009950 -0,000002
заполненными 1,966113 0,000313
заполнить 3,506558 0,000559
запрет 2,207275 0,000704
запрос 1,514128 0,000241
запутанного 3,912023 0,000624
зарегистрирован 1,771957 0,000565
зарегистрированный -0,009950 -0,000002
зарождения 2,525729 0,000403
зарослями 3,506558 0,000559
засушливой 3,912023 0,000624
затем 0,527633 0,000084
затоплением 3,218876 0,000513
зафиксировали 2,659260 0,000424
зафиксирована 2,120264 0,001014
зафиксировано 2,207275 0,000352
защита 1,469676 0,000234
защите 1,897120 0,000907
защиту 1,897120 0,000302
защиты 0,941609 0,000300
заявил 1,771957 0,000282
заявление -0,009950 -0,000003
збекча 0,000000 0,000000
земле 0,994252 0,000317
земли 0,634878 0,000101
земля 1,139434 0,000182
земной 2,120264 0,000676
зенбиль 3,912023 0,001247
зенин 3,912023 0,000624
зеркала 3,218876 0,000513
зимнему 3,506558 0,000559
зимние 2,207275 0,000352
зимний 1,660731 0,000529
зимой 0,713350 0,000114
зиря 3,218876 0,000513
знак -0,009950 -0,000002
значение 0,314711 0,000050
значения 0,105361 0,000017
значительно 0,510826 0,000081
значительную 1,309333 0,000209
значительны 3,218876 0,000513
значительные 1,514128 0,000241
значительным 2,040221 0,000650
значительных 1,771957 0,000282
золотой 0,843970 0,000269
золотоордынских 3,506558 0,000559
зон 1,309333 0,000209
зона 0,891598 0,000426
зонах 2,120264 0,000338
зоне 0,527633 0,000420
зонн 3,506558 0,001677
зоны 0,755023 0,000361
зообентоса 3,912023 0,001247
зоогеография 3,912023 0,000624
зоопланктона 3,218876 0,000513
зостера 3,506558 0,000559
зюдев 3,912023 0,001247
иван-караул 3,912023 0,000624
иванов 1,560648 0,000249
ивашинцева 3,912023 0,000624
играли 2,407946 0,000384
идентификаторы 0,693147 0,000110
из-за 0,415515 0,000530
избербаш 3,506558 0,000559
избербашская 3,912023 0,000624
известия 1,021651 0,000326
известняка 3,506558 0,000559
известняковые 3,912023 0,000624
извилистые 3,912023 0,000624
извне 3,218876 0,000513
изд 0,314711 0,000100
изд-во 1,049822 0,000502
издание 0,776529 0,000124
изменении 2,302585 0,000367
изменения 0,562119 0,000448
изменениям 2,407946 0,001151
изменениями 1,427116 0,000227
изменчивости 3,218876 0,000513
изменяется 1,771957 0,001130
измерение 2,659260 0,000424
измерения 2,207275 0,000352
изображены 2,525729 0,000403
изогалин 3,912023 0,000624
изолированный 3,912023 0,001247
изолированным 3,912023 0,000624
изоляции 3,218876 0,000513
изрезана 2,813411 0,000448
изучению 1,966113 0,000627
икры 3,506558 0,001677
илистыми 3,506558 0,000559
имевший 2,525729 0,000403
имеет 0,235722 0,000150
имеется 0,653926 0,000104
имело 2,302585 0,000367
имелось 2,207275 0,000352
имени 0,462035 0,000074
имеют 0,371064 0,000059
имеющий 1,897120 0,000302
империи 0,733969 0,000117
иначе 0,733969 0,001170
инверсии 3,506558 0,000559
индустрии 1,771957 0,000847
индустрия 2,525729 0,000403
иноземцев 3,912023 0,000624
иностранных 1,203973 0,000192
инстанций 0,000000 0,000000
институт 0,478036 0,000229
института 0,755023 0,000481
институту 3,218876 0,000513
инструментальная 3,912023 0,001247
инструментальные 3,218876 0,000513
инструменты -0,009950 -0,000003
интенсивное 2,120264 0,000676
интенсивности 2,813411 0,000448
интенсивностью 2,813411 0,000448
интервале 3,506558 0,000559
интервью 1,660731 0,000265
интересов 2,407946 0,000384
интернет-издание 3,912023 0,002494
информации 0,446287 0,000071
информационное 1,469676 0,000468
информационный 1,427116 0,000227
информация 0,446287 0,000711
инфузории 3,912023 0,000624
ионами 3,912023 0,000624
ионов 3,506558 0,000559
иран 2,207275 0,003166
ирана 2,995732 0,001432
иранаозера 3,912023 0,000624
иранасоленые 3,912023 0,000624
иране 3,912023 0,001247
ираника 2,995732 0,000477
иранским 3,506558 0,000559
ирон 0,000000 0,000000
иск 0,000000 0,000000
иски 0,000000 0,000000
исключением 1,347074 0,000215
исключительная 3,506558 0,000559
исключительно 1,272966 0,000203
исков 0,000000 0,000000
ископаемые 2,659260 0,000424
искусственного 2,120264 0,000338
искусственных 2,207275 0,000352
исламской 2,813411 0,000448
испарение 2,659260 0,001272
испарения 2,995732 0,001432
испарившейся 3,912023 0,000624
испарителя 3,912023 0,000624
испаряется 2,995732 0,000955
использование 0,891598 0,000142
использования -0,009950 -0,000002
использующие 0,040822 0,000007
исправить 1,832581 0,001753
испытывал 2,995732 0,000477
исследование 1,427116 0,000227
исследований 0,941609 0,000150
исследования 0,733969 0,001053
исследованы 3,506558 0,000559
исследователями 2,995732 0,000477
истории 0,248461 0,000079
история 0,051293 0,000074
источник -0,009950 -0,000003
источники 0,415515 0,001457
источников 0,371064 0,000532
исходя 2,207275 0,000352
исчезает 2,813411 0,000448
исчезновения 2,407946 0,000384
исчезнут 3,506558 0,000559
итогам 1,139434 0,000182
итоговому 3,912023 0,000624
ихтиофауна 2,813411 0,000448
июле 0,967584 0,000154
июля 0,116534 0,000130
июне 0,967584 0,000463
июнь 0,544727 0,000087
июня 0,116534 0,000130
йское 0,000000 0,000000
каверочкина 3,912023 0,000624
кавказа 1,660731 0,000794
кадмия 3,218876 0,000513
каз 2,995732 0,004297
казанский 1,897120 0,000302
казань 0,891598 0,000142
казахский 3,506558 0,000559
казахского 3,506558 0,000559
казахстан 1,469676 0,002577
казахстана 1,966113 0,000627
казахстанаозера 3,912023 0,000624
казахстанасоленые 3,912023 0,000624
казахстане 3,218876 0,000513
казахстаном 3,218876 0,000513
казахстанская 0,000000 0,000000
казахстанский 0,000000 0,000000
казахстанскими 0,000000 0,000000
казахстанского 3,912023 0,000624
казахстанской 3,912023 0,000624
казинформ 0,000000 0,000000
кайдак 3,912023 0,000624
каламкас 3,912023 0,000624
калий 3,912023 0,000624
калмыкия 2,659260 0,000424
кальций 3,912023 0,000624
кальция 3,218876 0,001026
каменистые 3,218876 0,000513
камней 2,659260 0,000424
камни 2,813411 0,000448
камня 2,040221 0,000325
камнях 3,912023 0,000624
канал 0,843970 0,000269
каналу 2,995732 0,000477
канцелярия 2,407946 0,000384
кара-богаз-гол 3,912023 0,006235
кара-богаз-гола 3,912023 0,001247
кара-богаз-голский 3,912023 0,000624
каравансарай 3,912023 0,000624
каражанбас 3,912023 0,000624
карбонатов 3,912023 0,000624
карелин 3,506558 0,000559
карелина 3,506558 0,000559
карла 1,560648 0,000249
карп 3,218876 0,000513
карское 2,302585 0,000367
картами 0,562119 0,000090
картах 2,040221 0,000325
карте 1,108663 0,000177
картограф 3,912023 0,000624
каспи 3,912023 0,001871
каспиев 3,912023 0,000624
каспием 3,506558 0,003912
каспии 3,506558 0,006148
каспий 2,407946 0,008444
каспийск 1,272966 0,000203
каспийская 2,995732 0,000477
каспийские 3,506558 0,000559
каспийский 2,995732 0,002387
каспийским 2,813411 0,000897
каспийских 3,912023 0,000624
каспийского 1,897120 0,029331
каспийское 1,897120 0,013305
каспийской 3,506558 0,001118
каспийском 3,218876 0,010774
каспийскому 2,813411 0,001794
каспию 3,912023 0,001247
каспия 2,995732 0,022919
каталанская 0,527633 0,000084
каталогах 0,094311 0,000015
катастрофического 3,912023 0,000624
катастрофой 3,218876 0,000513
категории -0,009950 -0,000003
катионов 3,912023 0,000624
кашаган 0,000000 0,000000
квадратных 1,832581 0,000876
квазистационарное 3,912023 0,000624
квазиширотного 3,912023 0,000624
квазиширотные 3,912023 0,000624
кефаль 3,506558 0,000559
кианлы 3,218876 0,000513
кизлярский 3,506558 0,000559
километрах 1,514128 0,000241
километров 1,078810 0,003095
килька 3,506558 0,001118
киммерийская 3,506558 0,000559
кипчаки 3,912023 0,000624
киргизы 1,560648 0,000249
кичик-тава 3,912023 0,000624
классифицироваться 3,506558 0,000559
классических 1,897120 0,000302
клиге 3,912023 0,000624
климат 0,494296 0,000236
климатические 1,966113 0,000313
климатическими 2,995732 0,000477
клубка 3,912023 0,000624
ключевым 2,813411 0,000448
книга 0,843970 0,000135
книгу 1,514128 0,000241
книжное 1,078810 0,000172
книповича 3,506558 0,000559
код -0,009950 -0,000065
кодекс -0,009950 -0,000002
кодистория 0,116534 0,000019
колебание 3,506558 0,000559
колебанием 3,912023 0,000624
колебаний 2,040221 0,000976
колебания 1,714798 0,001093
колебаниям 3,506558 0,000559
количества 0,941609 0,000150
количество 0,328504 0,000209
количеством 1,514128 0,000241
колодкиным 3,912023 0,000624
колтыш 3,912023 0,000624
комитет 0,755023 0,000361
коммерческий 2,207275 0,000352
компаний 0,967584 0,000154
комплекс 0,653926 0,000104
комплекса 1,272966 0,000203
комплексному 3,506558 0,000559
компонентами 2,659260 0,000424
конвективного 3,912023 0,000624
конвекции 3,506558 0,000559
конвенцией 3,912023 0,000624
конвенции 2,995732 0,001910
конвенцию 3,506558 0,000559
конвенция 2,525729 0,002013
консервативны 3,912023 0,000624
консервативными 3,912023 0,000624
континентальном 3,506558 0,000559
континентальный 0,776529 0,000248
континентальных 2,995732 0,000477
контрактов 2,995732 0,000477
контроль 1,427116 0,000227
конференции 1,139434 0,000363
конференция 2,525729 0,000403
конфиденциальности -0,009950 -0,000002
конфискации 3,218876 0,000513
конца 0,562119 0,000090
конце 0,430783 0,000137
концентрации 2,040221 0,000650
концентраций 2,207275 0,000352
концом 3,506558 0,000559
концу 0,994252 0,000317
координаты 1,469676 0,000234
коренных 2,207275 0,000352
кормовые 3,912023 0,000624
корне 3,912023 0,000624
корой 3,912023 0,001247
короткий -0,009950 -0,000002
короткой 3,912023 0,000624
корректировки 3,506558 0,000559
корреляция 3,506558 0,001118
корчагина 3,912023 0,000624
косарев 3,912023 0,002494
космоса 1,966113 0,000627
костяной 3,506558 0,001118
котловинах 3,912023 0,000624
которая 0,287682 0,000092
которого 0,301105 0,000192
которое 0,478036 0,000152
которой 0,174353 0,000028
которому 0,843970 0,000135
которые 0,162519 0,000130
который 0,105361 0,000067
которыми 1,469676 0,000468
которых 0,094311 0,000075
кочак 3,912023 0,000624
красноводск 3,912023 0,000624
красноводском 3,912023 0,000624
красноцветной 3,912023 0,000624
красную 2,040221 0,000325
красные 1,660731 0,000265
красный 0,941609 0,000150
краткая 0,967584 0,000154
кратковременной 3,912023 0,000624
крах 3,506558 0,000559
краях 3,218876 0,001026
кривой 2,995732 0,000477
кризиса 2,040221 0,000325
критике 2,525729 0,000403
критично 3,912023 0,000624
кроме 0,235722 0,000075
кромки 3,506558 0,001118
крупная 1,514128 0,000241
крупнейшая 1,347074 0,000215
крупнейший 0,755023 0,000361
крупнейшим 1,203973 0,000192
крупнейших 0,634878 0,000101
крупномасштабных 2,995732 0,000955
крупные 0,579818 0,000277
крупный 0,798508 0,000127
крупных 0,494296 0,000079
крылов 3,218876 0,000513
крымское 2,813411 0,000448
крыше 2,995732 0,000477
кубических 3,912023 0,001871
кузьмин 2,525729 0,000403
куки -0,009950 -0,000002
кулалинская 3,912023 0,000624
кулик 3,912023 0,000624
культур 1,309333 0,000209
культурная 1,897120 0,000605
кум 3,506558 0,000559
кура 3,506558 0,001118
курорт 2,525729 0,000805
курортная 2,995732 0,000955
курортов 3,218876 0,000513
курык 3,218876 0,000513
кутум 3,506558 0,000559
къарачай-малкъар 0,000000 0,000000
кызылагадж 3,912023 0,000624
кыргызча 0,000000 0,000000
кюр-дашы 3,912023 0,001247
кюр-дили 3,912023 0,000624
лаврушин 3,912023 0,000624
лагань 2,813411 0,000448
лаккулезги 0,000000 0,000000
лаптевых 2,302585 0,000367
ларусса 1,078810 0,000172
лат 1,771957 0,000565
ледника 2,995732 0,000477
ледовитого 1,832581 0,000292
ледостойкой 3,912023 0,001247
лезг 3,506558 0,000559
ленкоранского 3,912023 0,000624
ленкорань 3,218876 0,001026
леонов 2,659260 0,000424
лет 0,223144 0,000747
летнего 1,771957 0,000565
летний 1,108663 0,000530
летом 0,597837 0,000095
лечебными 3,912023 0,000624
лечения 2,659260 0,000424
лещ 2,813411 0,000897
лиана 3,912023 0,000624
либо 0,000000 0,000000
лидеры 2,302585 0,000367
линией 2,407946 0,000384
линии 0,755023 0,001203
линий 1,309333 0,000417
линия 0,891598 0,000142
линиядо 3,912023 0,000624
литература 0,061875 0,000020
литосфера 3,912023 0,000624
лихвинского 3,506558 0,001118
лицензии -0,009950 -0,000002
лишь 0,478036 0,000076
ложе 3,506558 0,001118
локальные 2,207275 0,000352
лосось 3,218876 0,000513
лукойл 2,995732 0,000477
льда 1,832581 0,000876
льдов 3,218876 0,000513
магний 3,912023 0,000624
магнитной 3,506558 0,000559
магния 3,506558 0,000559
магрицкий 3,912023 0,000624
мае 0,867501 0,000277
мазендеранским 3,912023 0,000624
макарова 2,120264 0,000338
македонски 0,000000 0,000000
максимальная 1,560648 0,000995
максимальной 2,207275 0,000352
максимальном 3,506558 0,000559
максимальные 2,407946 0,000384
максимальный 2,659260 0,000424
максимуме 3,912023 0,000624
малакофауны 3,912023 0,000624
малую 2,659260 0,000424
малый 0,371064 0,000118
мангистауской 3,912023 0,001247
мангышлак 3,506558 0,000559
мангышлакская 3,912023 0,000624
мангышлакский 3,912023 0,001247
мангышлакской 3,912023 0,000624
маныч-керченский 3,912023 0,000624
марий 2,525729 0,000403
марка 0,867501 0,000138
маркову 3,912023 0,000624
март 0,616186 0,000098
марта 0,139262 0,000777
марте 0,967584 0,000463
маслаков 3,506558 0,000559
маслинский 3,912023 0,000624
масса 1,609438 0,000257
массагеты 3,912023 0,000624
массовая 2,120264 0,000338
массовый 1,832581 0,000292
матасова 3,912023 0,000624
материал -0,009950 -0,000002
материалом 2,659260 0,000424
материалы 0,843970 0,000135
материкового 3,218876 0,002052
матуяма 3,912023 0,000624
махачкала 2,813411 0,001794
махачкалинская 3,506558 0,000559
махачкалы 3,218876 0,000513
маю 3,912023 0,000624
мая 0,139262 0,000311
маяк 1,108663 0,000177
мгу 2,120264 0,000338
медиафайлы 0,301105 0,000048
международно-правовые 3,912023 0,000624
международного 0,733969 0,000117
международное 1,714798 0,000547
международной 1,203973 0,000384
международные 0,941609 0,000150
международный 0,713350 0,000114
межледникового 3,912023 0,000624
межледниковья 3,506558 0,001118
межправительственная 3,506558 0,000559
межправительственной 3,912023 0,000624
мезокко 3,506558 0,000559
мелеет 3,218876 0,000513
мелководная 3,506558 0,001118
мелководной 3,912023 0,000624
мелководный 3,506558 0,000559
мелководных 2,813411 0,001345
мелководье 2,995732 0,000477
мельниченко 3,912023 0,000624
менее 0,314711 0,000100
меньше 0,755023 0,000120
меняя 3,218876 0,000513
мер 2,040221 0,000325
мерзлотой 3,506558 0,000559
мертвых 3,506558 0,001118
местах 1,049822 0,000167
месте 0,544727 0,000087
место 0,371064 0,000059
местом 1,049822 0,000167
местонахождения 3,506558 0,000559
месторождение 2,302585 0,000367
месторождений 2,040221 0,000325
месторождения 1,966113 0,000940
месторождениям 0,000000 0,000000
месяцекарточка 3,218876 0,000513
месяцем 2,813411 0,000448
месяцы 1,966113 0,000313
металлов 1,771957 0,000565
метаморфизации 3,912023 0,000624
метеожурнал 3,912023 0,000624
метр 2,659260 0,000424
метра 1,560648 0,000995
метрах 3,506558 0,000559
метров 0,776529 0,001361
механизмом 3,218876 0,000513
мешает 2,659260 0,000424
миа 3,912023 0,000624
мианкале 3,912023 0,000624
миграции 1,660731 0,000265
миллиардов 2,302585 0,000734
миллиметров 3,218876 0,002565
минерализациисолоноватое 3,912023 0,000624
минерализация 3,912023 0,000624
минеральными 2,995732 0,000477
минеральных 1,609438 0,000257
минимальное 3,506558 0,000559
минимальный 3,218876 0,000513
минимальных 3,506558 0,000559
минимума 2,407946 0,000768
министерство 1,108663 0,000353
минэнергетики 0,000000 0,000000
мир 0,342490 0,000437
мире 0,494296 0,000158
мирового 1,609438 0,001796
мировым 2,659260 0,000848
мировых 1,560648 0,000497
михаила 1,171183 0,000187
михайлов 2,120264 0,000338
мишовдагская 3,912023 0,000624
млекопитающее 3,912023 0,000624
млекопитающим 0,000000 0,000000
млн 0,462035 0,000516
мнению 0,967584 0,000154
многих 0,494296 0,000079
многолетней 2,995732 0,000477
многолетние 2,525729 0,000403
многомиллиардные 0,000000 0,000000
множество 0,597837 0,000095
мобильная -0,009950 -0,000002
могут -0,009950 -0,000003
модулем 1,021651 0,000163
можете 0,653926 0,001042
мокшень 0,000000 0,000000
молчание 0,000000 0,000000
момент 0,597837 0,000095
монгол 0,000000 0,000000
мораторий 3,912023 0,001247
море 1,049822 0,015562
мореазерб 3,912023 0,000624
моребессточные 3,912023 0,000624
морей 1,832581 0,000292
морем 1,771957 0,001412
морепродуктов 3,218876 0,001026
морская 2,525729 0,000403
морские 1,609438 0,000257
морскими 2,813411 0,000897
морских 1,832581 0,000876
морского 1,897120 0,000302
морское 2,407946 0,000384
морской 1,309333 0,001670
морскому 3,218876 0,000513
морфометрия 3,218876 0,000513
морцо 3,912023 0,000624
морю 1,966113 0,001567
моря 0,579818 0,011829
морякарточка 3,218876 0,000513
морями 2,040221 0,000325
моряострова 3,912023 0,000624
моряроссия 3,218876 0,000513
моск 2,302585 0,000367
москва 0,400478 0,000191
москва-река 3,506558 0,000559
москвы 0,653926 0,000208
мыс 1,966113 0,000627
мышьяка 3,506558 0,000559
наблюдается 1,021651 0,000814
наблюдаются 1,966113 0,000313
наблюдения 1,714798 0,000273
набрани 3,912023 0,000624
набрань 3,912023 0,000624
наварх 3,912023 0,000624
навигации -0,009950 -0,000002
навигация -0,009950 -0,000003
назад 1,108663 0,003004
назвал 1,660731 0,000265
название 0,198451 0,000063
названий 1,078810 0,000172
названию 1,966113 0,000313
названия 0,342490 0,000055
назвать 2,120264 0,000338
называется 0,916291 0,000146
называют 0,916291 0,000146
наиболее 0,139262 0,000178
наибольшая 1,832581 0,000876
наибольшего 2,995732 0,000477
наибольшее 1,386294 0,000221
наибольшей 2,120264 0,000338
наибольшие 2,995732 0,000477
наименее 2,207275 0,000704
наименований 1,832581 0,000292
найдены 1,714798 0,000273
накопление 2,813411 0,000448
наметилась 2,995732 0,000477
нами -0,009950 -0,000002
направления 0,755023 0,000120
направлениях 1,832581 0,000292
направленные 2,525729 0,000403
например 0,328504 0,000105
наращивания 3,506558 0,000559
нардаран 3,912023 0,000624
народа 1,714798 0,000273
народов 0,798508 0,000127
нарушает 2,525729 0,000403
нарушении 3,218876 0,000513
населения 0,494296 0,000079
населяющего 3,912023 0,000624
настаивала 3,912023 0,000624
настаивали 3,912023 0,000624
настоящее 0,328504 0,000052
настоящий 1,609438 0,000257
наступила 3,912023 0,001247
насчитывает 1,347074 0,000215
натрий 3,506558 0,000559
наук 0,693147 0,000110
наука 0,301105 0,000432
науке 1,897120 0,000302
научно-исследовательская 2,995732 0,000477
научно-исследовательских 1,714798 0,000273
научно-образовательный 0,967584 0,000154
научно-популярная 2,659260 0,000424
научно-популярной 2,995732 0,000477
научно-практической 2,207275 0,000352
научные 1,049822 0,000167
научный 0,941609 0,000300
находится 0,328504 0,000471
находить 2,813411 0,000448
находки 2,407946 0,000768
находящихся 2,207275 0,000352
национальная 1,108663 0,000177
национальных 1,832581 0,000292
начавшееся 3,218876 0,000513
начала 0,314711 0,000050
началась 0,967584 0,000617
начале 0,314711 0,000602
начали 0,891598 0,000284
начало 0,415515 0,000331
началом 1,171183 0,000373
началось 0,616186 0,000098
началу 1,171183 0,000187
начальной 2,659260 0,000424
начальном 2,813411 0,000448
начата 2,659260 0,000424
начаты 3,218876 0,000513
начинается 0,755023 0,000120
начинающийся 3,506558 0,000559
начиная 0,733969 0,000117
наше 1,609438 0,000257
нашей 1,386294 0,000221
небольшая 1,897120 0,000605
небольшие 1,832581 0,000292
невелики 3,218876 0,000513
невозможен 3,506558 0,000559
негативно 2,120264 0,000338
недавний 3,912023 0,000624
недалеко 1,469676 0,000234
недропользование 3,912023 0,000624
недропользования 3,912023 0,001871
незамедлительных 3,912023 0,000624
незначительно 2,407946 0,000384
нека 3,218876 0,000513
некаспийских 3,912023 0,000624
некоммерческой -0,009950 -0,000002
некорректно 1,897120 0,000302
некоторые 0,301105 0,000048
нелегальная 3,912023 0,000624
нем 0,356675 0,000057
нему 1,203973 0,000384
необходимо 1,237874 0,000197
необходимость 1,714798 0,000273
неогеновому 3,912023 0,000624
неоплейстоцен 3,506558 0,000559
неоплейстоцена 3,506558 0,001677
неоплейстоцене 3,912023 0,003118
неоплейстоценовой 3,912023 0,000624
неоплейстоценовых 3,912023 0,000624
непосредственным 3,506558 0,000559
неправомерным 3,912023 0,000624
непрозрачность 0,000000 0,000000
нередко 1,108663 0,000177
нерестилищ 2,995732 0,000477
нерестятся 3,912023 0,000624
нескольких 0,755023 0,000120
несколько 0,150823 0,000024
неурегулированных 3,912023 0,000624
нефтегазовые 3,506558 0,000559
нефтегазовых 3,218876 0,001026
нефтегазоносность 3,912023 0,000624
нефтедобыча 3,912023 0,000624
нефти 1,514128 0,002896
нефтчалы 3,912023 0,000624
нефть 1,832581 0,000584
нефтяная 2,659260 0,000424
нефтяников 3,218876 0,000513
нефтяного 2,995732 0,000477
нефтяные 2,995732 0,000477
нефтяным 3,912023 0,000624
нефтяных 2,525729 0,001208
нечисловыми 2,659260 0,000424
ниже 0,693147 0,000221
нижнего 1,514128 0,000241
нижнем 1,660731 0,000265
нижний 0,673345 0,000107
низка 3,912023 0,000624
низкие 2,040221 0,000325
низкий 2,040221 0,000325
низменные 2,995732 0,000477
ниу 2,407946 0,000384
новое 0,755023 0,000120
новокаспийский 3,912023 0,000624
новокаспийского 3,912023 0,000624
новокаспийской 3,912023 0,002494
новокаспийскую 3,912023 0,000624
новости 0,579818 0,000092
новые 0,342490 0,000109
ногайскую 3,912023 0,000624
номер 0,820981 0,000131
норвежская 0,248461 0,000040
нордовый 3,912023 0,000624
нормативные 3,506558 0,000559
нормативных 2,813411 0,000448
нормы 1,514128 0,000241
нохчийн 0,000000 0,000000
ноябре 0,994252 0,000158
ноябрь 1,171183 0,000187
ноября 0,127833 0,000367
нська 0,000000 0,000000
нум 3,506558 0,000559
ныне 0,653926 0,000104
обеспечивают 1,514128 0,000241
обитает 2,207275 0,000352
обитания 2,120264 0,000676
областей 1,049822 0,000167
области 0,223144 0,000107
область 0,385662 0,000061
областях 1,560648 0,000249
обмеление 3,506558 0,002236
обмелении 3,912023 0,000624
обмеления 3,506558 0,000559
обнаружено 2,207275 0,000352
обнаружены 1,771957 0,000282
обоснованию 2,407946 0,000384
образовавшиеся 3,506558 0,000559
образовалось 2,525729 0,000403
образования 0,478036 0,000076
образовано 1,609438 0,000513
образом 0,371064 0,000059
образуют 1,771957 0,000282
обращение 1,832581 0,000292
обращения 0,030459 0,000359
обстоятельство 2,407946 0,000384
обусловлено 2,207275 0,000352
обухова 3,506558 0,000559
общее 1,237874 0,000395
общей 0,597837 0,000191
общества 0,776529 0,000248
общие 0,673345 0,000215
объект 1,386294 0,000221
объекта 1,203973 0,000192
объектов 0,527633 0,000084
объекты 0,478036 0,000076
объем 0,616186 0,000589
объема 1,237874 0,000197
объемах 3,912023 0,000624
объемвикипедия 3,506558 0,000559
объемоколо 3,912023 0,000624
объемом 2,407946 0,000384
объему 1,771957 0,000282
огни 2,407946 0,000384
ограничениям 3,912023 0,000624
ограничивающих 3,912023 0,000624
огурчинский 3,912023 0,001247
одна 0,527633 0,000084
однако 0,174353 0,000111
одноименную 2,995732 0,000477
одной 0,371064 0,000118
однородность 3,912023 0,001247
озер 1,609438 0,000770
озера 0,967584 0,001851
озераморя 3,912023 0,000624
озере 2,207275 0,000352
озерных 2,995732 0,000477
озеро 1,049822 0,001004
озером 2,407946 0,000768
ознаменовалось 2,813411 0,000448
оказывает 1,427116 0,000455
оказывают 1,660731 0,000265
океана 1,272966 0,001420
океанах 3,218876 0,000513
океанических 3,218876 0,000513
океанического 3,912023 0,001247
океаническое 3,912023 0,000624
океанов 2,040221 0,000325
океаном 2,525729 0,001208
океанского 3,506558 0,000559
около 0,000000 0,000000
окончании 2,659260 0,000424
окрестности 1,560648 0,000249
октябре 0,967584 0,000154
октябрь 0,867501 0,000138
октября 0,083382 0,000120
окунь 3,218876 0,000513
оледенения 2,813411 0,000448
олты 0,000000 0,000000
олык 0,000000 0,000000
оля 2,995732 0,000477
омывает 2,995732 0,000477
онлайн 0,198451 0,000032
оон 1,560648 0,001244
описание -0,009950 -0,000002
определяются 2,302585 0,000367
опреснение 3,912023 0,000624
опреснением 3,912023 0,000624
оптимуму 3,912023 0,000624
опускался 3,912023 0,000624
опустился 3,218876 0,000513
опустынивания 3,912023 0,000624
органам 2,813411 0,000448
организации -0,009950 -0,000002
организована 2,207275 0,000352
орду 2,995732 0,000477
орды 1,966113 0,000627
оригинала 0,162519 0,000259
ортса 0,000000 0,000000
орхусской 0,000000 0,000000
осадками 1,771957 0,000282
осадках 3,506558 0,000559
осадков 0,544727 0,000174
осадочным 3,506558 0,000559
освоение 1,966113 0,000627
осенне-зимней 3,912023 0,000624
осенние 3,506558 0,000559
осень 1,469676 0,000234
осередок 3,912023 0,001871
осетровые 3,218876 0,000513
осетровых 2,813411 0,004484
осипов 0,527633 0,000084
осложняется 3,506558 0,000559
основана 1,272966 0,000203
основание 1,272966 0,000203
основе 0,494296 0,000079
основная 0,116534 0,000074
основной 0,653926 0,000104
основном 0,510826 0,000163
основные 0,223144 0,000071
основными 1,203973 0,000192
особей 2,659260 0,000848
особенно 0,562119 0,000627
особенностей 1,832581 0,000292
особенности 0,994252 0,000317
особенностью 1,609438 0,000257
осолоняющихся 3,912023 0,000624
остается 0,891598 0,000284
осталась 2,525729 0,000403
осталось 2,040221 0,000325
остановимся 0,000000 0,000000
остров 1,139434 0,000545
острова 1,078810 0,001376
островами 2,302585 0,001101
островах 2,302585 0,000367
островов 1,897120 0,001210
осушной 3,912023 0,000624
осуществления 1,832581 0,000292
осуществляется 0,776529 0,000124
осуществляют 1,469676 0,000234
ответственного 3,912023 0,000624
ответственности -0,009950 -0,000002
ответственны 3,506558 0,000559
отделили 3,912023 0,000624
отдельными 2,407946 0,000384
отдельных -0,009950 -0,000005
отделяет 2,813411 0,000448
отделяющая 3,506558 0,000559
отдых 2,207275 0,000704
отдыха 1,049822 0,000167
отказ -0,009950 -0,000002
отклонена 0,000000 0,000000
открытом 2,407946 0,000768
открытым 1,309333 0,000209
открытых 1,897120 0,000302
отличается 0,579818 0,000092
отложений 2,813411 0,000448
отложения 3,218876 0,000513
отложениями 2,813411 0,000448
отметки 1,966113 0,000627
отмечена 2,525729 0,000403
отмечены 2,207275 0,000352
относилась 3,506558 0,000559
относительно 0,415515 0,000066
относительного 3,912023 0,001247
относится 0,733969 0,000117
относятся 0,713350 0,000114
отношении 1,203973 0,000384
отношения 0,994252 0,000317
отредактирована -0,009950 -0,000002
отредактировать 0,967584 0,001542
отрезка 3,506558 0,000559
отступила 3,912023 0,000624
отступлению 0,000000 0,000000
отсутствие 1,347074 0,000429
отсутствует 1,272966 0,000203
отток 2,407946 0,000384
отчетливо 3,218876 0,000513
официально 0,693147 0,000110
официальный 0,510826 0,000163
охватывает 1,771957 0,000282
охлаждены 3,912023 0,000624
охотское 2,813411 0,000448
охране 1,609438 0,000257
оценивается 2,120264 0,000338
оцениваются 3,912023 0,000624
оценке 1,560648 0,000249
очаг 3,912023 0,000624
очень 0,494296 0,000079
очереди 1,966113 0,000313
очередь 0,527633 0,000084
ошибкекак -0,009950 -0,000002
ощутимую 3,506558 0,000559
падение 2,302585 0,000367
палео-узбой 3,912023 0,000624
палеогеографических 3,912023 0,000624
палеогеография 2,995732 0,000955
палеорек 3,912023 0,000624
памятника 1,078810 0,000172
параметрамивикипедия 2,207275 0,000352
паратетиса 3,912023 0,000624
паромные 2,813411 0,000448
парышев 3,912023 0,000624
патрокл 3,912023 0,000624
пачкалов 3,506558 0,000559
первая 0,430783 0,000137
первую 0,867501 0,000277
первые 0,494296 0,000158
перевозками 2,813411 0,000448
переговоры 2,813411 0,000897
перейти -0,009950 -0,000003
переменной 2,995732 0,000477
перемешивания 3,912023 0,000624
перемещается 3,218876 0,000513
перенаправляется 1,771957 0,000282
переправы 1,832581 0,000292
перераб 1,609438 0,000257
пересохшего 3,912023 0,000624
перестройка 2,659260 0,000424
перешел 1,832581 0,000292
перешли 1,771957 0,000282
период 0,342490 0,000491
периода 0,967584 0,000463
периоды 1,560648 0,000249
перс 3,912023 0,000624
персональные -0,009950 -0,000002
песка 2,813411 0,000448
пески 2,040221 0,000325
песчаными 3,506558 0,000559
петром 2,120264 0,000338
пехлеви 3,912023 0,000624
печати -0,009950 -0,000002
печать -0,009950 -0,000002
печорское 2,995732 0,000477
пешные 3,912023 0,000624
пещере 2,995732 0,000477
пиками 3,912023 0,000624
пираллахи 3,912023 0,000624
пирсагатские 3,912023 0,000624
письменных 2,407946 0,000384
плавали 3,912023 0,000624
плавание 2,302585 0,000367
плавучих 3,912023 0,000624
планктона 2,995732 0,000955
платформе 2,302585 0,000734
плейстоцена 3,506558 0,001677
плейстоцене 3,506558 0,000559
племен 1,966113 0,000313
племена 2,120264 0,000676
племенам 3,506558 0,000559
племенах 3,912023 0,000624
плиоцен 3,912023 0,000624
площади 0,510826 0,000081
площадках 2,525729 0,000403
площадь 0,478036 0,001067
площадькарточка 3,218876 0,000513
площадьоколо 3,506558 0,000559
площадью 0,994252 0,000317
пляжами 3,218876 0,000513
пляжи 2,407946 0,000384
побережий 3,218876 0,000513
побережье 1,560648 0,005472
побережью 2,813411 0,000448
побережья 1,427116 0,002957
повалишникова 3,912023 0,000624
поведения -0,009950 -0,000002
поверхности 1,514128 0,001448
поверхностного 2,995732 0,000477
поверхностном 2,995732 0,000955
поверхностных 1,714798 0,000273
поверхность 2,120264 0,000338
повесть 2,525729 0,000403
поводом 3,506558 0,000559
поволжья 1,714798 0,000273
повысилась 2,659260 0,000424
повышается 2,813411 0,000448
повышался 3,912023 0,000624
повышаться 3,506558 0,000559
повышением 2,813411 0,000448
повышенным 2,995732 0,000477
повышены 3,912023 0,000624
погибших 1,714798 0,000273
погода 0,776529 0,000124
погодных 2,659260 0,000848
подал 2,995732 0,000955
подвержен 3,218876 0,000513
подвержена 3,506558 0,000559
подвержены 2,525729 0,000403
поддержание 3,218876 0,000513
поделить 3,912023 0,000624
поднимается 1,966113 0,000313
поднявшись 3,506558 0,000559
подобный 2,207275 0,000352
подписали 2,302585 0,000367
подписана 2,813411 0,000448
подписанием 3,506558 0,000559
подписания 2,813411 0,000448
подробнее -0,009950 -0,000002
подтвердили 3,218876 0,000513
подчеркивают 3,218876 0,000513
подчинения 1,386294 0,000442
подъем 1,832581 0,000876
подъеме 2,813411 0,000448
пожара 1,966113 0,000313
позволения 3,912023 0,000624
позволят 3,912023 0,000624
позволяют 1,469676 0,000234
позвоночным 3,912023 0,000624
позднебакинский 3,912023 0,000624
позднебакинское 3,912023 0,000624
позднего 2,207275 0,000704
позднее 0,798508 0,000127
позднейшая 3,506558 0,000559
позднем 2,995732 0,000955
позднемахачкалинскую 3,912023 0,000624
позднехазарский 3,912023 0,000624
позднехвалынская 3,912023 0,000624
позднехвалынской 3,912023 0,000624
поздний 2,813411 0,000448
позже 0,733969 0,000117
поиск -0,009950 -0,000003
поиску -0,009950 -0,000017
показали 2,040221 0,000325
показатели 0,994252 0,000158
покрыта 2,659260 0,000424
покрыты 2,120264 0,000338
поле 0,798508 0,000127
полезные 2,407946 0,000384
полей 2,407946 0,000384
политика -0,009950 -0,000003
половине 0,634878 0,000101
половины 0,994252 0,000158
половцы 3,218876 0,000513
положение 0,510826 0,000163
положения 1,309333 0,000209
полуостров 1,714798 0,000820
полуострова 1,560648 0,001990
полуострове 2,525729 0,000403
полуострову 3,912023 0,000624
полупустыням 3,912023 0,000624
получило 1,832581 0,000292
получим 0,000000 0,000000
пользуется 2,407946 0,000384
поля 1,427116 0,000682
помимо 0,562119 0,000269
поможет 2,995732 0,000477
понижается 2,813411 0,000448
понижение 2,813411 0,001345
понт 3,218876 0,000513
понтического 3,912023 0,000624
понтическое 3,506558 0,000559
понто-каспия 3,506558 0,002795
понятия 1,560648 0,000497
популярностью 2,207275 0,000352
порог 2,813411 0,000897
порога 3,218876 0,001026
пород 1,897120 0,000605
портал 0,342490 0,000109
портами 2,813411 0,000448
портовым 3,912023 0,000624
порты 1,714798 0,000273
поручению 2,207275 0,000352
поселка 1,309333 0,000209
поселков 1,469676 0,000234
поселок 1,108663 0,000177
поскольку 0,941609 0,000300
последние 0,755023 0,000361
последний -0,009950 -0,000002
последняя 0,342490 0,000055
последствия 2,040221 0,000325
послужила 2,659260 0,000424
поспелов 1,021651 0,000326
постепенно 0,867501 0,000138
постоянным 2,302585 0,000367
построена 0,916291 0,000146
построено 0,867501 0,000138
поступает 2,302585 0,000367
поступающий 3,912023 0,000624
поступлением 3,218876 0,000513
поступления 2,120264 0,000338
потенциал 1,347074 0,000215
потенциальной 3,218876 0,000513
потеплением 3,506558 0,000559
потоп 2,995732 0,000477
походы 2,407946 0,000384
похолодание 3,218876 0,000513
похолодания 3,506558 0,000559
почему 0,000000 0,000000
почтовая 1,078810 0,000172
поэтому 0,616186 0,000196
появилось 1,171183 0,000187
появлялись 2,813411 0,000448
пояса 1,560648 0,000249
прав 1,514128 0,000483
права 0,755023 0,000241
правда 0,891598 0,000142
правило 0,891598 0,000142
править -0,009950 -0,000130
правка 0,328504 0,000052
правкиновые -0,009950 -0,000002
правкипостоянная -0,009950 -0,000002
правление 2,040221 0,000325
правовой 1,469676 0,000703
правовом 2,659260 0,001695
праву 2,813411 0,000448
пребореала 3,912023 0,000624
превращается 2,040221 0,000325
превысило 1,966113 0,000313
превышает 0,967584 0,000463
превышать 2,659260 0,000424
пределах 0,510826 0,000081
пределы 1,966113 0,000313
предметом 1,560648 0,000249
предполагается 1,560648 0,000249
предположить 2,813411 0,000448
предпринял 3,218876 0,000513
предприятий 0,713350 0,000227
предприятия 0,713350 0,000114
предрекли 0,000000 0,000000
представились -0,009950 -0,000002
представителями 1,897120 0,000302
представлен 0,891598 0,000284
представлявшее 3,506558 0,000559
представляет 0,446287 0,000356
предусматривали 3,912023 0,000624
предусмотрено 2,302585 0,000367
преимущественно 0,776529 0,000371
прекращением 3,506558 0,001118
преобладают 1,203973 0,000768
преобладающих 2,525729 0,000805
препятствуют 3,218876 0,000513
прерывалась 3,912023 0,000624
пресноводное 2,813411 0,000448
пресноводные 3,218876 0,000513
пресноводных 3,218876 0,000513
пресс 2,407946 0,000384
преходящих 3,912023 0,000624
прибрежной 2,207275 0,000352
прибрежную 3,218876 0,000513
прибрежные 2,302585 0,001101
прибрежными 3,506558 0,000559
прибрежных 2,302585 0,001101
привело 1,108663 0,000353
привлечение 2,995732 0,000477
приводит 1,171183 0,000560
приводят 2,525729 0,000805
придонного 3,506558 0,000559
приказу 2,040221 0,000325
прикаспием 3,912023 0,000624
прикаспии 3,912023 0,000624
прикаспий 3,506558 0,000559
прикаспийские 3,506558 0,000559
прикаспийскими 3,912023 0,001871
прикаспийских 3,912023 0,002494
прикаспийского 3,912023 0,000624
прилегающая 3,218876 0,000513
приливных 3,912023 0,000624
применять 2,407946 0,000384
применяться 2,407946 0,000384
примерно 0,634878 0,000101
примеру 2,040221 0,000325
примечания -0,009950 -0,000003
приморский 2,207275 0,000352
приморском 3,506558 0,000559
примыкающие 3,218876 0,000513
принял 1,272966 0,000203
принято 0,713350 0,000114
природа 1,309333 0,000417
природная 2,207275 0,000352
природной 1,897120 0,000302
приступила 2,659260 0,000424
приток 1,427116 0,000455
притоки 1,832581 0,000292
приходится 0,776529 0,000248
причины 1,771957 0,000565
пробах 3,912023 0,000624
проблем 0,798508 0,000509
проблема 1,237874 0,000197
проблеме 2,813411 0,000448
проблему 1,514128 0,000241
проблемы 0,544727 0,000608
пробурена 3,912023 0,001247
проведена 1,832581 0,000292
проверенная 1,049822 0,000167
проверяема 0,967584 0,001542
провинцию 3,506558 0,000559
прогибы 3,912023 0,000624
прогноз 1,897120 0,000302
прогрев 3,912023 0,001247
прогрева 3,912023 0,000624
прогревом 3,912023 0,000624
продлили 3,218876 0,001026
продолжалось 2,813411 0,000448
продолжают 2,040221 0,000325
продолжены 3,912023 0,000624
продуктивность 3,218876 0,000513
продукции 1,021651 0,000326
проект 0,400478 0,000064
проектах -0,009950 -0,000002
проживающих 2,659260 0,000424
прозрачности 3,506558 0,000559
проигрывает 3,912023 0,000624
произошла 1,714798 0,000273
произошло 0,733969 0,000117
происходил 2,407946 0,000768
происходит 0,634878 0,000405
происхождение 1,427116 0,000682
происхождению 2,995732 0,000955
происхождения 1,272966 0,000203
прокладки 3,218876 0,000513
пролив 2,040221 0,001951
проливом 3,218876 0,000513
проливы 2,813411 0,000897
проложить 3,218876 0,000513
промежуточных 2,813411 0,000448
промысел 2,659260 0,000848
промысловые 3,218876 0,000513
промышленной 1,309333 0,000209
промышленности 0,579818 0,000092
промышленный 1,203973 0,000192
промышленных 0,916291 0,000292
проникает 2,995732 0,000477
пропавшая 3,912023 0,000624
прослеживается 2,120264 0,000676
просмотры -0,009950 -0,000002
пространственного 3,218876 0,000513
протока 2,525729 0,000403
протоками 3,218876 0,000513
протокол 1,560648 0,000249
прототюрков 3,912023 0,000624
протяжении 0,867501 0,000138
протяженность 0,941609 0,000300
профиле 3,912023 0,000624
проходит 0,693147 0,000221
прохоров 1,078810 0,000172
процветает 3,912023 0,000624
процентов 2,120264 0,000338
процесс 1,108663 0,000177
процессах 2,407946 0,000384
процессом 2,813411 0,000448
процессы 1,514128 0,000241
прошкина-лавренко 3,912023 0,000624
прямой 1,347074 0,000215
пунктирной 3,912023 0,000624
пустыням 3,912023 0,000624
путей 0,916291 0,000146
путешествие 1,897120 0,000302
путешествия 2,525729 0,000403
пути 0,693147 0,000110
путина 2,302585 0,000367
пяти 1,203973 0,000768
пятого 2,302585 0,000367
пятой 3,506558 0,000559
пятую 3,218876 0,000513
пятый 1,427116 0,000227
равнина 2,120264 0,000338
радиоуглеродного 3,912023 0,000624
раза 0,867501 0,000415
разбирательство 0,000000 0,000000
разведки 2,659260 0,000424
развивается 1,609438 0,000770
развитии 1,078810 0,000344
развитию 0,843970 0,000135
развития 0,287682 0,000092
развито 2,407946 0,000384
развитости 3,912023 0,000624
разграничении 3,912023 0,001247
разграничения 3,506558 0,001677
разгул 3,506558 0,000559
раздел 0,891598 0,000142
раздела 1,514128 0,000241
разделами 0,891598 0,000142
разделе 0,776529 0,001733
разделила 3,912023 0,000624
разделительных 3,912023 0,000624
разделом 3,506558 0,000559
разделяет 2,525729 0,000805
разделяется 2,302585 0,000367
разделяющая 3,912023 0,001247
разин 2,813411 0,000448
разлив 2,813411 0,000448
различия 1,966113 0,000627
различной 2,040221 0,000325
различные 0,693147 0,000110
размах 3,218876 0,000513
размеров 2,207275 0,000704
размеры 2,040221 0,000325
размерыоколо 3,912023 0,000624
размывается 3,912023 0,000624
разногласие 2,813411 0,002691
разногласий 2,120264 0,000338
разность 2,995732 0,000955
разных 0,510826 0,000163
разрабатывается 2,813411 0,000448
разработчики -0,009950 -0,000002
разреза 3,506558 0,000559
района 0,673345 0,000107
районами 1,347074 0,000215
районах 0,941609 0,000300
районе 0,527633 0,000757
районов 0,562119 0,000179
ракушечные 3,912023 0,000624
рамочная 3,218876 0,001539
ран 0,776529 0,000248
ранее 0,430783 0,000275
раннебакинский 3,912023 0,000624
раннего 1,897120 0,000302
раннем 2,659260 0,000848
раннемахачкалинскую 3,912023 0,000624
раннепалеолитические 3,912023 0,001247
раннепалеолитического 3,912023 0,000624
раннехазарский 3,912023 0,001871
раннехвалынская 3,912023 0,001247
раннехвалынский 3,912023 0,000624
раннехвалынской 3,912023 0,000624
ранний 2,407946 0,000384
раньше 1,171183 0,000187
раскрыть 3,912023 0,000624
распада 1,714798 0,000547
располагается 0,994252 0,000158
расположен 0,733969 0,000468
расположение 1,139434 0,000182
расположения 1,832581 0,000292
расположенный 1,203973 0,000192
расположено 0,916291 0,000292
расположены 0,673345 0,000107
распределении 2,813411 0,000897
распределения 2,659260 0,000848
распространением 2,207275 0,000352
распространены 1,832581 0,000292
расселения 1,966113 0,000313
рассмотрению 3,912023 0,000624
рассмотрения 2,525729 0,000403
рассмотрит 0,000000 0,000000
рассчитанная 3,218876 0,000513
растений 1,386294 0,000221
растения 1,771957 0,000282
растительный 1,966113 0,001567
расчетам 2,813411 0,000448
рациональное 3,506558 0,000559
реализован 1,660731 0,000265
реального 2,120264 0,000338
реальный 1,897120 0,000302
регион 1,021651 0,000163
региона 0,776529 0,000124
региональной 1,966113 0,000313
регионе 1,049822 0,000335
регионкарточка 3,912023 0,000624
регистрационный 3,506558 0,000559
регрессивные 3,912023 0,000624
регрессивный 3,912023 0,000624
регрессией 3,912023 0,003118
регрессии 3,912023 0,003741
регрессия 3,912023 0,007482
регулированию 3,506558 0,000559
регулятора 3,912023 0,000624
ред 0,235722 0,000075
режим 1,108663 0,000177
режиму 3,506558 0,000559
резко 0,967584 0,000154
резкое 2,995732 0,000477
результатам 1,049822 0,000167
результате 0,342490 0,000218
рек 0,820981 0,000393
река 0,733969 0,000351
реках 2,040221 0,000650
реке 0,713350 0,000114
реки 0,462035 0,000663
рекиволга 3,912023 0,000624
рекомендации 0,843970 0,001345
рекреационные 2,659260 0,000848
релиз 3,218876 0,000513
рельеф 0,941609 0,000450
репутации 0,000000 0,000000
республиканского 2,040221 0,000650
республики 0,916291 0,000730
ресурс 1,514128 0,000241
ресурсный 2,995732 0,000477
ресурсов 0,798508 0,000636
ресурсы 0,020203 0,000026
реферат 3,912023 0,000624
речного 1,139434 0,000363
речной 0,916291 0,000292
речным 2,040221 0,000325
речных 1,609438 0,000257
риски 2,995732 0,000477
рисунок 2,995732 0,000477
розе 3,218876 0,000513
роль 0,579818 0,000277
росгидромет 3,218876 0,000513
россби 3,912023 0,000624
россии 0,186330 0,000208
россииатлантического 2,995732 0,000477
россииозера 3,912023 0,001247
российская 0,186330 0,000059
российских 0,733969 0,000117
российско-азербайджано-казахстанское 3,912023 0,000624
российского 0,634878 0,000202
российской 0,385662 0,000123
россия 0,371064 0,000355
рост 0,967584 0,000154
рубас 3,506558 0,001677
руководством 0,941609 0,000450
руководящей 3,218876 0,000513
рукописям 3,506558 0,000559
руппия 3,912023 0,000624
рус 0,162519 0,002202
русиньскыйсаха 0,000000 0,000000
русла 2,302585 0,000367
русов 3,912023 0,000624
русский -0,009950 -0,000002
русского 0,494296 0,000158
русское 0,755023 0,000120
русскому 1,966113 0,000313
русы 3,912023 0,000624
рыб 2,040221 0,001951
рыбак 3,506558 0,000559
рыбалко 3,218876 0,000513
рыбодобывающих 3,912023 0,000624
рыболовных 3,506558 0,000559
рыболовства 3,218876 0,000513
рыболовство 2,407946 0,001151
рыболовству 3,912023 0,001247
рыбы 1,897120 0,000605
рычагов 3,912023 0,000624
рязанцева 0,000000 0,000000
сазан 3,506558 0,001118
сайт 0,371064 0,000118
саков 3,912023 0,000624
самая 0,798508 0,000127
саммит 2,120264 0,000338
саммита 2,995732 0,000477
самое 0,994252 0,000158
самостоятельную 2,207275 0,000352
самур 3,218876 0,001026
самый 0,579818 0,000370
санаториях 3,506558 0,000559
сангаджиев 3,912023 0,000624
сангачалы 3,218876 0,000513
сара-камышскую 3,912023 0,000624
сарматского 3,506558 0,000559
сарматское 3,506558 0,001118
сартасская 3,912023 0,000624
сарыкамышском 3,912023 0,000624
сброс 2,407946 0,000384
свидетельствуют 2,407946 0,001151
свинца 2,407946 0,000384
свиточ 3,912023 0,001247
свиту 3,912023 0,000624
свободной -0,009950 -0,000002
свободу 2,302585 0,000734
свое 0,616186 0,000098
свои 0,755023 0,000120
своих 0,776529 0,000248
свой 0,653926 0,000104
свойство 0,653926 0,000104
свяжитесь -0,009950 -0,000002
связана 1,078810 0,000172
связанное 1,897120 0,000302
связанные 1,021651 0,000163
связанных 1,171183 0,000187
связано 1,078810 0,000344
связаны 1,237874 0,000395
связи 0,235722 0,000150
связывают 1,609438 0,000257
связь 0,616186 0,000196
сгона 3,912023 0,000624
севера 0,941609 0,000150
севере 1,139434 0,000908
северная 1,078810 0,000172
северного 1,021651 0,000977
северное 1,514128 0,000483
северной 0,693147 0,001326
северном 1,469676 0,000937
северные 1,966113 0,000627
северный 0,820981 0,000523
северным 1,771957 0,000847
северо-востоке 2,120264 0,000338
северо-восточное 3,506558 0,000559
северо-восточном 3,218876 0,000513
северо-западе 1,966113 0,000313
северо-западных 3,218876 0,000513
сегодня 0,616186 0,000098
седьмой 2,407946 0,000384
сезон 1,347074 0,000215
сезона 1,609438 0,000257
сезонные 2,302585 0,000367
секретности 3,912023 0,000624
секунду 2,525729 0,000805
селевка 3,912023 0,000624
семенов 2,207275 0,000352
сенги-муган 3,912023 0,001247
сентябре 0,994252 0,000475
сентября 0,072571 0,000150
середине 0,562119 0,000090
середины 0,967584 0,000154
серия 1,237874 0,000395
серьезную 2,407946 0,000384
сети 0,494296 0,000158
сетной 3,912023 0,000624
сефидруд 3,912023 0,000624
силу 1,021651 0,000326
силыча 3,912023 0,000624
сильно 0,776529 0,000124
сильном 2,995732 0,000477
сильны 2,813411 0,000448
сильным 2,525729 0,000403
симонов 2,659260 0,000848
сине-зеленые 3,912023 0,000624
синее 3,912023 0,000624
система 0,235722 0,000038
систематика 3,912023 0,001247
систематические 3,218876 0,000513
системеобсуждениевкладсоздать -0,009950 -0,000002
ситуации 1,347074 0,000429
ситуация 1,469676 0,000234
сказываясь 3,912023 0,000624
скалистый 3,506558 0,000559
скачать -0,009950 -0,000002
скачка 3,912023 0,002494
скважина 3,912023 0,001247
скважину 3,506558 0,000559
скважины 2,995732 0,000477
склона 2,659260 0,000424
сколько 0,653926 0,000104
скорости 1,897120 0,000302
скорость 0,867501 0,000415
скоростью 2,302585 0,000367
слева 1,108663 0,000177
следам 2,995732 0,000477
следствие 1,832581 0,000292
словари 0,116534 0,000019
словарь 0,274437 0,000087
слое 2,525729 0,001610
слоев 2,040221 0,000325
слой 2,120264 0,001014
слоя 2,407946 0,000768
случаях -0,009950 -0,000002
сменившаяся 3,912023 0,000624
сменила 3,506558 0,000559
сменилась 3,912023 0,002494
сменился 2,659260 0,000424
сместилась 3,506558 0,000559
смещается 3,506558 0,000559
снижение 1,609438 0,000513
снижению 2,659260 0,000848
снижения 1,714798 0,000273
снизился 2,525729 0,001610
снимок 2,040221 0,000325
сносок 0,843970 0,001345
соблюдению 3,912023 0,000624
собой 0,328504 0,000209
событияпожертвовать -0,009950 -0,000002
совет 0,916291 0,000146
советская 0,371064 0,000118
советских 1,386294 0,000221
советско-иранскими 3,912023 0,000624
советской 0,755023 0,000120
совпавшей 3,912023 0,000624
современное 1,108663 0,000353
современный 0,967584 0,000154
современными 2,407946 0,000384
согласие 2,659260 0,000424
согласия 2,302585 0,000367
согласно 0,301105 0,000144
соглашение 1,139434 0,000545
соглашений 2,813411 0,000897
соглашения 2,040221 0,000325
соглашениям 0,000000 0,000000
содержание 0,010050 0,000003
содержания 1,386294 0,000221
соединений 2,120264 0,000338
соединения 1,897120 0,000302
соединенное 3,912023 0,000624
соединявшего 3,912023 0,000624
создает 1,832581 0,000292
создала 3,218876 0,000513
создан 0,693147 0,000110
создано 1,347074 0,000215
сознательно 3,506558 0,000559
соймонова 3,912023 0,000624
соколов 1,966113 0,000313
сократилась 2,525729 0,000805
сокращается 2,407946 0,000384
сокращение 1,714798 0,000273
сокращению 2,407946 0,000384
солевой 3,912023 0,001247
солей 2,302585 0,000367
соленое 3,218876 0,000513
солености 2,995732 0,003820
соленостный 3,912023 0,000624
соленость 2,995732 0,001910
соленостьсредняя 3,912023 0,000624
соленых 3,218876 0,000513
солеобразующих 3,912023 0,000624
соли 2,302585 0,000734
солнечного 1,714798 0,000273
солоноватая 3,912023 0,000624
солоноватоводным 3,506558 0,000559
солоноватый 3,912023 0,000624
сообщения 0,820981 0,000131
сообщества 2,120264 0,000338
сообщили 2,659260 0,000424
сообщить -0,009950 -0,000002
сооружение 1,469676 0,000234
сооружения 0,941609 0,000150
соответственно 1,021651 0,000326
соответствует 1,427116 0,000227
соответствующая 2,525729 0,000403
соотношениях 3,912023 0,000624
сопредельных 2,995732 0,000955
сопровождавшейся 3,912023 0,000624
сосредоточена 2,407946 0,000384
сосредоточение 3,218876 0,000513
сосредоточено 1,897120 0,000302
сост 0,597837 0,000095
состав 0,400478 0,000255
состава 1,171183 0,000187
составе 0,616186 0,000098
составил 0,916291 0,000438
составила 1,021651 0,000163
составляет 0,314711 0,000702
составляют 0,798508 0,000127
состоявшимся 3,912023 0,000624
состояние 0,733969 0,000117
состоянии 1,309333 0,000209
состоянию 0,544727 0,000087
сотрудничества 1,832581 0,000584
сохранение 1,609438 0,000257
сохранением -0,009950 -0,000002
сохранения 1,660731 0,000265
сохраняется 1,560648 0,000249
спий 0,000000 0,000000
спиридонова 3,506558 0,000559
спиркин 3,506558 0,000559
списке 1,966113 0,000313
список 0,248461 0,000158
сплошной 3,506558 0,000559
сползания 3,912023 0,000624
спутниковый 2,813411 0,000448
сравнению 1,078810 0,000172
среда 1,386294 0,000442
среди 0,198451 0,000032
средиземного 2,659260 0,000424
срединной 3,912023 0,000624
средневековье 2,659260 0,000424
среднего 1,049822 0,000669
среднегодовая 1,078810 0,000172
среднегодовое 1,897120 0,000605
среднегодовой 2,120264 0,000676
средней 0,867501 0,001244
среднекаспийской 3,912023 0,000624
среднем 0,693147 0,000552
среднемесячная 1,771957 0,000282
средние 0,941609 0,000150
средний 0,494296 0,000473
средним 1,832581 0,001460
средних 1,078810 0,000172
средняя 0,510826 0,000244
среды 0,755023 0,000602
срп 3,912023 0,000624
српски 0,000000 0,000000
српскохрватски 0,000000 0,000000
ссср 0,314711 0,000552
ссылкасведения -0,009950 -0,000002
ссылки -0,009950 -0,000025
ссылок 0,693147 0,001215
стабильная 0,994252 0,000158
стабильный 2,995732 0,000477
стадии 1,966113 0,000313
стал 0,314711 0,000050
стало 0,494296 0,000079
станция 0,798508 0,000127
статистика -0,009950 -0,000002
статус 0,510826 0,000163
статусе 1,560648 0,001244
статьи 0,072571 0,000093
статьислучайная -0,009950 -0,000002
статьисообществофорумсправкасвежие -0,009950 -0,000002
статью 0,616186 0,000982
статья 0,105361 0,000084
статьяобсуждение -0,009950 -0,000002
статьятекущие -0,009950 -0,000002
стене 2,813411 0,000448
стенька 3,912023 0,000624
степени 0,843970 0,000135
стереотипное 3,506558 0,000559
стоит 1,237874 0,000197
сток 2,120264 0,000676
стока 1,897120 0,001512
стоком 3,506558 0,000559
столица 0,967584 0,000308
стороны 0,430783 0,000069
сточными 3,506558 0,000559
стоянки 3,218876 0,000513
стоят 2,302585 0,000367
страбон 2,813411 0,000448
страдают 2,995732 0,000477
стран 0,597837 0,000286
страна 0,462035 0,000221
странами 2,207275 0,000352
страница -0,009950 -0,000002
страницасодержаниеизбранные -0,009950 -0,000002
страницецитировать -0,009950 -0,000002
страницуполучить -0,009950 -0,000002
страницы -0,009950 -0,000008
страницыслужебные -0,009950 -0,000002
страны 0,634878 0,000304
строению 2,813411 0,000448
строится 1,272966 0,000203
строку 2,995732 0,000477
структура 0,967584 0,000154
структуре 1,272966 0,000203
структуры 1,171183 0,000187
ступина 3,912023 0,000624
стыка 3,912023 0,000624
стыке 1,966113 0,000313
субтропический 2,207275 0,000352
субтропического 3,506558 0,000559
суверенные 3,912023 0,000624
суверенных 3,218876 0,000513
суд 1,469676 0,000234
судак 2,525729 0,000805
судами 2,659260 0,000424
судов 1,237874 0,000395
судоходную 3,912023 0,000624
судоходства 2,040221 0,000325
судоходство 2,302585 0,001101
судя 2,813411 0,000448
сулак 3,506558 0,001677
сульфат-аниона 3,912023 0,000624
сульфатов 3,912023 0,000624
сумгаит 3,218876 0,001539
сумме 2,813411 0,000448
суриков 2,813411 0,000448
сухая 1,966113 0,000313
существовал 1,469676 0,000703
существовали 1,309333 0,000417
существовало 1,427116 0,000227
существуют 0,162519 0,000026
сфере 0,967584 0,000154
сформировали 3,506558 0,000559
схема 1,386294 0,000221
счет 0,673345 0,000107
считается 0,693147 0,000221
считалось 2,525729 0,000403
считаться 2,407946 0,000768
съемка 3,218876 0,001026
сытина 1,560648 0,000249
сюда 1,108663 0,000177
сюдасвязанные -0,009950 -0,000002
тава 3,912023 0,000624
таваалты 3,912023 0,000624
тазата 3,912023 0,000624
также 0,000000 0,000000
такие 0,261365 0,000042
таким 0,527633 0,000084
таких 0,510826 0,000163
талыши 1,897120 0,000302
талышские 3,506558 0,000559
танганьике 3,912023 0,000624
тарашкев 0,000000 0,000000
тарнаирка 3,506558 0,000559
тас 0,000000 0,000000
татарча 0,000000 0,000000
таяние 2,995732 0,000477
таянием 3,506558 0,000559
тегеране 3,912023 0,000624
текст -0,009950 -0,000002
текущем 0,544727 0,000087
текущий 2,813411 0,000448
текших 3,912023 0,000624
температур 1,609438 0,000513
температура 0,562119 0,001523
температуре 2,207275 0,000352
температуры 1,139434 0,002179
тенгиз 3,912023 0,001247
тенденция 1,832581 0,000584
тепла 1,832581 0,000292
тепловодным 3,912023 0,000624
теплых 2,813411 0,000448
терек 3,506558 0,001677
термоклину 3,912023 0,000624
территориальное 2,659260 0,000424
территории 0,400478 0,000638
территория 0,755023 0,000241
территориями 1,897120 0,000302
территориях 0,916291 0,000146
тех 0,798508 0,000127
технике 2,813411 0,000448
технологических 3,912023 0,000624
течение 0,527633 0,000589
течений 2,659260 0,001272
течения 1,897120 0,000907
тил 3,912023 0,000624
тип 0,356675 0,000227
типа 0,462035 0,000147
тихого 2,120264 0,000338
товарный -0,009950 -0,000002
токмачевым 3,912023 0,000624
токсичных 3,506558 0,000559
толстов 3,912023 0,000624
толщи 3,506558 0,000559
тонн 1,108663 0,000530
топонимический 0,798508 0,000127
торонглинскую 3,912023 0,000624
точке 2,407946 0,000384
тпес 0,000000 0,000000
трансгрессивно-регрессивные 3,912023 0,000624
трансгрессивной 3,912023 0,000624
трансгрессией 3,912023 0,001247
трансгрессии 3,218876 0,003591
трансгрессию 3,912023 0,001871
трансгрессия 3,218876 0,006670
транскаспийский 3,912023 0,000624
транспортировки 2,813411 0,000448
трассеров 3,912023 0,000624
тратится 3,912023 0,000624
требование 2,659260 0,000424
требованием 3,506558 0,000559
требуется 1,714798 0,000273
требуют 1,609438 0,000513
тревожной 0,000000 0,000000
третье 1,560648 0,000249
третьем 2,302585 0,000367
трех 0,713350 0,000114
трехстороннее 3,912023 0,000624
трубопроводы 3,218876 0,000513
турали 3,912023 0,000624
туралинская 3,912023 0,000624
туралинскую 3,912023 0,000624
туристическая 2,207275 0,000352
туристический 1,897120 0,000302
туристической 2,407946 0,000384
туристов 1,560648 0,000249
туристской 3,506558 0,000559
туркм 3,912023 0,000624
туркменбаши 3,218876 0,000513
туркменбашы 3,912023 0,001871
туркменбашытуркменбашы 3,912023 0,000624
туркмении 3,912023 0,000624
туркменистан 2,813411 0,004036
туркменистана 3,506558 0,002795
туркменистанаозера 3,912023 0,000624
туркменистанасоленые 3,912023 0,000624
туркменистане 3,912023 0,001247
туркменский 3,506558 0,000559
турции 2,407946 0,000384
туш 0,000000 0,000000
тыла 1,897120 0,000302
тыс 0,430783 0,000481
тысяч 0,415515 0,000729
тысячами 2,813411 0,000448
тысячелетия 2,040221 0,000650
тысячи 0,597837 0,000095
тысячу 1,897120 0,000302
тюб-караган 3,912023 0,001247
тюленей 3,506558 0,001677
тюленем 3,912023 0,000624
тюлений 3,912023 0,001247
тюлень 3,912023 0,000624
тюленьи 3,912023 0,001247
тюленя 3,912023 0,000624
тюркянская 3,912023 0,000624
тюркянский 3,912023 0,001247
тюркянского 3,912023 0,000624
тюркянской 3,912023 0,001247
тяжелых 2,302585 0,000734
увеличению 2,040221 0,000976
увеличивается 1,832581 0,000876
увеличиваясь 3,912023 0,000624
увлажнения 2,302585 0,000367
углеводородов 2,525729 0,000403
угрозу 2,302585 0,000367
удалена 0,941609 0,001501
узбой 3,912023 0,000624
узбоя 3,912023 0,000624
узким 2,995732 0,000477
указан 0,139262 0,000022
указанием -0,009950 -0,000002
указано 0,733969 0,000117
указывавшийся 3,912023 0,000624
укатный 3,912023 0,000624
укра 0,000000 0,000000
уллучайская 3,912023 0,000624
уловах 3,912023 0,000624
улуса 3,506558 0,000559
уменьшает 2,659260 0,000424
уменьшению 2,659260 0,000424
уменьшится 3,912023 0,000624
умеренный 1,897120 0,000302
университета 0,446287 0,000213
упал 2,813411 0,000448
упоминания 1,966113 0,000313
урал 1,560648 0,001244
урала 1,609438 0,000513
урале 2,525729 0,000403
уровень 0,579818 0,002033
уровне 0,916291 0,000438
уровнем 0,798508 0,000127
уровня 0,634878 0,002935
уровнях 2,525729 0,000403
урунджикскими 3,912023 0,000624
урунджикскую 3,912023 0,000624
усиливаются 3,506558 0,000559
ускорения 2,659260 0,000424
условий -0,009950 -0,000008
условия -0,009950 -0,000008
условиям 1,966113 0,000313
условиях 1,049822 0,000167
условная 3,912023 0,000624
условно 2,040221 0,000325
уснувшей 3,912023 0,000624
устанавливается 1,832581 0,000292
установлен 0,941609 0,000150
установлено 1,714798 0,000273
установлены 1,560648 0,000249
устойчивое 2,813411 0,000448
устойчивые 3,506558 0,000559
уступая 2,207275 0,000352
устье 0,994252 0,000317
устьевых 3,912023 0,000624
устья 1,171183 0,000187
утверждениями 0,713350 0,000114
утвержденные 3,218876 0,000513
уходит 2,207275 0,000704
ухудшению 3,218876 0,000513
участие -0,009950 -0,000002
участках 2,120264 0,000338
участки 1,514128 0,000483
участков 1,897120 0,001512
ученые 1,427116 0,000682
ученым 2,207275 0,000352
ученых 1,203973 0,000192
учетную -0,009950 -0,000002
ущерб 2,040221 0,000325
фаз 3,912023 0,000624
фазу 3,218876 0,000513
фазы 2,995732 0,000477
фактически 0,916291 0,000146
факторами 2,525729 0,000403
фактором 2,040221 0,000325
факультета 2,525729 0,000403
фауна 1,272966 0,000203
феврале 1,203973 0,000192
февраля 0,051293 0,000057
федеральное 1,832581 0,000584
федерацией 2,995732 0,000477
федерации 0,544727 0,000087
физики 1,560648 0,000249
физико-географическая 0,843970 0,000135
физико-географическим 3,912023 0,000624
физико-географическое 2,659260 0,000424
физиография 3,912023 0,001247
фиксировался 3,912023 0,000624
фиксируется 2,813411 0,000448
филановского 3,912023 0,001871
филиппов 2,525729 0,000403
фитопланктона 3,506558 0,000559
флагом 2,813411 0,000448
флора 1,171183 0,000187
флотилия 2,407946 0,000384
флуктуации 3,912023 0,000624
фон 2,120264 0,000338
фонд -0,009950 -0,000002
фоне 1,560648 0,000497
форме 0,941609 0,000150
формирование 1,078810 0,000344
формировании 1,897120 0,000302
формирования 1,108663 0,000177
формируются 2,120264 0,000338
формы 0,941609 0,000150
форт-шевченко 3,218876 0,001026
фронт 1,714798 0,000273
фронтальной 3,912023 0,001247
функционировал 2,995732 0,000477
хазар 2,995732 0,000955
хазарским 3,912023 0,000624
хазарскими 3,912023 0,000624
хазарское 3,506558 0,000559
хазары 3,506558 0,000559
хаин 3,506558 0,000559
ханлар 3,912023 0,000624
ханство 2,207275 0,000704
характеристика 0,713350 0,000114
характерные 2,120264 0,000338
характеру 2,302585 0,000367
харовые 3,912023 0,000624
хвалисьское 3,912023 0,000624
хвалынская 3,912023 0,000624
хватает 0,843970 0,001345
хере-зире 3,912023 0,000624
хере-зиря 3,912023 0,000624
химическом 3,506558 0,000559
хищническая 3,912023 0,000624
хлор 3,912023 0,000624
хлоридов 3,912023 0,000624
хозяйственная 2,659260 0,000424
хозяйственное 2,659260 0,000848
хозяйственной 2,120264 0,000338
холодных 2,302585 0,000734
хорватская 1,897120 0,000302
хорошие 2,207275 0,000352
хотя 0,653926 0,000208
хуто 3,912023 0,000624
царству 3,218876 0,000513
царя 1,469676 0,000234
цветковых 3,506558 0,000559
целью 0,733969 0,000234
целях 1,171183 0,000747
цена 2,120264 0,000338
центр 0,400478 0,000064
центрально-азиатского 3,912023 0,000624
центре 0,673345 0,000107
цивилизации 2,040221 0,000325
цивилизаций 2,995732 0,000477
цикла 1,832581 0,000584
цикле 2,995732 0,000477
циклов 3,218876 0,000513
циркуляция 2,995732 0,000477
чалус 3,218876 0,000513
чапура 3,912023 0,000624
части 0,198451 0,000917
частично 0,653926 0,000104
частности 0,462035 0,000221
часто 0,415515 0,000066
часть 0,105361 0,000067
частях 1,609438 0,000257
чаще 1,171183 0,000187
челекено-огурчинский 3,912023 0,000624
челекенская 3,912023 0,000624
челекенскую 3,912023 0,000624
человек 0,400478 0,000255
человеком 2,040221 0,000325
черного 1,609438 0,000257
черное 2,040221 0,000325
черноморский 2,525729 0,000403
черноморскому 3,506558 0,000559
черноморье 3,506558 0,000559
черноярская 3,912023 0,000624
чернявский 3,506558 0,000559
черты 1,203973 0,000192
четвертичная 3,912023 0,000624
четвертичного 2,995732 0,000477
четко 1,897120 0,000302
чечень 3,912023 0,002494
чигиль 3,912023 0,001247
чилов 3,912023 0,001247
чингисхана 3,506558 0,000559
чис-ленности 3,912023 0,000624
численности 0,653926 0,000104
численность 0,653926 0,000104
число 0,478036 0,000152
чистой 2,659260 0,000848
читатьправитьправить 0,494296 0,000079
члены 1,966113 0,000313
чукотское 2,659260 0,000424
чурка 3,912023 0,000624
шалбар 3,912023 0,000624
шали 3,912023 0,000624
шантарское 2,995732 0,000477
шариата 3,912023 0,000624
шельф 2,813411 0,000448
шельфа 2,813411 0,000448
шельфе 2,813411 0,001794
шельфовых 3,912023 0,000624
ширинакарточка 3,506558 0,000559
широтным 3,506558 0,000559
шиховская 3,912023 0,000624
шлейф 3,912023 0,000624
шли 2,120264 0,000338
шлямин 3,912023 0,000624
щука 2,813411 0,000448
эволюция 2,207275 0,000704
экерем 3,218876 0,000513
экз 0,415515 0,000132
эколог 0,000000 0,000000
эколога 0,000000 0,000000
экологи 2,813411 0,000448
экологии 1,203973 0,000192
экологические 1,560648 0,000995
экологических 2,207275 0,000352
экологического 1,771957 0,000282
экологическое 1,771957 0,000282
экологической 1,560648 0,000497
экологическую 2,407946 0,000384
экология 0,693147 0,000110
экологов 3,506558 0,000559
экономике 1,714798 0,000273
экономики 0,713350 0,000114
экономическая 1,660731 0,000529
экономических 1,560648 0,000249
экономической 1,237874 0,000197
экономическую 2,120264 0,000338
экосистеме 2,813411 0,000448
экосистемы 2,302585 0,001101
экспедицией 2,995732 0,000477
экспедиционные 3,912023 0,000624
экспедиция 2,207275 0,000352
эксперт 1,714798 0,000273
эксперты 2,040221 0,000650
эксплуатацию 0,994252 0,000158
экспорт -0,009950 -0,000003
экспортировать 3,912023 0,000624
экстремально 3,506558 0,000559
экстремумы 3,506558 0,000559
электронный 1,469676 0,000234
эльтонской 3,912023 0,000624
эмба 3,912023 0,001247
энергетики 2,120264 0,000338
энергии 1,514128 0,000241
энзели 3,912023 0,000624
энциклопедии -0,009950 -0,000005
энциклопедия 0,210721 0,000168
энциклопедиясы 3,218876 0,000513
эоплейстоцена 3,912023 0,000624
эпоха 1,771957 0,000282
эпохи 1,139434 0,000363
эпоху 1,386294 0,000442
эрзянь 0,000000 0,000000
эры 1,560648 0,000249
эсенгулы 3,912023 0,001247
эстакадах 3,912023 0,000624
эта 0,000000 0,000000
этапе 1,714798 0,000820
этапы 1,714798 0,000273
этимология 0,616186 0,000196
этих 0,400478 0,000191
это 0,000000 0,000000
юге 1,078810 0,000516
юго-востоке 1,771957 0,000565
юго-востоку 2,040221 0,000325
юго-восточной 1,660731 0,000265
юго-восточном 2,995732 0,000477
юго-западе 2,302585 0,000367
юго-западного 2,407946 0,000384
юго-западном 2,659260 0,000424
южно-каспийской 3,912023 0,001247
южного 1,139434 0,000908
южной 0,733969 0,001053
южнокаспийской 3,912023 0,000624
южном 1,237874 0,000789
южный 0,755023 0,000602
южным 2,813411 0,000897
южных 1,897120 0,000302
юрия 1,660731 0,000265
яблонская 3,506558 0,000559
явился 3,506558 0,000559
является 0,094311 0,000060
являются 0,248461 0,000119
ядро 1,660731 0,000265
языках -0,009950 -0,000002
января 0,116534 0,000892
янина 3,506558 0,000559
японское 2,525729 0,000403
яшма 3,912023 0,000624
