абыйский 3,912023 0,000730
авар 3,912023 0,000730
аварийный 2,120264 0,000396
авария 1,771957 0,000992
август 0,072571 0,000176
авиабаза 3,218876 0,001803
авиамост 3,912023 0,000730
австралия 1,966113 0,000367
автономный 0,867501 0,000648
авторство -0,009950 -0,000002
агеева 1,469676 0,000274
агентство 0,798508 0,000149
адаптация 2,659260 0,000496
адаптивный 2,995732 0,001678
администрация 0,755023 0,000141
адмирал 1,832581 0,000342
аз 2,302585 0,000430
азия 0,755023 0,000705
айсберг 2,995732 0,001118
академик 1,203973 0,000225
академия 0,544727 0,000203
акватория 1,560648 0,001165
акт 1,237874 0,000231
активно 0,733969 0,000137
активность 1,309333 0,000244
актуальный 1,347074 0,000251
акционерный 1,832581 0,000342
алг 3,912023 0,000730
александр 0,462035 0,000259
александровна 3,506558 0,000655
аллаиховский 3,912023 0,000730
алсуфьев 3,506558 0,000655
алфавитувикипедия 0,776529 0,000145
алыкель 3,912023 0,000730
альянс 2,813411 0,001050
аляска 3,506558 0,000655
аляске 3,506558 0,001964
аляски 3,912023 0,001461
аляску 3,912023 0,000730
амбарный 3,912023 0,000730
амдерма 2,995732 0,000559
америка 1,386294 0,001553
американец 1,771957 0,000331
американский 0,994252 0,000742
анабарский 3,912023 0,000730
анадырь 2,813411 0,000525
анализ 0,967584 0,000361
англ 0,174353 0,000195
ангола 3,218876 0,000601
андрей 0,967584 0,000181
анкилоз 2,995732 0,000559
ант 3,912023 0,000730
антарктида 2,995732 0,000559
антарктика 2,302585 0,001289
антарктический 2,659260 0,000496
антибиотик 3,912023 0,000730
аппарат 1,469676 0,000823
апр 0,798508 0,000149
апрель 0,150823 0,000535
аргумент 1,108663 0,000207
арктик 3,912023 0,000730
арктик-фонд 3,912023 0,000730
арктика 2,120264 0,069660
арктикаклиматические 3,912023 0,000730
арктический 1,771957 0,023154
артемов 3,912023 0,000730
артур 3,218876 0,000601
арх 0,544727 0,000305
архангельск 1,771957 0,002315
архангельска 3,506558 0,000655
архангельске 3,506558 0,001309
архангельский 1,832581 0,001368
архивировать 0,020203 0,000223
архивный 0,248461 0,000603
архипелаг 2,525729 0,002357
аспект 1,469676 0,000274
ассоциироваться 2,525729 0,000471
аст 0,820981 0,000153
астероид 1,771957 0,000331
астрель 1,049822 0,000196
астрина 3,912023 0,000730
астрономия 2,207275 0,000824
атлантики 2,659260 0,000496
атлантический 1,609438 0,000901
атмосферный 1,386294 0,000259
атомный 1,660731 0,000620
атпу 3,912023 0,001461
африка 1,560648 0,000291
ашик 3,912023 0,000730
аэробилогия 3,912023 0,001461
аэробиологических 3,912023 0,000730
аэродром 1,237874 0,000693
баз 0,371064 0,000831
базирование 2,995732 0,001118
бактериальный 3,218876 0,001202
бактерия 2,813411 0,002626
баланс 1,609438 0,000300
балканский 2,525729 0,000471
банк 0,693147 0,000129
банковский 1,427116 0,000266
баран 2,659260 0,000993
баренцева 2,659260 0,001489
баренцевым 3,912023 0,001461
барзас 3,506558 0,000655
баррель 3,912023 0,002191
бассейн 0,653926 0,000732
баффина 3,912023 0,000730
баш 3,506558 0,000655
бедрицкого 3,912023 0,000730
безопасность 0,916291 0,001197
белое 0,994252 0,000186
беломорский 3,506558 0,000655
белуха 3,912023 0,000730
белый 0,867501 0,000324
беляк 3,506558 0,000655
берег 0,478036 0,000178
береговой 1,469676 0,000274
берелех 3,912023 0,000730
берингова 2,995732 0,000559
беринговом 3,506558 0,000655
бесповоротно 3,912023 0,000730
беспосадочный 3,912023 0,000730
беспрецедентный 3,218876 0,000601
бетонный 2,525729 0,000471
библиографический 0,083382 0,000031
библиотека 0,328504 0,000061
бизнес-класс 3,912023 0,000730
биоресурс 3,506558 0,000655
бифуркация 3,912023 0,001461
благодаря 0,527633 0,000197
ближний 1,469676 0,000274
близ 1,237874 0,000231
близкие 1,966113 0,000367
блок 1,347074 0,000251
боевой 1,237874 0,000231
большинство 0,342490 0,000064
большое 0,385662 0,000144
большой 0,040822 0,000114
бомбардировщик 2,995732 0,001118
борьба 0,820981 0,000153
ботнический 3,506558 0,000655
бочка 2,995732 0,001118
бригада 2,120264 0,000396
бритиш 3,912023 0,000730
брокгауза 0,328504 0,000061
буксировка 3,912023 0,000730
булунский 3,506558 0,000655
бурение 2,659260 0,000496
буровая 3,218876 0,000601
бухта 2,207275 0,000412
быстро 0,967584 0,000361
бытовой 1,560648 0,000291
быть -0,009950 -0,000006
бэс 3,506558 0,000655
бюджет 1,171183 0,000219
ваенга 3,912023 0,000730
важный 0,494296 0,000185
вайгач 3,912023 0,000730
вайда-губы 3,912023 0,000730
валерия 2,302585 0,000430
вариор 3,912023 0,000730
вблизи 1,139434 0,000638
ввод 1,347074 0,000251
ввс 2,995732 0,003915
вега 3,218876 0,000601
век 0,248461 0,000649
вектор 2,525729 0,000943
великий 0,356675 0,000200
великобритании 1,897120 0,000708
великобритания 2,120264 0,000396
вернуться 1,171183 0,000219
вероятность 2,040221 0,000381
версия -0,009950 -0,000004
верфь 2,525729 0,000471
верхнеколымский 3,912023 0,000730
верхоянский 3,218876 0,000601
вес 1,560648 0,000291
вести 0,356675 0,000067
вестись 0,673345 0,000126
вестник 1,049822 0,000196
весь 0,301105 0,000281
взвод 3,218876 0,000601
взрослый 1,609438 0,000300
вид 0,061875 0,000092
виза 2,525729 0,000471
визит 1,897120 0,000354
викиданных -0,009950 -0,000002
викимедиа -0,009950 -0,000002
википедии -0,009950 -0,000004
википедия -0,009950 -0,000006
викискладвикицитатникэлемент 2,659260 0,000496
викискладепортал 2,207275 0,000412
викискладстатьи 0,891598 0,000166
викисловарецитаты 1,108663 0,000207
викисловарьстатьи 1,347074 0,000251
викицитатникемедиафайлы 1,469676 0,000274
викицитатникстатьи 2,207275 0,000412
вильфанда 3,912023 0,000730
включать 0,235722 0,000044
включая 0,527633 0,000295
включить 0,634878 0,000119
владение 0,916291 0,000855
владимир 0,653926 0,000244
владимирович 1,771957 0,000331
вмс 3,506558 0,000655
вмф 2,207275 0,000412
внесение 1,560648 0,000583
внешельфовая 3,912023 0,000730
внешнее 1,609438 0,000300
внешний 0,051293 0,000029
внииокеангеология 3,506558 0,000655
внутренний 0,314711 0,000059
вода 0,527633 0,000788
водный 0,562119 0,000315
военно-воздушный 2,995732 0,000559
военно-морской 2,120264 0,000792
военное 0,916291 0,001882
военнослужащий 2,525729 0,000943
военный 0,494296 0,001569
возвратить 1,469676 0,000274
воздействие 1,021651 0,000381
воздух 0,616186 0,000460
воздушный 0,798508 0,000596
возможность 0,314711 0,000176
вознаграждать 3,912023 0,000730
возникнуть 0,653926 0,000122
возрастать 1,897120 0,000708
война 0,430783 0,000402
войско 0,798508 0,000149
войти 0,634878 0,000119
волк 1,771957 0,000331
волна 0,916291 0,000171
волшебный 0,030459 0,000006
вопрос 0,371064 0,000416
воркута 1,237874 0,000231
воробьева 2,659260 0,000496
воронеж 1,203973 0,000225
восемь 1,469676 0,000274
восполнение 3,506558 0,000655
воссоздавать 3,506558 0,000655
воссоздание 2,525729 0,000943
восстановление 1,078810 0,000201
восток 0,494296 0,000277
восточно-сибирским 3,506558 0,000655
восточно-сибирское 2,407946 0,000449
восточный 0,430783 0,000804
впервые 0,385662 0,000360
вполне 2,407946 0,000449
впоследствии 0,653926 0,000122
врангеля 2,659260 0,000496
временивикипедия 2,407946 0,000449
время 0,020203 0,000057
все 0,040822 0,000008
всемирный 0,891598 0,000333
всероссийский 0,634878 0,000119
вскользь 3,912023 0,000730
встретить 1,966113 0,000367
встречаться 0,713350 0,000266
втора 0,274437 0,000154
второй 0,891598 0,000166
втягиваться 3,912023 0,000730
вывезти 2,813411 0,000525
вывоз 2,659260 0,000496
вывозиться 2,813411 0,000525
выгода 2,813411 0,000525
выгодный 1,771957 0,000331
выделить 0,544727 0,000102
выделять 1,139434 0,000213
выживаемость 3,912023 0,000730
вызвать 1,049822 0,000196
вызов 2,040221 0,001143
выйти 0,798508 0,000447
выкуп 3,912023 0,000730
вымирание 2,995732 0,000559
вынудить 1,514128 0,000283
вып 0,798508 0,000745
выполнять 0,867501 0,000162
выпуск 0,693147 0,000129
вырасти 1,108663 0,000414
высадить 2,525729 0,000471
высадка 2,813411 0,001050
высокий 0,139262 0,000130
высота 0,415515 0,000078
выступать 0,916291 0,000342
выход 1,078810 0,000403
выше 0,616186 0,000115
выявить 1,514128 0,001131
газ 0,941609 0,000703
газета 0,579818 0,000433
газовый 1,469676 0,000274
газпром 1,714798 0,000960
гектар 1,609438 0,000601
ген 3,218876 0,002403
генеральный 0,755023 0,000564
генрик 3,912023 0,000730
географический 0,356675 0,000333
география 0,415515 0,000078
геологический 1,139434 0,000213
геологоразведка 3,218876 0,000601
геополитический 2,302585 0,001289
гера 1,272966 0,000238
герасимова 3,912023 0,000730
гетерогенность 3,912023 0,000730
гидрометцентр 2,813411 0,001050
глава 0,494296 0,000185
главный 0,210721 0,000039
глобализация 2,995732 0,001678
глобальный 1,203973 0,000674
глубина 1,139434 0,000425
глубокий 1,078810 0,000403
глубоководный 2,302585 0,002579
гнездиться 2,525729 0,000471
год -0,009950 -0,000308
годовой 0,994252 0,000186
голод 1,966113 0,000367
гольфстрим 3,506558 0,000655
гора 0,616186 0,000115
гораздо 1,714798 0,000640
гористый 2,525729 0,000471
горностай 2,207275 0,000412
город 0,371064 0,000069
городской 0,544727 0,000610
горючее 2,995732 0,000559
госдумы 3,218876 0,001202
господствовать 1,897120 0,000354
государственный 0,261365 0,000146
государство 0,579818 0,000758
гофмана 3,506558 0,000655
гпнтб 3,218876 0,000601
градус 1,514128 0,000848
граница 0,356675 0,000466
граничить 1,832581 0,000342
гренландии 3,912023 0,005842
гренландию 3,912023 0,001461
гренландия 2,995732 0,002237
гренландский 3,912023 0,000730
греча 1,427116 0,000266
греческий 1,469676 0,000274
греэм-белл 3,912023 0,000730
гринвича 3,506558 0,001309
гринпис 3,218876 0,000601
грозить 2,813411 0,001050
громова 3,506558 0,000655
груз 1,309333 0,000244
группа 0,314711 0,000117
группировка 2,207275 0,000824
гсм 3,912023 0,000730
губа 2,207275 0,000412
гунбьерн 3,912023 0,000730
густой 2,525729 0,000471
гуцуляк 3,912023 0,000730
давать 0,820981 0,000153
далдыкан 3,912023 0,000730
далеко 1,347074 0,000251
дальний 0,446287 0,000417
данаева 3,912023 0,000730
данией 3,506558 0,001309
дании 2,659260 0,001489
данилов 3,218876 0,000601
дания 2,407946 0,000899
дата 0,030459 0,000279
датский 0,328504 0,000184
дать 0,072571 0,000135
два 0,150823 0,000056
двины 3,912023 0,000730
девять 1,609438 0,000300
дежнев 2,995732 0,000559
действие 0,776529 0,000290
действительно 2,302585 0,000430
действовать -0,009950 -0,000007
декабрь 0,094311 0,000123
день 0,210721 0,000079
департамент 1,386294 0,000259
депутат 0,776529 0,000290
дерево 0,867501 0,000162
держава 2,040221 0,000381
десант 2,995732 0,001118
детально 2,813411 0,000525
дешевый 2,302585 0,000430
дизельный 2,659260 0,000496
дикий 1,469676 0,000823
динамик 1,272966 0,000238
диомида 3,912023 0,000730
дир 3,912023 0,000730
директор 1,272966 0,001426
дискуссия 1,660731 0,000310
длина 0,579818 0,000108
длиннохвостый 3,506558 0,000655
длиться 1,771957 0,000331
дмитрий 0,967584 0,000181
дно 1,469676 0,001372
добавить 0,562119 0,000210
добиться 2,040221 0,000381
добраться 2,120264 0,000396
добромыслова 3,912023 0,000730
добывать 2,407946 0,000449
добыча 1,386294 0,001553
додин 3,506558 0,000655
доказательство 1,660731 0,000310
доказать 2,040221 0,000762
доклад 1,237874 0,000231
документальный 1,427116 0,000266
долгано-эвенкийский 3,912023 0,000730
долгий 1,021651 0,000191
долговечность 3,912023 0,000730
долгота 0,820981 0,000613
должный 0,356675 0,000067
долина 0,916291 0,000171
домик 2,995732 0,000559
дональд 2,525729 0,000471
донской 1,714798 0,000320
дополнение 1,771957 0,000331
дополнительный -0,009950 -0,000002
дорожный 1,021651 0,000381
доставка 1,966113 0,000367
достигать 0,843970 0,000158
достичь 0,733969 0,000822
доступность 1,427116 0,000266
доступный -0,009950 -0,000002
дочерний 1,897120 0,000354
древние 0,967584 0,000361
дрейфовать 3,506558 0,004582
дробно -0,009950 -0,000002
другой -0,009950 -0,000017
дыра 2,813411 0,001050
дэйв 3,506558 0,000655
евразия 1,347074 0,000503
евро-арктический 3,506558 0,000655
европа 0,301105 0,000225
европейский 0,494296 0,000092
единица 0,478036 0,000089
единый 0,544727 0,000102
ежегодно 0,916291 0,000171
ежегодный 1,171183 0,000219
елецкий 2,995732 0,000559
енисея 2,302585 0,000430
естественный 0,776529 0,000290
ефрона 0,328504 0,000061
ждать 1,966113 0,000367
железнодорожный 0,579818 0,000108
жемчужина 2,207275 0,000412
жесткий 1,966113 0,000367
животное 0,798508 0,000894
животный 1,714798 0,000320
жиганский 3,912023 0,000730
жизнеспособный 3,912023 0,001461
жизнь 0,342490 0,000320
житель 0,562119 0,000105
жить 0,820981 0,000153
журнал 0,301105 0,000169
журналист 1,660731 0,000310
завершение 1,609438 0,000300
завершить 0,867501 0,000162
завершиться 1,309333 0,000244
зависеть 1,171183 0,000656
завоз 3,218876 0,000601
завтра 2,207275 0,000412
заглавный -0,009950 -0,000002
загорский 3,912023 0,001461
загрязнение 0,891598 0,000333
загрязнить 1,514128 0,000848
загрязнять 1,514128 0,000283
задача 0,820981 0,000307
заинтересованность 2,995732 0,001118
заинтересовать 2,813411 0,000525
закавказье 2,040221 0,000381
закачиваться 3,912023 0,000730
закрепить 1,771957 0,000662
закупка 2,995732 0,000559
залив 1,609438 0,000601
замгубернатора 3,912023 0,000730
заместитель 1,514128 0,000283
занять 0,693147 0,000129
запад 0,634878 0,000119
западный 0,462035 0,000690
запас 1,560648 0,000874
запереть 3,912023 0,000730
записьвойти -0,009950 -0,000002
заполярье 3,912023 0,003651
запрос 1,021651 0,000191
запуск 1,347074 0,000251
запустить 0,755023 0,000141
зарегистрировать -0,009950 -0,000002
зарубежный 0,994252 0,000186
зато 1,560648 0,000291
затонуть 2,659260 0,000496
зафиксировать 1,078810 0,000201
зафрахтовать 3,912023 0,000730
защита 0,616186 0,000115
защитить 1,139434 0,000213
заявить 1,386294 0,002329
заявка 2,120264 0,001187
заявление -0,009950 -0,000002
заявлять 2,525729 0,000471
заяц 1,897120 0,000354
звезда 0,916291 0,000342
здание 0,673345 0,000126
здоровье 1,203973 0,000449
земля 0,400478 0,001794
зеньков 3,912023 0,000730
зима 0,478036 0,000089
зимний 0,798508 0,000298
зимовка 3,506558 0,000655
злак 2,659260 0,000496
знак -0,009950 -0,000004
знаменитый 0,967584 0,000181
знание 1,108663 0,000414
значение 0,061875 0,000092
значительно 0,510826 0,000191
значительный 0,328504 0,000184
золото 1,469676 0,000274
зона 0,400478 0,001420
зоныгеографические 3,912023 0,000730
зрение 1,203973 0,000225
иваном 2,040221 0,000381
играть 0,867501 0,000162
идет 1,078810 0,000201
из-за 0,415515 0,000078
из-под 2,995732 0,000559
известие 0,994252 0,000371
известный 0,287682 0,000107
изд 0,314711 0,000176
изд-ва 3,912023 0,000730
издание 0,415515 0,000078
издательство 0,494296 0,000277
излучение 2,525729 0,000471
изменение 0,301105 0,000731
измерение 1,771957 0,000331
изобретение 2,302585 0,000430
изолировать 2,120264 0,000396
изотерма 3,912023 0,000730
изредка 2,525729 0,000471
изучение 0,713350 0,000266
изучить 2,040221 0,000381
иллюстрация 2,525729 0,000943
ильей 3,506558 0,000655
илья 2,040221 0,000381
иметь 0,094311 0,000106
иметься 0,385662 0,000144
импакции 3,912023 0,000730
империя 0,653926 0,000122
имэмо 3,506558 0,001309
имя 0,274437 0,000102
инвестиция 1,237874 0,000231
индивид 3,506558 0,000655
индий 1,609438 0,000601
индийский 1,609438 0,000300
инженер 1,139434 0,000213
инженеров-строителей 3,912023 0,000730
инициировать 2,302585 0,000430
институт 0,371064 0,000277
инструмент -0,009950 -0,000004
инструментальная 2,659260 0,000496
интегрировать 1,771957 0,000662
интенсивность 2,120264 0,000792
интерес 1,021651 0,001526
информационно-аналитический 2,659260 0,000496
инфраструктура 0,891598 0,000666
искать 1,966113 0,000367
исключительно 1,272966 0,000238
исключительный 2,207275 0,000412
исконный 3,218876 0,000601
ископаемое 1,560648 0,000583
искусственный 0,916291 0,000171
исландию 3,912023 0,000730
исландия 2,407946 0,000449
использование -0,009950 -0,000015
использовать 0,020203 0,000015
испытывать 1,560648 0,000583
исследование 0,462035 0,000690
исследователь 0,941609 0,000527
исследовательский 1,237874 0,000231
исследовать 1,469676 0,000823
история 0,051293 0,000029
источник -0,009950 -0,000004
источниковвикипедия 1,966113 0,000367
истребитель 2,995732 0,001118
исходить 1,832581 0,000684
исчезновение 2,120264 0,001187
итог 0,494296 0,000277
июле-августе 3,912023 0,000730
июль 0,116534 0,000283
июнь 0,116534 0,000413
йенс 3,912023 0,001461
каждый 0,261365 0,000049
каир 3,912023 0,000730
каминский 3,506558 0,000655
кампания 2,040221 0,000381
канада 2,207275 0,002884
канадой 3,506558 0,001309
канадский 1,897120 0,000354
канады 2,995732 0,000559
канал 0,673345 0,000251
капельный 3,912023 0,000730
капитальный 1,660731 0,000310
карелия 2,525729 0,000471
кариб 2,995732 0,000559
карликовый 3,218876 0,000601
карским 3,912023 0,000730
карских 3,912023 0,000730
карское 2,302585 0,000430
карт 0,301105 0,000281
каспийский 1,514128 0,000283
каталанский 0,527633 0,000098
каталог 0,094311 0,000018
катастрофа 1,514128 0,000848
категория -0,009950 -0,000006
кауфманн 3,912023 0,000730
квадратный 1,660731 0,000310
кекурском 3,912023 0,000730
кемский 3,912023 0,000730
кит 2,207275 0,000412
китай 0,776529 0,000725
китообразные 3,506558 0,000655
клевер 3,912023 0,000730
клеточный 3,218876 0,000601
климат 0,446287 0,001250
климатический 1,049822 0,000588
клименко 2,995732 0,000559
кнр 2,207275 0,001236
код -0,009950 -0,000052
кодекс -0,009950 -0,000002
кодистория 0,116534 0,000022
кожа 2,407946 0,000449
кокин 3,912023 0,000730
колебание 1,386294 0,000776
колебаться 1,714798 0,000320
количество 0,210721 0,000157
колониеобразующих 3,912023 0,000730
колымы 3,218876 0,001202
кольским 3,912023 0,000730
кольского 3,912023 0,001461
кольское 3,912023 0,000730
команда 0,798508 0,000298
коми 1,514128 0,000565
комлева 3,912023 0,000730
компания 0,371064 0,000346
комплекс 0,579818 0,000216
компонент 0,967584 0,000181
конвенция 2,407946 0,002697
конец 0,198451 0,000074
конкретизациивикипедия 1,714798 0,000320
континентальный 0,527633 0,000197
конфиденциальность -0,009950 -0,000002
конфронтация 3,912023 0,002191
концентрический 3,912023 0,000730
конышев 3,912023 0,006572
копие 0,223144 0,000625
корабль 1,469676 0,000274
коридор 1,966113 0,000367
корить 1,309333 0,000489
кормовой 2,813411 0,000525
корнуоллис 3,912023 0,000730
королевство 2,995732 0,000559
корона 1,660731 0,000310
короткий -0,009950 -0,000002
косатка 3,912023 0,000730
космос 1,237874 0,000231
костенич 3,912023 0,000730
котельный 3,506558 0,000655
котловина 1,897120 0,000354
котляков 2,813411 0,001050
который 0,000000 0,000000
кочевник 2,040221 0,000381
край 0,544727 0,000203
крайне 1,832581 0,000342
крайний 1,514128 0,000565
крамник 3,506558 0,000655
красная 0,713350 0,000266
красноярский 1,609438 0,000601
краткий 0,653926 0,000244
крейсер 2,813411 0,000525
критический 1,966113 0,000367
кром 0,235722 0,000264
кроссполярный 3,912023 0,000730
круг 0,967584 0,000903
круглогодичный 2,525729 0,000471
круглосуточный 2,302585 0,000860
круглый 1,897120 0,000354
кругосвет 1,560648 0,000291
крузенштерна 3,912023 0,000730
крупный 0,210721 0,000197
крылатые 3,912023 0,000730
кудряшова 3,506558 0,000655
кузюк 3,912023 0,000730
куи 3,912023 0,000730
куйский 3,912023 0,000730
куки -0,009950 -0,000002
культура 0,356675 0,000200
культурный 0,597837 0,000223
купить 2,525729 0,000943
курий 2,995732 0,000559
кустарник 1,771957 0,000662
кэтрин 3,912023 0,000730
лагерь 1,514128 0,000283
лагутина 3,912023 0,001461
лакуна 3,912023 0,000730
лапландия 3,912023 0,000730
лаптевой 2,302585 0,000860
латинский 2,040221 0,000381
лед 1,171183 0,004154
ледник 2,120264 0,000396
ледовитость 3,912023 0,000730
ледовитый 1,514128 0,003957
ледовый 1,078810 0,000806
ледокол 2,525729 0,001886
ледокольный 3,912023 0,000730
ледяной 2,407946 0,002697
лемминг 2,995732 0,000559
лен 2,207275 0,000412
ленинградский 1,560648 0,000291
лес 0,733969 0,000137
лет 0,597837 0,000335
летний 0,579818 0,000433
ликвидация 1,609438 0,000901
линия 0,462035 0,000086
лиссабонский 3,912023 0,000730
литература 0,051293 0,000019
литературный 0,867501 0,000162
литовский 1,203973 0,000225
лицензия -0,009950 -0,000004
лишайник 2,995732 0,001678
лишить 1,771957 0,000331
лишиться 2,040221 0,000381
лишь 0,478036 0,000268
лки 3,912023 0,000730
лодка 1,660731 0,000620
ломоносова 2,040221 0,001523
лоухский 3,912023 0,000730
луч 1,897120 0,000354
льдина 3,912023 0,000730
любой 1,386294 0,000518
люди 0,755023 0,000141
мазур 3,912023 0,001461
май 0,127833 0,000310
мак 2,995732 0,000559
максим 1,237874 0,000462
мала 1,237874 0,000231
мало 0,579818 0,000216
малое 0,994252 0,000186
малоледовитые 3,912023 0,000730
малочисленный 2,813411 0,000525
малый 0,139262 0,000078
мамонтовый 3,912023 0,000730
мангазейский 3,506558 0,000655
мандель 3,506558 0,000655
маркушина 3,912023 0,000730
март 0,116534 0,000413
масса 0,916291 0,000684
масштаб 1,108663 0,000207
масштабный 1,139434 0,000213
материал -0,009950 -0,000002
материк 2,040221 0,001523
материковый 1,966113 0,000734
маяк 1,078810 0,000201
медведица 2,659260 0,001489
медведь 1,660731 0,001240
медвежий 2,813411 0,000525
медицина 1,309333 0,000489
медленно 1,832581 0,000684
международный 0,385662 0,001080
мезенский 3,912023 0,000730
меланезия 2,995732 0,000559
меланин 3,912023 0,000730
менделеева 2,659260 0,000496
мера 0,820981 0,000153
меридиан 2,207275 0,001236
мертвый 2,525729 0,000471
место 0,139262 0,000078
месторождение 1,427116 0,001332
месяц 0,415515 0,000310
металлолом 3,218876 0,001202
метод 1,049822 0,000392
метр 0,653926 0,000488
метровый 1,714798 0,000320
микронезия 2,659260 0,000496
микроорганизм 2,407946 0,000449
миллион 0,776529 0,000580
миль 2,995732 0,002237
мильная 3,912023 0,000730
минеральный 1,139434 0,000425
минимальный 1,347074 0,000251
минимум 0,653926 0,000488
министерство 0,653926 0,000244
минприроды 2,659260 0,001489
минута 1,272966 0,000475
мир 0,094311 0,000317
мировая 0,527633 0,000788
мировоззрение 2,407946 0,000449
миф 1,966113 0,000367
михаилом 2,813411 0,000525
млн 0,462035 0,000862
млрд 0,820981 0,001226
многие 0,356675 0,000200
много 0,150823 0,000084
многолетнемерзлый 3,506558 0,000655
многометровый 3,912023 0,000730
многочисленный 0,693147 0,000129
мобильный -0,009950 -0,000002
модель 0,891598 0,000166
момент 0,527633 0,000098
момский 3,912023 0,000730
мониторинг 1,108663 0,000207
мор 1,021651 0,000572
мораторий 3,506558 0,000655
море 0,562119 0,001259
мореплаватель 2,995732 0,000559
морж 3,218876 0,000601
морской 0,994252 0,004454
москва 0,400478 0,000150
москву 1,139434 0,000213
московский 0,527633 0,000197
мох 2,302585 0,001289
мочь -0,009950 -0,000002
мощность 1,386294 0,000776
мпа 3,506558 0,000655
мультигрузовыми 3,912023 0,000730
мурманск 2,207275 0,000412
мурманска 3,506558 0,000655
мурманский 2,659260 0,001489
мусор 1,897120 0,001062
мутация 3,506558 0,001964
мыс 1,386294 0,000776
наблюдаться 0,755023 0,000141
наблюдение 1,108663 0,000828
навигация -0,009950 -0,000007
нагурское 3,912023 0,000730
надводный 3,506558 0,000655
надежно 3,506558 0,000655
назад 1,108663 0,000207
название 0,105361 0,000138
назвать 0,371064 0,000208
наземный 1,609438 0,000300
называть 0,174353 0,000098
называться 0,328504 0,000061
наиболее 0,139262 0,000052
накопить 2,120264 0,000396
намереваться 3,218876 0,000601
намерение 2,207275 0,000412
намерить 2,207275 0,000824
нанести 1,832581 0,000342
нансен 3,506558 0,000655
нападение 1,832581 0,000342
направить 0,867501 0,000162
направление 0,385662 0,000288
напряженность 2,995732 0,000559
напрямую 1,660731 0,000310
напрячь 2,659260 0,000496
наращивать 3,218876 0,000601
нарвал 3,912023 0,000730
народ 0,579818 0,000649
нарьян-мар 2,995732 0,000559
население 0,462035 0,000345
настоящее 0,287682 0,000215
наталия 2,302585 0,000430
нато 3,506558 0,009819
наука 0,235722 0,000088
науч 1,714798 0,000320
научно-исследовательский 0,798508 0,000149
научно-образовательный 0,967584 0,000181
научный 0,248461 0,000139
находиться 0,174353 0,000195
национальный 0,342490 0,000575
начало 0,116534 0,000109
начать 0,510826 0,000095
начаться 0,562119 0,000420
нво 3,912023 0,000730
небольшое 1,427116 0,000266
небольшой 0,494296 0,000092
невозможно 1,832581 0,000342
недостаток 0,579818 0,000108
недоступный 0,446287 0,000083
недра 2,525729 0,000471
некоммерческий -0,009950 -0,000002
некоторые 0,127833 0,000143
немецкий 0,798508 0,000149
немцова 2,995732 0,000559
ненецкий 2,659260 0,000993
необходимо 1,237874 0,000231
необходимое 1,771957 0,000331
неполярный 3,912023 0,000730
непроходимый 3,218876 0,000601
нерабочий 0,994252 0,000186
неразработанных 3,912023 0,000730
нередко 1,108663 0,000207
несколько 0,116534 0,000044
несмотря 0,755023 0,000141
нестратегические 3,912023 0,000730
неудобство 2,659260 0,000496
неуклонно 2,995732 0,000559
нефтегазовый 2,120264 0,001187
нефтедобывающий 3,506558 0,000655
нефтепродукт 1,660731 0,000620
нефть 1,347074 0,004275
нефтяной 1,514128 0,001131
нефункционирующие 3,912023 0,000730
нечисловыми 2,659260 0,000496
неяглова-колосова 3,912023 0,000730
нигде 2,525729 0,000471
ниже 0,693147 0,000388
нижнеколымский 3,912023 0,000730
низкий 0,843970 0,000788
никак 2,813411 0,000525
никель 2,407946 0,000449
никто 2,120264 0,000396
новодвинск 3,912023 0,000730
новое 0,287682 0,000107
новосибирский 1,714798 0,000640
новость 0,544727 0,000712
новый 0,083382 0,000171
нодельман 3,912023 0,000730
норвегией 3,912023 0,000730
норвегии 2,659260 0,000993
норвегия 2,659260 0,000496
норвежский 0,248461 0,000139
норденшельд 3,912023 0,000730
норденшельда 3,912023 0,000730
норильск 1,203973 0,000225
норильске 3,912023 0,001461
норильско-таймырской 3,912023 0,000730
норма 0,597837 0,000223
норникеля 3,912023 0,000730
нортон 3,912023 0,000730
ночь 1,309333 0,000244
ноябрь 0,127833 0,000119
нтэк 3,912023 0,000730
нулевой 1,609438 0,000300
нуналивут 3,912023 0,000730
ныне 0,653926 0,000122
оао 0,916291 0,000171
обамы 3,912023 0,000730
обеспечивать 0,415515 0,000078
оби 2,207275 0,000824
обитаемый 3,506558 0,000655
обитание 2,040221 0,000762
обитатель 2,120264 0,000792
обитать 1,469676 0,000549
область 0,150823 0,000225
обнаружить 1,021651 0,000954
обозначать 1,609438 0,000300
обозначение 1,386294 0,000259
обозреватель 3,218876 0,000601
обозрение 1,897120 0,000354
обойти 2,207275 0,000412
обойтись 2,040221 0,000381
оборона 1,108663 0,000414
оборудование 0,653926 0,000122
обоснование 1,966113 0,000367
образ 0,287682 0,000269
образец 1,203973 0,000225
образовать 0,385662 0,000072
обращение 0,030459 0,000279
обследовать 2,813411 0,000525
обслуживание 0,941609 0,000176
обстановка 1,386294 0,000259
обусловить 1,237874 0,000231
обусловливать 2,659260 0,000496
общее 0,301105 0,000169
общеевропейский 3,912023 0,000730
общество 0,415515 0,000388
общий 0,186330 0,000139
объект 0,235722 0,000176
объявить 0,798508 0,000298
объявление 1,966113 0,000734
объявляться 2,995732 0,001678
объяснить 1,966113 0,000367
овцебык 3,218876 0,001202
огонек 3,506558 0,000655
ограничивать 2,120264 0,000396
ограничить 0,653926 0,000122
огромный 0,776529 0,000290
один 0,051293 0,000029
одинаковый 1,714798 0,000320
однако 0,174353 0,000065
одноименный 0,967584 0,000181
ожидать 1,272966 0,000238
озеро 0,673345 0,000126
означать 0,798508 0,000149
озоновый 3,218876 0,001202
оказаться 0,820981 0,000153
океан 0,994252 0,003712
океания 2,525729 0,000471
оккупация 2,207275 0,000412
окно 1,714798 0,000320
околоарктическим 3,912023 0,000730
окраина 1,049822 0,000392
окраинный 2,525729 0,000471
округ 0,562119 0,000944
окружать 0,755023 0,000141
октябрь 0,072571 0,000230
оленеводство 3,912023 0,000730
оленекский 3,506558 0,000655
олень 2,207275 0,000824
омываться 2,995732 0,000559
онежский 2,995732 0,000559
онлайн 0,198451 0,000037
оон 1,560648 0,000291
ооо 0,843970 0,000158
опасность 1,832581 0,000684
опасный 1,272966 0,000238
описание -0,009950 -0,000002
описать 1,347074 0,000251
опорный 1,560648 0,000291
определение 0,967584 0,000181
определить 0,527633 0,000394
определять 0,867501 0,000162
определяться 1,078810 0,000201
оптимизация 2,207275 0,000412
опускаться 1,714798 0,000320
организация -0,009950 -0,000009
орел 1,386294 0,000259
оригинал 0,139262 0,000104
освещенность 3,912023 0,000730
освоение 1,309333 0,002933
осипов 0,527633 0,000098
осложняться 2,995732 0,000559
оснастить 1,714798 0,000320
основа 0,210721 0,000039
основание 0,494296 0,000092
основное 0,235722 0,000044
основной 0,040822 0,000069
основываться 1,560648 0,000291
особенно 0,562119 0,000105
особенность 0,693147 0,000518
особенный 3,218876 0,000601
особый 0,776529 0,000145
осознание 3,506558 0,000655
осока 3,506558 0,000655
оспариваться 2,995732 0,000559
остальное 1,897120 0,000354
остров 0,820981 0,003218
острота 3,912023 0,000730
осуществить 1,237874 0,000231
осуществление 1,427116 0,000266
осуществлять 0,597837 0,000112
отбор 2,040221 0,000381
отв 0,755023 0,000423
ответ 0,941609 0,000176
ответственность -0,009950 -0,000004
отвечать 1,609438 0,000300
отгрузить 1,386294 0,000518
отделение 0,713350 0,000266
отдельный -0,009950 -0,000002
отечественный 0,634878 0,000119
отказ -0,009950 -0,000002
отказаться 1,427116 0,000266
отклонить 3,218876 0,000601
открыть 0,150823 0,000113
отличие 0,798508 0,000149
относиться 0,328504 0,000184
отношение 0,430783 0,000322
отправиться 2,040221 0,000381
отрабатываться 3,506558 0,000655
отработка 3,912023 0,000730
отражать 1,309333 0,000244
отредактировать -0,009950 -0,000002
отрицательный 2,120264 0,000396
отставной 2,995732 0,000559
отход 1,514128 0,000848
официально 0,693147 0,000259
оформиться 3,912023 0,000730
охватывать 1,237874 0,000231
охота 1,966113 0,000367
охотиться 3,506558 0,000655
охрана 0,843970 0,000315
оцениваться 1,560648 0,000583
оценить 1,832581 0,000342
оценка 0,400478 0,000150
очень 0,494296 0,000185
очередь 0,510826 0,000191
очистить 2,120264 0,001583
очистка 1,771957 0,002977
очистной 1,832581 0,000342
ошибкекак -0,009950 -0,000002
память 0,820981 0,000307
панорама 1,203973 0,000225
парламентский 2,813411 0,000525
паровой 2,407946 0,000449
пароход 2,207275 0,000412
партнер 1,514128 0,000283
партнерство 1,771957 0,000331
паулсен 3,506558 0,001309
пво 2,813411 0,000525
первое 0,150823 0,000141
первоначально 1,203973 0,000225
первопроходец 3,218876 0,000601
первый 0,162519 0,000334
перебросить 2,813411 0,000525
перевозка 0,891598 0,000166
перегреться 3,912023 0,000730
перейти -0,009950 -0,000006
перекресток 1,237874 0,000231
перелет 2,659260 0,000993
перелетный 3,912023 0,000730
переоценить 3,506558 0,000655
переходить 1,237874 0,000231
перечислить 1,966113 0,000367
период 0,274437 0,000512
персональный -0,009950 -0,000002
перспектива 1,049822 0,000784
перспективный 1,966113 0,000734
перфильевым 3,912023 0,000730
песец 3,218876 0,000601
петр 1,108663 0,000207
петролеум 3,912023 0,000730
пехота 3,506558 0,000655
пехотный 2,407946 0,000449
печать -0,009950 -0,000004
печорский 2,813411 0,000525
пик 1,609438 0,000300
пиренейский 2,995732 0,000559
питание 1,171183 0,000219
пища 2,995732 0,000559
плавание 1,714798 0,000960
плакировать 3,912023 0,000730
план 0,527633 0,000098
планета 1,309333 0,000244
планировать 1,272966 0,000713
планироваться 0,891598 0,000832
пластина 3,912023 0,000730
платформа 1,049822 0,000980
плацдарм 2,995732 0,000559
плотность 0,634878 0,000119
плохо 2,525729 0,000471
площадка 0,867501 0,000162
площадь 0,385662 0,001008
побережье 1,171183 0,001312
побуждать 3,506558 0,000655
поведение -0,009950 -0,000002
повысить 1,021651 0,000191
повышаться 2,525729 0,000943
поглощать 2,813411 0,000525
погода 0,693147 0,000518
погранзастава 3,912023 0,000730
погружение 2,995732 0,001118
подводник 3,506558 0,000655
подводной 1,514128 0,001696
поддаваться 2,659260 0,000496
поддерживаться 1,660731 0,000310
поделить 2,813411 0,001050
подключиться 2,995732 0,000559
подледный 3,912023 0,000730
подобный 0,994252 0,000186
подписать 0,941609 0,000352
подразделение 1,514128 0,000283
подстилка 3,506558 0,000655
подход 0,994252 0,000557
подходный 3,912023 0,000730
подъездной 2,813411 0,000525
позволять 0,462035 0,000086
поздно 0,713350 0,000133
поиск -0,009950 -0,000006
показатель 0,494296 0,000277
показать 0,891598 0,000333
показывать 1,237874 0,000231
покров 0,843970 0,000630
покрыть 1,309333 0,000244
покупка 2,302585 0,000430
полезный 1,203973 0,000449
полет 1,609438 0,000300
полигон 2,120264 0,001187
полинезия 2,659260 0,000496
политик -0,009950 -0,000013
политика 2,995732 0,000559
политический 0,597837 0,000112
полковник 1,771957 0,000331
полностью 0,400478 0,000523
полный 0,328504 0,000184
половина 0,430783 0,000241
полоса 0,916291 0,000171
полтора 2,040221 0,000381
полуостров 1,171183 0,001093
получать 0,916291 0,000171
получить 0,150823 0,000169
полушарие 2,407946 0,000449
полюс 2,302585 0,005158
полярник 3,912023 0,000730
полярный 1,347074 0,006538
поморье 3,506558 0,000655
помочь 1,171183 0,000219
помощь 0,342490 0,000064
понизить 2,813411 0,000525
понизиться 3,912023 0,000730
популярный 0,891598 0,000166
популяция 2,407946 0,001348
попытка 1,272966 0,000238
поразить 2,995732 0,000559
порода 1,427116 0,000266
порт 0,733969 0,001096
портал 0,342490 0,000192
портовый 2,040221 0,001143
посвятить 0,634878 0,000119
поселение 0,634878 0,000119
поселок 0,634878 0,000356
поскольку 0,941609 0,000527
посланник 3,912023 0,000730
последний -0,009950 -0,000007
последовать 2,302585 0,000430
последствие 1,427116 0,000799
послужить 1,469676 0,000274
поспелов 1,021651 0,000381
постановление 0,891598 0,000666
постоянная 0,843970 0,000158
постоянно 1,108663 0,000207
построить 0,301105 0,000056
потенциал 0,967584 0,000181
потенциальный 1,832581 0,000342
потепление 2,040221 0,002285
потеря 1,660731 0,000310
потратить 2,040221 0,000381
потребляться 3,912023 0,000730
потребовать 2,040221 0,000381
поэтому 0,616186 0,000230
появиться 0,248461 0,000232
поясаскрытые 3,912023 0,000730
правда 0,820981 0,000153
правительство 0,510826 0,000095
править -0,009950 -0,000108
правкиновые -0,009950 -0,000002
правкипостоянная -0,009950 -0,000002
право 0,314711 0,000529
правовой 1,021651 0,002289
прадхо-бей 3,912023 0,000730
практик 1,049822 0,000196
практически 0,755023 0,000282
предел 0,400478 0,000224
предложить 0,820981 0,000307
предок 1,832581 0,000342
предоставить 1,714798 0,000320
предполагать 1,171183 0,000219
предполагаться 1,078810 0,000201
предпочитать 2,407946 0,000449
предприятие 0,527633 0,000098
предсказывать 3,506558 0,000655
представитель 0,653926 0,000244
представиться -0,009950 -0,000002
представление 0,776529 0,000145
представлять 0,328504 0,000184
предупреждение 2,659260 0,000496
предусматриваться 2,525729 0,000471
предшествовать 1,771957 0,000331
прежде 1,049822 0,000196
президент 0,597837 0,001228
президиум 1,171183 0,000875
преимущественно 0,776529 0,000145
преобладание 1,660731 0,000620
преобладать 0,713350 0,000133
пресс-конференция 2,525729 0,000471
пресс-релиз 2,525729 0,001414
претендовать 1,897120 0,000708
приближаться 2,995732 0,000559
прибрежный 1,386294 0,000518
привести 0,356675 0,000266
признать 0,494296 0,000092
призывать 3,506558 0,000655
прийтись 1,469676 0,000823
прилегать 1,237874 0,001155
примакова 3,912023 0,000730
пример 0,527633 0,000098
примерно 0,634878 0,000119
примечание -0,009950 -0,000004
приморский 1,897120 0,000354
примыкать 1,386294 0,000259
принимать 0,634878 0,000119
приносить 2,040221 0,000381
принятие 1,560648 0,000291
принять 0,248461 0,000232
приобретать 1,966113 0,000367
приоритет 1,771957 0,000331
приполюсный 3,912023 0,000730
приразломная 3,912023 0,000730
приразломного 3,912023 0,000730
приразломном 3,912023 0,000730
природа 0,653926 0,000732
природный 0,510826 0,000667
прирост 1,309333 0,000244
присоединиться 2,525729 0,000943
приспособить 2,407946 0,000899
приступить 2,302585 0,000430
присутствие 1,514128 0,001979
присутствовать 1,021651 0,000572
причем 0,994252 0,000186
причина 0,562119 0,000315
проба 2,120264 0,000396
проблема 0,274437 0,000666
проблемный 1,966113 0,000367
провести 0,579818 0,000758
проводить 0,843970 0,000315
проводиться 0,653926 0,000366
прогноз 1,427116 0,000533
программа 0,415515 0,000155
продажа 1,514128 0,000283
продолжение 1,347074 0,000251
продолжительность 1,021651 0,000381
проект -0,009950 -0,000011
проектахзначения 1,237874 0,000231
проектирование 1,560648 0,000291
проектный 1,514128 0,000283
проживание 1,832581 0,000684
проживать 0,776529 0,000145
производительный 2,813411 0,000525
произойти 0,430783 0,000322
произрастать 1,966113 0,000367
происходить 0,328504 0,000123
происхождение 0,776529 0,000435
пройти 0,544727 0,000407
пролив 1,771957 0,001323
проложить 1,347074 0,000251
промысл 1,966113 0,000367
промышленность 0,494296 0,000092
промышлять 0,462035 0,000086
проникновение 1,832581 0,000342
проникнуть 2,525729 0,000471
пропитание 3,912023 0,000730
пропускной 2,040221 0,000381
прорыв 2,525729 0,000471
просмотр -0,009950 -0,000002
пространство 0,634878 0,000356
протестовать 3,506558 0,000655
против 0,798508 0,000298
протяжение 0,843970 0,000158
проход 2,407946 0,000449
проходить 0,462035 0,000259
прохоров 1,078810 0,000201
процент 1,427116 0,000266
процесс 0,415515 0,000078
проявить 2,120264 0,000396
проявление 1,897120 0,000354
прямая 0,867501 0,000162
птица 1,272966 0,000475
публикация 1,272966 0,000713
пункт 0,494296 0,000092
пустынь 2,040221 0,000381
пустыня 2,813411 0,000525
путеводитель 0,713350 0,000133
путина 1,386294 0,000259
путь 0,261365 0,000781
пытаться 1,237874 0,000231
пясино 3,912023 0,000730
пять 0,693147 0,000259
работа 0,127833 0,000143
работать 0,314711 0,000117
равнинный 2,120264 0,000396
равный 1,203973 0,000225
радар 3,912023 0,000730
радиационный 2,302585 0,000430
радиус 3,218876 0,000601
раз -0,009950 -0,000004
разведка 2,525729 0,000943
развертывание 2,302585 0,000860
развитие 0,127833 0,000191
раздел 0,342490 0,000128
разделять 1,609438 0,000300
раздор 3,506558 0,000655
разживин 3,912023 0,000730
разлив 2,207275 0,000824
разлиться 3,912023 0,000730
размер 0,755023 0,000564
размножение 2,659260 0,000496
разнообразие 1,832581 0,000684
разработать 0,616186 0,000115
разработка 0,653926 0,000244
разработчик -0,009950 -0,000002
разумное 3,218876 0,000601
район 0,430783 0,002252
ракета 2,040221 0,000381
ракетный 2,407946 0,000449
ракеты-перехватчики 3,912023 0,000730
рамка 0,478036 0,000268
рана 0,776529 0,000435
раскрыть 2,302585 0,000430
располагать 1,386294 0,000518
расположение 0,776529 0,000145
расположить 0,385662 0,000504
распространение 0,891598 0,000166
распространяться 1,272966 0,000238
расселение 1,832581 0,000342
рассеяние 3,218876 0,000601
расстояние 0,713350 0,000266
растение 1,171183 0,000875
растительность 1,309333 0,000733
растительный 1,386294 0,000259
расширение 0,415515 0,000233
расширять 2,302585 0,000430
ратифицировать 3,218876 0,000601
ратманова 3,506558 0,000655
рго 3,506558 0,001964
реакция 2,525729 0,000471
реализация 0,798508 0,000298
реализовать 0,673345 0,000126
реальность 2,207275 0,000412
ребровый 3,912023 0,000730
регион 0,385662 0,001296
регулярно 1,272966 0,000238
ред 0,235722 0,000308
редакция 0,916291 0,000171
режим 0,653926 0,000854
резерв 1,514128 0,000565
резервуар 2,995732 0,000559
резистентный 3,912023 0,000730
резольют 3,912023 0,000730
результат 0,174353 0,000228
река 0,446287 0,000333
реконструкция 0,820981 0,000153
рекордно 3,218876 0,000601
рекордный 1,966113 0,001101
рекультивировать 3,912023 0,000730
рельеф 0,798508 0,000596
ремилитаризация 3,912023 0,000730
республика 0,527633 0,000394
ресурс 0,020203 0,000034
рецензент 2,659260 0,000496
речь 1,514128 0,000283
решение 0,328504 0,000307
решить 0,941609 0,000176
риа 1,049822 0,000392
риск 1,897120 0,000354
рлс 3,506558 0,000655
рогачево 3,912023 0,000730
род 0,843970 0,000158
роджер 2,813411 0,000525
родственный 0,579818 0,000108
роковой 3,912023 0,000730
роль 0,494296 0,000185
роман 1,237874 0,000231
роснефть 2,995732 0,000559
росомаха 2,995732 0,000559
российский 0,105361 0,000924
российско-китайского 3,912023 0,000730
россия 0,174353 0,001562
рсмд 3,912023 0,000730
рти 3,912023 0,000730
руб 1,171183 0,000219
рубеж 1,021651 0,000191
рубль 0,755023 0,000705
рудольфа 3,506558 0,000655
рука 1,139434 0,000213
руководитель 1,203973 0,000225
рус 0,162519 0,000243
русановское 3,912023 0,000730
русский -0,009950 -0,000015
руф 3,912023 0,000730
рыболовство 2,207275 0,000824
рыночный 1,771957 0,000331
ряд 0,223144 0,000083
сам 0,162519 0,000182
самец 3,506558 0,001309
самка 3,218876 0,001202
саммит 2,040221 0,000381
самобытность 3,506558 0,000655
самолет 1,237874 0,000693
самостоятельный 0,820981 0,000153
самый 0,174353 0,000033
саратовский 1,966113 0,000367
саруханян 3,912023 0,000730
сафу 3,912023 0,000730
саха 2,813411 0,000525
сбор 1,347074 0,000503
сброс 1,660731 0,000310
свалка 1,897120 0,000354
сверхпрочный 3,912023 0,000730
светлый 1,386294 0,000259
свидетельство 1,714798 0,000640
свидетельствовать 1,386294 0,000259
свободный -0,009950 -0,000006
свое 0,287682 0,000215
свой 0,150823 0,000169
свыше 0,891598 0,000333
связать 0,174353 0,000130
связаться -0,009950 -0,000002
связь 0,174353 0,000033
сдать 1,427116 0,000266
сделать 0,616186 0,000115
сделка 2,525729 0,000943
сдержать 2,995732 0,000559
себя 0,198451 0,000074
север 0,527633 0,001576
северные 1,171183 0,002405
северный 0,385662 0,004104
северо-восточный 1,386294 0,000518
северо-запад 1,469676 0,000823
северо-западный 1,078810 0,000403
североатлантический 3,912023 0,000730
северодвинск 1,171183 0,000219
североморск 3,506558 0,000655
сезон 0,916291 0,000171
секретарь 1,660731 0,000620
сектор 1,049822 0,001372
секторальный 3,912023 0,000730
секторный 3,912023 0,000730
секунда 2,207275 0,000824
семен 1,966113 0,000367
семнадцать 3,218876 0,000601
семь 0,820981 0,000153
сентябрь 0,072571 0,000312
сервис 1,108663 0,000207
сергей 0,967584 0,000361
сергунин 3,912023 0,006572
середина 0,356675 0,000200
серия 0,713350 0,000133
сибирский 1,049822 0,000392
сибирь 1,469676 0,000274
сигнал 2,040221 0,000381
сила 0,494296 0,000369
силовой 2,525729 0,000471
сильный 0,544727 0,000203
система 0,051293 0,000038
системеобсуждениевкладсоздать -0,009950 -0,000002
ситуация 0,693147 0,000259
ск-россия 3,912023 0,000730
скачать -0,009950 -0,000002
скважина 2,525729 0,000943
сквозной 3,218876 0,000601
скорость 0,755023 0,000141
след 1,427116 0,000266
следовать 0,235722 0,000044
словарь 0,094311 0,000053
слово 0,210721 0,000039
сложный 0,446287 0,000083
служба 0,527633 0,000197
случай -0,009950 -0,000004
смертность 1,832581 0,000342
смирнов 2,302585 0,000430
смирнова 2,525729 0,000943
смысл 1,272966 0,000238
снежный 1,078810 0,000201
снижаться 1,514128 0,000565
снижение 1,171183 0,000219
снизиться 1,609438 0,000300
собирательство 3,218876 0,000601
собрание 0,634878 0,000119
собрать 1,386294 0,000518
собственность 1,309333 0,000244
событие 0,733969 0,000274
событияпожертвовать -0,009950 -0,000002
совершить 0,994252 0,000186
совет 0,462035 0,000431
советский 0,261365 0,000342
совпадать 1,832581 0,000342
современность 1,386294 0,000259
современный 0,150823 0,000084
согласно 0,301105 0,000281
соглашение 0,994252 0,000557
содержание 0,010050 0,000002
содержать 0,634878 0,000119
содержаться 1,560648 0,000291
созвездие 3,218876 0,001202
создание 0,301105 0,000169
создать 0,210721 0,000118
соизмеримый 3,506558 0,000655
сократиться 1,386294 0,000259
сокращение 0,867501 0,000162
солнечный 0,597837 0,000112
сообщить -0,009950 -0,000004
соответствие 0,371064 0,000069
соответствовать 0,371064 0,000139
соперничество 3,506558 0,000655
сопредельный 2,659260 0,000496
сопровождаться 1,609438 0,000300
сопс 3,912023 0,002191
сорок 1,897120 0,000354
составить 0,400478 0,000523
составлять 0,198451 0,000074
состояние 0,248461 0,000093
состоять 0,385662 0,000072
состояться 0,713350 0,000133
сотрудничество 1,078810 0,002014
сохранение -0,009950 -0,000004
сохранить 1,171183 0,000219
сохранять 1,427116 0,000533
социально-экономического 1,237874 0,000231
союз 0,579818 0,000541
спаривание 3,912023 0,000730
спб 0,385662 0,000144
специалист 0,755023 0,000141
специально 1,714798 0,000320
специальный 0,415515 0,000233
специфический 2,302585 0,000430
сплав 2,995732 0,000559
спор 2,040221 0,000381
способ 1,078810 0,000201
способность 1,139434 0,000213
справка 1,203973 0,000225
спрессовать 3,912023 0,000730
спроектировать 2,813411 0,000525
спрос 2,207275 0,000412
спустя 1,609438 0,000300
спутниковый 2,120264 0,000396
сравнение 0,733969 0,000274
среда 0,385662 0,000504
среди 0,198451 0,000111
среднегодовой 0,776529 0,000145
среднее 0,342490 0,000256
среднеколымский 3,912023 0,000730
средний 0,371064 0,000208
срок 0,798508 0,000149
сср 0,820981 0,000307
ссср 0,314711 0,000587
ссылка -0,009950 -0,000020
ссылкамистатьи 2,995732 0,000559
ссылкасведения -0,009950 -0,000002
стабильность 2,207275 0,000412
став 1,771957 0,000331
ставить 1,469676 0,000274
ставиться 2,207275 0,000412
стадухиным 3,912023 0,000730
сталь 0,415515 0,000078
стальной 2,525729 0,000471
станционный 3,218876 0,000601
станция 0,579818 0,000649
стартовать 1,714798 0,000320
статистик -0,009950 -0,000002
статус 0,430783 0,000482
стать 0,083382 0,000078
статьислучайная -0,009950 -0,000002
статьисообществофорумсправкасвежие -0,009950 -0,000002
статья 0,020203 0,000057
статьяобсуждение -0,009950 -0,000002
статьятекущие -0,009950 -0,000002
стен 0,967584 0,000181
стереотип 1,469676 0,000274
стихия 2,813411 0,000525
сто 1,514128 0,000283
стоимость 1,021651 0,000381
стоить 0,891598 0,000333
столица 0,755023 0,000141
столкновение 2,207275 0,000824
столтенберг 3,912023 0,002921
сторона 0,235722 0,000220
стоянка 1,897120 0,000354
стр 1,309333 0,000244
страна 0,235722 0,000484
страница -0,009950 -0,000007
страницасодержаниеизбранные -0,009950 -0,000002
страницецитировать -0,009950 -0,000002
страницуполучить -0,009950 -0,000002
страницыслужебные -0,009950 -0,000002
стратегически 3,218876 0,000601
стратегический 1,469676 0,001372
стратегия 1,514128 0,001696
стремительно 2,302585 0,000430
строение 0,891598 0,000166
строительство 0,462035 0,000604
строиться 0,693147 0,000129
суверенитет 3,218876 0,001202
суверенный 2,995732 0,000559
суд 0,693147 0,000647
судоходство 1,660731 0,000310
сунуть 3,912023 0,000730
супермикроба 3,912023 0,000730
суровый 1,714798 0,000320
суслик 3,218876 0,000601
сухопутный 2,040221 0,003428
суша 1,609438 0,000901
существенно 1,108663 0,000207
существование 0,693147 0,000388
существовать 0,020203 0,000019
суэцкий 3,912023 0,000730
считать 0,597837 0,000446
считаться 0,385662 0,000072
сша 0,562119 0,002833
сыграть 1,714798 0,000320
сырье 1,966113 0,000367
сювэнь 3,912023 0,000730
сюдасвязанные -0,009950 -0,000002
тазовский 3,912023 0,000730
таймыр 2,813411 0,000525
таймырский 3,506558 0,000655
такое 0,328504 0,000307
такой 0,162519 0,000152
тасс 1,171183 0,000656
таяние 2,659260 0,000496
тегеран 3,912023 0,000730
текст -0,009950 -0,000002
темп 1,347074 0,000251
температура 0,510826 0,001049
тенденция 1,237874 0,000462
теплый 1,171183 0,000219
термин 0,198451 0,000074
терминал 1,347074 0,000251
терминология 2,302585 0,000860
территориальный 0,713350 0,000266
территория 0,356675 0,002064
техник 0,713350 0,000133
технология 0,400478 0,000075
течение 0,314711 0,000117
тикси 2,659260 0,000496
тип 0,072571 0,000027
титановый 3,912023 0,000730
тихий 1,347074 0,000754
тихонов 3,506558 0,000655
тихоокеанский 2,040221 0,000381
товар 0,916291 0,000171
товарный -0,009950 -0,000002
токио 2,302585 0,000430
толстый 1,309333 0,000244
тонна 1,108663 0,001449
топливо 2,040221 0,000381
топонимический 0,776529 0,000145
точка 0,478036 0,000714
точный 1,347074 0,000251
трава 1,609438 0,000300
травоядные 3,912023 0,000730
травянистый 2,659260 0,000496
традиционный 0,941609 0,000527
традиция 0,891598 0,000166
трамп 2,995732 0,000559
трамп-айленд 3,912023 0,000730
трансарктический 3,912023 0,000730
транснациональный 2,813411 0,000525
транспортно-логистического 3,912023 0,000730
транспортно-промышленным 3,912023 0,000730
транспортный 0,616186 0,000575
требование 0,967584 0,000361
требовать 0,562119 0,000315
три 0,248461 0,000046
триангуляционный 3,506558 0,000655
тридцать 2,207275 0,001236
трилистник 3,912023 0,001461
трудно 2,207275 0,000412
тул 1,832581 0,001026
туман 1,832581 0,000342
тундра 2,407946 0,001798
тундровый 3,218876 0,000601
туруханский 3,506558 0,000655
тыс 0,430783 0,000161
тысяча 0,371064 0,000554
тэц 1,272966 0,000475
тюлень 2,813411 0,000525
тянуться 2,407946 0,000449
убедить 2,525729 0,000471
убывать 3,218876 0,000601
увеличение 0,733969 0,000137
увеличиться 0,843970 0,000158
углеводородный 3,218876 0,000601
угроза 1,469676 0,000823
удаваться 2,813411 0,000525
ужас 2,995732 0,000559
узел 0,527633 0,000098
указ 0,733969 0,000959
указание -0,009950 -0,000002
указать 0,083382 0,000031
указывать 1,272966 0,000238
уклад 2,813411 0,001576
украина 0,527633 0,000098
украинский 1,469676 0,000274
укрепление 1,272966 0,000238
улус 2,659260 0,003971
улучшение 1,309333 0,000244
ультрафиолетовый 3,218876 0,000601
уменьшиться 1,832581 0,000342
универсальный 0,544727 0,000102
университет 0,328504 0,000184
уникальный 0,776529 0,000290
уничтожение 1,660731 0,000310
уоркер 3,912023 0,000730
упомянуть 1,714798 0,000320
управление 0,248461 0,000139
управлять 0,967584 0,000181
уран 2,813411 0,000525
урбанизация 2,813411 0,000525
уровень 0,150823 0,000113
ус 2,995732 0,000559
усатый 3,506558 0,000655
усиление 1,832581 0,000342
усилить 2,207275 0,000412
условие -0,009950 -0,000022
успешность 3,218876 0,000601
усреднить 3,218876 0,000601
устанавливать 1,966113 0,000367
установить 0,328504 0,000123
установка 1,272966 0,000238
установление 1,021651 0,000191
устойчивость 2,659260 0,000496
устойчивый 1,427116 0,000533
устояться 3,506558 0,000655
устранение 2,525729 0,000471
устранить 2,995732 0,000559
устроить 1,609438 0,000300
усть-янский 3,912023 0,000730
устье 0,634878 0,000830
утвердить 0,755023 0,000141
утверждение 0,400478 0,000075
утечка 2,659260 0,000993
утилизировать 3,218876 0,000601
уточнение 1,469676 0,000274
утрачивать 3,506558 0,000655
участие -0,009950 -0,000011
участник 0,510826 0,000286
участок 0,616186 0,000575
учение 2,407946 0,007641
ученый 0,653926 0,000977
учетный -0,009950 -0,000002
учитывать 1,514128 0,000283
учиться 1,272966 0,000238
ущерб 1,897120 0,000708
фактор 0,994252 0,000371
фауна 1,108663 0,000414
февраль 0,051293 0,000096
федеральный 0,462035 0,000345
федерация 0,510826 0,001430
федоров 2,302585 0,001719
физико-географический 0,693147 0,000129
физический 0,798508 0,000149
финляндии 2,207275 0,000824
финляндия 1,832581 0,000684
флаг 0,597837 0,000223
флагман 3,218876 0,000601
флор 1,021651 0,000381
флот 1,347074 0,001509
флотилия 2,120264 0,000396
фонд -0,009950 -0,000004
формироваться 1,078810 0,000201
форсировать 2,525729 0,000471
форум 1,203973 0,000225
фрагментация 3,506558 0,000655
франца-иосифа 3,506558 0,003927
фритьоф 3,218876 0,000601
функционировать 0,798508 0,000149
хаба 3,506558 0,000655
характер 0,653926 0,000244
характерно 1,609438 0,000300
харлампьева 3,912023 0,002921
хватить 3,912023 0,000730
хейса 3,912023 0,000730
хищник 2,302585 0,000430
ход 0,510826 0,000095
холод 2,040221 0,000381
холодная 1,139434 0,000638
холодное 1,560648 0,000874
хотеть 1,832581 0,000342
хребет 1,560648 0,001457
целевой 1,771957 0,000331
целое 0,634878 0,000237
цель 0,371064 0,000069
цельнометаллический 3,912023 0,000730
цельсий 3,506558 0,000655
цена 1,237874 0,000231
центр 0,287682 0,000269
центральный 0,400478 0,000523
церпицкая 3,912023 0,000730
цивилизация 1,771957 0,000331
цик 2,207275 0,001648
циклон 2,207275 0,000412
циркуляция 2,302585 0,000860
циркумполярный 3,912023 0,000730
цит 2,995732 0,000559
частично 0,653926 0,000244
частность 0,462035 0,000086
часть 0,061875 0,000173
чекунков 3,912023 0,000730
человек 0,186330 0,000417
чертеж 1,660731 0,000310
честь 0,562119 0,000105
четыре 0,597837 0,000335
чилингаров 3,912023 0,000730
численность 0,616186 0,000230
число 0,186330 0,000174
читатьправитьправить 0,494296 0,000092
чкалова 2,525729 0,000471
чрезвычайно 2,120264 0,000396
чукотка 3,506558 0,000655
чукотский 2,040221 0,001904
шаблон 0,462035 0,000086
шанс 3,506558 0,000655
шапка 2,659260 0,001489
шаумян 3,912023 0,000730
швеции 2,207275 0,000412
швецию 3,912023 0,000730
швеция 2,120264 0,000792
шельф 2,040221 0,005332
шесть 1,021651 0,000191
шестьдесят 2,813411 0,000525
ширина 0,916291 0,000171
широкий 0,494296 0,000092
широта 1,237874 0,000462
шойгу 3,218876 0,000601
шпицберген 3,218876 0,001202
шпицбергене 3,912023 0,000730
штокмановское 3,912023 0,000730
шторм 2,302585 0,000430
эвенкийский 2,813411 0,001050
эвено-бытантайский 3,912023 0,000730
экз 0,415515 0,000155
экипаж 2,525729 0,000471
эко 3,912023 0,000730
экологический 0,693147 0,001165
экология 0,562119 0,000525
эколого-политический 3,912023 0,000730
экономика 0,400478 0,000299
экономический 0,478036 0,000446
экосистема 1,966113 0,000367
экспансия 2,525729 0,000471
экспедиция 1,469676 0,003018
эксперимент 1,832581 0,000342
эксперт 1,203973 0,000674
эксплуатация 0,776529 0,000580
экспорт -0,009950 -0,000002
экстремальный 2,207275 0,000412
электронный 0,478036 0,000178
эллеф-рингнес 3,912023 0,000730
эндемичный 3,218876 0,000601
энергетический 1,897120 0,000708
энергоресурс 3,506558 0,000655
энциклопедия -0,009950 -0,000017
эпоха 0,713350 0,000266
этап 0,634878 0,000119
этнос 2,813411 0,000525
эффективность 1,347074 0,000503
эффективный 1,609438 0,000300
юг 0,693147 0,000129
юго-восточный 1,108663 0,000414
юго-западный 1,049822 0,000196
южный 0,385662 0,000648
юрисдикция 2,207275 0,000412
являться 0,040822 0,000076
ядерный 1,771957 0,000662
язык -0,009950 -0,000004
якутии 2,995732 0,001118
якутия 2,407946 0,000899
ямало-ненецкий 2,813411 0,000525
яна 2,302585 0,000430
янао 3,218876 0,000601
январь 0,105361 0,000334
яндекс 1,714798 0,000320
