абыйский 3,912023 0,000730
авар 3,912023 0,000730
аварии 2,120264 0,000396
аварийных 3,218876 0,000601
авария 3,218876 0,001202
августа 0,072571 0,000176
авиабаза 3,506558 0,001309
авиабазу 3,912023 0,000730
авиамост 3,912023 0,000730
австралия 2,040221 0,000381
автономные 2,525729 0,000471
автономный 2,302585 0,001289
авторства -0,009950 -0,000002
агеева 1,469676 0,000274
агентство 1,049822 0,000196
адаптации 2,995732 0,000559
адаптивные 3,912023 0,001461
адаптивных 3,912023 0,000730
администрации 0,843970 0,000158
адмирал 2,407946 0,000449
аза 3,912023 0,000730
азией 2,407946 0,001348
азия 1,897120 0,000708
айсберги 3,912023 0,000730
айсбергов 3,912023 0,000730
академии 0,693147 0,000129
академик 1,660731 0,000310
академия 0,798508 0,000149
акватории 1,660731 0,000310
акваторий 3,218876 0,001202
акватория 3,506558 0,000655
актах 3,218876 0,000601
активно 0,755023 0,000141
активность 2,302585 0,000430
актуальные 2,302585 0,000430
акционерного 2,407946 0,000449
алг 3,912023 0,000730
александр 0,693147 0,000129
александровна 3,506558 0,000655
александры 2,995732 0,001118
аллаиховский 3,912023 0,000730
алсуфьев 3,506558 0,000655
алфавитувикипедия 0,776529 0,000145
алыкель 3,912023 0,000730
альянса 3,912023 0,001461
аляска 3,506558 0,000655
аляске 3,506558 0,001964
аляски 3,912023 0,001461
аляску 3,912023 0,000730
амбарная 3,912023 0,000730
амдерма 2,995732 0,000559
америка 2,040221 0,000762
американским 3,506558 0,000655
американских 2,302585 0,001289
американцев 3,912023 0,000730
америки 1,966113 0,000734
америкой 3,506558 0,001309
анабарский 3,912023 0,000730
анадырь 2,813411 0,000525
анализ 1,237874 0,000462
англ 0,174353 0,000195
ангола 3,218876 0,000601
андрей 0,967584 0,000181
анкилоз 2,995732 0,000559
ант 3,912023 0,000730
антарктида 2,995732 0,000559
антарктика 2,813411 0,001050
антарктики 3,506558 0,000655
антарктическом 3,912023 0,000730
антибиотиков 3,912023 0,000730
аппарата 2,040221 0,000381
аппаратах 3,912023 0,000730
аппараты 2,813411 0,000525
апр 0,798508 0,000149
апреле 0,994252 0,000371
апреля 0,174353 0,000553
аргументами 2,659260 0,000496
арктик 3,912023 0,000730
арктик-фонд 3,912023 0,000730
арктика 2,813411 0,020482
арктикаклиматические 3,912023 0,000730
арктике 3,506558 0,037311
арктики 2,407946 0,030566
арктикой 3,912023 0,001461
арктику 3,506558 0,006546
арктическая 2,659260 0,003475
арктические 3,218876 0,005408
арктический 2,813411 0,011029
арктических 2,813411 0,001050
арктического 2,659260 0,005460
арктическое 3,506558 0,001309
арктической 2,995732 0,007829
арктическом 3,506558 0,001964
арктическую 3,912023 0,000730
артемов 3,912023 0,000730
артур 3,218876 0,000601
арх 0,544727 0,000305
архангельск 1,771957 0,002315
архангельска 3,506558 0,000655
архангельская 2,813411 0,000525
архангельске 3,506558 0,001309
архангельского 3,218876 0,000601
архангельской 2,659260 0,000993
архивированная 1,560648 0,000291
архивировано 0,020203 0,000219
архивная 0,400478 0,000972
архипелаг 2,659260 0,000496
архипелага 3,218876 0,002403
аспект 2,407946 0,000449
ассоциировался 3,506558 0,000655
аст 0,820981 0,000153
астероид 1,966113 0,000367
астрель 1,049822 0,000196
астрина 3,912023 0,000730
астрономии 2,302585 0,000860
атлантики 2,659260 0,000496
атлантический 2,040221 0,000381
атлантического 2,207275 0,000824
атмосферной 2,995732 0,000559
атомный 2,813411 0,000525
атомных 3,218876 0,000601
атпу 3,912023 0,001461
африка 2,120264 0,000396
ашик 3,912023 0,000730
аэробилогия 3,912023 0,001461
аэробиологических 3,912023 0,000730
аэродрома 1,832581 0,000684
аэродромов 3,506558 0,000655
баз 1,771957 0,000331
база 0,916291 0,000684
базе 0,776529 0,000145
базирования 2,995732 0,001118
базу 2,302585 0,000860
базы 1,108663 0,000828
бактериальных 3,912023 0,001461
бактерии 3,218876 0,002403
бактерий 3,218876 0,000601
баланс 1,832581 0,000342
балканский 2,813411 0,000525
банка 0,941609 0,000176
банковский 2,659260 0,000496
баран 3,506558 0,000655
баранов 3,218876 0,000601
баренцева 2,659260 0,001489
баренцевым 3,912023 0,001461
барзас 3,506558 0,000655
баррелей 3,912023 0,002191
бассейн 1,078810 0,000403
бассейна 1,386294 0,000518
бассейне 1,897120 0,000708
баффина 3,912023 0,000730
баш 3,506558 0,000655
бедрицкого 3,912023 0,000730
безопасности 1,139434 0,000638
безопасность 1,469676 0,001097
беларуская 0,000000 0,000000
беларускаябългарски 0,000000 0,000000
беломорский 3,912023 0,000730
белухи 3,912023 0,000730
белые 2,120264 0,000396
белый 1,514128 0,000283
белым 2,207275 0,000412
беляк 3,506558 0,000655
берег 1,021651 0,000191
берегов 1,832581 0,000342
береговой 2,040221 0,000381
берелех 3,912023 0,000730
берингова 2,995732 0,000559
беринговом 3,506558 0,000655
бесповоротно 3,912023 0,000730
беспосадочные 3,912023 0,000730
беспрецедентную 3,506558 0,000655
бетонными 3,506558 0,000655
библиографическая 3,506558 0,000655
библиографических 0,094311 0,000018
библиотека 0,462035 0,000086
бизнес-класс 3,912023 0,000730
биоресурсов 3,506558 0,000655
бифуркации 3,912023 0,001461
благодаря 0,527633 0,000197
ближний 2,407946 0,000449
близ 1,237874 0,000231
близкие 3,218876 0,000601
блока 2,207275 0,000412
боевая 2,995732 0,000559
большая 0,072571 0,000135
большинству 3,218876 0,000601
большого 0,967584 0,000181
большое 0,544727 0,000102
большой 0,328504 0,000184
большую 0,891598 0,000166
бомбардировщиков 3,506558 0,001309
борьбы 1,386294 0,000259
ботнический 3,506558 0,000655
бочек 3,506558 0,001309
бригады 2,659260 0,000496
бритиш 3,912023 0,000730
брокгауза 0,328504 0,000061
будущего 1,427116 0,000266
будущем 1,966113 0,000367
буксировки 3,912023 0,000730
булунский 3,506558 0,000655
бурение 3,218876 0,000601
буровые 3,506558 0,000655
бухта 2,407946 0,000449
бывший 1,108663 0,000207
быстрее 2,040221 0,000762
бытовой 2,407946 0,000449
бэс 3,506558 0,000655
бюджета 1,309333 0,000244
ваенга 3,912023 0,000730
важный 1,514128 0,000283
важными 2,813411 0,000525
вайгач 3,912023 0,000730
вайда-губы 3,912023 0,000730
валерия 2,302585 0,000430
вариор 3,912023 0,000730
вашла 0,000000 0,000000
вблизи 1,139434 0,000638
ввод 1,897120 0,000354
ввс 2,995732 0,003915
вега 3,218876 0,000601
ведется 0,994252 0,000186
век 0,733969 0,000274
века 0,248461 0,000186
веках 1,021651 0,000191
веке 0,597837 0,000670
веков 0,713350 0,000133
вектор 2,659260 0,000993
великий 1,469676 0,000274
великобритании 1,897120 0,000708
великобритания 2,120264 0,000396
великой 0,653926 0,000244
вернулась 2,407946 0,000449
вероятность 2,407946 0,000449
версия -0,009950 -0,000004
верфях 3,912023 0,000730
верхнеколымский 3,912023 0,000730
верхоянский 3,506558 0,000655
весом 2,525729 0,000471
вести 0,843970 0,000158
вестник 1,049822 0,000196
весь 0,755023 0,000141
взводов 3,912023 0,000730
взрослых 1,897120 0,000354
вид 0,494296 0,000185
вида 1,386294 0,000259
виде 0,235722 0,000044
видов 0,616186 0,000345
виды 0,798508 0,000149
визе 3,218876 0,000601
визита 2,995732 0,000559
викиданных -0,009950 -0,000002
викимедиа -0,009950 -0,000002
википедии -0,009950 -0,000004
википедия -0,009950 -0,000006
викискладвикицитатникэлемент 2,659260 0,000496
викискладепортал 2,207275 0,000412
викискладстатьи 0,891598 0,000166
викисловарецитаты 1,108663 0,000207
викисловарьстатьи 1,347074 0,000251
викицитатникемедиафайлы 1,469676 0,000274
викицитатникстатьи 2,207275 0,000412
вильфанда 3,912023 0,000730
включающий 1,771957 0,000331
включая 0,527633 0,000295
включить 2,407946 0,000449
владений 2,659260 0,000993
владения 2,040221 0,001143
владимир 0,733969 0,000137
владимира 1,309333 0,000244
владимирович 1,771957 0,000331
вмс 3,506558 0,000655
вмф 2,207275 0,000412
внесении 1,966113 0,000734
внешельфовая 3,912023 0,000730
внешнее 3,912023 0,000730
внешней 2,207275 0,000824
внешние 0,051293 0,000010
внииокеангеология 3,506558 0,000655
внутреннюю 2,995732 0,000559
внутри 0,000000 0,000000
вод 1,078810 0,000201
водах 2,525729 0,000943
водная 1,771957 0,000331
водного 1,171183 0,000219
водным 2,120264 0,000396
воду 1,386294 0,000518
воды 0,653926 0,000366
военная 1,108663 0,000828
военно-воздушным 3,912023 0,000730
военно-морские 3,218876 0,001202
военного 1,309333 0,000489
военное 1,609438 0,002704
военной 1,347074 0,000754
военнослужащих 2,813411 0,001050
военную 2,813411 0,000525
военные 1,237874 0,001849
военный 1,272966 0,000238
возвращена 3,506558 0,000655
воздействие 1,514128 0,000565
воздуха 0,733969 0,000548
воздушного 2,040221 0,000381
воздушной 2,407946 0,000449
воздушным 2,995732 0,000559
воздушных 1,347074 0,000251
возможности 0,891598 0,000166
возможность 0,616186 0,000230
вознаграждает 3,912023 0,000730
возникшей 3,218876 0,000601
возрастает 2,120264 0,000396
возрастало 3,912023 0,000730
войне 1,049822 0,000196
войны 0,478036 0,000357
войск 1,347074 0,000251
волка 3,506558 0,000655
волнами 2,995732 0,000559
волшебные 0,040822 0,000008
вопросам 1,966113 0,000367
вопросах 2,813411 0,000525
вопросы 1,049822 0,000784
воркута 1,237874 0,000231
воробьева 2,659260 0,000496
воронеж 1,203973 0,000225
восемь 1,660731 0,000310
восполнения 3,912023 0,000730
воссоздает 3,912023 0,000730
воссоздание 2,995732 0,000559
воссоздании 3,912023 0,000730
восстановлению 2,207275 0,000412
восток 1,021651 0,000572
восточная 1,309333 0,000733
восточно-сибирским 3,506558 0,000655
восточно-сибирское 2,407946 0,000449
восточного 1,386294 0,000259
восточной 0,693147 0,000647
восточном 1,897120 0,000354
вошедшем 3,912023 0,000730
впервые 0,385662 0,000360
вполне 2,407946 0,000449
впоследствии 0,653926 0,000122
врангеля 2,659260 0,000496
времен 0,941609 0,000527
временем 0,616186 0,000115
времени 0,186330 0,000139
временивикипедия 2,407946 0,000449
время 0,030459 0,000040
всей 0,693147 0,000259
всемирная 1,714798 0,000320
всемирный 1,966113 0,000367
всему 1,272966 0,000238
всероссийский 1,469676 0,000274
вскользь 3,912023 0,000730
встретить 2,207275 0,000412
встречаются 1,272966 0,000475
вся 0,994252 0,000371
второй 0,274437 0,000154
вторую 2,207275 0,000412
втягиваются 3,912023 0,000730
вывезено 3,912023 0,000730
вывоза 2,813411 0,000525
вывозятся 3,506558 0,000655
выгодное 2,659260 0,000496
выгоды 3,506558 0,000655
выделено 2,525729 0,000471
выделяют 1,609438 0,000300
выживаемости 3,912023 0,000730
вызвал 2,995732 0,000559
вызов 3,506558 0,001964
выйдет 3,912023 0,000730
выкупа 3,912023 0,000730
вымиранию 3,912023 0,000730
вынуждены 2,659260 0,000496
вып 0,798508 0,000745
выполняют 2,120264 0,000396
выпуск 0,916291 0,000171
вырастет 3,218876 0,000601
вырасти 3,218876 0,000601
высадка 3,506558 0,000655
высадки 2,995732 0,000559
высажена 3,506558 0,000655
высокими 1,966113 0,000367
высоких 1,237874 0,000462
высокое 1,660731 0,000310
высоту 2,207275 0,000412
выступает 1,347074 0,000503
высшая 1,386294 0,000259
выход 1,832581 0,000684
выше 0,616186 0,000115
вышла 1,897120 0,000354
вышли 2,040221 0,000381
выявив 3,912023 0,000730
выявило 3,912023 0,000730
выявлено 2,407946 0,000899
газ 1,660731 0,000310
газа 1,309333 0,000733
газета 0,616186 0,000230
газете 2,659260 0,000993
газовых 2,659260 0,000496
газпром 1,714798 0,000960
гектар 3,218876 0,000601
гектаров 1,771957 0,000331
ген 3,506558 0,000655
гена 3,912023 0,000730
генеральный 0,967584 0,000722
генрик 3,912023 0,000730
гену 3,912023 0,000730
гены 3,912023 0,000730
географии 1,609438 0,000300
географические 0,713350 0,000133
географического 1,386294 0,000259
географическое 0,693147 0,000388
геологической 2,525729 0,000471
геологоразведка 3,506558 0,000655
геополитических 3,506558 0,001964
герасимова 3,912023 0,000730
герой 1,560648 0,000291
гетерогенность 3,912023 0,000730
гидрометцентра 3,506558 0,001309
глава 0,673345 0,000251
главных 1,078810 0,000201
глобализации 3,218876 0,001803
глобального 2,407946 0,000899
глобальных 3,506558 0,000655
глубина 1,609438 0,000300
глубину 2,525729 0,000471
глубоких 2,813411 0,001050
глубоководного 3,506558 0,001964
глубоководный 3,218876 0,000601
глубоководных 2,995732 0,001118
гнездятся 2,995732 0,000559
год 0,235722 0,000264
года -0,009950 -0,000186
годам 2,302585 0,000430
годах 0,385662 0,000360
годов 0,356675 0,000200
годового 2,525729 0,000471
году 0,072571 0,000542
годы 0,356675 0,000466
голода 2,995732 0,000559
гольфстрима 3,506558 0,000655
гора 1,139434 0,000213
гораздо 1,714798 0,000640
гористый 3,912023 0,000730
горностаи 3,912023 0,000730
городах 1,272966 0,000238
городских 0,713350 0,000133
городской 0,755023 0,000705
горючего 3,218876 0,000601
госдумы 3,218876 0,001202
господствовал 3,912023 0,000730
государств 1,203973 0,000449
государства 0,843970 0,000315
государствами 2,995732 0,000559
государственного 0,616186 0,000115
государственной 0,616186 0,000115
государственный 0,430783 0,000080
государство 1,347074 0,000251
государством 2,040221 0,000381
гофмана 3,506558 0,000655
гпнтб 3,218876 0,000601
градуса 2,302585 0,000430
градусов 1,897120 0,000708
граница 1,139434 0,000638
границей 1,966113 0,000734
границы 0,867501 0,000324
граничащих 3,912023 0,000730
гренландии 3,912023 0,005842
гренландию 3,912023 0,001461
гренландия 2,995732 0,002237
гренландского 3,912023 0,000730
греч 1,427116 0,000266
греческое 3,218876 0,000601
греэм-белл 3,912023 0,000730
гринвича 3,506558 0,001309
гринпис 3,218876 0,000601
грозит 2,995732 0,001118
громова 3,506558 0,000655
грузов 1,560648 0,000291
группа 0,693147 0,000129
группировку 3,506558 0,001309
группы 0,634878 0,000119
гсм 3,912023 0,000730
губы 3,218876 0,000601
гунбьерн 3,912023 0,000730
густым 3,218876 0,000601
гуцуляк 3,912023 0,000730
дает 1,203973 0,000225
далдыкан 3,912023 0,000730
дальнего 1,514128 0,000283
дальнейшем 1,309333 0,000244
дальний 1,966113 0,000367
дальних 2,207275 0,000824
дальше 1,897120 0,000354
данаева 3,912023 0,000730
данией 3,506558 0,001309
дании 2,659260 0,001489
данилов 3,218876 0,000601
дания 2,407946 0,000899
данном 2,040221 0,000381
данные 0,510826 0,000095
данный 0,713350 0,000133
данным 0,415515 0,000388
данными 1,514128 0,000283
данных 0,616186 0,000115
дата 0,030459 0,000279
датская 0,342490 0,000064
датский 3,218876 0,000601
датской 3,912023 0,000730
двины 3,912023 0,000730
двумя 1,021651 0,000191
двух 0,462035 0,000086
девять 1,714798 0,000320
дежнев 2,995732 0,000559
действительно 2,302585 0,000430
действия 1,427116 0,000533
действовать -0,009950 -0,000002
действует 0,634878 0,000119
действующий 2,040221 0,000381
действующих 1,514128 0,000283
декабре 0,798508 0,000149
декабря 0,105361 0,000118
день 0,562119 0,000105
департамента 1,832581 0,000342
депутат 2,040221 0,000381
депутаты 1,347074 0,000251
деревьев 1,469676 0,000274
державы 2,407946 0,000449
десанта 3,218876 0,001202
детально 2,813411 0,000525
дешевый 3,912023 0,000730
дизельного 3,506558 0,000655
дикий 3,218876 0,001202
дикой 2,813411 0,000525
динамика 1,427116 0,000266
диомида 3,912023 0,000730
дир 3,912023 0,000730
директор 1,832581 0,001368
директора 1,897120 0,000708
дискуссии 2,525729 0,000471
длиннохвостые 3,912023 0,000730
длиной 1,272966 0,000238
длится 2,040221 0,000381
дмитрий 0,967584 0,000181
дна 2,207275 0,000824
дне 2,407946 0,000899
дней 0,446287 0,000083
дно 2,120264 0,000396
добавлен 2,813411 0,000525
добавлены 2,659260 0,000496
добиться 2,407946 0,000449
добрались 3,912023 0,000730
добромыслова 3,912023 0,000730
добывать 3,506558 0,000655
добыча 1,966113 0,001101
добыче 2,659260 0,000496
добычу 2,407946 0,000899
додин 3,506558 0,000655
доказано 3,218876 0,000601
доказательств 2,525729 0,000471
доказать 2,659260 0,000496
доклад 1,514128 0,000283
документальные 2,813411 0,000525
долгано-эвенкийский 3,912023 0,000730
долговечности 3,912023 0,000730
долгое 1,386294 0,000259
долготы 1,832581 0,001368
должны 1,021651 0,000191
долине 2,120264 0,000396
домиков 3,912023 0,000730
дональд 2,525729 0,000471
донской 2,659260 0,000496
дополнение 2,659260 0,000496
дополнительные -0,009950 -0,000002
дорожной 2,995732 0,000559
дорожную 3,218876 0,000601
доставки 2,407946 0,000449
достиг 1,469676 0,000274
достигающие 3,506558 0,000655
достигла 1,771957 0,000992
достигли 2,525729 0,000471
достигнут 2,813411 0,000525
доступен -0,009950 -0,000002
доступность 2,407946 0,000449
дочернего 3,912023 0,000730
древними 3,218876 0,000601
древних 1,469676 0,000274
дрейфующая 3,912023 0,001461
дрейфующей 3,912023 0,000730
дрейфующие 3,912023 0,002191
дрейфующих 3,912023 0,000730
другие 0,030459 0,000006
других -0,009950 -0,000015
дыра 3,218876 0,001202
дэйв 3,506558 0,000655
евразии 1,609438 0,000300
евразию 3,912023 0,000730
евро-арктический 3,506558 0,000655
европа 0,941609 0,000352
европейская 2,407946 0,000449
европой 2,525729 0,000471
европу 1,714798 0,000320
единиц 0,673345 0,000126
единый 1,469676 0,000274
ежегодно 0,916291 0,000171
ежегодные 2,813411 0,000525
елецкий 3,218876 0,000601
енисея 2,302585 0,000430
естественным 2,120264 0,000396
естественных 1,771957 0,000331
ефрона 0,328504 0,000061
ждет 2,525729 0,000471
железнодорожных 1,469676 0,000274
жемчужина 2,407946 0,000449
жесткая 3,506558 0,000655
животного 2,995732 0,000559
животные 1,714798 0,000320
животный 1,714798 0,000320
животным 2,525729 0,000471
животных 1,203973 0,000674
живут 1,771957 0,000331
жиганский 3,912023 0,000730
жизнеспособные 3,912023 0,000730
жизнеспособных 3,912023 0,000730
жизни 0,562119 0,000525
жители 1,049822 0,000196
журнал 0,510826 0,000286
журналистам 3,912023 0,000730
завершение 2,995732 0,000559
завершившуюся 3,912023 0,000730
завершить 2,525729 0,000471
зависят 2,302585 0,001289
завоз 3,506558 0,000655
завтра 2,207275 0,000412
заглавная -0,009950 -0,000002
загорский 3,912023 0,001461
загрязнения 1,203973 0,000449
загрязненные 3,506558 0,000655
загрязненных 2,407946 0,000899
загрязняет 3,912023 0,000730
задача 1,660731 0,000310
задачи 1,469676 0,000274
заинтересованности 3,218876 0,000601
заинтересованность 3,506558 0,000655
заинтересованных 3,506558 0,000655
закавказье 2,525729 0,000471
закачиваются 3,912023 0,000730
закрепила 3,218876 0,000601
закреплен 2,659260 0,000496
закупки 3,912023 0,000730
залив 1,897120 0,000354
заливе 2,407946 0,000449
замгубернатора 3,912023 0,000730
заместитель 1,897120 0,000354
занята 2,659260 0,000496
западе 1,347074 0,000251
западная 1,560648 0,000874
западного 1,560648 0,000291
западной 0,994252 0,000557
западном 1,714798 0,000320
запасов 2,207275 0,000824
запасы 1,832581 0,000342
запертые 3,912023 0,000730
записьвойти -0,009950 -0,000002
заполярье 3,912023 0,001461
заполярьем 3,912023 0,000730
заполярью 3,912023 0,000730
заполярья 3,912023 0,000730
запрос 1,514128 0,000283
запуски 3,506558 0,000655
запущена 1,714798 0,000320
зарегистрированный -0,009950 -0,000002
зарубежное 3,912023 0,000730
зато 1,560648 0,000291
затонувшая 3,912023 0,000730
зафиксировал 3,218876 0,000601
зафрахтованными 3,912023 0,000730
защитим 3,506558 0,000655
защиту 1,897120 0,000354
заявил 1,771957 0,002315
заявила 2,813411 0,000525
заявило 3,912023 0,000730
заявке 3,912023 0,001461
заявки 2,995732 0,000559
заявление -0,009950 -0,000002
заявлял 3,218876 0,000601
заяц 3,218876 0,000601
збекча 0,000000 0,000000
звезда 1,237874 0,000462
здание 0,776529 0,000145
здоровье 1,609438 0,000300
здоровья 1,771957 0,000331
земель 1,272966 0,001188
земле 0,994252 0,000186
земли 0,634878 0,000948
землю 1,771957 0,000331
земля 1,139434 0,001914
зеньков 3,912023 0,000730
зимнего 1,966113 0,000367
зимние 2,207275 0,000412
зимовкой 3,912023 0,000730
зимой 0,713350 0,000133
злаки 3,218876 0,000601
знак -0,009950 -0,000004
знаменитым 2,995732 0,000559
знания 1,832581 0,000684
значение 0,314711 0,000352
значения 0,105361 0,000039
значительно 0,510826 0,000191
значительные 1,514128 0,000283
значительными 2,813411 0,000525
значительных 1,771957 0,000331
золотом 1,966113 0,000367
зон 1,309333 0,000489
зона 0,891598 0,000499
зоне 0,527633 0,000492
зоной 2,302585 0,000430
зоны 0,755023 0,001128
зоныгеографические 3,912023 0,000730
зрения 1,272966 0,000238
иваном 2,040221 0,000381
играют 2,525729 0,000471
идет 1,078810 0,000201
из-за 0,415515 0,000078
из-под 2,995732 0,000559
известия 1,021651 0,000381
известны 1,309333 0,000244
известный 0,941609 0,000176
изд 0,314711 0,000176
изд-ва 3,912023 0,000730
издания 1,049822 0,000196
издательство 0,510826 0,000286
излучения 2,995732 0,000559
изменение 1,560648 0,001165
изменением 2,995732 0,001118
изменений 1,272966 0,000951
изменения 0,562119 0,000315
измерения 2,207275 0,000412
изобретением 3,912023 0,000730
изолированы 3,506558 0,000655
изотерму 3,912023 0,000730
изредка 2,525729 0,000471
изучение 1,514128 0,000283
изучению 1,966113 0,000367
изучить 2,995732 0,000559
иллюстрацией 3,912023 0,000730
иллюстрация 3,506558 0,000655
ильей 3,506558 0,000655
илья 2,040221 0,000381
имеет 0,235722 0,000176
имеется 0,653926 0,000122
имени 0,462035 0,000172
имеют 0,371064 0,000139
имеющейся 3,506558 0,000655
импакции 3,912023 0,000730
империи 0,733969 0,000137
имэмо 3,506558 0,001309
инвестиций 1,560648 0,000291
индивида 3,912023 0,000730
индии 2,040221 0,000762
индийский 2,525729 0,000471
инженеров 1,714798 0,000320
инженеров-строителей 3,912023 0,000730
инициировано 3,506558 0,000655
институт 0,478036 0,000178
института 0,755023 0,000141
институте 1,832581 0,000342
инструментальных 3,506558 0,000655
инструменты -0,009950 -0,000004
интегрированным 3,912023 0,000730
интегрированы 3,506558 0,000655
интенсивность 2,525729 0,000471
интенсивностью 2,813411 0,000525
интерес 1,714798 0,000320
интересах 2,813411 0,000525
интересов 2,407946 0,000899
интересы 2,207275 0,001648
информационно-аналитический 2,659260 0,000496
инфраструктуры 1,272966 0,000951
ирон 0,000000 0,000000
исключительно 1,272966 0,000238
исключительными 3,506558 0,000655
исконной 3,912023 0,000730
ископаемых 1,714798 0,000640
искусственные 2,995732 0,000559
исландию 3,912023 0,000730
исландия 2,407946 0,000449
использование 0,891598 0,000666
использованием 1,347074 0,000503
использования -0,009950 -0,000004
использованный 3,912023 0,000730
использовать 1,171183 0,000219
использующая 3,218876 0,000601
использующие 0,040822 0,000008
испытывал 2,995732 0,000559
испытывают 2,813411 0,000525
исследовавших 3,506558 0,000655
исследование 1,427116 0,000533
исследований 0,941609 0,000879
исследования 0,733969 0,000137
исследовано 3,912023 0,000730
исследователей 1,966113 0,000367
исследователь 2,207275 0,000824
исследовательского 2,407946 0,000449
исследовать 2,525729 0,000471
истории 0,248461 0,000046
история 0,051293 0,000019
источник -0,009950 -0,000004
источниковвикипедия 1,966113 0,000367
истребителей 3,218876 0,001202
исходя 2,207275 0,000412
исходящими 3,912023 0,000730
исчезновением 3,506558 0,000655
исчезновения 2,407946 0,000899
итоги 0,713350 0,000399
ищут 3,506558 0,000655
июле 0,967584 0,000181
июле-августе 3,912023 0,000730
июля 0,116534 0,000261
июня 0,116534 0,000413
йенс 3,912023 0,001461
каждая 1,560648 0,000291
каир 3,912023 0,000730
каминский 3,506558 0,000655
кампания 2,407946 0,000449
канада 2,207275 0,002884
канадой 3,506558 0,001309
канадского 3,506558 0,000655
канады 2,995732 0,000559
канал 0,843970 0,000158
канала 1,771957 0,000331
капельных 3,912023 0,000730
капитальное 3,218876 0,000601
карелия 2,525729 0,000471
карибы 2,995732 0,000559
карликовые 3,506558 0,000655
карским 3,912023 0,000730
карских 3,912023 0,000730
карское 2,302585 0,000430
карта 0,776529 0,000290
карту 2,302585 0,000430
карты 0,941609 0,000352
каспийский 2,995732 0,000559
каталанская 0,527633 0,000098
каталогах 0,094311 0,000018
катастроф 2,120264 0,000396
катастрофы 2,525729 0,000943
категории -0,009950 -0,000004
категория 0,916291 0,000171
кауфманн 3,912023 0,000730
квадратных 1,832581 0,000342
кекурском 3,912023 0,000730
кемский 3,912023 0,000730
китай 0,867501 0,000486
китая 1,897120 0,000708
китообразных 3,506558 0,000655
киты 3,912023 0,000730
клевер 3,912023 0,000730
клеточные 3,506558 0,000655
климат 0,494296 0,000369
климата 0,733969 0,001507
климатических 1,966113 0,000734
климатической 2,813411 0,000525
клименко 2,995732 0,000559
кнр 2,207275 0,001236
код -0,009950 -0,000052
кодекс -0,009950 -0,000002
кодистория 0,116534 0,000022
кожа 3,506558 0,000655
кокин 3,912023 0,000730
колебаний 2,040221 0,000381
колебания 1,714798 0,000640
колеблются 2,813411 0,000525
количество 0,328504 0,000245
колониеобразующих 3,912023 0,000730
колымы 3,218876 0,001202
кольским 3,912023 0,000730
кольского 3,912023 0,001461
кольское 3,912023 0,000730
командой 2,407946 0,000449
команды 1,560648 0,000291
коми 1,514128 0,000565
комлева 3,912023 0,000730
компанией 1,514128 0,000283
компании 0,579818 0,000433
комплекс 0,653926 0,000244
компоненты 1,609438 0,000300
конвенции 2,995732 0,001678
конвенцию 3,506558 0,000655
конвенция 2,525729 0,000943
конкретизациивикипедия 1,714798 0,000320
континентального 1,832581 0,000342
континентальное 3,912023 0,000730
конфиденциальности -0,009950 -0,000002
конфронтации 3,912023 0,000730
конфронтацию 3,912023 0,001461
конце 0,430783 0,000161
концентрическими 3,912023 0,000730
конышев 3,912023 0,006572
копия 0,328504 0,000920
кораблей 2,525729 0,000471
коренные 2,407946 0,000449
коренных 2,207275 0,000412
коридор 2,207275 0,000412
кормовая 3,218876 0,000601
корнуоллис 3,912023 0,000730
королевство 3,912023 0,000730
короны 3,506558 0,000655
короткий -0,009950 -0,000002
косатки 3,912023 0,000730
космосом 3,506558 0,000655
костенич 3,912023 0,000730
котельный 3,506558 0,000655
котловин 3,218876 0,000601
котляков 2,813411 0,001050
которая 0,287682 0,000161
которое 0,478036 0,000089
которой 0,174353 0,000098
которому 0,843970 0,000158
которые 0,162519 0,000030
который 0,105361 0,000020
которыми 1,469676 0,000274
которых 0,094311 0,000106
кочевников 2,120264 0,000396
крае 1,514128 0,000283
крайне 1,832581 0,000342
крайний 3,912023 0,000730
крайним 3,506558 0,000655
крамник 3,506558 0,000655
красная 1,108663 0,000414
красноярского 2,302585 0,000430
красноярском 2,525729 0,000471
кратчайший 3,218876 0,001202
края 0,713350 0,000133
крейсера 3,506558 0,000655
критическое 3,912023 0,000730
кроме 0,235722 0,000264
кроссполярный 3,912023 0,000730
кругами 3,218876 0,000601
круги 3,506558 0,001309
круглогодичного 3,506558 0,000655
круглосуточного 3,506558 0,001309
круглый 2,659260 0,000496
кругом 2,040221 0,000381
кругосвет 1,560648 0,000291
кругу 2,525729 0,000471
крузенштерна 3,912023 0,000730
крупнейших 0,634878 0,000237
крупного 1,560648 0,000291
крупные 0,579818 0,000108
крупный 0,798508 0,000149
крылатых 3,912023 0,000730
кудряшова 3,506558 0,000655
кузюк 3,912023 0,000730
куи 3,912023 0,000730
куйский 3,912023 0,000730
куки -0,009950 -0,000002
культура 0,653926 0,000244
культурная 1,897120 0,000354
культурному 3,506558 0,000655
культуры 0,462035 0,000086
купить 3,218876 0,001202
курья 3,506558 0,000655
кустарники 2,813411 0,001050
кыргызча 0,000000 0,000000
кэтрин 3,912023 0,000730
лагеря 2,302585 0,000430
лагутина 3,912023 0,001461
лакуны 3,912023 0,000730
лапландия 3,912023 0,000730
лаптевых 2,302585 0,000860
латинская 2,813411 0,000525
лед 1,897120 0,000354
ледников 3,218876 0,000601
ледовитого 1,832581 0,002053
ледовитом 3,912023 0,003651
ледовитость 3,912023 0,000730
ледовитый 2,407946 0,000899
ледовитым 3,912023 0,000730
ледового 2,813411 0,001050
ледовой 2,995732 0,001118
ледокол 2,659260 0,000496
ледокола 3,912023 0,000730
ледоколов 3,506558 0,001309
ледокольного 3,912023 0,000730
ледяная 3,506558 0,000655
ледяного 3,218876 0,002403
ледяной 2,813411 0,000525
лемминг 3,218876 0,000601
ленинградское 3,506558 0,000655
лены 2,659260 0,000496
леса 1,021651 0,000191
лет 0,223144 0,000167
летнего 1,771957 0,000331
летние 1,714798 0,000320
летний 1,108663 0,000207
летних 2,120264 0,000396
летом 0,597837 0,000335
ликвидации 1,609438 0,000601
ликвидация 3,506558 0,000655
линия 0,891598 0,000166
лиссабонский 3,912023 0,000730
литература 0,061875 0,000023
литературная 2,813411 0,000525
литовская 1,309333 0,000244
лицензии -0,009950 -0,000004
лишайники 2,995732 0,001678
лишена 2,995732 0,000559
лишиться 3,506558 0,000655
лишь 0,478036 0,000268
лки 3,912023 0,000730
лодок 2,995732 0,001118
ломоносова 2,040221 0,001523
лоухский 3,912023 0,000730
лучи 2,525729 0,000471
льда 1,832581 0,003421
льдах 3,912023 0,000730
льдине 3,912023 0,000730
льдов 3,218876 0,001202
льдом 2,207275 0,000412
льду 2,040221 0,000381
льды 3,912023 0,002191
льшая 0,000000 0,000000
любая 2,525729 0,000471
любые 2,207275 0,000412
людей 0,693147 0,000388
люди 0,755023 0,000141
людьми 1,609438 0,000300
мае 0,867501 0,000162
мазур 3,912023 0,001461
мак 3,506558 0,000655
македонски 0,000000 0,000000
максим 1,560648 0,000583
малое 1,897120 0,000354
малой 1,514128 0,000283
малоледовитые 3,912023 0,000730
малочисленных 3,912023 0,000730
мамонтовая 3,912023 0,000730
мангазейский 3,912023 0,000730
мандель 3,506558 0,000655
маркушина 3,912023 0,000730
марта 0,139262 0,000494
масса 1,609438 0,000601
массы 2,040221 0,000762
масштабам 3,506558 0,000655
масштабные 1,897120 0,000354
материал -0,009950 -0,000002
материк 3,506558 0,000655
материка 2,659260 0,000496
материков 2,995732 0,001118
материкового 3,218876 0,000601
материковой 2,995732 0,000559
мая 0,139262 0,000312
маяка 3,506558 0,000655
медведи 2,525729 0,000471
медведица 2,995732 0,000559
медведицы 3,218876 0,001202
медведь 2,207275 0,000824
медведя 2,659260 0,000496
медвежий 3,506558 0,000655
медицина 1,897120 0,000354
медициной 3,912023 0,000730
медленнее 2,813411 0,001050
международная 1,309333 0,000244
международного 0,733969 0,000137
международное 1,714798 0,000320
международной 1,203973 0,000449
международном 1,832581 0,000342
международные 0,941609 0,000352
международный 0,713350 0,000533
международных 0,967584 0,000542
мезенский 3,912023 0,000730
меланезия 2,995732 0,000559
меланина 3,912023 0,000730
менделеева 2,659260 0,000496
менее 0,314711 0,000176
меньше 0,755023 0,000282
мер 2,040221 0,000381
меридианами 3,912023 0,001461
меридианом 3,912023 0,000730
мертвая 3,912023 0,000730
местами 1,427116 0,000266
место 0,371064 0,000069
местом 1,049822 0,000196
месторождении 3,506558 0,000655
месторождений 2,040221 0,001143
месторождения 1,966113 0,000367
месяца 1,347074 0,000251
месяцев 1,171183 0,000437
месяцы 1,966113 0,000367
металлолома 3,912023 0,001461
метод 1,771957 0,000331
методом 2,407946 0,000449
метров 0,776529 0,000580
метровыми 3,912023 0,000730
микронезия 2,813411 0,000525
микроорганизмов 2,525729 0,000471
миллиона 1,386294 0,000259
миллионах 3,912023 0,000730
миллионов 1,078810 0,000201
миллионы 2,995732 0,000559
миль 3,218876 0,002403
мильная 3,912023 0,000730
минеральных 1,609438 0,000601
минимальные 2,995732 0,000559
минимум 0,693147 0,000129
минимума 2,407946 0,001348
министерства 0,891598 0,000166
министерство 1,108663 0,000207
минприроды 2,659260 0,001489
минут 1,386294 0,000259
минуты 2,525729 0,000471
мир 0,342490 0,000320
мира 0,415515 0,000543
мире 0,494296 0,000461
мировая 1,897120 0,000354
мировоззрение 2,813411 0,000525
мировой 0,733969 0,000822
мировых 1,560648 0,000291
миру 1,560648 0,000291
мифы 2,302585 0,000430
михаилом 2,813411 0,000525
млн 0,462035 0,000862
млрд 0,820981 0,001226
многие 0,356675 0,000200
многим 1,897120 0,000354
многих 0,494296 0,000185
многолетнемерзлых 3,912023 0,000730
многометровым 3,912023 0,000730
многочисленными 1,966113 0,000367
мобильная -0,009950 -0,000002
могут -0,009950 -0,000002
модель 1,469676 0,000274
мокшень 0,000000 0,000000
момент 0,597837 0,000112
момский 3,912023 0,000730
монгол 0,000000 0,000000
мониторинга 1,714798 0,000320
моратории 3,912023 0,000730
море 1,049822 0,000588
морем 1,771957 0,000331
мореплаватели 3,506558 0,000655
моржи 3,506558 0,000655
морские 1,609438 0,000300
морских 1,832581 0,001710
морского 1,897120 0,002125
морское 2,407946 0,000449
морской 1,309333 0,002200
морском 3,912023 0,000730
морскому 3,218876 0,000601
моря 0,579818 0,000866
морями 2,040221 0,000381
морях 2,995732 0,001118
москва 0,400478 0,000150
москву 1,139434 0,000213
московский 0,891598 0,000333
мощностей 2,995732 0,000559
мощности 2,120264 0,000396
мощность 2,207275 0,000412
мпа 3,506558 0,000655
мультигрузовыми 3,912023 0,000730
мурманск 2,207275 0,000412
мурманска 3,506558 0,000655
мурманская 2,813411 0,000525
мурманской 3,506558 0,001309
мусор 2,813411 0,000525
мусора 2,120264 0,000792
мутации 3,912023 0,001461
мутация 3,506558 0,000655
мхи 2,813411 0,001576
мыса 2,302585 0,000430
мысе 3,506558 0,000655
мысу 3,506558 0,000655
наблюдались 2,659260 0,000496
наблюдений 1,386294 0,000518
наблюдения 1,714798 0,000640
навигации -0,009950 -0,000004
навигация -0,009950 -0,000004
нагурское 3,912023 0,000730
надводной 3,912023 0,000730
надежно 3,506558 0,000655
назад 1,108663 0,000207
назван 1,078810 0,000201
название 0,198451 0,000074
названием 0,820981 0,000460
названия 0,342490 0,000128
названного 3,506558 0,000655
названы 1,386294 0,000259
наземным 3,506558 0,000655
называемые 1,660731 0,000310
называемый 1,514128 0,000283
называл 3,218876 0,000601
называться 1,660731 0,000310
наиболее 0,139262 0,000052
наибольшей 2,120264 0,000396
накопленного 3,506558 0,000655
намеревается 3,912023 0,000730
намерена 2,995732 0,000559
намерении 3,912023 0,000730
намерены 2,525729 0,000471
нами -0,009950 -0,000002
нанесено 3,912023 0,000730
нансен 3,506558 0,000655
нападении 3,506558 0,000655
направить 3,218876 0,000601
направление 1,203973 0,000225
направлении 1,108663 0,000207
направлений 1,108663 0,000207
направления 0,755023 0,000141
напряженной 3,912023 0,000730
напряженности 2,995732 0,000559
напрямую 1,660731 0,000310
наращивать 3,506558 0,000655
нарвалы 3,912023 0,000730
народов 0,798508 0,000596
народы 1,832581 0,000684
нарьян-мар 2,995732 0,000559
население 0,693147 0,000129
населения 0,494296 0,000277
настоящего 2,040221 0,000762
настоящее 0,328504 0,000123
наталия 2,302585 0,000430
нато 3,506558 0,009819
наука 0,301105 0,000112
науч 1,714798 0,000320
научно-исследовательском 3,218876 0,000601
научно-образовательный 0,967584 0,000181
научного 1,309333 0,000489
научных 0,776529 0,000145
находится 0,328504 0,000061
находятся 0,527633 0,000295
находящийся 1,966113 0,000367
находящимся 3,218876 0,000601
национальная 1,108663 0,000207
национального 1,469676 0,000274
национальную 2,040221 0,000381
национальные 2,120264 0,000792
национальный 0,597837 0,000446
начала 0,314711 0,000235
началась 0,967584 0,000361
начале 0,314711 0,000059
начали 0,891598 0,000166
начались 1,660731 0,000310
начнутся 3,506558 0,000655
нво 3,912023 0,000730
небольшие 1,832581 0,000342
небольшое 2,040221 0,000381
невозможно 1,832581 0,000342
недостатков 0,653926 0,000122
недоступная 0,527633 0,000098
недра 3,218876 0,000601
некоммерческой -0,009950 -0,000002
некоторые 0,301105 0,000337
немецкую 2,995732 0,000559
нему 1,203973 0,000225
немцова 2,995732 0,000559
ненецкий 2,813411 0,000525
ненецком 3,506558 0,000655
необходимо 1,237874 0,000231
необходимого 2,995732 0,000559
неполярных 3,912023 0,000730
непроходимой 3,506558 0,000655
нерабочими 1,021651 0,000191
неразработанных 3,912023 0,000730
нередко 1,108663 0,000207
несколько 0,150823 0,000056
несмотря 0,755023 0,000141
нестратегические 3,912023 0,000730
неудобства 2,995732 0,000559
неуклонно 2,995732 0,000559
нефтегазовой 3,218876 0,000601
нефтегазовые 3,506558 0,000655
нефтегазовых 3,218876 0,000601
нефтедобывающей 3,912023 0,000730
нефтепродуктами 3,218876 0,000601
нефтепродукты 2,525729 0,000471
нефти 1,514128 0,002544
нефть 1,832581 0,002737
нефтяного 2,995732 0,000559
нефтяные 2,995732 0,000559
нефтяных 2,525729 0,000943
нефункционирующие 3,912023 0,000730
нечисловыми 2,659260 0,000496
неяглова-колосова 3,912023 0,000730
нигде 2,525729 0,000471
ниже 0,693147 0,000388
нижнеколымский 3,912023 0,000730
низкая 1,660731 0,000310
низкие 2,040221 0,000381
низкий 2,040221 0,000381
низких 2,407946 0,000449
низкого 2,995732 0,000559
никак 2,813411 0,000525
никеля 2,659260 0,000496
никто 2,302585 0,000430
новая 0,634878 0,000474
нового 0,579818 0,000108
новодвинск 3,912023 0,000730
новой 0,653926 0,000244
новом 1,386294 0,000259
новосибирских 3,218876 0,001202
новостей 1,771957 0,000331
новости 0,579818 0,000649
новые 0,342490 0,000064
новый 0,446287 0,000167
новых 0,430783 0,000161
нодельман 3,912023 0,000730
норвегией 3,912023 0,000730
норвегии 2,659260 0,000993
норвегия 2,659260 0,000496
норвежская 0,248461 0,000046
норвежский 3,506558 0,000655
норвежскую 3,912023 0,000730
норденшельд 3,912023 0,000730
норденшельда 3,912023 0,000730
норильск 1,203973 0,000225
норильске 3,912023 0,001461
норильско-таймырской 3,912023 0,000730
норме 3,218876 0,000601
нормы 1,514128 0,000283
норникеля 3,912023 0,000730
нортон 3,912023 0,000730
нохчийн 0,000000 0,000000
ночи 2,659260 0,000496
ноября 0,127833 0,000119
нська 0,000000 0,000000
нтэк 3,912023 0,000730
нулевого 2,659260 0,000496
нуналивут 3,912023 0,000730
ныне 0,653926 0,000122
оао 0,916291 0,000171
обамы 3,912023 0,000730
обеспечивает 1,108663 0,000207
оби 2,207275 0,000824
обитаемых 3,506558 0,000655
обитания 2,120264 0,000792
обитателей 2,525729 0,000471
обитателям 3,506558 0,000655
обитают 2,040221 0,000762
области 0,223144 0,000167
область 0,385662 0,000288
обнаружен 2,659260 0,000496
обнаруженных 2,813411 0,000525
обнаружено 2,207275 0,000412
обнаружены 1,771957 0,000662
обозначал 2,813411 0,000525
обозначением 2,995732 0,000559
обозреватель 3,506558 0,000655
обозрение 2,120264 0,000396
обойдется 2,995732 0,000559
обойдя 3,218876 0,000601
оборона 2,120264 0,000396
обороны 1,309333 0,000244
оборудования 1,049822 0,000196
обоснованию 2,407946 0,000449
образом 0,371064 0,000346
образуют 1,771957 0,000331
образцов 2,995732 0,000559
обращения 0,030459 0,000279
обследовал 3,506558 0,000655
обслуживания 1,469676 0,000274
обстановке 2,995732 0,000559
обусловленные 3,506558 0,000655
обусловливают 3,218876 0,000601
общая 0,673345 0,000126
общее 1,237874 0,000231
общеевропейские 3,912023 0,000730
общей 0,597837 0,000112
общем 1,514128 0,000283
общества 0,776529 0,000290
общество 0,713350 0,000399
общие 0,673345 0,000126
общий 0,916291 0,000171
общим 1,427116 0,000266
объекта 1,203973 0,000449
объектов 0,527633 0,000098
объекты 0,478036 0,000089
объявила 2,995732 0,001118
объявлении 3,506558 0,001309
объявляется 3,506558 0,000655
объявлялась 3,912023 0,000730
объявлялись 3,912023 0,000730
объяснить 2,659260 0,000496
овцебык 3,506558 0,001309
огонек 3,506558 0,000655
ограниченная 3,218876 0,000601
ограничивают 2,995732 0,000559
огромное 1,966113 0,000367
огромную 2,207275 0,000412
одинаковые 2,995732 0,000559
одна 0,527633 0,000098
однако 0,174353 0,000065
одно 0,693147 0,000129
одноименного 1,771957 0,000331
одной 0,371064 0,000069
ожидать 2,813411 0,000525
озеро 1,049822 0,000196
означало 2,525729 0,000471
озоновая 3,506558 0,001309
оказалась 1,771957 0,000331
океан 1,714798 0,000640
океана 1,272966 0,002139
океанах 3,218876 0,000601
океане 2,659260 0,002482
океания 2,659260 0,000496
океанов 2,040221 0,000381
океаном 2,525729 0,000471
океаны 2,659260 0,000496
оккупацию 3,912023 0,000730
окно 2,407946 0,000449
около 0,000000 0,000000
околоарктическим 3,912023 0,000730
окраинами 3,506558 0,000655
окраинными 3,912023 0,000730
окраины 2,302585 0,000430
округ 0,673345 0,001006
округа 0,653926 0,000122
окружающей 1,049822 0,000196
октября 0,083382 0,000265
оленеводство 3,912023 0,000730
оленекский 3,912023 0,000730
олень 2,995732 0,001118
омывается 2,995732 0,000559
онежский 3,912023 0,000730
онлайн 0,198451 0,000037
оон 1,560648 0,000291
ооо 0,843970 0,000158
опасна 3,912023 0,000730
опасности 2,525729 0,000471
опасность 2,525729 0,000471
описание -0,009950 -0,000002
описано 3,218876 0,000601
опорной 2,659260 0,000496
определена 3,218876 0,000601
определению 2,813411 0,000525
определенные 2,525729 0,000471
определены 2,813411 0,001050
определял 2,995732 0,000559
определялись 3,912023 0,000730
оптимизацией 3,506558 0,000655
опускаются 3,506558 0,000655
организацией 1,966113 0,000367
организации -0,009950 -0,000006
организаций 0,776529 0,000145
орел 1,609438 0,000300
оригинала 0,162519 0,000121
ортса 0,000000 0,000000
освещенности 3,912023 0,000730
освоение 1,966113 0,002936
освоении 2,995732 0,001118
освоения 1,897120 0,000708
осипов 0,527633 0,000098
осложняются 3,912023 0,000730
оснащена 2,813411 0,000525
основания 0,713350 0,000133
основная 0,116534 0,000174
основные 0,223144 0,000042
основным 0,616186 0,000115
основой 1,237874 0,000231
основываться 2,995732 0,000559
особенно 0,562119 0,000105
особенности 0,994252 0,000557
особенностям 2,995732 0,000559
особенную 3,912023 0,000730
особое 1,832581 0,000342
осознанием 3,912023 0,000730
осока 3,912023 0,000730
оспаривается 3,218876 0,000601
остальном 3,218876 0,000601
остров 1,139434 0,000213
острова 1,078810 0,001208
островами 2,302585 0,000860
островах 2,302585 0,002149
острове 1,660731 0,000310
островов 1,897120 0,002125
остроту 3,912023 0,000730
осуществила 3,912023 0,000730
осуществления 1,832581 0,000342
осуществляющими 3,506558 0,000655
отбора 2,407946 0,000449
отв 0,755023 0,000423
ответ 1,560648 0,000291
ответственности -0,009950 -0,000004
отвечает 2,302585 0,000430
отгружена 3,912023 0,001461
отделение 1,139434 0,000213
отделения 1,021651 0,000191
отдельных -0,009950 -0,000002
отечественной 0,673345 0,000126
отказ -0,009950 -0,000002
отказавшийся 3,912023 0,000730
отклонило 3,912023 0,000730
откроет 3,506558 0,000655
открыл 1,609438 0,000300
открыли 1,237874 0,000231
открытый 1,049822 0,000196
отличие 0,891598 0,000166
относится 0,733969 0,000274
относятся 0,713350 0,000133
отношении 1,203973 0,000225
отношений 1,309333 0,000489
отношения 0,994252 0,000186
ото 2,813411 0,000525
отправилась 3,506558 0,000655
отрабатывалась 3,506558 0,000655
отработкой 3,912023 0,000730
отражает 2,040221 0,000381
отредактирована -0,009950 -0,000002
отрицательной 3,912023 0,000730
отставной 3,506558 0,000655
отходов 1,966113 0,000734
отходы 2,207275 0,000412
официально 0,693147 0,000259
оформилось 3,912023 0,000730
охватывала 3,506558 0,000655
охота 2,302585 0,000430
охотиться 3,912023 0,000730
охрана 1,771957 0,000331
охраны 1,427116 0,000266
оценивается 2,120264 0,000396
оценивались 3,218876 0,000601
оценили 2,995732 0,000559
оценкам 1,609438 0,000300
оценке 1,560648 0,000291
очень 0,494296 0,000185
очередь 0,527633 0,000197
очистить 3,218876 0,000601
очистка 3,218876 0,001202
очистке 2,659260 0,000993
очистки 2,813411 0,002101
очистку 2,659260 0,000496
очистные 2,207275 0,000412
очистят 3,912023 0,000730
очищено 3,506558 0,001309
ошибкекак -0,009950 -0,000002
память 0,891598 0,000333
панорамы 2,040221 0,000381
парламентская 3,506558 0,000655
паровых 3,506558 0,000655
пароходе 3,506558 0,000655
партнера 3,506558 0,000655
партнерства 2,659260 0,000496
паулсен 3,506558 0,001309
пво 2,813411 0,000525
первая 0,430783 0,000482
первой 0,462035 0,000259
первоначально 1,203973 0,000225
первопроходцами 3,506558 0,000655
первую 0,867501 0,000162
первые 0,494296 0,000092
первый 0,385662 0,000072
первыми 1,609438 0,000300
первых 0,653926 0,000366
перебросить 3,506558 0,000655
перевозки 1,203973 0,000225
перегреться 3,912023 0,000730
перейти -0,009950 -0,000004
перекрестке 1,966113 0,000367
перелетных 3,912023 0,000730
перелетов 3,218876 0,000601
перелеты 2,995732 0,000559
переоценить 3,506558 0,000655
переходить 2,813411 0,000525
перечислены 2,813411 0,000525
перешла 1,660731 0,000310
период 0,342490 0,000575
периоды 1,560648 0,000291
персональные -0,009950 -0,000002
перспективных 2,407946 0,000899
перспективы 1,347074 0,001006
перфильевым 3,912023 0,000730
песца 3,912023 0,000730
петр 1,108663 0,000207
петролеум 3,912023 0,000730
пехотной 3,506558 0,000655
пехоты 3,506558 0,000655
печати -0,009950 -0,000002
печать -0,009950 -0,000002
печорском 3,912023 0,000730
пике 3,218876 0,000601
пиренейский 2,995732 0,000559
питания 1,272966 0,000238
пищей 3,912023 0,000730
плавание 2,302585 0,000430
плаваний 3,912023 0,000730
плавания 2,659260 0,000496
плакированной 3,912023 0,000730
план 0,755023 0,000141
планете 2,302585 0,000430
планировало 3,506558 0,000655
планирует 2,120264 0,000396
планируется 1,021651 0,000954
планируют 2,302585 0,000430
пластин 3,912023 0,000730
платформа 1,714798 0,000640
платформы 1,272966 0,000713
плацдармом 3,912023 0,000730
плотность 0,693147 0,000129
плохо 2,525729 0,000471
площади 0,510826 0,000381
площадок 1,714798 0,000320
площадь 0,478036 0,000892
побережье 1,560648 0,001165
побережьем 3,506558 0,000655
побережья 1,427116 0,000266
побуждающими 3,912023 0,000730
поведения -0,009950 -0,000002
повысили 3,506558 0,000655
повышается 2,813411 0,001050
поглощающую 3,912023 0,000730
погоды 2,040221 0,001523
погранзаставе 3,912023 0,000730
погружение 3,912023 0,000730
погружения 3,218876 0,000601
подводники 3,912023 0,000730
подводной 2,659260 0,000496
подводные 2,525729 0,000943
подводных 2,407946 0,001348
поддается 3,218876 0,000601
поддерживается 1,897120 0,000354
поделена 3,912023 0,001461
подключилось 3,912023 0,000730
подледная 3,912023 0,000730
подобной 2,995732 0,000559
подписал 2,040221 0,000381
подписать 2,995732 0,000559
подразделений 2,407946 0,000449
подробнее -0,009950 -0,000002
подстилку 3,506558 0,000655
подход 1,771957 0,000992
подходного 3,912023 0,000730
подъездных 3,912023 0,000730
позволяя 2,407946 0,000449
позднее 0,798508 0,000149
поиск -0,009950 -0,000002
поисков 3,912023 0,000730
поиску -0,009950 -0,000002
показал 1,832581 0,000342
показано 2,995732 0,000559
показателей 1,203973 0,000225
показатель 0,713350 0,000133
показателя 2,525729 0,000471
показывает 2,207275 0,000412
покрова 1,203973 0,000899
покрыты 2,120264 0,000396
покупке 3,218876 0,000601
полезных 1,660731 0,000620
полете 3,506558 0,000655
полигон 2,407946 0,000449
полигонах 3,912023 0,001461
полинезия 2,659260 0,000496
политика -0,009950 -0,000007
политике 2,120264 0,000396
политики 1,237874 0,000462
политикой 2,995732 0,000559
политическую 2,995732 0,000559
полковник 2,302585 0,000430
полное 1,139434 0,000213
полностью 0,400478 0,000523
полную 2,207275 0,000412
полным 2,040221 0,000381
половине 0,634878 0,000119
половину 1,660731 0,000310
половины 0,994252 0,000186
полосу 2,407946 0,000449
полторы 3,506558 0,000655
полуостров 1,714798 0,000640
полуострова 1,560648 0,000583
полуостровом 2,995732 0,000559
получаемые 3,912023 0,000730
получена 3,912023 0,000730
получившая 2,813411 0,000525
получившие 3,218876 0,000601
получила 0,653926 0,000244
получили 0,967584 0,000181
полушария 2,813411 0,000525
полюс 2,995732 0,002237
полюса 2,813411 0,002101
полюсом 3,912023 0,001461
полюсу 3,912023 0,001461
полярная 3,218876 0,001202
полярник 3,912023 0,000730
полярного 3,218876 0,001202
полярной 3,506558 0,000655
полярному 3,506558 0,000655
полярные 2,302585 0,003868
полярный 2,120264 0,001583
полярным 2,813411 0,001050
полярных 3,218876 0,003004
помогут 3,506558 0,000655
поморья 3,506558 0,000655
помощью 0,634878 0,000119
пониженной 3,506558 0,000655
понизилась 3,912023 0,000730
популярен 2,813411 0,000525
популяции 2,659260 0,000993
популяций 3,912023 0,000730
попыток 2,407946 0,000449
пораженную 3,912023 0,000730
пород 1,897120 0,000354
порт 0,941609 0,000527
порта 1,309333 0,001222
портал 0,342490 0,000192
портовой 3,506558 0,000655
портовых 3,912023 0,001461
посвященной 2,407946 0,000449
поселения 0,941609 0,000176
поселка 1,309333 0,000244
поселках 2,813411 0,000525
поселке 1,609438 0,000300
поскольку 0,941609 0,000527
посланник 3,912023 0,000730
последние 0,755023 0,000282
последний -0,009950 -0,000002
последних 1,347074 0,000251
последовала 3,912023 0,000730
последствий 2,207275 0,000824
последствия 2,040221 0,000381
послужила 2,659260 0,000496
поспелов 1,021651 0,000381
постановление 1,139434 0,000213
постановлением 1,469676 0,000549
постановлении 3,218876 0,000601
постоянно 1,108663 0,000207
постоянной 1,897120 0,000354
построить 1,427116 0,000266
потенциала 1,897120 0,000354
потенциальную 3,506558 0,000655
потепление 2,407946 0,001348
потеплением 3,506558 0,000655
потеплении 3,912023 0,000730
потеплений 3,912023 0,000730
потери 1,966113 0,000367
потратило 3,912023 0,000730
потреблялось 3,912023 0,000730
потребует 2,995732 0,000559
почему 0,000000 0,000000
поэтому 0,616186 0,000230
появилась 0,820981 0,000613
появились 0,579818 0,000108
поясаскрытые 3,912023 0,000730
прав 1,514128 0,000283
правами 2,659260 0,000496
правда 0,891598 0,000166
праве 3,218876 0,001202
правительства 0,693147 0,000129
править -0,009950 -0,000108
правкиновые -0,009950 -0,000002
правкипостоянная -0,009950 -0,000002
право 1,469676 0,001097
правовой 1,469676 0,002469
правовом 2,659260 0,000993
правовые 2,995732 0,000559
праву 2,813411 0,000525
прадхо-бей 3,912023 0,000730
практики 2,525729 0,000471
практически 0,755023 0,000282
пределами 1,714798 0,000320
пределах 0,510826 0,000095
пределы 1,966113 0,000367
предков 2,525729 0,000471
предложено 2,813411 0,000525
предложил 1,832581 0,000342
предоставило 3,218876 0,000601
предполагалось 1,771957 0,000331
предполагают 2,813411 0,000525
предпочитает 3,506558 0,000655
предприятия 0,713350 0,000133
предсказывают 3,912023 0,000730
представились -0,009950 -0,000002
представители 1,272966 0,000238
представитель 1,897120 0,000354
представления 1,469676 0,000274
представляет 0,446287 0,000167
представляющей 3,506558 0,000655
предупреждения 2,995732 0,000559
предусматривается 3,912023 0,000730
предшествующий 3,506558 0,000655
прежде 1,049822 0,000196
президент 1,386294 0,000518
президента 0,916291 0,001539
президиума 1,272966 0,000951
преимущественно 0,776529 0,000145
преобладание 2,525729 0,000471
преобладанием 2,302585 0,000430
преобладают 1,203973 0,000225
пресс-конференция 2,995732 0,000559
пресс-релиз 2,813411 0,001576
претендовать 2,659260 0,000496
претендуют 3,506558 0,000655
приближается 2,995732 0,000559
прибрежные 2,302585 0,000430
прибрежных 2,302585 0,000430
привело 1,108663 0,000414
привести 1,832581 0,000684
придется 2,995732 0,001118
придутся 3,912023 0,000730
признать 3,218876 0,000601
призывает 3,912023 0,000730
прилегающей 2,813411 0,000525
прилегающие 2,040221 0,000381
прилегающими 2,407946 0,000449
прилегающих 2,040221 0,000762
примакова 3,912023 0,000730
примере 1,771957 0,000331
примерно 0,634878 0,000119
примечания -0,009950 -0,000004
приморский 2,207275 0,000412
примыкающий 3,506558 0,000655
принимали 1,966113 0,000367
приносит 2,659260 0,000496
приняли 1,347074 0,000503
принята 1,714798 0,000960
принятия 2,120264 0,000396
приобретают 2,995732 0,000559
приоритеты 2,525729 0,000471
приполюсном 3,912023 0,000730
приразломная 3,912023 0,000730
приразломного 3,912023 0,000730
приразломном 3,912023 0,000730
природа 1,309333 0,000489
природная 2,207275 0,000412
природной 1,897120 0,000354
природные 1,108663 0,000621
природных 1,108663 0,000414
природы 1,021651 0,000763
приросте 3,912023 0,000730
присоединилась 3,218876 0,000601
присоединилось 3,912023 0,000730
приспособлена 3,506558 0,000655
приспособленной 3,912023 0,000730
приступила 2,659260 0,000496
присутствие 2,659260 0,002482
присутствия 2,525729 0,000943
присутствовали 2,813411 0,000525
присутствует 1,714798 0,000640
причем 0,994252 0,000186
причиной 1,469676 0,000274
причины 1,771957 0,000662
проб 2,525729 0,000471
проблем 0,798508 0,000447
проблемных 2,525729 0,000471
проблемы 0,544727 0,001017
проведено 2,207275 0,000412
провела 2,659260 0,002482
провести 2,659260 0,000496
проводились 1,771957 0,000662
проводить 2,302585 0,000430
проводят 2,407946 0,000449
проводятся 1,203973 0,000225
прогноз 1,897120 0,000354
прогнозов 3,506558 0,000655
программа 0,994252 0,000186
программу 1,609438 0,000300
продаже 2,407946 0,000449
продолжение 1,832581 0,000342
продолжительности 2,525729 0,000471
продолжительность 1,171183 0,000219
проект 0,400478 0,000150
проекта 0,616186 0,000115
проектах -0,009950 -0,000002
проектахзначения 1,237874 0,000231
проектирование 2,120264 0,000396
проектные 2,995732 0,000559
проектов 1,469676 0,000274
проекту 1,049822 0,000196
проживало 1,514128 0,000283
проживанием 3,912023 0,000730
проживания 1,832581 0,000342
производительных 3,218876 0,000601
произойдет 2,525729 0,000471
произошла 1,714798 0,000640
произошло 0,733969 0,000137
произрастают 2,207275 0,000412
происходило 1,832581 0,000342
происходящих 2,813411 0,000525
происхождение 1,427116 0,000533
происхождения 1,272966 0,000238
пролив 2,040221 0,000381
пролива 2,407946 0,000899
проливе 3,218876 0,000601
проложили 2,813411 0,000525
промыслами 3,912023 0,000730
промышленное 1,660731 0,000310
промышленности 0,579818 0,000108
проникли 2,995732 0,000559
проникновение 2,995732 0,000559
пропитание 3,912023 0,000730
пропускная 3,218876 0,000601
прорывах 3,912023 0,000730
просмотры -0,009950 -0,000002
пространства 1,049822 0,000196
пространством 3,506558 0,000655
пространству 3,506558 0,000655
протестуют 3,912023 0,000730
против 0,798508 0,000298
протяжении 0,867501 0,000162
проходит 0,693147 0,000129
проходом 3,912023 0,000730
проходящим 3,912023 0,001461
прохоров 1,078810 0,000201
процентов 2,120264 0,000396
процессах 2,407946 0,000449
прошел 0,994252 0,000371
прошла 1,560648 0,000291
прошли 1,309333 0,000244
проявил 3,912023 0,000730
проявление 2,813411 0,000525
прямой 1,347074 0,000251
птиц 1,469676 0,000549
публикации 1,832581 0,000342
публикация 2,659260 0,000993
пункта 1,514128 0,000283
пустынь 2,407946 0,000449
пустыня 2,813411 0,000525
путеводитель 0,713350 0,000133
путей 0,916291 0,000171
путем 0,941609 0,000176
пути 0,693147 0,001035
путина 2,302585 0,000430
путь 0,820981 0,000920
пытались 2,120264 0,000396
пясино 3,912023 0,000730
пять 1,108663 0,000414
работавший 2,813411 0,000525
работам 2,525729 0,000471
работают 0,673345 0,000126
работы 0,314711 0,000294
равна 2,525729 0,000471
равнинный 2,813411 0,000525
радара 3,912023 0,000730
радиационный 3,506558 0,000655
радиуса 3,912023 0,000730
раза 0,867501 0,000324
разведка 3,218876 0,000601
разведки 2,659260 0,000496
развертывания 2,659260 0,000993
развитие 0,314711 0,000117
развитии 1,078810 0,000403
развития 0,287682 0,000215
раздела 1,514128 0,000565
разделяющего 3,506558 0,000655
раздора 3,506558 0,000655
разживин 3,912023 0,000730
разлива 2,813411 0,001050
разлившаяся 3,912023 0,000730
размере 1,897120 0,000354
размеров 2,207275 0,000824
размеры 2,040221 0,000381
размножения 2,995732 0,000559
разнообразие 2,407946 0,000899
разработали 2,659260 0,000496
разработки 1,203973 0,000225
разработку 1,897120 0,000354
разработчики -0,009950 -0,000002
разумного 3,912023 0,000730
район 0,597837 0,001786
района 0,673345 0,000251
районах 0,941609 0,000352
районе 0,527633 0,000492
районов 0,562119 0,000315
ракет 2,995732 0,000559
ракетном 3,912023 0,000730
ракеты-перехватчики 3,912023 0,000730
рамках 0,544727 0,000305
ран 0,776529 0,000435
раскрыли 3,912023 0,000730
располагает 1,609438 0,000601
расположение 1,139434 0,000213
расположенная 1,609438 0,000601
расположенные 1,514128 0,000565
расположенных 1,427116 0,000799
распространения 1,660731 0,000310
распространяется 1,897120 0,000354
расселения 1,966113 0,000367
рассеяния 3,218876 0,000601
расстояние 0,843970 0,000158
расстояния 1,832581 0,000342
растений 1,386294 0,000518
растения 1,771957 0,000662
растительного 3,506558 0,000655
растительности 2,302585 0,000860
растительность 1,427116 0,000266
расширение 0,527633 0,000295
расширяют 3,912023 0,000730
ратифицировала 3,912023 0,000730
ратманова 3,506558 0,000655
рго 3,506558 0,001964
реакция 2,995732 0,000559
реализация 1,560648 0,000583
реализующее 3,912023 0,000730
реальность 2,813411 0,000525
ребровым 3,912023 0,000730
регион 1,021651 0,000763
региона 0,776529 0,000870
регионах 1,771957 0,000662
регионе 1,049822 0,000588
регионов 0,941609 0,000176
регионы 1,049822 0,000392
регулярно 1,272966 0,000238
ред 0,235722 0,000308
редакцией 1,832581 0,000342
режим 1,108663 0,001242
режиме 1,514128 0,000283
резерв 3,506558 0,000655
резервами 3,912023 0,000730
резервуаре 3,506558 0,000655
резистентного 3,912023 0,000730
резольют 3,912023 0,000730
результатам 1,049822 0,000196
результате 0,342490 0,000384
реки 0,462035 0,000345
реконструкция 1,203973 0,000225
рекордно 3,218876 0,000601
рекордного 3,218876 0,000601
рекордных 3,506558 0,001309
рекультивировано 3,912023 0,000730
рельеф 0,941609 0,000527
рельефа 1,514128 0,000283
ремилитаризация 3,912023 0,000730
республика 0,843970 0,000158
республики 0,916291 0,000513
ресурс 1,514128 0,000283
ресурсов 0,798508 0,000447
ресурсы 0,020203 0,000019
рецензент 3,218876 0,000601
речь 2,120264 0,000396
решения 0,967584 0,000903
решить 2,120264 0,000396
риа 1,049822 0,000392
риска 2,813411 0,000525
рктика 0,000000 0,000000
рлс 3,506558 0,000655
рогачево 3,912023 0,000730
роджер 2,813411 0,000525
родов 2,813411 0,000525
родственных 0,755023 0,000141
роковым 3,912023 0,000730
роль 0,579818 0,000216
романа 2,120264 0,000396
роснефть 3,218876 0,000601
росомахи 3,912023 0,000730
россией 1,427116 0,000266
россии 0,186330 0,001078
российская 0,186330 0,000209
российские 0,994252 0,000557
российский 0,634878 0,000356
российских 0,733969 0,000411
российско-китайского 3,912023 0,000730
российского 0,634878 0,000593
российской 0,385662 0,001728
российском 2,040221 0,000381
российскую 2,407946 0,000899
россия 0,371064 0,001108
рсмд 3,912023 0,000730
рти 3,912023 0,000730
руб 1,171183 0,000219
рубежом 2,407946 0,000449
рублей 0,755023 0,000705
рудольфа 3,506558 0,000655
рук 2,040221 0,000381
руководителем 2,659260 0,000496
рус 0,162519 0,000243
русановское 3,912023 0,000730
русские 0,544727 0,000203
русский -0,009950 -0,000002
русскими 1,660731 0,000310
русского 0,494296 0,000092
русское 0,755023 0,000282
русской 0,673345 0,000126
руф 3,912023 0,000730
рыболовство 2,407946 0,000899
рыночной 2,525729 0,000471
ряд 0,385662 0,000072
ряда 0,994252 0,000186
сама 1,469676 0,000274
самая 0,798508 0,000149
самки 3,506558 0,000655
саммит 2,120264 0,000396
самобытности 3,506558 0,000655
самого 0,891598 0,000333
самое 0,994252 0,000186
самой 0,916291 0,000342
самок 3,506558 0,000655
самолета 2,120264 0,000792
самолетов 2,120264 0,000396
самостоятельных 2,525729 0,000471
самцов 3,506558 0,000655
самцы 3,912023 0,000730
саратовского 2,995732 0,000559
саруханян 3,912023 0,000730
сафу 3,912023 0,000730
саха 2,813411 0,000525
сбора 1,832581 0,000684
сброса 2,407946 0,000449
свалки 2,995732 0,000559
сверхпрочной 3,912023 0,000730
светлая 2,813411 0,000525
свидетельства 2,659260 0,000496
свидетельству 2,813411 0,000525
свидетельствуют 2,407946 0,000449
свободна 3,912023 0,000730
свободной -0,009950 -0,000002
свободным 2,813411 0,000525
свое 0,616186 0,000115
своего 0,776529 0,000290
своей 0,776529 0,000290
свои 0,755023 0,000141
своим 0,967584 0,000181
своих 0,776529 0,000290
свой 0,653926 0,000122
свыше 0,891598 0,000333
свяжитесь -0,009950 -0,000002
связанное 1,897120 0,000354
связанный 2,525729 0,000471
связано 1,078810 0,000403
связи 0,235722 0,000044
сдана 2,659260 0,000496
сделанный 3,912023 0,000730
сделку 3,506558 0,001309
сдержанный 3,912023 0,000730
север 1,171183 0,001093
севера 0,941609 0,001406
севере 1,139434 0,000425
северная 1,078810 0,001611
северного 1,021651 0,002861
северное 1,514128 0,000283
северной 0,693147 0,001035
северном 1,469676 0,001372
северному 2,659260 0,001489
северные 1,966113 0,000367
северный 0,820981 0,002605
северным 1,771957 0,001985
северных 1,897120 0,001417
северо-восточная 2,659260 0,000496
северо-восточным 3,912023 0,000730
северо-запад 2,813411 0,000525
северо-западе 1,966113 0,000367
северо-западного 2,302585 0,000860
северо-западу 3,218876 0,000601
североатлантического 3,912023 0,000730
северодвинск 1,171183 0,000219
севером 3,912023 0,000730
североморск 3,506558 0,000655
сезона 1,609438 0,000300
секретарь 2,525729 0,000943
сектор 1,714798 0,000640
сектора 1,832581 0,000684
секторальный 3,912023 0,000730
секторе 1,771957 0,000331
секторный 3,912023 0,000730
секторов 3,218876 0,001202
секунд 3,218876 0,001202
семен 1,966113 0,000367
семи 1,386294 0,000259
семнадцать 3,506558 0,000655
сентябре 0,994252 0,000371
сентябрь 1,309333 0,000244
сентября 0,072571 0,000271
сервисе 2,995732 0,000559
сергей 0,967584 0,000361
сергунин 3,912023 0,006572
середине 0,562119 0,000315
серия 1,237874 0,000231
сибирское 1,832581 0,000342
сибирском 2,995732 0,000559
сибирь 1,469676 0,000274
сигнал 2,813411 0,000525
сил 1,771957 0,000331
силам 3,218876 0,000601
силами 1,309333 0,000244
силовыми 3,912023 0,000730
силы 1,427116 0,000266
сильное 1,897120 0,000354
сильных 1,771957 0,000331
системах 1,771957 0,000331
системеобсуждениевкладсоздать -0,009950 -0,000002
системой 1,309333 0,000244
системы 0,342490 0,000128
ситуаций 2,407946 0,000449
ситуацию 1,771957 0,000331
ск-россия 3,912023 0,000730
скачать -0,009950 -0,000002
скважину 3,506558 0,000655
скважины 2,995732 0,000559
сквозное 3,912023 0,000730
скорость 0,867501 0,000162
следам 2,995732 0,000559
следующее 2,525729 0,000471
словари 0,116534 0,000044
словарь 0,274437 0,000051
слово 0,673345 0,000126
сложна 3,218876 0,000601
службой 2,207275 0,000412
службы 0,798508 0,000149
случае 0,843970 0,000158
случаях -0,009950 -0,000002
смертность 2,525729 0,000471
смирнов 2,302585 0,000430
смирнова 2,525729 0,000943
смыслы 3,506558 0,000655
снежный 1,660731 0,000310
снижаться 2,995732 0,000559
снижаются 3,506558 0,000655
снижения 1,714798 0,000320
снизится 2,995732 0,000559
собирательство 3,506558 0,000655
собой 0,328504 0,000123
собрании 2,302585 0,000430
собрано 3,218876 0,001202
собственности 1,514128 0,000283
события 1,108663 0,000207
событиями 2,659260 0,000496
событияпожертвовать -0,009950 -0,000002
совершено 3,218876 0,000601
совет 0,916291 0,000855
советская 0,371064 0,000208
советский 0,755023 0,000282
советских 1,386294 0,000259
советского 0,776529 0,000145
совпадает 2,659260 0,000496
современной 0,579818 0,000325
современность 1,609438 0,000300
согласно 0,301105 0,000281
соглашение 1,139434 0,000213
соглашению 3,912023 0,000730
соглашениях 3,506558 0,000655
содержал 3,218876 0,000601
содержание 0,010050 0,000002
содержится 1,966113 0,000367
созвездием 3,912023 0,000730
созвездия 3,912023 0,000730
создана 0,891598 0,000166
создание 0,733969 0,000274
создании 1,203973 0,000225
создаст 3,506558 0,000655
создать 1,171183 0,000219
соизмеримых 3,912023 0,000730
сократилась 2,525729 0,000471
сокращении 3,912023 0,000730
солнечные 2,659260 0,000496
сообщил 2,659260 0,000496
сообщить -0,009950 -0,000002
соответствии 0,446287 0,000083
соответствует 1,427116 0,000266
соответствующих 1,609438 0,000300
соперничество 3,506558 0,000655
сопредельными 3,912023 0,000730
сопровождавшаяся 3,506558 0,000655
сопс 3,912023 0,002191
сорок 2,407946 0,000449
составив 2,813411 0,000525
составил 0,916291 0,000171
составила 1,021651 0,000191
составили 1,660731 0,000310
составило 1,272966 0,000238
составит 2,525729 0,000471
составленная 2,813411 0,000525
составляет 0,314711 0,000117
состоявшую 3,912023 0,000730
состоялись 2,120264 0,000396
состоянию 0,544727 0,000203
сотрудничества 1,832581 0,001026
сотрудничестве 1,771957 0,000331
сотрудничество 1,660731 0,001860
сохранением -0,009950 -0,000002
сохранения 1,660731 0,000310
сохранить 2,302585 0,000430
сохранять 3,506558 0,000655
сохраняют 2,813411 0,000525
социально-экономического 1,237874 0,000231
союз 1,203973 0,000449
союза 0,733969 0,000411
спаривания 3,912023 0,000730
спб 0,385662 0,000144
специалисты 1,714798 0,000320
специально 1,714798 0,000320
специальную 2,407946 0,000449
специальный 1,832581 0,000342
специальными 3,218876 0,000601
специфическая 3,912023 0,000730
сплава 3,912023 0,000730
споры 2,813411 0,000525
способ 1,966113 0,000367
способность 1,897120 0,000354
справка 1,272966 0,000238
спрессовано 3,912023 0,000730
спроектирована 3,912023 0,000730
спросе 3,912023 0,000730
спустя 1,609438 0,000300
спутниковых 3,218876 0,000601
сравнению 1,078810 0,000403
среда 1,386294 0,000776
средах 2,659260 0,000496
среде 1,660731 0,000310
среди 0,198451 0,000111
среднегодовой 2,120264 0,000396
средней 0,867501 0,000162
среднеколымский 3,912023 0,000730
среднем 0,693147 0,000129
средние 0,941609 0,000527
средний 0,494296 0,000092
средняя 0,510826 0,000095
среды 0,755023 0,000282
сроки 1,966113 0,000367
српски 0,000000 0,000000
српскохрватски 0,000000 0,000000
сср 0,820981 0,000307
ссср 0,314711 0,000587
ссылка 0,274437 0,000051
ссылками 0,186330 0,000139
ссылкамистатьи 2,995732 0,000559
ссылкасведения -0,009950 -0,000002
ссылки -0,009950 -0,000011
стабильность 2,995732 0,000559
став 1,771957 0,000331
ставилась 3,912023 0,000730
ставит 2,302585 0,000430
ставшая 2,995732 0,000559
стадухиным 3,912023 0,000730
стал 0,314711 0,000059
стала 0,462035 0,000086
стальных 3,506558 0,000655
сталью 3,912023 0,000730
станет 1,309333 0,000244
станции 0,693147 0,000388
станций 1,309333 0,000244
станционных 3,912023 0,000730
станция 0,798508 0,000298
стартовала 2,995732 0,000559
статистика -0,009950 -0,000002
статус 0,510826 0,000381
статусе 1,560648 0,000583
стать 1,203973 0,000225
статьи 0,072571 0,000068
статьислучайная -0,009950 -0,000002
статьисообществофорумсправкасвежие -0,009950 -0,000002
статья 0,105361 0,000197
статьяобсуждение -0,009950 -0,000002
статьятекущие -0,009950 -0,000002
стенами 2,302585 0,000430
стереотип 1,514128 0,000283
стихией 3,912023 0,000730
сто 1,966113 0,000367
стоимость 1,237874 0,000231
стоимостью 2,207275 0,000412
стоит 1,237874 0,000462
столиц 2,120264 0,000396
столкновение 3,218876 0,000601
столкновения 2,813411 0,000525
столтенберг 3,912023 0,002921
сторона 2,040221 0,000381
стороне 1,139434 0,000213
стороны 0,430783 0,000241
стоянки 3,218876 0,000601
стр 1,309333 0,000244
стран 0,597837 0,000781
страна 0,462035 0,000259
страница -0,009950 -0,000002
страницасодержаниеизбранные -0,009950 -0,000002
страницецитировать -0,009950 -0,000002
страницуполучить -0,009950 -0,000002
страницы -0,009950 -0,000006
страницыслужебные -0,009950 -0,000002
страной 2,659260 0,000496
стратегией 3,506558 0,001964
стратегии 2,040221 0,001143
стратегически 3,218876 0,000601
стратегический 2,525729 0,000471
стратегическим 2,659260 0,000993
стратегических 2,813411 0,000525
стратегического 2,407946 0,000449
стремительно 2,302585 0,000430
строение 1,966113 0,000367
строившаяся 3,506558 0,000655
строительства 0,673345 0,000126
строительство 0,510826 0,000477
строительству 1,469676 0,000274
суверенитет 3,912023 0,001461
суверенных 3,218876 0,000601
судами 2,659260 0,000993
судах 2,659260 0,000496
суде 3,506558 0,000655
судов 1,237874 0,000231
судоходством 3,506558 0,000655
сунь 3,912023 0,000730
супермикроба 3,912023 0,000730
сурового 3,218876 0,000601
суслики 3,506558 0,000655
сухопутные 3,506558 0,002618
сухопутных 2,659260 0,002482
суше 2,659260 0,000496
суши 2,207275 0,000824
существенно 1,108663 0,000207
существовавшем 3,912023 0,000730
существование 1,049822 0,000392
существованию 3,218876 0,000601
существует 0,446287 0,000250
существуют 0,162519 0,000030
суэцкий 3,912023 0,000730
считает 1,714798 0,000320
считалась 2,525729 0,000471
считать 0,994252 0,000371
считают 1,660731 0,000310
сша 0,562119 0,002833
сыграл 2,659260 0,000496
сырья 2,120264 0,000396
сювэнь 3,912023 0,000730
сюдасвязанные -0,009950 -0,000002
тазовской 3,912023 0,000730
таймыр 2,813411 0,000525
таймырский 3,506558 0,000655
такая 1,386294 0,000259
также 0,000000 0,000000
такие 0,261365 0,000098
таким 0,527633 0,000394
таких 0,510826 0,000191
такого 1,237874 0,000231
тарашкев 0,000000 0,000000
тасс 1,171183 0,000656
таяние 2,995732 0,000559
тегеран 3,912023 0,000730
текст -0,009950 -0,000002
темп 2,302585 0,000430
температура 0,562119 0,000420
температуре 2,207275 0,000412
температурой 1,966113 0,000367
температуры 1,139434 0,001064
тенденции 1,832581 0,000684
теплой 2,995732 0,000559
термин 1,049822 0,000196
термина 0,400478 0,000075
терминалами 3,912023 0,000730
терминология 2,813411 0,001050
территориальными 2,995732 0,000559
территориальных 0,776529 0,000145
территорией 1,469676 0,001646
территории 0,400478 0,001121
территорий 1,049822 0,000392
территория 0,755023 0,000423
территориях 0,916291 0,000855
технику 2,525729 0,000471
технологии 0,798508 0,000149
течение 0,527633 0,000197
тикси 2,659260 0,000496
типов 1,386294 0,000259
типы 1,514128 0,000283
титанового 3,912023 0,000730
тихий 2,302585 0,000860
тихого 2,120264 0,000396
тихонов 3,506558 0,000655
тихоокеанского 2,302585 0,000430
товарный -0,009950 -0,000002
товаров 1,049822 0,000196
токио 2,302585 0,000430
толстую 3,912023 0,000730
тонн 1,108663 0,001242
тонны 2,813411 0,000525
топлива 2,302585 0,000430
топонимический 0,798508 0,000149
точек 2,120264 0,000396
точка 1,309333 0,000733
точках 2,813411 0,000525
точке 2,407946 0,000449
точки 1,049822 0,000392
точная 2,995732 0,000559
травоядным 3,912023 0,000730
травы 2,659260 0,000496
травянистые 3,218876 0,000601
традиции 1,386294 0,000259
традиционного 2,407946 0,000449
традиционный 2,995732 0,000559
традиционными 3,506558 0,000655
трамп 3,506558 0,000655
трамп-айленд 3,912023 0,000730
трансарктических 3,912023 0,000730
транснациональная 3,506558 0,000655
транспортно-логистического 3,912023 0,000730
транспортно-промышленным 3,912023 0,000730
транспортной 1,108663 0,000207
транспортные 1,609438 0,000601
транспортный 1,171183 0,000219
транспортных 0,891598 0,000166
требование 2,659260 0,000496
требованиям 2,525729 0,000471
требующие 1,347074 0,000503
требующих 2,813411 0,000525
трех 0,713350 0,000133
триангуляционный 3,912023 0,000730
тридцать 2,659260 0,001489
трилистник 3,912023 0,001461
трудно 2,407946 0,000449
туле 3,506558 0,001964
туманом 3,506558 0,000655
тундра 2,813411 0,000525
тундре 3,218876 0,000601
тундровой 3,506558 0,000655
тундры 2,525729 0,000943
туруханский 3,506558 0,000655
тыс 0,430783 0,000161
тысяч 0,415515 0,000465
тысячи 0,597837 0,000223
тэц 1,272966 0,000475
тюлени 3,218876 0,000601
тянется 2,659260 0,000496
убеждены 3,506558 0,000655
убывает 3,912023 0,000730
увеличение 1,347074 0,000251
увеличилась 1,427116 0,000266
углеводородного 3,218876 0,000601
угроза 2,120264 0,000396
угрозу 2,302585 0,000860
удается 2,813411 0,000525
ужаса 3,506558 0,000655
узлом 1,609438 0,000300
указ 0,941609 0,000703
указан 0,139262 0,000026
указанием -0,009950 -0,000002
указанные 2,813411 0,000525
указом 0,941609 0,000176
указу 1,714798 0,000640
указывает 1,660731 0,000310
уклад 3,506558 0,001309
уклада 3,218876 0,000601
укра 0,000000 0,000000
украинская 2,525729 0,000471
украины 0,616186 0,000115
укрепления 1,966113 0,000367
улус 3,506558 0,005237
улучшению 2,659260 0,000496
ультрафиолетового 3,912023 0,000730
уменьшилась 2,995732 0,000559
универсальная 0,891598 0,000166
университет 0,562119 0,000210
университета 0,446287 0,000083
уникальных 2,040221 0,000762
уничтожению 2,995732 0,000559
уоркер 3,912023 0,000730
упомянут 3,218876 0,000601
управлении 2,407946 0,000449
управления 0,415515 0,000155
управляющей 3,218876 0,000601
урана 3,506558 0,000655
урбанизации 3,506558 0,000655
уровне 0,916291 0,000171
уровнем 0,798508 0,000298
уровня 0,634878 0,000119
усатые 3,912023 0,000730
усилении 3,912023 0,000730
усилит 3,506558 0,000655
условий -0,009950 -0,000002
условия -0,009950 -0,000004
условиям 1,966113 0,000367
условиях 1,049822 0,001568
успешность 3,506558 0,000655
усредненного 3,912023 0,000730
устанавливает 3,218876 0,000601
установками 3,506558 0,000655
установлен 0,941609 0,000176
установлением 2,525729 0,000471
установленный 2,407946 0,000449
устойчивое 2,813411 0,000525
устойчивость 2,995732 0,000559
устойчивые 3,506558 0,000655
устоявшегося 3,912023 0,000730
устранению 3,912023 0,000730
устранить 3,912023 0,000730
устроит 3,912023 0,000730
усть-янский 3,912023 0,000730
устье 0,994252 0,000557
устья 1,171183 0,000875
усы 3,912023 0,000730
утверждениями 0,713350 0,000133
утвержденной 3,506558 0,000655
утечка 3,218876 0,000601
утечки 3,506558 0,000655
утилизировано 3,506558 0,000655
уточнения 1,514128 0,000283
утрачивала 3,912023 0,000730
участие -0,009950 -0,000009
участием 1,469676 0,000274
участка 1,609438 0,000601
участки 1,514128 0,000283
участков 1,897120 0,000708
участниками 1,309333 0,000244
участники 1,771957 0,000331
участников 1,272966 0,000238
учений 3,218876 0,001202
учения 2,813411 0,006827
учениях 3,912023 0,001461
ученые 1,427116 0,001066
учеными 2,525729 0,000471
ученых 1,203973 0,000674
учетную -0,009950 -0,000002
учились 3,506558 0,000655
учитывать 2,120264 0,000396
ущерба 3,506558 0,001309
факторами 2,525729 0,000471
факторов 2,040221 0,000381
фауна 1,272966 0,000475
февраля 0,051293 0,000096
федеральная 0,713350 0,000133
федерального 0,673345 0,000251
федеральный 0,653926 0,000122
федерации 0,544727 0,001525
федоров 2,302585 0,001719
физико-географический 3,218876 0,000601
физическую 3,506558 0,000655
финляндии 2,207275 0,000824
финляндия 1,832581 0,000684
флаг 0,673345 0,000126
флага 1,832581 0,000342
флагман 3,218876 0,000601
флора 1,171183 0,000437
флот 1,832581 0,000342
флота 1,560648 0,000874
флотилия 2,407946 0,000449
флотов 3,506558 0,000655
флотом 3,506558 0,000655
фонд -0,009950 -0,000004
формировались 2,407946 0,000449
форсирует 3,912023 0,000730
форум 1,609438 0,000300
фрагментации 3,912023 0,000730
франца-иосифа 3,506558 0,003927
фритьоф 3,218876 0,000601
функционирующими 3,912023 0,000730
хаба 3,506558 0,000655
характера 1,771957 0,000331
характерно 1,609438 0,000300
характером 2,659260 0,000496
харлампьева 3,912023 0,002921
хватило 3,912023 0,000730
хейса 3,912023 0,000730
хищником 3,506558 0,000655
ход 2,040221 0,000381
холодного 1,966113 0,001101
холодной 2,040221 0,000762
холодных 2,302585 0,000430
холодом 3,912023 0,000730
хочет 2,813411 0,000525
хребет 2,525729 0,000943
хребта 2,302585 0,000430
хребтов 2,207275 0,000412
хребты 2,659260 0,000496
целевая 3,506558 0,000655
цели 1,660731 0,000310
целого 2,302585 0,000430
целом 0,755023 0,000141
цельнометаллических 3,912023 0,000730
цельсия 3,506558 0,000655
ценах 2,659260 0,000496
центр 0,400478 0,000150
центра 0,562119 0,000210
центральная 0,755023 0,000705
центральной 0,843970 0,000315
центры 0,713350 0,000133
церпицкая 3,912023 0,000730
цивилизации 2,040221 0,000381
цик 2,207275 0,001648
циклонов 2,525729 0,000471
циркуляции 2,995732 0,001118
циркумполярными 3,912023 0,000730
цит 2,995732 0,000559
частей 1,139434 0,000213
части 0,198451 0,000296
частично 0,653926 0,000244
частности 0,462035 0,000086
часть 0,105361 0,000118
чекунков 3,912023 0,000730
человек 0,400478 0,000374
человека 0,579818 0,000325
чему 1,897120 0,000354
чертежу 3,506558 0,000655
честь 0,562119 0,000105
четыре 0,713350 0,000266
четырех 1,203973 0,000225
чилингаров 3,912023 0,000730
числе 0,248461 0,000232
численности 0,653926 0,000122
численность 0,653926 0,000122
читатьправитьправить 0,494296 0,000092
чкалова 2,525729 0,000471
чрезвычайно 2,120264 0,000396
чукотка 3,506558 0,000655
чукотский 2,995732 0,000559
чукотским 3,912023 0,000730
чукотское 2,659260 0,000496
чукотском 3,506558 0,001309
шаблонами 0,634878 0,000119
шансы 3,912023 0,000730
шапка 3,218876 0,000601
шапки 3,912023 0,001461
шаумян 3,912023 0,000730
швеции 2,207275 0,000412
швецию 3,912023 0,000730
швеция 2,120264 0,000792
шельф 2,813411 0,003151
шельфа 2,813411 0,003151
шельфе 2,813411 0,001050
шесть 1,272966 0,000238
шестьдесят 3,506558 0,000655
шириной 1,966113 0,000367
широкую 2,525729 0,000471
широт 2,525729 0,000943
шойгу 3,218876 0,000601
шпицберген 3,218876 0,001202
шпицбергене 3,912023 0,000730
штокмановское 3,912023 0,000730
штормами 3,912023 0,000730
эвенкийский 3,506558 0,001309
эвено-бытантайский 3,912023 0,000730
экз 0,415515 0,000155
экипажами 3,506558 0,000655
эко 3,912023 0,000730
экологии 1,203973 0,000225
экологические 1,560648 0,001165
экологических 2,207275 0,000412
экологического 1,771957 0,000662
экологической 1,560648 0,000291
экологическую 2,407946 0,000449
экологию 3,218876 0,000601
экология 0,693147 0,000388
эколого-политический 3,912023 0,000730
экономика 0,510826 0,000191
экономики 0,713350 0,000266
экономические 1,771957 0,000331
экономический 1,139434 0,000425
экономической 1,237874 0,000462
экосистемы 2,302585 0,000430
экспансия 2,995732 0,000559
экспедиции 1,771957 0,000992
экспедиций 2,995732 0,001678
экспедицию 3,218876 0,000601
экспедиция 2,207275 0,001648
экспериментов 2,659260 0,000496
экспертов 2,407946 0,000449
эксперты 2,040221 0,000762
эксплуатацию 0,994252 0,000742
экспорт -0,009950 -0,000002
экстремальных 2,659260 0,000496
электронная 1,237874 0,000231
электронный 1,469676 0,000274
эллеф-рингнес 3,912023 0,000730
эндемичны 3,218876 0,000601
энергетической 3,506558 0,001309
энергоресурсов 3,912023 0,000730
энциклопедии -0,009950 -0,000004
энциклопедия 0,210721 0,000275
эпохе 2,659260 0,000496
эпохи 1,139434 0,000213
эта 0,000000 0,000000
этапа 1,966113 0,000367
этим 0,693147 0,000259
этих 0,400478 0,000299
этносов 3,218876 0,000601
это 0,000000 0,000000
этому 0,755023 0,000423
эффективность 2,120264 0,000792
эффективный 3,506558 0,000655
юга 1,171183 0,000219
юго-восточная 2,302585 0,000860
юго-западная 2,525729 0,000471
южная 0,941609 0,000879
южной 0,733969 0,000411
южный 0,755023 0,000141
юрисдикцию 3,506558 0,000655
является 0,094311 0,000123
являются 0,248461 0,000139
ядерный 3,218876 0,000601
ядерными 3,912023 0,000730
язык 0,116534 0,000022
языках -0,009950 -0,000002
якутии 2,995732 0,001118
якутия 2,407946 0,000899
ямало-ненецкий 2,813411 0,000525
яна 2,302585 0,000430
янао 3,218876 0,000601
январе 1,427116 0,000266
января 0,116534 0,000348
яндекс 1,714798 0,000320
