абиссальный 3,218876 0,002567
авторитетный 0,891598 0,000711
авторство -0,009950 -0,000008
аз 2,302585 0,001836
азия 0,755023 0,000602
активность 1,309333 0,001044
александрова 2,525729 0,002014
алтайский 1,897120 0,001513
алтая 2,659260 0,002121
альпийский 2,407946 0,003840
аляска 3,506558 0,005593
америка 1,386294 0,006633
американский 0,994252 0,004757
анабиоз 3,912023 0,003120
анализ 0,967584 0,000772
аналогий 2,407946 0,001920
антарктический 2,659260 0,002121
арктический 1,771957 0,001413
архив 0,446287 0,000356
архивировать 0,020203 0,000016
атлас 1,108663 0,000884
баргузинский 3,218876 0,002567
баскак 3,506558 0,002796
батиальный 3,218876 0,002567
бедно 2,995732 0,002389
белка 2,040221 0,001627
белошейная 3,912023 0,003120
бенталь 3,218876 0,002567
беспозвоночное 2,659260 0,002121
библиографический 0,083382 0,000066
бизон 3,506558 0,002796
биогеографический 3,218876 0,002567
биология 1,560648 0,001245
биом 2,659260 0,010603
биомыназемные 3,218876 0,002567
благоприятно 2,995732 0,002389
благоприятный 1,660731 0,001324
благородный 1,966113 0,003136
бобр 2,207275 0,001760
богач 2,995732 0,002389
болотный 2,120264 0,003382
болото 1,771957 0,004239
большое 0,385662 0,000308
большой 0,040822 0,000195
бор 1,203973 0,000960
бореальный 2,525729 0,006042
ботаник 3,506558 0,002796
брусника 3,506558 0,002796
бсэ 2,120264 0,001691
бурозубка 2,995732 0,004778
бурундук 2,813411 0,002244
бурый 1,897120 0,003026
бурятия 2,525729 0,002014
вапити 3,912023 0,003120
вдхр 3,912023 0,003120
версия -0,009950 -0,000016
вестник 1,049822 0,000837
весь 0,301105 0,000240
взять 0,755023 0,001204
вид 0,061875 0,000740
видовой 2,525729 0,002014
викиданных -0,009950 -0,000008
викимедиа -0,009950 -0,000008
википедии -0,009950 -0,000016
википедия -0,009950 -0,000024
викискладвикицитатникэлемент 2,659260 0,002121
влажный 1,427116 0,002276
внедрение 1,609438 0,001283
внешний 0,051293 0,000041
водиться 1,897120 0,001513
водно-болотные 3,218876 0,002567
водный 0,562119 0,000448
водоросль 2,207275 0,001760
волк 1,771957 0,001413
волшебный 0,030459 0,000024
вопрос 0,371064 0,000296
восток 0,494296 0,001577
восточный 0,430783 0,001718
впервые 0,385662 0,000308
вплоть 1,108663 0,000884
встречаться 0,713350 0,001707
вуд-баффало 3,912023 0,003120
выдра 3,218876 0,002567
вызывать 1,078810 0,000860
вырубка 2,207275 0,001760
высотный 1,427116 0,001138
вяз 2,659260 0,002121
гадюка 3,218876 0,002567
газ 0,941609 0,000751
гемибореальные 3,912023 0,003120
геоботанический 3,912023 0,003120
географический 0,356675 0,000853
география 0,415515 0,000331
гидротермальный 3,218876 0,002567
главный 0,210721 0,000168
глухарь 3,506558 0,002796
гнездиться 2,525729 0,002014
гнус 3,912023 0,003120
год -0,009950 -0,000024
годавикипедия 0,616186 0,000983
гора 0,616186 0,000491
горно-алтайского 3,912023 0,003120
горностай 2,207275 0,001760
горный 0,941609 0,002253
господствовать 1,897120 0,001513
граница 0,356675 0,000569
гриб 2,525729 0,002014
грушанка 3,912023 0,003120
грызун 2,207275 0,001760
гумус 3,218876 0,002567
дальний 0,446287 0,001424
дата 0,030459 0,000024
дать 0,072571 0,000058
даурский 3,218876 0,005134
действовать -0,009950 -0,000008
делиться 1,078810 0,000860
дельта 1,832581 0,001461
дерево 0,867501 0,002075
дерново-подзолистая 3,912023 0,003120
джека 3,912023 0,003120
джунгли 2,813411 0,002244
дикорастущий 3,912023 0,003120
дно 1,469676 0,001172
добавить 0,562119 0,000448
добыча 1,386294 0,001105
дождевой 2,207275 0,003520
должный 0,356675 0,000284
доминировать 1,897120 0,001513
дополнительный -0,009950 -0,000008
достаточный 1,966113 0,001568
достигать 0,843970 0,000673
доступный -0,009950 -0,000008
древесина 2,302585 0,003672
древесный 2,302585 0,001836
древнетюркский 3,218876 0,002567
древостой 3,218876 0,002567
дробно -0,009950 -0,000008
дрозд 2,525729 0,002014
другой -0,009950 -0,000048
дятел 2,813411 0,002244
евразия 1,347074 0,005371
европа 0,301105 0,000480
европейский 0,494296 0,001183
екатеринбург 0,843970 0,000673
елово-пихтовые 3,912023 0,003120
еловый 2,813411 0,006731
ель 2,120264 0,008454
ельник 3,912023 0,003120
ельники-черничники 3,506558 0,002796
ермаков 2,995732 0,002389
естественно-исторической 3,912023 0,003120
жаба 3,506558 0,002796
желоб 2,995732 0,002389
желтогорлая 3,912023 0,003120
живородящий 3,218876 0,002567
животное 0,798508 0,002547
животный 1,714798 0,001367
жизнь 0,342490 0,000546
жимолость 2,995732 0,002389
заболотить 2,040221 0,004881
заглавный -0,009950 -0,000008
заменить 0,494296 0,000394
занимать 0,430783 0,000344
занятие 1,469676 0,001172
западный 0,462035 0,000737
запас 1,560648 0,001245
записьвойти -0,009950 -0,000008
заповедник 1,714798 0,002735
зарегистрировать -0,009950 -0,000008
засушливый 1,714798 0,001367
заявление -0,009950 -0,000008
заяц 1,897120 0,003026
заяц-русак 3,506558 0,002796
зверь 2,525729 0,004028
зеленомошный 3,912023 0,003120
зеленые 1,203973 0,001920
зеленый 0,755023 0,000602
земноводные 3,218876 0,005134
зима 0,478036 0,000762
зимний 0,798508 0,001274
змей 2,407946 0,001920
змитрович 3,912023 0,003120
знак -0,009950 -0,000008
значение 0,061875 0,000148
значительно 0,510826 0,000407
зона 0,400478 0,006707
зональный 2,302585 0,001836
зонотрихия 3,912023 0,003120
зрение 1,203973 0,000960
известие 0,994252 0,000793
изд-во 1,049822 0,000837
изданиявикипедия 3,218876 0,002567
изменение 0,301105 0,000480
изначальный 2,659260 0,002121
изредка 2,525729 0,002014
изучение 0,713350 0,000569
иначе 0,733969 0,000585
инструмент -0,009950 -0,000016
интразональный 3,218876 0,002567
информация 0,162519 0,000259
исаченко 3,218876 0,002567
ископаемое 1,560648 0,002489
использование -0,009950 -0,000008
использовать 0,020203 0,000016
история 0,051293 0,000082
источник -0,009950 -0,000071
июнь 0,116534 0,000093
кабарга 2,995732 0,002389
каждый 0,261365 0,000208
какой 0,820981 0,000655
канада 2,207275 0,003520
канаде 3,506558 0,005593
канадский 1,897120 0,003026
канады 2,995732 0,002389
каниаписко 3,912023 0,003120
карельский 2,813411 0,002244
карт 0,301105 0,000240
каталанский 0,527633 0,000421
каталог 0,094311 0,000075
категория -0,009950 -0,000016
квебек 3,912023 0,003120
кедровка 2,813411 0,002244
кедровый 2,659260 0,006362
кислица 3,912023 0,003120
классификация 1,514128 0,001207
клен 1,966113 0,001568
клест 3,912023 0,003120
климат 0,446287 0,000356
климатический 1,049822 0,000837
код -0,009950 -0,000071
кодекс -0,009950 -0,000008
кодистория 0,116534 0,000093
комсомольск-на-амуре 1,203973 0,000960
континентальный 0,527633 0,000421
конфиденциальность -0,009950 -0,000008
копытные 3,218876 0,002567
коралловый 3,218876 0,002567
короткий -0,009950 -0,000008
косуля 2,525729 0,004028
кот-нор 3,912023 0,003120
который 0,000000 0,000000
край 0,544727 0,000434
крайний 1,514128 0,002415
кром 0,235722 0,000188
крот 2,659260 0,002121
крошечный 3,912023 0,003120
крупный 0,210721 0,000336
крылов 3,218876 0,007701
куки -0,009950 -0,000008
куница 3,218876 0,005134
кустарник 1,771957 0,001413
кустарничек 3,218876 0,002567
кутора 3,506558 0,002796
ландшафт 1,427116 0,002276
ландшафтный 2,525729 0,002014
ландшафтоведение 3,506558 0,002796
ласка 2,659260 0,002121
легкий 0,967584 0,000772
лед 1,171183 0,000934
ледник 2,120264 0,001691
лекарственный 2,407946 0,001920
лемминг 2,995732 0,002389
леопардовый 3,912023 0,003120
лес 0,733969 0,022827
лесной 0,843970 0,004038
лесоведение 3,506558 0,002796
лесолуговой 3,506558 0,002796
лесопромысловый 3,912023 0,003120
лесостепь 1,897120 0,001513
лесотундра 2,813411 0,004487
летяга 3,218876 0,002567
липа 2,120264 0,001691
лис 3,506558 0,002796
лиственница 2,407946 0,007681
лиственничник 3,912023 0,003120
лиственничный 3,218876 0,012834
лиственный 2,995732 0,004778
литература 0,051293 0,000123
литовский 1,203973 0,000960
литоральный 3,218876 0,002567
лицензия -0,009950 -0,000008
лондона 3,506558 0,002796
лось 2,407946 0,001920
луг 1,660731 0,001324
лягушка 2,995732 0,004778
магаданский 2,813411 0,002244
май 0,127833 0,000102
мало 0,579818 0,000462
малый 0,139262 0,000111
мангры 2,813411 0,004487
март 0,116534 0,000186
марш 2,525729 0,002014
массив 0,891598 0,001422
материал -0,009950 -0,000008
материковый 1,966113 0,001568
медведь 1,660731 0,001324
мелколиственный 2,995732 0,004778
местность 1,049822 0,000837
местообитание 3,506558 0,002796
месторождение 1,427116 0,001138
мигрировать 3,912023 0,003120
мир 0,094311 0,000301
мировая 0,527633 0,000421
млекопитающее 1,897120 0,001513
млн 0,462035 0,000368
многие 0,356675 0,000284
многочисленный 0,693147 0,001105
мобильный -0,009950 -0,000008
можжевельник 2,995732 0,002389
морозный 2,207275 0,001760
москва 0,400478 0,000319
мох 2,302585 0,001836
моховой 2,813411 0,002244
мочь -0,009950 -0,000040
мурзаев 2,995732 0,004778
мысль 1,469676 0,001172
мышь 2,207275 0,003520
мышь-малютка 3,506558 0,002796
навигация -0,009950 -0,000024
название 0,105361 0,000084
называть 0,174353 0,000278
наиболее 0,139262 0,000222
направление 0,385662 0,000308
насекомое 2,207275 0,003520
население 0,462035 0,000368
наступление 1,714798 0,001367
наука 0,235722 0,000376
научно-образовательный 0,967584 0,000772
научный 0,248461 0,000198
находиться 0,174353 0,000139
национальный 0,342490 0,000273
неарктический 3,912023 0,003120
невысокий 1,966113 0,001568
некоммерческий -0,009950 -0,000008
некоторые 0,127833 0,000408
немногочисленный 2,302585 0,001836
нередко 1,108663 0,000884
неритический 3,218876 0,002567
несколько 0,116534 0,000093
нефть 1,347074 0,001074
нечерноземья 3,912023 0,003120
нивально-гляциальная 3,218876 0,002567
нигде 2,525729 0,002014
нижний 0,494296 0,000394
новгород 0,867501 0,000692
новосибирск 0,916291 0,000731
новый 0,083382 0,000066
норвегии 2,659260 0,002121
норвегия 2,659260 0,002121
норвежский 0,248461 0,000198
норка 2,995732 0,002389
ноябрь 0,127833 0,000204
обильный 2,525729 0,002014
область 0,150823 0,000120
обозначать 1,609438 0,001283
обработка 1,309333 0,001044
образ 0,287682 0,000229
образовать 0,385662 0,000308
образовывать 2,813411 0,002244
обращение 0,030459 0,000024
обыкновенный 1,966113 0,009407
обычный 1,347074 0,002148
один 0,051293 0,000082
однообразие 3,912023 0,003120
озеро 0,673345 0,000537
океан 0,994252 0,001586
океанский 2,659260 0,002121
олень 2,207275 0,003520
онлайн 0,198451 0,000158
описание -0,009950 -0,000008
определить 0,527633 0,000842
организация -0,009950 -0,000008
ординация 3,506558 0,002796
орех 3,218876 0,002567
оригинал 0,139262 0,000111
оседлый 2,995732 0,002389
осенний 2,302585 0,001836
основа 0,210721 0,000168
основное 0,235722 0,000376
остров 0,820981 0,000655
ответственность -0,009950 -0,000008
отдельный -0,009950 -0,000016
отказ -0,009950 -0,000008
открыть 0,150823 0,000241
относительно 0,415515 0,000331
отредактировать -0,009950 -0,000016
отсутствие 0,891598 0,000711
отсутствовать 0,776529 0,000619
охота 1,966113 0,001568
охрана 0,843970 0,002019
очередь 0,510826 0,000407
очерк 0,733969 0,000585
ошибкекак -0,009950 -0,000008
паковый 3,218876 0,002567
параллель 2,302585 0,003672
парк 0,653926 0,000521
парма 3,506558 0,002796
пармузин 3,912023 0,003120
певун 3,912023 0,003120
пелагический 2,995732 0,002389
пенсильванский 3,506558 0,002796
перейти -0,009950 -0,000016
переменно-влажный 3,218876 0,002567
перешеек 2,659260 0,002121
период 0,274437 0,000219
персональный -0,009950 -0,000008
печать -0,009950 -0,000016
пещер 1,897120 0,001513
пинежский 3,912023 0,003120
писать 0,820981 0,000655
пихта 2,407946 0,005761
плавня 3,218876 0,002567
планета 1,309333 0,001044
плод 2,407946 0,001920
плоскочерепная 3,912023 0,003120
площадь 0,385662 0,000615
поведение -0,009950 -0,000008
погружаться 3,912023 0,003120
подавлять 1,771957 0,001413
подвязочный 3,912023 0,003120
подзона 2,040221 0,003254
подлесок 2,525729 0,006042
подробный 1,832581 0,001461
подтайга 2,995732 0,002389
подтверждать 1,560648 0,001245
пожар 1,171183 0,000934
поиск -0,009950 -0,000024
пойма 1,609438 0,001283
покров 0,843970 0,000673
покрыть 1,309333 0,002088
полевка 2,813411 0,006731
полевой 1,966113 0,001568
полезный 1,203973 0,001920
политик -0,009950 -0,000008
полуостров 1,171183 0,000934
полупустыня 2,302585 0,001836
полярный 1,347074 0,001074
понятие 0,967584 0,001543
порода 1,427116 0,001138
портал 0,342490 0,000273
последний -0,009950 -0,000008
почва 1,272966 0,001015
появляться 0,733969 0,000585
пояс 0,597837 0,002384
поясность 2,407946 0,001920
правило 0,478036 0,000381
править -0,009950 -0,000159
правкиновые -0,009950 -0,000008
правкипостоянная -0,009950 -0,000008
правописание 3,912023 0,003120
практически 0,755023 0,001204
представиться -0,009950 -0,000008
преимущественно 0,776529 0,000619
преобладание 1,660731 0,001324
преобладать 0,713350 0,000569
препятствие 2,302585 0,001836
прерия 2,813411 0,002244
пресмыкаться 2,659260 0,004241
прибайкалья 3,218876 0,002567
прибрежный 1,386294 0,002211
примерно 0,634878 0,000506
примесь 2,407946 0,003840
примечание -0,009950 -0,000016
принадлежность 1,272966 0,001015
природный 0,510826 0,001222
проверять 0,820981 0,000655
провинция 1,309333 0,001044
проект -0,009950 -0,000008
происхождение 0,776529 0,000619
промышлять 0,462035 0,000368
проникать 2,302585 0,001836
просачивание 3,218876 0,002567
просмотр -0,009950 -0,000008
проставить 2,995732 0,002389
противопоставить 3,506558 0,002796
протяженность 0,776529 0,000619
протяженный 2,207275 0,001760
проходить 0,462035 0,000368
прочие 0,798508 0,000637
пруд 1,609438 0,001283
псевдоабиссальная 3,218876 0,002567
псевдобатиальная 3,218876 0,002567
псков 2,207275 0,001760
птица 1,272966 0,002030
пустыня 2,813411 0,006731
пушной 3,218876 0,005134
пьявченко 3,912023 0,003120
развитие 0,127833 0,000102
раздел 0,342490 0,000546
различать 1,966113 0,001568
разнообразие 1,832581 0,001461
разнообразный 1,139434 0,001817
разрабатываться 1,660731 0,001324
разработка 0,653926 0,000521
разработчик -0,009950 -0,000008
разредить 2,995732 0,002389
районирование 2,040221 0,004881
рана 0,776529 0,001238
располагаться 0,544727 0,000434
расположение 0,776529 0,001238
распределить 0,693147 0,000553
распространение 0,891598 0,000711
распространить 0,616186 0,001474
растение 1,171183 0,000934
расти 0,941609 0,000751
растительностискрытые 3,506558 0,002796
растительность 1,309333 0,003132
растительный 1,386294 0,001105
регион 0,385662 0,000308
ред 0,235722 0,000188
редкостойный 3,506558 0,002796
рекомендация 0,776529 0,000619
ресурс 0,020203 0,000016
риф 2,813411 0,002244
род 0,843970 0,000673
рододендрон 3,218876 0,002567
росомаха 2,995732 0,002389
российский 0,105361 0,000084
россия 0,174353 0,000695
рсфср 0,733969 0,000585
рус 0,162519 0,000130
русский -0,009950 -0,000016
рыболовство 2,207275 0,001760
рысь 2,813411 0,004487
рябчик 2,995732 0,002389
ряд 0,223144 0,000534
саванна 2,813411 0,002244
саламандра 3,506558 0,002796
самый 0,174353 0,000139
саха 2,813411 0,002244
саян 2,407946 0,003840
сбор 1,347074 0,001074
сведение 0,579818 0,000462
свет 0,941609 0,000751
светлохвойный 3,912023 0,006239
свидетельствовать 1,386294 0,001105
свободный -0,009950 -0,000008
свойственно 3,506558 0,002796
свойственный 2,525729 0,002014
связаться -0,009950 -0,000008
север 0,527633 0,000842
северные 1,171183 0,000934
северный 0,385662 0,005228
сегмент 2,813411 0,002244
сельва 3,218876 0,002567
сибири 1,347074 0,005371
сибирский 1,049822 0,004186
сибирь 1,469676 0,001172
сизый 2,813411 0,002244
системеобсуждениевкладсоздать -0,009950 -0,000008
сихотэ-алинь 2,813411 0,002244
сихотэ-алиня 3,506558 0,002796
скандинавский 2,659260 0,002121
скачать -0,009950 -0,000008
скотоводство 3,218876 0,002567
слабый 1,660731 0,001324
словарь 0,094311 0,000150
слово 0,210721 0,000168
сложно 2,207275 0,001760
случай -0,009950 -0,000008
сменять 2,659260 0,002121
смешать 1,309333 0,004177
смородина 3,218876 0,002567
снежный 1,078810 0,000860
снижаться 1,514128 0,001207
сноска 0,733969 0,004097
соболевидная 3,912023 0,003120
соболь 2,302585 0,005509
событияпожертвовать -0,009950 -0,000008
сова 2,407946 0,001920
советский 0,261365 0,000208
содержание 0,010050 0,000016
создать 0,210721 0,000168
сокращение 0,867501 0,000692
солончак 2,813411 0,002244
сомкнуть 2,659260 0,002121
сообщить -0,009950 -0,000008
сосна 1,897120 0,010590
сосновые 2,525729 0,002014
сосновый 1,897120 0,001513
сосняк 3,912023 0,003120
сосредоточить 1,171183 0,000934
состав 0,248461 0,000198
составлять 0,198451 0,000317
сохранение -0,009950 -0,000008
список 0,210721 0,000168
спячка 3,912023 0,003120
сравнение 0,733969 0,000585
срединно-океанических 3,218876 0,002567
среднее 0,342490 0,000273
средний 0,371064 0,001480
ссср 0,314711 0,000251
ссылка -0,009950 -0,000063
ссылкасведения -0,009950 -0,000008
сталь 0,415515 0,000331
статистик -0,009950 -0,000008
стать 0,083382 0,000133
статьислучайная -0,009950 -0,000008
статьисообществофорумсправкасвежие -0,009950 -0,000008
статья 0,020203 0,000113
статьяобсуждение -0,009950 -0,000008
статьятекущие -0,009950 -0,000008
степь 1,469676 0,001172
стланик 3,912023 0,006239
столько 1,832581 0,001461
сторона 0,235722 0,000188
страница -0,009950 -0,000024
страницасодержаниеизбранные -0,009950 -0,000008
страницецитировать -0,009950 -0,000008
страницуполучить -0,009950 -0,000008
страницыслужебные -0,009950 -0,000008
субальпийский 3,218876 0,002567
сублиторальный 3,218876 0,002567
субтропический 1,832581 0,002923
супралиторальная 3,218876 0,002567
суровый 1,714798 0,001367
сухой 1,049822 0,001674
сухопутный 2,040221 0,001627
суша 1,609438 0,001283
существенное 1,714798 0,001367
существенный 1,237874 0,000987
существовать 0,020203 0,000016
сырье 1,966113 0,001568
сюдасвязанные -0,009950 -0,000008
таежный 2,120264 0,010145
тайга 1,427116 0,058041
тайгазоны 3,912023 0,003120
таймыр 2,813411 0,002244
такой 0,162519 0,000130
талассобатиальная 3,218876 0,002567
тгу 3,218876 0,002567
текст -0,009950 -0,000008
темнозубая 3,912023 0,003120
темнохвойный 3,218876 0,007701
термин 0,198451 0,000475
тетерев 3,218876 0,002567
тип 0,072571 0,000231
типичный 1,427116 0,002276
товарный -0,009950 -0,000008
томск 1,108663 0,001768
томского 2,207275 0,001760
торфяной 2,995732 0,002389
точка 0,478036 0,000381
трава 1,609438 0,001283
травяно-кустарникового 3,912023 0,003120
традиционный 0,941609 0,001502
тропический 2,207275 0,010561
туманный 2,525729 0,002014
тундра 2,407946 0,003840
тыл 1,771957 0,001413
тюркский 1,386294 0,001105
увлажненность 3,506558 0,002796
углозуб 3,912023 0,003120
угодье 2,207275 0,001760
уголь 1,714798 0,001367
удалить 0,579818 0,000925
указание -0,009950 -0,000016
улучшить 1,049822 0,000837
ультраабиссальный 3,218876 0,002567
умеренно 1,021651 0,000815
умерить 1,049822 0,004186
универсальный 0,544727 0,000434
уникальный 0,776529 0,000619
урала 1,609438 0,002567
условие -0,009950 -0,000032
устье 0,634878 0,000506
утверждение 0,400478 0,000319
участие -0,009950 -0,000008
участок 0,616186 0,000491
учетный -0,009950 -0,000008
фасмера 2,659260 0,002121
фауна 1,108663 0,003536
февраль 0,051293 0,000041
финляндию 3,912023 0,003120
финляндия 1,832581 0,001461
фитогеографическом 3,912023 0,003120
флор 1,021651 0,001629
фонд -0,009950 -0,000008
формироваться 1,078810 0,000860
характер 0,653926 0,000521
характеризоваться 0,891598 0,000711
характерный 0,693147 0,001658
хватать 0,820981 0,001309
хвойные 2,120264 0,006763
хвойный 2,995732 0,002389
хингана 3,912023 0,003120
хозяйственный 1,203973 0,000960
хозяйство 0,579818 0,000462
хоккайдо 3,506558 0,002796
холодное 1,560648 0,001245
холоднокровный 3,506558 0,002796
хомяк 2,659260 0,002121
хорь 3,506558 0,002796
хребет 1,560648 0,001245
часть 0,061875 0,000247
человек 0,186330 0,000149
черника 2,813411 0,002244
черный 0,843970 0,000673
численность 0,616186 0,000491
число 0,186330 0,000297
чистая 1,427116 0,001138
чита 1,203973 0,000960
читатьправитьправить 0,494296 0,000394
швеция 2,120264 0,001691
шельф 2,040221 0,001627
ширина 0,916291 0,000731
широко 0,653926 0,000521
широколиственные 2,207275 0,008801
широтный 1,897120 0,001513
экз 0,415515 0,000331
экологический 0,693147 0,000553
экология 0,562119 0,000897
экспорт -0,009950 -0,000008
экстразональный 3,912023 0,003120
эндемичный 3,218876 0,002567
эндолитические 3,218876 0,002567
энциклопедия -0,009950 -0,000024
эстуарий 2,995732 0,002389
юг 0,693147 0,000553
южный 0,385662 0,001230
юрковская 3,912023 0,003120
явление 1,021651 0,000815
являться 0,040822 0,000033
ягода 3,218876 0,002567
язык -0,009950 -0,000008
японии 2,302585 0,001836
ярославль 1,078810 0,000860
ярус 2,120264 0,001691
ящерица 2,813411 0,002244
