абиссальная 3,218876 0,002567
авторитетные 0,941609 0,000751
авторства -0,009950 -0,000008
аза 3,912023 0,003120
азии 0,916291 0,000731
активность 2,302585 0,001836
александрова 2,525729 0,002014
алтайский 2,302585 0,001836
алтая 2,659260 0,002121
альпийские 3,218876 0,002567
альпийский 2,995732 0,002389
аляска 3,506558 0,005593
америка 2,040221 0,001627
американская 2,407946 0,001920
американские 2,659260 0,004241
американский 1,897120 0,003026
американской 2,207275 0,001760
америке 2,302585 0,007345
америки 1,966113 0,001568
анабиоз 3,912023 0,003120
анализ 1,237874 0,000987
аналогии 2,407946 0,001920
антарктическая 3,218876 0,002567
арктическая 2,659260 0,002121
архив 0,462035 0,000368
архивировано 0,020203 0,000016
атлас 1,272966 0,001015
баргузинский 3,218876 0,002567
баскаков 3,912023 0,003120
батиальная 3,218876 0,002567
беднее 2,995732 0,002389
беларуская 0,000000 0,000000
беларускаябългарски 0,000000 0,000000
белки 2,813411 0,002244
белошейная 3,912023 0,003120
бенталь 3,218876 0,002567
беспозвоночных 3,218876 0,002567
библиографических 0,094311 0,000075
бизон 3,912023 0,003120
биогеографическое 3,218876 0,002567
биология 2,120264 0,001691
биом 2,995732 0,004778
биомы 3,218876 0,007701
биомыназемные 3,218876 0,002567
благоприятнее 3,912023 0,003120
благоприятных 3,506558 0,002796
благородный 3,218876 0,005134
бобры 3,218876 0,002567
богаче 2,995732 0,002389
болота 2,407946 0,005761
болотные 2,995732 0,004778
большая 0,072571 0,000289
большого 0,967584 0,000772
большой 0,328504 0,000262
бореальной 3,506558 0,002796
бореальный 3,506558 0,002796
бореальными 3,912023 0,003120
бору 2,525729 0,002014
ботаник 3,912023 0,003120
брусника 3,506558 0,002796
бсэ 2,120264 0,001691
бурозубки 3,218876 0,005134
бурундуки 3,912023 0,003120
бурый 2,659260 0,002121
бурых 2,813411 0,002244
бурятия 2,525729 0,002014
вапити 3,912023 0,003120
вашла 0,000000 0,000000
вдхр 3,912023 0,003120
версия -0,009950 -0,000016
вестник 1,049822 0,000837
весь 0,755023 0,000602
взято 2,813411 0,004487
вид 0,494296 0,000394
вида 1,386294 0,001105
видами 1,469676 0,001172
виде 0,235722 0,000188
видов 0,616186 0,002457
видовому 3,506558 0,002796
виды 0,798508 0,003821
викиданных -0,009950 -0,000008
викимедиа -0,009950 -0,000008
википедии -0,009950 -0,000016
википедия -0,009950 -0,000024
викискладвикицитатникэлемент 2,659260 0,002121
влажной 3,912023 0,003120
влажные 2,813411 0,002244
внедрение 2,302585 0,001836
внешние 0,051293 0,000041
водится 2,995732 0,002389
водно-болотные 3,218876 0,002567
водные 1,386294 0,001105
водорослей 2,525729 0,002014
волк 2,995732 0,002389
волшебные 0,040822 0,000033
вопросу 1,386294 0,001105
востока 1,078810 0,000860
востоке 1,108663 0,002652
восточная 1,309333 0,001044
восточной 0,693147 0,001658
восточных 1,897120 0,001513
впервые 0,385662 0,000308
вплоть 1,108663 0,000884
встречается 1,203973 0,000960
встречаются 1,272966 0,002030
вуд-баффало 3,912023 0,003120
выдра 3,218876 0,002567
вызывает 1,427116 0,001138
вырубка 2,659260 0,002121
высотная 2,525729 0,002014
вяз 2,995732 0,002389
гадюка 3,218876 0,002567
газ 1,660731 0,001324
гемибореальные 3,912023 0,003120
геоботаническое 3,912023 0,003120
географические 0,713350 0,000569
географических 1,139434 0,000909
географической 0,798508 0,000637
география 0,462035 0,000368
гидротермальные 3,218876 0,002567
главным 0,967584 0,000772
глухарь 3,506558 0,002796
гнездится 3,218876 0,002567
гнус 3,912023 0,003120
года -0,009950 -0,000016
годавикипедия 0,616186 0,000983
году 0,072571 0,000058
горах 1,714798 0,001367
горная 2,120264 0,001691
горно-алтайского 3,912023 0,003120
горностай 2,813411 0,002244
горные 1,832581 0,002923
господствует 2,813411 0,002244
граница 1,139434 0,001817
грибов 3,218876 0,002567
грушанка 3,912023 0,003120
грызуны 2,813411 0,002244
гумуса 3,506558 0,002796
дал 1,714798 0,001367
дальнего 1,514128 0,001207
дальнем 2,040221 0,004881
дата 0,030459 0,000024
даурская 3,912023 0,003120
даурского 3,912023 0,003120
действовать -0,009950 -0,000008
делится 1,427116 0,001138
дельта 2,040221 0,001627
деревьев 1,469676 0,001172
деревья 2,120264 0,003382
дерново-подзолистая 3,912023 0,003120
джека 3,912023 0,003120
джунгли 2,813411 0,002244
дикорастущих 3,912023 0,003120
дно 2,120264 0,001691
добавив 0,941609 0,000751
добыча 1,966113 0,001568
дождевой 2,659260 0,002121
дождевыми 3,506558 0,002796
должна 0,544727 0,000434
доминируют 2,995732 0,002389
дополнительные -0,009950 -0,000008
достаточная 3,912023 0,003120
достигает 1,347074 0,001074
доступен -0,009950 -0,000008
древесины 2,525729 0,004028
древесные 3,218876 0,002567
древнетюркском 3,912023 0,003120
древостои 3,912023 0,003120
дрозд 3,506558 0,002796
другие 0,030459 0,000024
других -0,009950 -0,000040
дятлов 3,506558 0,002796
евразии 1,609438 0,006417
европе 0,916291 0,000731
европейский 2,120264 0,001691
европейской 0,891598 0,001422
европы 0,673345 0,000537
екатеринбург 0,843970 0,000673
ели 2,525729 0,008057
елово-пихтовые 3,912023 0,003120
еловые 3,912023 0,009359
ель 2,407946 0,001920
ельники 3,912023 0,003120
ельники-черничники 3,506558 0,002796
ермаков 2,995732 0,002389
естественно-исторической 3,912023 0,003120
жаба 3,506558 0,002796
желоб 2,995732 0,002389
желтогорлая 3,912023 0,003120
живородящая 3,218876 0,002567
животный 1,714798 0,001367
животных 1,203973 0,003840
жизни 0,562119 0,000897
жимолость 3,218876 0,002567
заболоченные 2,525729 0,006042
заглавная -0,009950 -0,000008
зайцы 3,218876 0,002567
заменить 0,562119 0,000448
занимают 1,347074 0,001074
занятия 2,207275 0,001760
западной 0,994252 0,001586
запасы 1,832581 0,001461
записьвойти -0,009950 -0,000008
заповедник 1,966113 0,001568
заповедников 2,995732 0,002389
зарегистрированный -0,009950 -0,000008
засушливые 2,995732 0,002389
заявление -0,009950 -0,000008
заяц 3,218876 0,002567
заяц-русак 3,506558 0,002796
збекча 0,000000 0,000000
зверей 2,995732 0,002389
зверя 3,506558 0,002796
зеленомошные 3,912023 0,003120
зеленые 2,120264 0,001691
зеленый 1,347074 0,001074
зелеными 2,525729 0,002014
земноводные 3,506558 0,002796
земноводных 3,506558 0,002796
зимний 1,660731 0,001324
зимнюю 2,995732 0,002389
зиму 2,302585 0,001836
зимы 1,609438 0,001283
змея 3,506558 0,002796
змитрович 3,912023 0,003120
знак -0,009950 -0,000008
значение 0,314711 0,000251
значения 0,105361 0,000168
значительно 0,510826 0,000407
зон 1,309333 0,001044
зона 0,891598 0,010665
зональные 3,506558 0,002796
зоне 0,527633 0,000421
зонотрихия 3,912023 0,003120
зоны 0,755023 0,002408
зрения 1,272966 0,001015
известия 1,021651 0,000815
изд-во 1,049822 0,000837
изданиявикипедия 3,218876 0,002567
изменение 1,560648 0,001245
изменения 0,562119 0,000448
изначальной 3,506558 0,002796
изредка 2,525729 0,002014
изучения 1,272966 0,001015
ими 1,272966 0,001015
иначе 0,733969 0,000585
инструменты -0,009950 -0,000016
интразональные 3,912023 0,003120
информацию 1,237874 0,000987
информация 0,446287 0,000356
исаченко 3,218876 0,002567
ископаемых 1,714798 0,002735
использования -0,009950 -0,000008
использующие 0,040822 0,000033
история 0,051293 0,000082
источник -0,009950 -0,000008
источника 1,832581 0,001461
источники 0,415515 0,001657
источников 0,371064 0,000592
июня 0,116534 0,000093
кабарга 2,995732 0,002389
каждое 1,714798 0,001367
какого 2,995732 0,002389
канада 2,207275 0,003520
канаде 3,506558 0,005593
канадская 2,120264 0,003382
канады 2,995732 0,002389
каниаписко 3,912023 0,003120
карельского 3,218876 0,002567
карта 0,776529 0,000619
каталанская 0,527633 0,000421
каталогах 0,094311 0,000075
категории -0,009950 -0,000016
квебек 3,912023 0,003120
кедровая 2,995732 0,002389
кедровка 2,813411 0,002244
кедрового 3,506558 0,005593
кислица 3,912023 0,003120
классификация 2,040221 0,001627
клен 2,407946 0,001920
клесты 3,912023 0,003120
климатических 1,966113 0,001568
климатом 2,040221 0,001627
код -0,009950 -0,000071
кодекс -0,009950 -0,000008
кодистория 0,116534 0,000093
комсомольск-на-амуре 1,203973 0,000960
континентальный 0,776529 0,000619
конфиденциальности -0,009950 -0,000008
копытных 3,506558 0,002796
коралловые 3,218876 0,002567
короткий -0,009950 -0,000008
косуля 3,218876 0,005134
кот-нор 3,912023 0,003120
который 0,105361 0,000084
крайняя 2,659260 0,004241
края 0,713350 0,000569
кроме 0,235722 0,000188
крот 3,218876 0,002567
крошечная 3,912023 0,003120
крупнейший 0,755023 0,000602
крупные 0,579818 0,000462
крылов 3,218876 0,007701
куки -0,009950 -0,000008
куница 3,912023 0,006239
кустарников 2,207275 0,001760
кустарничков 3,912023 0,003120
кутора 3,912023 0,003120
кыргызча 0,000000 0,000000
ландшафтная 3,912023 0,003120
ландшафтов 2,995732 0,004778
ландшафтоведения 3,912023 0,003120
ласка 3,218876 0,002567
легкими 3,912023 0,003120
лед 1,897120 0,001513
ледников 3,218876 0,002567
лекарственного 3,912023 0,003120
лемминг 3,218876 0,002567
леопардовая 3,912023 0,003120
лес 1,514128 0,014489
леса 1,021651 0,013850
лесам 2,995732 0,004778
лесами 2,302585 0,003672
лесная 1,660731 0,002649
лесной 1,272966 0,003045
лесные 1,560648 0,001245
лесов 1,469676 0,002344
лесоведения 3,912023 0,003120
лесолуговые 3,912023 0,003120
лесом 2,302585 0,003672
лесопромысловое 3,912023 0,003120
лесостепь 2,659260 0,002121
лесотундра 2,813411 0,002244
лесотундрой 3,912023 0,003120
лесу 2,302585 0,003672
летяги 3,912023 0,003120
липа 2,659260 0,002121
лиса 3,912023 0,003120
лиственницы 3,218876 0,010268
лиственничная 3,912023 0,006239
лиственничники 3,912023 0,003120
лиственничной 3,912023 0,003120
лиственничные 3,912023 0,003120
лиственничным 3,912023 0,003120
лиственный 2,995732 0,002389
лиственным 3,912023 0,003120
литература 0,061875 0,000148
литовская 1,309333 0,001044
литоральная 3,218876 0,002567
лицензии -0,009950 -0,000008
лондона 3,506558 0,002796
лось 3,218876 0,002567
луга 1,966113 0,001568
лягушка 3,506558 0,005593
магаданская 2,813411 0,002244
македонски 0,000000 0,000000
мало 1,427116 0,001138
мангры 2,995732 0,004778
марта 0,139262 0,000222
марши 3,218876 0,002567
массивы 1,560648 0,002489
материал -0,009950 -0,000008
материковые 3,912023 0,003120
мая 0,139262 0,000111
медведь 2,207275 0,001760
мелколиственные 2,995732 0,002389
мелколиственным 3,912023 0,003120
менее 0,314711 0,000251
местность 1,660731 0,001324
местообитаниях 3,912023 0,003120
месторождения 1,966113 0,001568
мигрируют 3,912023 0,003120
мир 0,342490 0,000273
мира 0,415515 0,000331
мире 0,494296 0,000788
мировой 0,733969 0,000585
млекопитающих 1,966113 0,001568
млн 0,462035 0,000368
многие 0,356675 0,000284
многочисленны 2,813411 0,004487
мобильная -0,009950 -0,000008
могут -0,009950 -0,000024
можете 0,653926 0,001043
можжевельник 2,995732 0,002389
морозные 3,912023 0,003120
москва 0,400478 0,000319
мохового 3,912023 0,003120
мурзаев 2,995732 0,004778
мхи 2,813411 0,002244
мысль 1,897120 0,001513
мыши 2,525729 0,004028
мышь-малютка 3,506558 0,002796
навигации -0,009950 -0,000008
навигация -0,009950 -0,000016
названия 0,342490 0,000273
называют 0,916291 0,001461
наиболее 0,139262 0,000222
нами -0,009950 -0,000008
направлении 1,108663 0,000884
насекомые 2,813411 0,002244
насекомых 2,525729 0,002014
населения 0,494296 0,000394
наступления 2,407946 0,001920
наука 0,301105 0,000480
научно-образовательный 0,967584 0,000772
научные 1,049822 0,000837
находится 0,328504 0,000262
национальных 1,832581 0,001461
неарктическом 3,912023 0,003120
невысокие 2,813411 0,002244
некоммерческой -0,009950 -0,000008
некоторые 0,301105 0,000720
некоторых 0,494296 0,000394
немногочисленны 3,506558 0,002796
нередко 1,108663 0,000884
неритическая 3,218876 0,002567
несколько 0,150823 0,000120
нефть 1,832581 0,001461
нечерноземья 3,912023 0,003120
нивально-гляциальная 3,218876 0,002567
нигде 2,525729 0,002014
нижний 0,673345 0,000537
новгород 0,867501 0,000692
новосибирск 0,916291 0,000731
новых 0,430783 0,000344
норвегии 2,659260 0,002121
норвегия 2,659260 0,002121
норвежская 0,248461 0,000198
норка 2,995732 0,002389
ноября 0,127833 0,000204
нська 0,000000 0,000000
обилен 3,912023 0,003120
область 0,385662 0,000308
обозначают 2,995732 0,002389
обработка 2,120264 0,001691
образованных 3,912023 0,003120
образовывать 3,506558 0,002796
образом 0,371064 0,000296
обращения 0,030459 0,000024
обыкновенная 2,525729 0,006042
обыкновенной 2,813411 0,002244
обыкновенный 2,995732 0,004778
обычная 3,218876 0,002567
обычны 3,218876 0,002567
одна 0,527633 0,000421
однообразие 3,912023 0,003120
одну 1,237874 0,000987
озеро 1,049822 0,000837
океан 1,714798 0,001367
океана 1,272966 0,001015
океанское 3,218876 0,002567
около 0,000000 0,000000
олень 2,995732 0,004778
онлайн 0,198451 0,000158
описание -0,009950 -0,000008
определил 2,407946 0,001920
определить 2,207275 0,001760
организации -0,009950 -0,000008
ординация 3,912023 0,003120
орехов 3,912023 0,003120
оригинала 0,162519 0,000130
оседлых 3,912023 0,003120
осенняя 3,218876 0,002567
основном 0,510826 0,000815
основой 1,237874 0,000987
острова 1,078810 0,000860
ответственности -0,009950 -0,000008
отдельное 1,966113 0,001568
отдельных -0,009950 -0,000008
отказ -0,009950 -0,000008
открытого 1,771957 0,001413
открыты 1,049822 0,000837
относительно 0,415515 0,000331
отредактирована -0,009950 -0,000008
отредактировать 0,967584 0,000772
отсутствие 1,347074 0,001074
отсутствуют 1,897120 0,001513
охота 2,302585 0,001836
охрана 1,771957 0,002826
охраны 1,427116 0,001138
очередь 0,527633 0,000421
очерки 1,171183 0,000934
ошибкекак -0,009950 -0,000008
паковый 3,218876 0,002567
параллели 2,659260 0,004241
парков 1,514128 0,001207
парма 3,506558 0,002796
пармузин 3,912023 0,003120
певун 3,912023 0,003120
пелагическая 3,218876 0,002567
пенсильванская 3,912023 0,003120
перейти -0,009950 -0,000016
переменно-влажный 3,218876 0,002567
перешейка 2,995732 0,002389
период 0,342490 0,000273
персональные -0,009950 -0,000008
печати -0,009950 -0,000008
печать -0,009950 -0,000008
пещеры 2,659260 0,002121
пинежский 3,912023 0,003120
пихта 2,659260 0,004241
пихты 2,995732 0,002389
пишет 1,966113 0,001568
плавни 3,218876 0,002567
планеты 2,040221 0,001627
плодов 2,995732 0,002389
плоскочерепная 3,912023 0,003120
площади 0,510826 0,000407
площадь 0,478036 0,000381
поведения -0,009950 -0,000008
погружаются 3,912023 0,003120
подавляющее 2,207275 0,001760
подвязочная 3,912023 0,003120
подзон 3,506558 0,002796
подзоны 2,813411 0,002244
подлеска 3,506558 0,002796
подлеском 2,813411 0,004487
подробнее -0,009950 -0,000008
подробный 3,506558 0,002796
подтайга 2,995732 0,002389
подтверждающие 2,813411 0,002244
пожары 2,302585 0,001836
поиск -0,009950 -0,000008
поиску -0,009950 -0,000016
пойма 2,207275 0,001760
покрова 1,203973 0,000960
покрыты 2,120264 0,003382
полевая 2,813411 0,002244
полевка 3,218876 0,005134
полевки 3,506558 0,002796
полезных 1,660731 0,002649
политика -0,009950 -0,000008
полуостров 1,714798 0,001367
полупустыня 2,995732 0,002389
полярные 2,302585 0,001836
понятию 3,506558 0,002796
понятия 1,560648 0,001245
породы 1,966113 0,001568
портал 0,342490 0,000273
последний -0,009950 -0,000008
почва 2,813411 0,002244
появляется 1,560648 0,001245
пояс 0,693147 0,001105
пояса 1,560648 0,003734
поясность 2,995732 0,002389
правило 0,891598 0,000711
править -0,009950 -0,000159
правкиновые -0,009950 -0,000008
правкипостоянная -0,009950 -0,000008
правописание 3,912023 0,003120
практически 0,755023 0,001204
представились -0,009950 -0,000008
преимущественно 0,776529 0,000619
преобладанием 2,302585 0,001836
преобладают 1,203973 0,000960
препятствие 3,218876 0,002567
прерия 3,218876 0,002567
пресмыкающиеся 3,218876 0,005134
прибайкалья 3,218876 0,002567
прибрежная 2,659260 0,002121
прибрежные 2,302585 0,001836
примерно 0,634878 0,000506
примесью 2,813411 0,004487
примечания -0,009950 -0,000016
принадлежности 1,514128 0,001207
природное 3,912023 0,003120
природные 1,108663 0,000884
природных 1,108663 0,000884
проверяема 0,967584 0,000772
провинция 2,120264 0,001691
проектах -0,009950 -0,000008
происхождении 1,514128 0,001207
промышленной 1,309333 0,001044
проникают 3,218876 0,002567
просачивание 3,218876 0,002567
просмотры -0,009950 -0,000008
проставив 2,995732 0,002389
противопоставил 3,912023 0,003120
протяженности 2,659260 0,002121
протяженных 2,995732 0,002389
проходит 0,693147 0,000553
прочие 1,203973 0,000960
пруд 2,120264 0,001691
псевдоабиссальная 3,218876 0,002567
псевдобатиальная 3,218876 0,002567
псков 2,207275 0,001760
птиц 1,469676 0,002344
пустыня 2,813411 0,006731
пушного 3,912023 0,003120
пушных 3,912023 0,003120
пьявченко 3,912023 0,003120
развитие 0,314711 0,000251
разделами 0,891598 0,000711
разделе 0,776529 0,000619
различают 2,302585 0,001836
разнообразие 2,407946 0,001920
разнообразна 3,218876 0,002567
разнообразнее 3,912023 0,003120
разрабатываются 2,813411 0,002244
разработка 1,347074 0,001074
разработчики -0,009950 -0,000008
разреженные 3,506558 0,002796
районирование 2,525729 0,004028
районировании 3,218876 0,002567
ран 0,776529 0,001238
располагается 0,994252 0,000793
расположение 1,139434 0,001817
распределенные 1,514128 0,001207
распространения 1,660731 0,001324
распространенную 3,218876 0,002567
распространены 1,832581 0,002923
растений 1,386294 0,001105
растительной 3,912023 0,003120
растительности 2,302585 0,003672
растительностискрытые 3,506558 0,002796
растительность 1,427116 0,001138
растут 2,120264 0,001691
региона 0,776529 0,000619
ред 0,235722 0,000188
редкостойная 3,912023 0,003120
рекомендации 0,843970 0,000673
ресурсы 0,020203 0,000016
рифы 3,218876 0,002567
родов 2,813411 0,002244
рододендрона 3,912023 0,003120
росомаха 3,506558 0,002796
россии 0,186330 0,000594
российская 0,186330 0,000149
россия 0,371064 0,000296
рсфср 0,733969 0,000585
рус 0,162519 0,000130
русский -0,009950 -0,000016
рыболовство 2,407946 0,001920
рысь 3,506558 0,005593
рябчик 2,995732 0,002389
ряд 0,385662 0,000615
ряда 0,994252 0,000793
саванна 3,218876 0,002567
саламандры 3,912023 0,003120
самая 0,798508 0,000637
саха 2,813411 0,002244
саян 2,813411 0,004487
сбор 2,407946 0,001920
сведения 0,867501 0,000692
света 1,714798 0,001367
светлохвойную 3,912023 0,003120
светлохвойные 3,912023 0,003120
свидетельствует 1,771957 0,001413
свободной -0,009950 -0,000008
свойственно 3,506558 0,002796
свойственные 3,506558 0,002796
свяжитесь -0,009950 -0,000008
север 1,171183 0,000934
севере 1,139434 0,000909
северная 1,078810 0,003441
северного 1,021651 0,003259
северной 0,693147 0,003869
северную 2,302585 0,001836
северный 0,820981 0,000655
северным 1,771957 0,001413
сегменте 3,912023 0,003120
сельва 3,218876 0,002567
сибири 1,347074 0,005371
сибирская 1,832581 0,001461
сибирский 1,469676 0,002344
сибирской 1,832581 0,002923
сибирь 1,469676 0,001172
сизой 3,912023 0,003120
системеобсуждениевкладсоздать -0,009950 -0,000008
сихотэ-алинь 2,813411 0,002244
сихотэ-алиня 3,506558 0,002796
скандинавский 3,912023 0,003120
скачать -0,009950 -0,000008
скотоводство 3,506558 0,002796
слабое 3,912023 0,003120
словари 0,116534 0,000093
словаря 2,407946 0,001920
словом 1,897120 0,001513
сложно 2,525729 0,002014
случаях -0,009950 -0,000008
сменяют 3,218876 0,002567
смешанные 2,302585 0,003672
смешанный 2,813411 0,002244
смешанных 2,207275 0,001760
смородина 3,506558 0,002796
снежным 2,995732 0,002389
снижается 1,714798 0,001367
сноски 2,995732 0,002389
сносок 0,843970 0,004038
соболевидная 3,912023 0,003120
соболь 2,659260 0,006362
событияпожертвовать -0,009950 -0,000008
сов 3,218876 0,002567
советской 0,755023 0,000602
содержание 0,010050 0,000016
создан 0,693147 0,000553
сокращение 1,714798 0,001367
солончаки 2,813411 0,002244
сомкнутый 3,218876 0,002567
сообщить -0,009950 -0,000008
сосна 2,302585 0,003672
сосновому 3,912023 0,003120
сосновым 3,912023 0,003120
сосны 2,302585 0,009181
сосняков 3,912023 0,003120
сосредоточены 2,207275 0,001760
составляет 0,314711 0,000251
составляют 0,798508 0,000637
составу 2,302585 0,001836
сохранением -0,009950 -0,000008
список 0,248461 0,000198
спячку 3,912023 0,003120
сравнению 1,078810 0,000860
срединно-океанических 3,218876 0,002567
среднего 1,049822 0,000837
средней 0,867501 0,001384
средний 0,494296 0,000394
среднюю 2,407946 0,001920
средняя 0,510826 0,000407
српски 0,000000 0,000000
српскохрватски 0,000000 0,000000
ссср 0,314711 0,000251
ссылкасведения -0,009950 -0,000008
ссылки -0,009950 -0,000040
ссылкой 2,302585 0,001836
ссылок 0,693147 0,001105
стали 0,430783 0,000344
статистика -0,009950 -0,000008
статье 0,941609 0,000751
статьи 0,072571 0,000289
статьислучайная -0,009950 -0,000008
статьисообществофорумсправкасвежие -0,009950 -0,000008
статью 0,616186 0,000983
статья 0,105361 0,000084
статьяобсуждение -0,009950 -0,000008
статьятекущие -0,009950 -0,000008
степь 2,525729 0,002014
стланика 3,912023 0,006239
столько 1,832581 0,001461
стороны 0,430783 0,000344
страница -0,009950 -0,000008
страницасодержаниеизбранные -0,009950 -0,000008
страницецитировать -0,009950 -0,000008
страницуполучить -0,009950 -0,000008
страницы -0,009950 -0,000016
страницыслужебные -0,009950 -0,000008
субальпийский 3,218876 0,002567
сублиторальная 3,218876 0,002567
субтропические 2,659260 0,002121
субтропический 2,207275 0,001760
супралиторальная 3,218876 0,002567
суровым 3,218876 0,002567
сухие 2,813411 0,004487
сухопутный 3,912023 0,003120
суша 2,659260 0,002121
существенное 2,207275 0,001760
существенные 2,120264 0,001691
существуют 0,162519 0,000130
сырья 2,120264 0,001691
сюдасвязанные -0,009950 -0,000008
таежном 3,912023 0,003120
таежные 3,506558 0,008389
таежный 3,218876 0,002567
таежными 3,912023 0,003120
тайга 1,966113 0,029790
тайгазоны 3,912023 0,003120
тайге 2,813411 0,015705
тайги 2,040221 0,034166
тайгу 3,218876 0,010268
тайка 0,000000 0,000000
таймыр 2,813411 0,002244
также 0,000000 0,000000
такие 0,261365 0,000208
талассобатиальная 3,218876 0,002567
тарашкев 0,000000 0,000000
татарча 0,000000 0,000000
тгу 3,218876 0,002567
текст -0,009950 -0,000008
темнозубая 3,912023 0,003120
темнохвойная 3,912023 0,003120
темнохвойную 3,912023 0,003120
темнохвойный 3,912023 0,003120
термина 0,400478 0,000958
тетерев 3,506558 0,002796
тех 0,798508 0,000637
типам 1,609438 0,001283
типичны 2,813411 0,002244
типичных 2,995732 0,002389
типов 1,386294 0,001105
типы 1,514128 0,002415
товарный -0,009950 -0,000008
томск 1,108663 0,001768
томского 2,207275 0,001760
торфяные 3,506558 0,002796
точки 1,049822 0,000837
трав 2,407946 0,001920
травяно-кустарникового 3,912023 0,003120
традиционные 1,966113 0,001568
традиционных 2,302585 0,001836
тропические 2,525729 0,006042
тропический 2,407946 0,003840
тропическими 3,506558 0,002796
туманный 2,995732 0,002389
тундра 2,813411 0,002244
тундры 2,525729 0,002014
тыла 1,897120 0,001513
тюркские 2,813411 0,002244
увлажненность 3,912023 0,003120
углозуб 3,912023 0,003120
угодья 2,659260 0,002121
уголь 2,207275 0,001760
удалена 0,941609 0,000751
удалены 2,407946 0,001920
указанием -0,009950 -0,000008
указания 1,714798 0,001367
укра 0,000000 0,000000
улучшить 2,040221 0,001627
ультраабиссальная 3,218876 0,002567
умеренно 1,021651 0,000815
умеренного 1,897120 0,004539
умеренной 2,407946 0,003840
универсальная 0,891598 0,000711
уникальных 2,040221 0,001627
урала 1,609438 0,002567
условий -0,009950 -0,000008
условия -0,009950 -0,000024
устье 0,994252 0,000793
утверждение 1,832581 0,001461
участие -0,009950 -0,000008
участки 1,514128 0,001207
учетную -0,009950 -0,000008
фасмера 2,659260 0,002121
фауна 1,272966 0,002030
фауны 2,525729 0,004028
февраля 0,051293 0,000041
финляндию 3,912023 0,003120
финляндия 1,832581 0,001461
фитогеографическом 3,912023 0,003120
флора 1,171183 0,001868
фонд -0,009950 -0,000008
формироваться 2,302585 0,001836
характеризующийся 3,912023 0,003120
характерную 3,506558 0,002796
характерны 1,514128 0,002415
характеру 2,302585 0,001836
хватает 0,843970 0,001346
хвойные 2,659260 0,006362
хвойный 2,995732 0,002389
хвойных 2,659260 0,002121
хингана 3,912023 0,003120
хозяйственное 2,659260 0,002121
хозяйство 0,713350 0,000569
хоккайдо 3,506558 0,002796
холодное 2,407946 0,001920
холоднокровных 3,506558 0,002796
хомяк 3,218876 0,002567
хорь 3,506558 0,002796
хребтов 2,207275 0,001760
части 0,198451 0,000475
часть 0,105361 0,000168
человеком 2,040221 0,001627
черника 2,813411 0,002244
черный 1,386294 0,001105
числе 0,248461 0,000198
численности 0,653926 0,000521
число 0,478036 0,000381
чистые 2,659260 0,002121
читатьправитьправить 0,494296 0,000394
читу 3,218876 0,002567
швеция 2,120264 0,001691
шельф 2,813411 0,002244
ширина 1,469676 0,001172
широко 0,673345 0,000537
широколиственные 2,525729 0,008057
широколиственных 2,813411 0,002244
широтной 3,912023 0,003120
экз 0,415515 0,000331
экологии 1,203973 0,000960
экологический 1,832581 0,001461
экология 0,693147 0,000553
экспорт -0,009950 -0,000008
экстразональные 3,912023 0,003120
эндемичны 3,218876 0,002567
эндолитические 3,218876 0,002567
энциклопедии -0,009950 -0,000024
эстуарий 3,218876 0,002567
эта 0,000000 0,000000
это 0,000000 0,000000
юга 1,171183 0,000934
южная 0,941609 0,001502
южной 0,733969 0,000585
южную 1,832581 0,001461
юрковская 3,912023 0,003120
явления 1,771957 0,001413
являются 0,248461 0,000198
ягод 3,912023 0,003120
языках -0,009950 -0,000008
японии 2,302585 0,001836
ярославль 1,078810 0,000860
яруса 2,813411 0,002244
ящерица 3,506558 0,002796
