абиссальный 3,218876 0,002602
август 0,072571 0,000352
автономный 0,867501 0,000701
авторство -0,009950 -0,000008
аз 2,302585 0,001861
ай-петринская 3,912023 0,003163
активный 0,527633 0,000427
александрова 2,525729 0,004084
альпийский 2,407946 0,003893
аляске 3,506558 0,002835
аналогичный 1,139434 0,000921
англ 0,174353 0,000282
антарктика 2,302585 0,001861
антарктический 2,659260 0,010749
арктика 2,120264 0,003428
арктический 1,771957 0,005730
архангельск 1,771957 0,001432
архив 0,446287 0,000361
архивировать 0,020203 0,000098
баран 2,659260 0,002150
бард 3,506558 0,002835
батиальный 3,218876 0,002602
баш 3,506558 0,002835
безлесный 2,995732 0,009687
белый 0,867501 0,002104
бенталь 3,218876 0,002602
берег 0,478036 0,000386
береза 1,714798 0,002773
библиографический 0,083382 0,000067
биогеографический 3,218876 0,002602
биология 1,560648 0,001262
биом 2,659260 0,006449
биомыназемные 3,218876 0,002602
богатый 1,049822 0,000849
болотистый 2,525729 0,002042
болотный 2,120264 0,001714
болото 1,771957 0,001432
большое 0,385662 0,000312
большой 0,040822 0,000231
бореальный 2,525729 0,002042
боржава 3,912023 0,003163
бугор 2,995732 0,002422
бурый 1,897120 0,001534
бывать 1,660731 0,001343
бэс 3,506558 0,002835
век 0,248461 0,000201
версия -0,009950 -0,000032
версияправитьправить 1,237874 0,001001
верхний 0,494296 0,000400
вершина 1,514128 0,002448
весна 0,713350 0,001153
весь 0,301105 0,000487
ветер 0,713350 0,001730
вечномерзлый 3,912023 0,003163
вечный 1,309333 0,002117
вид 0,061875 0,000150
викиданных -0,009950 -0,000008
викимедиа -0,009950 -0,000008
википедии -0,009950 -0,000016
википедия -0,009950 -0,000024
викисклад 1,897120 0,001534
викискладвикицитатникэлемент 2,659260 0,002150
викискладе 0,174353 0,000141
викицитатникемедиафайлы 1,469676 0,001188
викицитатникстатьи 2,207275 0,001784
виноград 2,407946 0,001947
влажность 1,108663 0,000896
влажный 1,427116 0,001154
влиять 1,347074 0,001089
внешний 0,051293 0,000041
вода 0,527633 0,000427
водно-болотные 3,218876 0,002602
водный 0,562119 0,000454
водоросль 2,207275 0,003569
возможность 0,314711 0,000763
возможный 0,994252 0,000804
вокруг 0,693147 0,000560
волк 1,771957 0,001432
волшебный 0,030459 0,000025
воркута 1,237874 0,001001
врангеля 2,659260 0,002150
время 0,020203 0,000065
встречаться 0,713350 0,001153
выделяться 0,941609 0,000761
выедать 3,912023 0,003163
выносить 2,813411 0,002274
вып 0,798508 0,000646
выпадать 1,139434 0,000921
высокий 0,139262 0,000338
высота 0,415515 0,000336
высотный 1,427116 0,003461
выше 0,616186 0,000498
газета 0,579818 0,000469
географ 2,040221 0,001649
география 0,415515 0,000672
георгий 1,139434 0,000921
гидротермальный 3,218876 0,002602
главный 0,210721 0,000170
глинистый 3,218876 0,002602
говорить 1,049822 0,000849
год -0,009950 -0,000105
голубика 3,912023 0,003163
голый 2,525729 0,002042
гора 0,616186 0,002491
горный 0,941609 0,004567
город 0,371064 0,000300
граница 0,356675 0,000577
грибова 3,912023 0,003163
дан 2,302585 0,001861
дата 0,030459 0,000148
датский 0,328504 0,000266
дать 0,072571 0,000059
действовать -0,009950 -0,000008
декабрь 0,094311 0,000076
делать 0,867501 0,000701
дельта 1,832581 0,001481
день 0,210721 0,000341
дерево 0,867501 0,000701
деятельность 0,342490 0,000277
джунгли 2,813411 0,004549
диалектный 2,995732 0,002422
дикий 1,469676 0,001188
дно 1,469676 0,001188
добыча 1,386294 0,001121
довольно 0,891598 0,000721
дождевой 2,207275 0,001784
долгий 1,021651 0,000826
долгота 0,820981 0,001327
должно 1,714798 0,001386
дополнительный -0,009950 -0,000008
доступный -0,009950 -0,000008
дриада 3,912023 0,003163
дробно -0,009950 -0,000008
другое 0,462035 0,000374
другой -0,009950 -0,000032
европейский 0,494296 0,000400
ежова 3,506558 0,002835
желоб 2,995732 0,002422
животное 0,798508 0,002582
животный 1,714798 0,002773
жизнедеятельность 2,407946 0,001947
жить 0,820981 0,000664
заболотить 2,040221 0,008247
заболоченность 3,912023 0,003163
зависеть 1,171183 0,000947
зависимость 0,713350 0,001730
заглавный -0,009950 -0,000008
загрязнение 0,891598 0,000721
заимствовать 2,207275 0,001784
зайцы-беляки 3,912023 0,003163
заливать 2,995732 0,002422
заменить 0,494296 0,000400
занимать 0,430783 0,000348
западинка 3,912023 0,003163
западно-сибирской 2,120264 0,001714
записьвойти -0,009950 -0,000008
зарасти 2,813411 0,002274
зарегистрировать -0,009950 -0,000008
засушливый 1,714798 0,001386
заявление -0,009950 -0,000008
зима 0,478036 0,001546
зимний 0,798508 0,000646
злак 2,659260 0,004300
знак -0,009950 -0,000008
значение 0,061875 0,000100
значительно 0,510826 0,000413
зона 0,400478 0,008741
зонызоны 3,912023 0,003163
зуек 3,912023 0,003163
ибо 2,659260 0,002150
ива 2,407946 0,003893
ивана 1,078810 0,000872
из-за 0,415515 0,001680
именно 0,544727 0,000881
индигирке 3,912023 0,003163
иностранный 0,916291 0,000741
инструмент -0,009950 -0,000016
интродуцировать 3,912023 0,003163
испаряемость 3,506558 0,005669
использование -0,009950 -0,000008
использовать 0,020203 0,000016
история 0,051293 0,000041
источник -0,009950 -0,000016
июль 0,116534 0,000283
каменистый 2,995732 0,004844
каменный 0,733969 0,000593
карамзин 2,995732 0,002422
карликовый 3,218876 0,005204
карт 0,301105 0,000243
каталанский 0,527633 0,000427
каталог 0,094311 0,000076
катастрофа 1,514128 0,003672
категория -0,009950 -0,000016
кильд 3,912023 0,003163
классификация 1,514128 0,002448
климат 0,446287 0,002525
климатический 1,049822 0,000849
княженика 3,912023 0,003163
код -0,009950 -0,000105
кодекс -0,009950 -0,000008
кодистория 0,116534 0,000094
количество 0,210721 0,000341
колтта-саам 3,912023 0,003163
конек 2,207275 0,001784
конец 0,198451 0,000160
континентальнее 3,912023 0,003163
континентальность 2,407946 0,001947
континентальный 0,527633 0,000427
конфиденциальность -0,009950 -0,000008
коралловый 3,218876 0,002602
короткий -0,009950 -0,000024
который 0,000000 0,000000
коэффициент 2,040221 0,001649
краснозобый 3,912023 0,003163
кризис 1,386294 0,001121
критик 1,560648 0,001262
кровососущий 3,912023 0,003163
кром 0,235722 0,000191
круг 0,967584 0,000782
крупный 0,210721 0,000341
куки -0,009950 -0,000008
культура 0,356675 0,000288
куропатка 2,995732 0,002422
кустарник 1,771957 0,004297
кустарниковый 3,218876 0,005204
кустарничек 3,218876 0,007806
ландшафт 1,427116 0,001154
ландшафтный 2,525729 0,002042
лапландский 3,912023 0,003163
ларусса 1,078810 0,001744
лед 1,171183 0,001894
ледовитый 1,514128 0,001224
лежать 0,994252 0,000804
лексикон 2,659260 0,002150
лемминг 2,995732 0,002422
лес 0,733969 0,011867
лесной 0,843970 0,002047
лесостепь 1,897120 0,001534
лесотундра 2,813411 0,004549
лет 0,597837 0,000483
летний 0,579818 0,000469
лисица 2,407946 0,001947
лиственный 2,995732 0,002422
литература 0,051293 0,000083
литоральный 3,218876 0,002602
лицензия -0,009950 -0,000008
лишайник 2,995732 0,009687
лишить 1,771957 0,001432
лишь 0,478036 0,000386
луг 1,660731 0,001343
любое 1,139434 0,000921
май 0,127833 0,000310
мак 2,995732 0,002422
мала 1,237874 0,001001
мало 0,579818 0,000469
мангры 2,813411 0,004549
март 0,116534 0,000094
марш 2,525729 0,002042
массив 0,891598 0,000721
материал -0,009950 -0,000008
матрехина 3,912023 0,003163
медальон 3,506558 0,002835
мелколиственный 2,995732 0,002422
мера 0,820981 0,000664
мерзлота 2,525729 0,004084
мерзлотный 3,218876 0,002602
местность 1,049822 0,000849
место 0,139262 0,000113
месяц 0,415515 0,001008
миграция 1,309333 0,001058
микроскопический 3,218876 0,002602
мир 0,094311 0,000229
мировая 0,527633 0,000853
млн 0,462035 0,000747
многие 0,356675 0,000288
многолетний 1,560648 0,001262
мобильный -0,009950 -0,000008
молодой 1,021651 0,000826
море 0,562119 0,000454
морошка 3,912023 0,003163
морской 0,994252 0,000804
мох 2,302585 0,011169
мохово-лишайниковые 3,912023 0,003163
моховой 2,813411 0,002274
мочь -0,009950 -0,000040
мурманск 2,207275 0,001784
навигация -0,009950 -0,000024
название 0,105361 0,000170
накипной 3,912023 0,003163
наличие 0,867501 0,000701
например 0,328504 0,000531
насекомое 2,207275 0,001784
наступать 0,843970 0,000682
наступление 1,714798 0,001386
наука 0,235722 0,000191
научно-образовательный 0,967584 0,000782
находиться 0,174353 0,000282
начало 0,116534 0,000094
начинаться 0,527633 0,000427
небольшой 0,494296 0,000400
невысокий 1,966113 0,001589
недоступный 0,446287 0,000361
нежность 3,912023 0,003163
некоммерческий -0,009950 -0,000008
некоторые 0,127833 0,000310
нельма 3,506558 0,002835
немного 1,309333 0,002117
ненецкий 2,659260 0,002150
необходимо 1,237874 0,001001
неритический 3,218876 0,002602
нефтепровод 2,813411 0,006823
нефть 1,347074 0,001089
нивально-гляциальная 3,218876 0,002602
низкий 0,843970 0,002047
низменность 1,714798 0,001386
никакой 1,609438 0,001301
новосибирск 0,916291 0,000741
новый 0,083382 0,000067
норвежский 0,248461 0,000201
норильск 1,203973 0,000973
ночь 1,309333 0,002117
обитатель 2,120264 0,001714
образ 0,287682 0,000233
образовывать 2,813411 0,002274
обращение 0,030459 0,000148
обширный 1,078810 0,000872
обычно 0,693147 0,001121
овцебык 3,218876 0,002602
ограничивать 2,120264 0,001714
ограничить 0,653926 0,000529
одинаковый 1,714798 0,001386
однако 0,174353 0,000141
оживать 3,506558 0,002835
озеро 0,673345 0,001089
означить 3,506558 0,002835
океан 0,994252 0,001608
океанский 2,659260 0,002150
окислить 3,912023 0,003163
округ 0,562119 0,000454
окружать 0,755023 0,000610
октябрь 0,072571 0,000176
оленевод 3,912023 0,003163
олень 2,207275 0,005353
омуль 3,218876 0,002602
онлайн 0,198451 0,000160
опасность 1,832581 0,001481
опираться 1,560648 0,001262
описание -0,009950 -0,000008
описывать 1,427116 0,001154
опытный 1,108663 0,000896
организация -0,009950 -0,000008
осадка 1,237874 0,002001
осадок 0,544727 0,001321
осень 0,941609 0,001522
основное 0,235722 0,000191
основной 0,040822 0,000033
особенно 0,562119 0,000909
осока 3,506558 0,002835
осоко-пушицевая 3,912023 0,006325
остров 0,820981 0,001991
ответственность -0,009950 -0,000008
отдельный -0,009950 -0,000008
отказ -0,009950 -0,000008
открыть 0,150823 0,000122
отличаться 0,342490 0,000831
отметить 0,616186 0,000498
относительный 1,560648 0,001262
отредактировать -0,009950 -0,000008
очень 0,494296 0,001199
очередь 0,510826 0,000413
ошибкекак -0,009950 -0,000008
паковый 3,218876 0,002602
пелагический 2,995732 0,002422
первый 0,162519 0,000131
переживать 2,207275 0,001784
перейти -0,009950 -0,000016
переменно-влажный 3,218876 0,002602
перемещаться 2,407946 0,001947
период 0,274437 0,000444
персональный -0,009950 -0,000008
песец 3,218876 0,002602
печать -0,009950 -0,000016
пещер 1,897120 0,001534
писать 0,820981 0,000664
плавня 3,218876 0,002602
плодородие 2,995732 0,002422
плоский 2,659260 0,004300
площадь 0,385662 0,000935
поведение -0,009950 -0,000008
поверхность 1,347074 0,001089
подзона 2,040221 0,003299
подорожник 3,912023 0,003163
подразделяться 2,207275 0,001784
подтайга 2,995732 0,002422
подушкообразный 3,912023 0,009488
позволять 0,462035 0,000374
поиск -0,009950 -0,000016
пойма 1,609438 0,001301
пока 0,843970 0,000682
покров 0,843970 0,003411
покрытосеменной 3,506558 0,002835
ползучий 3,506558 0,002835
политик -0,009950 -0,000008
полный 0,328504 0,000266
полонина 3,912023 0,003163
полукустарничек 3,912023 0,006325
полуостров 1,171183 0,000947
полупустыня 2,302585 0,001861
полушарие 2,407946 0,005840
полярный 1,347074 0,009801
попасть 1,049822 0,000849
поросль 3,912023 0,003163
портал 0,342490 0,000277
посвятить 0,634878 0,000513
последний -0,009950 -0,000016
постоянно 1,108663 0,000896
потенциальный 1,832581 0,001481
почва 1,272966 0,009262
поэт 1,049822 0,001697
появиться 0,248461 0,000201
появление 0,653926 0,000529
появляться 0,733969 0,000593
пояс 0,597837 0,002900
поясность 2,407946 0,001947
правда 0,820981 0,000664
правило 0,478036 0,000386
править -0,009950 -0,000225
правка 0,274437 0,000222
правкиновые -0,009950 -0,000008
правкипостоянная -0,009950 -0,000008
практически 0,755023 0,000610
превышать 0,673345 0,001089
предел 0,400478 0,000324
представить 0,328504 0,000266
представиться -0,009950 -0,000008
прежде 1,049822 0,000849
преимущественно 0,776529 0,001256
прекрасный 2,407946 0,001947
прерия 2,813411 0,002274
пресмыкаться 2,659260 0,002150
прибрежный 1,386294 0,002241
приземистый 3,506558 0,002835
применять 0,510826 0,000413
примесь 2,407946 0,001947
примечание -0,009950 -0,000016
принимать 0,634878 0,000513
природный 0,510826 0,002065
приход 1,108663 0,000896
приходить 1,309333 0,001058
проверить 0,478036 0,000386
проверка 0,843970 0,000682
проверяться 1,714798 0,001386
провинциализм 3,912023 0,003163
провинция 1,309333 0,001058
продолжать 1,049822 0,000849
продолжительный 1,560648 0,001262
проект -0,009950 -0,000008
проектахцитаты 2,525729 0,002042
произойти 0,430783 0,000348
просачивание 3,218876 0,002602
просмотр -0,009950 -0,000008
простор 2,040221 0,001649
пространство 0,634878 0,000513
проход 2,407946 0,001947
прохоров 1,078810 0,000872
прочие 0,798508 0,000646
пруд 1,609438 0,001301
псевдоабиссальная 3,218876 0,002602
псевдобатиальная 3,218876 0,002602
птица 1,272966 0,003087
пуночка 3,912023 0,003163
пустынь 2,040221 0,001649
пустыня 2,813411 0,006823
путешественник 1,714798 0,001386
пучение 3,912023 0,003163
равнина 0,867501 0,001403
равнинный 2,120264 0,001714
развиваться 0,597837 0,000483
развить 0,616186 0,000498
различаться 2,040221 0,001649
разнотравье 3,218876 0,002602
разработчик -0,009950 -0,000008
разредить 2,995732 0,002422
район 0,430783 0,000348
районирование 2,040221 0,001649
рано 0,261365 0,000211
расположение 0,776529 0,000628
расположить 0,385662 0,000312
растение 1,171183 0,002840
растительностискрытые 3,506558 0,002835
растительность 1,309333 0,006351
растительный 1,386294 0,004483
ред 0,235722 0,000191
редко 1,514128 0,001224
редколесье 3,506558 0,002835
резко 0,967584 0,000782
река 0,446287 0,000361
ресурс 0,020203 0,000016
речной 0,693147 0,000560
ржанка 3,506558 0,002835
риф 2,813411 0,002274
родственный 0,579818 0,000469
российский 0,105361 0,000341
россия 0,174353 0,000141
россыпь 2,813411 0,002274
рост 0,597837 0,000483
рус 0,162519 0,000131
русский -0,009950 -0,000040
рыба 1,514128 0,001224
ряпушка 3,506558 0,002835
саам 2,995732 0,004844
саамский 3,912023 0,006325
саванна 2,813411 0,002274
сайт 0,210721 0,000170
сам 0,162519 0,000131
сандвичевы 3,506558 0,002835
свободно 2,302585 0,001861
свободный -0,009950 -0,000008
связаться -0,009950 -0,000008
сев 2,995732 0,002422
север 0,527633 0,000427
севернее 1,966113 0,001589
северные 1,171183 0,001894
северный 0,385662 0,000624
северо-запад 1,469676 0,001188
сельва 3,218876 0,002602
семейство 1,660731 0,001343
сендуха 3,912023 0,003163
сентябрь 0,072571 0,000117
сибирский 1,049822 0,001697
сибирь 1,469676 0,001188
сила 0,494296 0,000400
сильно 0,755023 0,000610
сильный 0,544727 0,001321
системеобсуждениевкладсоздать -0,009950 -0,000008
скачать -0,009950 -0,000008
скрыть 2,207275 0,001784
следствие 1,560648 0,001262
словарь 0,094311 0,000229
слово 0,210721 0,000681
случай -0,009950 -0,000008
смешать 1,309333 0,001058
снежный 1,078810 0,002616
снова 1,386294 0,001121
сноситься 2,995732 0,002422
событияпожертвовать -0,009950 -0,000008
сова 2,407946 0,001947
советский 0,261365 0,000423
содержание 0,010050 0,000008
сокращаться 1,897120 0,001534
солончак 2,813411 0,002274
сомкнуть 2,659260 0,002150
сообщить -0,009950 -0,000008
составлять 0,198451 0,000802
сохранение -0,009950 -0,000008
специальный 0,415515 0,000336
способствовать 0,867501 0,000701
среди 0,198451 0,000160
срединно-океанических 3,218876 0,002602
средний 0,371064 0,000900
срок 0,798508 0,000646
ссср 0,314711 0,000254
ссылка -0,009950 -0,000064
ссылкасведения -0,009950 -0,000008
стадо 3,218876 0,002602
статистик -0,009950 -0,000008
статьислучайная -0,009950 -0,000008
статьисообществофорумсправкасвежие -0,009950 -0,000008
статья 0,020203 0,000049
статьяобсуждение -0,009950 -0,000008
статьятекущие -0,009950 -0,000008
стая 3,218876 0,002602
степь 1,469676 0,001188
стих 1,966113 0,001589
столь 1,714798 0,001386
страница -0,009950 -0,000032
страницасодержаниеизбранные -0,009950 -0,000008
страницецитировать -0,009950 -0,000008
страницуполучить -0,009950 -0,000008
страницыслужебные -0,009950 -0,000008
строительство 0,462035 0,000747
субальпийский 3,218876 0,002602
субарктический 2,995732 0,002422
сублиторальный 3,218876 0,002602
субтропический 1,832581 0,002963
супралиторальная 3,218876 0,002602
суровость 3,506558 0,002835
суровый 1,714798 0,002773
сухой 1,049822 0,001697
суша 1,609438 0,001301
существенное 1,714798 0,001386
существовать 0,020203 0,000033
сходить 2,813411 0,002274
счет 0,562119 0,000454
сын 1,660731 0,001343
сырой 2,525729 0,002042
сюдасвязанные -0,009950 -0,000008
тайга 1,427116 0,002307
талассобатиальная 3,218876 0,002602
твое 2,659260 0,002150
текст -0,009950 -0,000008
тематический 0,510826 0,000413
температура 0,510826 0,001239
тепло 1,386294 0,001121
теплое 1,309333 0,001058
теплый 1,171183 0,000947
термин 0,198451 0,000642
территория 0,356675 0,000577
течь 0,274437 0,000222
тип 0,072571 0,000059
типичный 1,427116 0,002307
тихоходка 3,506558 0,002835
товарный -0,009950 -0,000008
топливо 2,040221 0,001649
торфянистый 3,912023 0,006325
трава 1,609438 0,002602
травянистый 2,659260 0,002150
требовать 0,562119 0,000454
тропический 2,207275 0,010706
туманный 2,525729 0,002042
тундра 2,407946 0,132369
тундраклиматические 3,912023 0,003163
тундрово-глеевые 3,912023 0,006325
тундровый 3,218876 0,002602
тундростепь 3,912023 0,003163
тыл 1,771957 0,001432
тыс 0,430783 0,000348
увеличиться 0,843970 0,000682
увлажнение 2,120264 0,001714
угодье 2,207275 0,001784
указание -0,009950 -0,000008
указать 0,083382 0,000067
ультраабиссальный 3,218876 0,002602
ульяново 3,506558 0,002835
умерить 1,049822 0,002546
условие -0,009950 -0,000032
устанавливаться 1,609438 0,001301
устье 0,634878 0,000513
утверждение 0,400478 0,000647
утечка 2,659260 0,002150
участие -0,009950 -0,000008
участник 0,510826 0,000413
участок 0,616186 0,000996
ученый 0,653926 0,000529
учетный -0,009950 -0,000008
фасмера 2,659260 0,004300
фауна 1,108663 0,000896
февраль 0,051293 0,000124
фин 2,525729 0,004084
фонд -0,009950 -0,000008
форма 0,287682 0,000233
характер 0,653926 0,000529
характеристика 0,415515 0,000336
характерный 0,693147 0,000560
хвойные 2,120264 0,001714
хвойный 2,995732 0,002422
хельсинки 2,525729 0,002042
холод 2,040221 0,001649
холодное 1,560648 0,002523
холоднокровный 3,506558 0,002835
хребет 1,560648 0,001262
целый 1,108663 0,000896
цинзерлинг 3,912023 0,003163
часть 0,061875 0,000200
человек 0,186330 0,000151
черт 0,916291 0,000741
чикачев 3,912023 0,003163
чир 3,218876 0,002602
читатьтекущая 1,237874 0,001001
чрезвычайно 2,120264 0,001714
шельф 2,040221 0,001649
широкий 0,494296 0,000400
широко 0,653926 0,000529
широколиственные 2,207275 0,005353
широта 1,237874 0,001001
щебенчатый 3,912023 0,003163
экологический 0,693147 0,002241
экология 0,562119 0,000454
эксплуатация 0,776529 0,000628
экспорт -0,009950 -0,000008
эндолитические 3,218876 0,002602
энциклопедия -0,009950 -0,000040
эстуарий 2,995732 0,002422
этимологический 2,040221 0,001649
этимология 0,616186 0,000996
южный 0,385662 0,001871
ягодный 2,813411 0,002274
язык -0,009950 -0,000032
яйла 3,506558 0,002835
яковлевича 3,506558 0,002835
январь 0,105361 0,000170
