абиссальная 3,218876 0,002602
августа 0,072571 0,000352
автономном 2,995732 0,002422
авторства -0,009950 -0,000008
аза 3,912023 0,003163
ай-петринская 3,912023 0,003163
активных 2,207275 0,001784
александрова 2,525729 0,004084
альпийские 3,218876 0,002602
альпийский 2,995732 0,002422
аляске 3,506558 0,002835
аналогичным 2,813411 0,002274
англ 0,174353 0,000282
антарктики 3,506558 0,002835
антарктическая 3,218876 0,010409
антарктического 3,912023 0,003163
арктика 2,813411 0,002274
арктики 2,407946 0,001947
арктическая 2,659260 0,006449
арктических 2,813411 0,002274
архангельск 1,771957 0,001432
архив 0,462035 0,000374
архивировано 0,020203 0,000098
бараны 3,912023 0,003163
бард 3,912023 0,003163
батиальная 3,218876 0,002602
баш 3,506558 0,002835
безлесная 3,912023 0,009488
безлесных 3,506558 0,002835
беларуская 0,000000 0,000000
беларускаябългарски 0,000000 0,000000
белая 1,832581 0,002963
белых 2,407946 0,001947
бенталь 3,218876 0,002602
берега 0,916291 0,000741
березы 2,813411 0,004549
библиографических 0,094311 0,000076
биогеографическое 3,218876 0,002602
биология 2,120264 0,001714
биомы 3,218876 0,007806
биомыназемные 3,218876 0,002602
богаты 2,659260 0,002150
болота 2,407946 0,001947
болотистые 3,218876 0,002602
болотные 2,995732 0,002422
большая 0,072571 0,000411
большому 2,407946 0,001947
бореальных 3,912023 0,003163
боржава 3,912023 0,003163
бугры 3,912023 0,003163
бурых 2,813411 0,002274
бывают 1,897120 0,001534
бэс 3,506558 0,002835
вашла 0,000000 0,000000
века 0,248461 0,000201
версии 0,446287 0,000361
версия -0,009950 -0,000024
версияправитьправить 1,237874 0,001001
верхний 1,427116 0,001154
вершина 2,525729 0,004084
весна 1,469676 0,002376
весь 0,755023 0,000610
ветра 1,049822 0,000849
ветров 0,843970 0,001365
вечная 2,659260 0,002150
вечномерзлой 3,912023 0,003163
вечных 3,218876 0,002602
вид 0,494296 0,000799
виды 0,798508 0,000646
викиданных -0,009950 -0,000008
викимедиа -0,009950 -0,000008
википедии -0,009950 -0,000016
википедия -0,009950 -0,000024
викисклад 1,897120 0,001534
викискладвикицитатникэлемент 2,659260 0,002150
викискладе 0,174353 0,000141
викицитатникемедиафайлы 1,469676 0,001188
викицитатникстатьи 2,207275 0,001784
виноградов 2,407946 0,001947
влажности 2,659260 0,002150
влажные 2,813411 0,002274
влияет 1,832581 0,001481
внешние 0,051293 0,000041
водами 1,897120 0,001534
водно-болотные 3,218876 0,002602
водные 1,386294 0,001121
водорослей 2,525729 0,002042
водорослями 3,506558 0,002835
возможность 0,616186 0,001494
возможных 2,040221 0,001649
вокруг 0,693147 0,000560
волки 2,995732 0,002422
волшебные 0,040822 0,000033
воркута 1,237874 0,001001
врангеля 2,659260 0,002150
время 0,030459 0,000098
встречается 1,203973 0,000973
встречающиеся 3,506558 0,002835
вся 0,994252 0,000804
выделяется 1,832581 0,001481
выедать 3,912023 0,003163
выносят 3,912023 0,003163
вып 0,798508 0,000646
выпадает 1,203973 0,000973
высокая 1,237874 0,001001
высоких 1,237874 0,001001
высокой 1,272966 0,001029
высотная 2,525729 0,002042
высотную 3,912023 0,003163
высотных 2,813411 0,002274
высоты 1,427116 0,001154
выше 0,616186 0,000498
газета 0,616186 0,000498
географ 2,813411 0,002274
география 0,462035 0,000747
георгия 1,897120 0,001534
гидротермальные 3,218876 0,002602
главная 1,078810 0,000872
глинистые 3,506558 0,002835
говорить 2,207275 0,001784
год 0,235722 0,000191
года -0,009950 -0,000064
годы 0,356675 0,000288
голубика 3,912023 0,003163
голые 3,218876 0,002602
гор 1,309333 0,001058
гора 1,139434 0,002763
горах 1,714798 0,001386
горная 2,120264 0,005142
горные 1,832581 0,002963
горных 1,966113 0,001589
города 0,430783 0,000348
границ 0,916291 0,000741
границу 2,120264 0,001714
грибова 3,912023 0,003163
дана 2,995732 0,002422
данные 0,510826 0,000413
дата 0,030459 0,000148
датская 0,342490 0,000277
действовать -0,009950 -0,000008
декабря 0,105361 0,000085
делать 1,832581 0,001481
дельта 2,040221 0,001649
день 0,562119 0,000454
деревьев 1,469676 0,001188
деятельности 0,446287 0,000361
джунгли 2,813411 0,004549
диалектное 3,912023 0,003163
дикие 2,525729 0,002042
дно 2,120264 0,001714
дня 0,478036 0,000386
добычи 2,040221 0,001649
довольно 0,891598 0,000721
дождевой 2,659260 0,002150
долгое 1,386294 0,001121
долготы 1,832581 0,002963
должно 1,714798 0,001386
дополнительные -0,009950 -0,000008
доступен -0,009950 -0,000008
дриада 3,912023 0,003163
другие 0,030459 0,000049
другим 0,733969 0,000593
других -0,009950 -0,000016
европейской 0,891598 0,000721
ежова 3,506558 0,002835
желоб 2,995732 0,002422
животные 1,714798 0,004159
животный 1,714798 0,002773
животных 1,203973 0,000973
живут 1,771957 0,001432
жизнедеятельности 2,659260 0,002150
заболоченная 3,506558 0,002835
заболоченность 3,912023 0,003163
заболоченные 2,525729 0,006125
заболочены 3,506558 0,002835
зависимости 0,798508 0,001937
зависит 1,560648 0,001262
заглавная -0,009950 -0,000008
загрязнение 1,309333 0,001058
заимствовано 2,525729 0,002042
зайцы-беляки 3,912023 0,003163
заливаемой 3,912023 0,003163
заменить 0,562119 0,000454
занимающая 3,218876 0,002602
западинках 3,912023 0,003163
западно-сибирской 2,120264 0,001714
записьвойти -0,009950 -0,000008
зарегистрированный -0,009950 -0,000008
заросших 3,912023 0,003163
засушливые 2,995732 0,002422
заявление -0,009950 -0,000008
збекча 0,000000 0,000000
зима 1,021651 0,000826
зимних 1,897120 0,001534
зимой 0,713350 0,001153
зимы 1,609438 0,001301
злаки 3,218876 0,002602
злаков 2,995732 0,002422
знак -0,009950 -0,000008
значения 0,105361 0,000170
значительно 0,510826 0,000413
зон 1,309333 0,001058
зона 0,891598 0,012253
зонам 3,218876 0,002602
зоной 2,302585 0,001861
зону 1,660731 0,001343
зоны 0,755023 0,003662
зонызоны 3,912023 0,003163
зуек 3,912023 0,003163
ибо 2,659260 0,002150
ивана 1,078810 0,000872
ивы 3,506558 0,005669
из-за 0,415515 0,001680
именно 0,544727 0,000881
индигирке 3,912023 0,003163
иностранных 1,203973 0,000973
инструменты -0,009950 -0,000016
интродуцированы 3,912023 0,003163
испаряемость 3,912023 0,006325
использования -0,009950 -0,000008
использующие 0,040822 0,000033
история 0,051293 0,000041
источник -0,009950 -0,000008
источники 0,415515 0,000336
июле 0,967584 0,000782
июля 0,116534 0,000188
каменистые 3,218876 0,002602
каменистых 3,912023 0,003163
каменных 1,832581 0,001481
карамзин 2,995732 0,002422
карликовые 3,506558 0,005669
карте 1,108663 0,000896
каталанская 0,527633 0,000427
каталогах 0,094311 0,000076
катастрофы 2,525729 0,006125
категории -0,009950 -0,000016
кильд 3,912023 0,003163
классификация 2,040221 0,003299
климат 0,494296 0,001598
климата 0,733969 0,001187
климатического 2,995732 0,002422
климатом 2,040221 0,001649
княженика 3,912023 0,003163
код -0,009950 -0,000105
кодекс -0,009950 -0,000008
кодистория 0,116534 0,000094
количество 0,328504 0,000266
количеству 1,309333 0,001058
колтта-саам 3,912023 0,003163
конек 3,218876 0,002602
континентальнее 3,912023 0,003163
континентальности 2,995732 0,002422
континентальный 0,776529 0,000628
конфиденциальности -0,009950 -0,000008
конце 0,430783 0,000348
коралловые 3,218876 0,002602
короткие 2,302585 0,001861
короткий -0,009950 -0,000016
которые 0,162519 0,000131
который 0,105361 0,000085
которых 0,094311 0,000076
коэффициент 2,120264 0,001714
краснозобый 3,912023 0,003163
кризиса 2,040221 0,001649
критика 2,120264 0,001714
кровососущих 3,912023 0,003163
кроме 0,235722 0,000191
кругом 2,040221 0,001649
крупная 1,514128 0,001224
крупнейшие 0,776529 0,000628
куки -0,009950 -0,000008
культуре 1,427116 0,001154
куропатка 3,912023 0,003163
кустарника 3,506558 0,002835
кустарники 2,813411 0,002274
кустарников 2,207275 0,001784
кустарниковая 3,912023 0,003163
кустарниковым 3,912023 0,003163
кустарничками 3,912023 0,003163
кустарнички 3,506558 0,005669
кыргызча 0,000000 0,000000
ландшафтные 3,506558 0,002835
ландшафты 2,302585 0,001861
лапландский 3,912023 0,003163
ларусса 1,078810 0,001744
лед 1,897120 0,001534
ледовитого 1,832581 0,001481
лежащих 2,813411 0,002274
лексиконе 3,506558 0,002835
лемминги 3,506558 0,002835
лес 1,514128 0,011016
леса 1,021651 0,008259
лесного 2,120264 0,001714
лесной 1,272966 0,001029
лесные 1,560648 0,001262
лесов 1,469676 0,001188
лесостепь 2,659260 0,002150
лесотундра 2,813411 0,004549
лет 0,223144 0,000180
лета 1,897120 0,003067
летний 1,108663 0,000896
летом 0,597837 0,000483
лисицы 3,912023 0,003163
лиственный 2,995732 0,002422
литература 0,061875 0,000100
литоральная 3,218876 0,002602
лицензии -0,009950 -0,000008
лишайниками 3,912023 0,006325
лишайники 2,995732 0,002422
лишайников 3,912023 0,003163
лишена 2,995732 0,002422
лишь 0,478036 0,000386
луга 1,966113 0,001589
льдов 3,218876 0,002602
любого 2,120264 0,001714
мае 0,867501 0,000701
май 0,597837 0,000483
маки 3,506558 0,002835
мала 3,218876 0,002602
мангры 2,995732 0,004844
мариймакедонски 0,000000 0,000000
марта 0,139262 0,000113
марши 3,218876 0,002602
массивы 1,560648 0,001262
материал -0,009950 -0,000008
матрехина 3,912023 0,003163
мая 0,139262 0,000113
медальоны 3,912023 0,003163
мелколиственные 2,995732 0,002422
меньше 0,755023 0,000610
мере 1,272966 0,001029
мерзлота 2,995732 0,002422
мерзлотного 3,912023 0,003163
мерзлоты 2,995732 0,002422
места 0,579818 0,000469
местность 1,660731 0,001343
месяца 1,347074 0,002178
месяцев 1,171183 0,000947
миграций 2,995732 0,002422
микроскопическими 3,912023 0,003163
мир 0,342490 0,000554
мире 0,494296 0,000400
мировой 0,733969 0,001187
млн 0,462035 0,000747
многие 0,356675 0,000288
многолетней 2,995732 0,002422
мобильная -0,009950 -0,000008
могли 1,514128 0,001224
могут -0,009950 -0,000032
молодых 1,660731 0,001343
морошка 3,912023 0,003163
морскими 2,813411 0,002274
моря 0,579818 0,000469
моховая 3,506558 0,002835
мохово-лишайниковые 3,912023 0,003163
мохом 3,912023 0,003163
мурманск 2,207275 0,001784
мха 3,912023 0,003163
мхами 3,506558 0,008504
мхи 2,813411 0,002274
навигации -0,009950 -0,000008
навигация -0,009950 -0,000016
название 0,198451 0,000321
накипными 3,912023 0,003163
наличии 2,040221 0,001649
нами -0,009950 -0,000008
например 0,328504 0,000531
насекомых 2,525729 0,002042
наступает 0,916291 0,000741
наступления 2,407946 0,001947
наука 0,301105 0,000243
научно-образовательный 0,967584 0,000782
находится 0,328504 0,000531
начало 0,415515 0,000336
начинаются 1,897120 0,001534
ндар 0,000000 0,000000
ндра 0,000000 0,000000
небольшой 1,427116 0,001154
невысокие 2,813411 0,002274
недоступных 3,912023 0,003163
нежности 3,912023 0,003163
некоммерческой -0,009950 -0,000008
некоторые 0,301105 0,000243
некоторыми 2,120264 0,001714
некоторых 0,494296 0,000400
нельма 3,506558 0,002835
немного 1,714798 0,002773
ненецком 3,506558 0,002835
необходимо 1,237874 0,001001
неритическая 3,218876 0,002602
нефтепроводов 3,506558 0,008504
нефти 1,514128 0,001224
нивально-гляциальная 3,218876 0,002602
низкие 2,040221 0,001649
низкий 2,040221 0,001649
низких 2,407946 0,001947
низменности 1,897120 0,001534
никаким 3,912023 0,003163
новосибирск 0,916291 0,000741
новых 0,430783 0,000348
норвежская 0,248461 0,000201
норильск 1,203973 0,000973
ночей 3,218876 0,002602
ночь 1,514128 0,001224
нська 0,000000 0,000000
обитатели 2,995732 0,002422
образовывать 3,506558 0,002835
образом 0,371064 0,000300
обращения 0,030459 0,000148
обширных 2,659260 0,002150
обычно 0,693147 0,001121
овцебыки 3,912023 0,003163
ограничена 2,995732 0,002422
ограничивают 2,995732 0,002422
одинаковых 2,995732 0,002422
однако 0,174353 0,000141
оживает 3,912023 0,003163
озер 1,609438 0,001301
озера 0,967584 0,000782
означили 3,912023 0,003163
океан 1,714798 0,001386
океана 1,272966 0,001029
океанское 3,218876 0,002602
окисленные 3,912023 0,003163
округе 1,309333 0,001058
окружающей 1,049822 0,000849
октября 0,083382 0,000202
оленевода 3,912023 0,003163
оленей 3,218876 0,002602
олени 3,218876 0,005204
олык 0,000000 0,000000
омуль 3,218876 0,002602
онлайн 0,198451 0,000160
оно 0,000000 0,000000
опасность 2,525729 0,002042
опирается 2,040221 0,001649
описание -0,009950 -0,000008
описывая 2,813411 0,002274
опытными 1,714798 0,001386
организации -0,009950 -0,000008
ортса 0,000000 0,000000
осадки 1,832581 0,002963
осадков 0,544727 0,001321
осень 1,469676 0,002376
основная 0,116534 0,000094
основном 0,510826 0,000413
особенно 0,562119 0,000909
осоки 3,912023 0,003163
осоко-пушицевая 3,912023 0,006325
острова 1,078810 0,001744
острове 1,660731 0,001343
ответственности -0,009950 -0,000008
отдельных -0,009950 -0,000008
отказ -0,009950 -0,000008
открытого 1,771957 0,001432
отличается 0,579818 0,000469
отличаться 1,560648 0,002523
отмечено 1,966113 0,001589
относительной 2,407946 0,001947
отредактирована -0,009950 -0,000008
очень 0,494296 0,001199
очередь 0,527633 0,000427
ошибкекак -0,009950 -0,000008
паковый 3,218876 0,002602
пелагическая 3,218876 0,002602
первую 0,867501 0,000701
переживает 2,659260 0,002150
перейти -0,009950 -0,000016
переменно-влажный 3,218876 0,002602
перемещаться 2,995732 0,002422
период 0,342490 0,000554
персональные -0,009950 -0,000008
песцы 3,912023 0,003163
печати -0,009950 -0,000008
печать -0,009950 -0,000008
пещеры 2,659260 0,002150
писал 1,514128 0,001224
плавни 3,218876 0,002602
плодородие 2,995732 0,002422
плоская 3,506558 0,005669
площадь 0,478036 0,001159
поведения -0,009950 -0,000008
поверхности 1,514128 0,001224
подзон 3,506558 0,002835
подзоны 2,813411 0,002274
подорожник 3,912023 0,003163
подразделяются 2,995732 0,002422
подробнее -0,009950 -0,000008
подтайга 2,995732 0,002422
подушкообразными 3,912023 0,009488
позволяет 0,755023 0,000610
поиск -0,009950 -0,000008
поиску -0,009950 -0,000008
пойма 2,207275 0,001784
пока 0,843970 0,000682
покров 1,469676 0,003564
покрова 1,203973 0,001947
покрытосеменные 3,506558 0,002835
ползучие 3,912023 0,003163
политика -0,009950 -0,000008
полна 3,218876 0,002602
полонина 3,912023 0,003163
полукустарничками 3,912023 0,003163
полукустарничков 3,912023 0,003163
полуострова 1,560648 0,001262
полупустыня 2,995732 0,002422
полушарии 2,659260 0,002150
полушария 2,813411 0,004549
полярная 3,218876 0,005204
полярного 3,218876 0,002602
полярную 3,912023 0,003163
полярные 2,302585 0,005584
полярный 2,120264 0,001714
полярным 2,813411 0,002274
попало 2,302585 0,001861
поросль 3,912023 0,003163
портал 0,342490 0,000277
посвящены 2,525729 0,002042
последние 0,755023 0,000610
последний -0,009950 -0,000008
постоянно 1,108663 0,000896
потенциальная 3,506558 0,002835
почв 2,302585 0,001861
почвах 2,659260 0,002150
почве 2,813411 0,002274
почвой 3,218876 0,002602
почвы 1,609438 0,006505
поэт 1,897120 0,001534
поэта 1,966113 0,001589
появилась 0,820981 0,000664
появления 1,514128 0,001224
появляются 1,560648 0,001262
пояс 0,693147 0,001681
пояса 1,560648 0,002523
поясность 2,995732 0,002422
поясом 3,506558 0,002835
правда 0,891598 0,000721
правило 0,891598 0,000721
править -0,009950 -0,000225
правки 2,207275 0,001784
правкиновые -0,009950 -0,000008
правкипостоянная -0,009950 -0,000008
практически 0,755023 0,000610
превышает 0,967584 0,001564
пределами 1,714798 0,001386
представились -0,009950 -0,000008
представлен 0,891598 0,000721
прежде 1,049822 0,000849
преимущественно 0,776529 0,001256
прекрасной 3,506558 0,002835
прерия 3,218876 0,002602
пресмыкающихся 3,218876 0,002602
прибрежная 2,659260 0,002150
прибрежные 2,302585 0,001861
приземистыми 3,912023 0,003163
применяют 3,218876 0,002602
примесью 2,813411 0,002274
примечания -0,009950 -0,000016
принимают 1,771957 0,001432
природная 2,207275 0,003569
природные 1,108663 0,000896
природным 2,525729 0,002042
природных 1,108663 0,000896
приходит 1,897120 0,001534
приходом 2,525729 0,002042
проверенной 1,771957 0,001432
проверки 0,994252 0,000804
проверялась 1,771957 0,001432
провинциализмом 3,912023 0,003163
провинции 1,660731 0,001343
продолжают 2,040221 0,001649
продолжительная 2,813411 0,002274
проектах -0,009950 -0,000008
проектахцитаты 2,525729 0,002042
произойти 3,506558 0,002835
просачивание 3,218876 0,002602
просмотры -0,009950 -0,000008
просторам 3,506558 0,002835
пространства 1,049822 0,000849
проходы 3,912023 0,003163
прохоров 1,078810 0,000872
прочие 1,203973 0,000973
пруд 2,120264 0,001714
псевдоабиссальная 3,218876 0,002602
псевдобатиальная 3,218876 0,002602
птиц 1,469676 0,002376
птицы 2,207275 0,001784
пуночка 3,912023 0,003163
пустынь 2,407946 0,001947
пустыня 2,813411 0,006823
путешественник 2,407946 0,001947
пучения 3,912023 0,003163
равнин 2,995732 0,002422
равнинной 3,912023 0,003163
равнины 1,309333 0,001058
развиваться 1,469676 0,001188
развиты 1,714798 0,001386
различается 2,659260 0,002150
разнотравья 3,912023 0,003163
разработчики -0,009950 -0,000008
разреженными 3,912023 0,003163
районах 0,941609 0,000761
районирование 2,525729 0,002042
ранее 0,430783 0,000348
расположения 1,832581 0,001481
расположены 0,673345 0,000544
растения 1,771957 0,004297
растительного 3,506558 0,002835
растительности 2,302585 0,001861
растительностискрытые 3,506558 0,002835
растительность 1,427116 0,005768
растительный 1,966113 0,004768
ред 0,235722 0,000191
редко 1,832581 0,001481
редколесий 3,912023 0,003163
резко 0,967584 0,000782
реки 0,462035 0,000374
ресурсы 0,020203 0,000016
речными 2,813411 0,002274
ржанка 3,912023 0,003163
рифы 3,218876 0,002602
родственных 0,755023 0,000610
россии 0,186330 0,000151
российская 0,186330 0,000301
российской 0,385662 0,000312
российском 2,040221 0,001649
россыпей 3,912023 0,003163
роста 1,386294 0,001121
рус 0,162519 0,000131
русиньскыйсаха 0,000000 0,000000
русские 0,544727 0,000440
русский -0,009950 -0,000016
русском 1,049822 0,001697
рыбой 2,659260 0,002150
ряпушка 3,506558 0,002835
саам 3,912023 0,006325
саамского 3,912023 0,006325
саванна 3,218876 0,002602
сайты 0,478036 0,000386
самого 0,891598 0,000721
сандвичевы 3,506558 0,002835
свободно 2,302585 0,001861
свободной -0,009950 -0,000008
свяжитесь -0,009950 -0,000008
сев 2,995732 0,002422
севера 0,941609 0,000761
севернее 1,966113 0,001589
северного 1,021651 0,000826
северном 1,469676 0,001188
северные 1,966113 0,001589
северными 2,813411 0,002274
северо-запада 2,302585 0,001861
сельва 3,218876 0,002602
семейства 1,966113 0,001589
сендуха 3,912023 0,003163
сентябрь 1,309333 0,001058
сентября 0,072571 0,000059
сибирское 1,832581 0,002963
сибирь 1,469676 0,001188
сила 2,407946 0,001947
сильно 0,776529 0,000628
сильные 1,660731 0,001343
сильных 1,771957 0,002865
системеобсуждениевкладсоздать -0,009950 -0,000008
скачать -0,009950 -0,000008
скрытые 3,218876 0,002602
следствие 1,832581 0,001481
слов 1,560648 0,002523
словари 0,116534 0,000094
словарь 0,274437 0,000444
слово 0,673345 0,001089
случаях -0,009950 -0,000008
смешанный 2,813411 0,002274
снежные 3,912023 0,003163
снежный 1,660731 0,002685
снова 1,386294 0,001121
сносится 3,218876 0,002602
событияпожертвовать -0,009950 -0,000008
сова 2,813411 0,002274
советская 0,371064 0,000600
содержание 0,010050 0,000008
сокращаться 2,813411 0,002274
солончаки 2,813411 0,002274
сомкнут 3,912023 0,003163
сообщить -0,009950 -0,000008
составляет 0,314711 0,001018
составляют 0,798508 0,000646
сохранением -0,009950 -0,000008
специальные 1,660731 0,001343
способствует 1,609438 0,001301
среди 0,198451 0,000160
срединно-океанических 3,218876 0,002602
средняя 0,510826 0,001239
срок 1,237874 0,001001
српски 0,000000 0,000000
српскохрватски 0,000000 0,000000
ссср 0,314711 0,000254
ссылками 0,186330 0,000301
ссылкасведения -0,009950 -0,000008
ссылки -0,009950 -0,000048
стада 3,506558 0,002835
стаи 3,912023 0,003163
статистика -0,009950 -0,000008
статьи 0,072571 0,000059
статьислучайная -0,009950 -0,000008
статьисообществофорумсправкасвежие -0,009950 -0,000008
статья 0,105361 0,000170
статьяобсуждение -0,009950 -0,000008
статьятекущие -0,009950 -0,000008
степь 2,525729 0,002042
стихи 2,407946 0,001947
столь 1,714798 0,001386
страница -0,009950 -0,000008
страницасодержаниеизбранные -0,009950 -0,000008
страницецитировать -0,009950 -0,000008
страницуполучить -0,009950 -0,000008
страницы -0,009950 -0,000024
страницыслужебные -0,009950 -0,000008
строительства 0,673345 0,001089
субальпийский 3,218876 0,002602
субарктическим 3,912023 0,003163
сублиторальная 3,218876 0,002602
субтропические 2,659260 0,002150
субтропический 2,207275 0,001784
супралиторальная 3,218876 0,002602
сурового 3,218876 0,002602
суровость 3,506558 0,002835
суровым 3,218876 0,002602
сухие 2,813411 0,004549
суша 2,659260 0,002150
существенным 2,813411 0,002274
существуют 0,162519 0,000131
существующем 3,912023 0,003163
сходит 2,813411 0,002274
счет 0,673345 0,000544
сын 2,407946 0,001947
сырых 3,912023 0,003163
сюдасвязанные -0,009950 -0,000008
тайга 1,966113 0,001589
тайги 2,040221 0,001649
также 0,000000 0,000000
талассобатиальная 3,218876 0,002602
тарашкев 0,000000 0,000000
твоим 3,506558 0,002835
текст -0,009950 -0,000008
текущая 1,609438 0,001301
тематические 0,510826 0,000413
температура 0,562119 0,000909
температуры 1,139434 0,000921
тепла 1,832581 0,001481
теплого 2,207275 0,001784
теплый 1,609438 0,001301
термин 1,049822 0,000849
термина 0,400478 0,000971
территории 0,400478 0,000324
территориям 2,525729 0,002042
тех 0,798508 0,000646
типичная 2,813411 0,002274
типичные 3,912023 0,003163
типы 1,514128 0,001224
тихоходки 3,506558 0,002835
товарный -0,009950 -0,000008
тому 1,108663 0,000896
топлива 2,302585 0,001861
торфянистые 3,912023 0,006325
травами 3,506558 0,002835
травы 2,659260 0,002150
травянистая 3,218876 0,002602
требуют 1,609438 0,001301
тропические 2,525729 0,008167
тропический 2,407946 0,003893
туманный 2,995732 0,002422
тундр 3,506558 0,002835
тундра 2,813411 0,077329
тундраклиматические 3,912023 0,003163
тундре 3,218876 0,028624
тундровая 3,506558 0,002835
тундрово-глеевые 3,912023 0,006325
тундростепь 3,912023 0,003163
тундру 3,912023 0,003163
тундры 2,525729 0,042878
тыла 1,897120 0,001534
тыс 0,430783 0,000348
увеличилась 1,427116 0,001154
увлажнения 2,302585 0,001861
угодья 2,659260 0,002150
указан 0,139262 0,000113
указанием -0,009950 -0,000008
укра 0,000000 0,000000
ультраабиссальная 3,218876 0,002602
ульяново 3,506558 0,002835
умеренного 1,897120 0,001534
умеренной 2,407946 0,003893
условий -0,009950 -0,000008
условия -0,009950 -0,000016
условиях 1,049822 0,000849
устанавливается 1,832581 0,001481
устье 0,994252 0,000804
утверждений 2,995732 0,002422
утверждению 2,525729 0,002042
утечек 3,912023 0,003163
участие -0,009950 -0,000008
участках 2,120264 0,001714
участке 1,469676 0,001188
участниками 1,309333 0,001058
ученых 1,203973 0,000973
учетную -0,009950 -0,000008
фасмера 2,659260 0,004300
фауна 1,272966 0,001029
февраля 0,051293 0,000124
фин 2,525729 0,004084
фонд -0,009950 -0,000008
формами 2,659260 0,002150
характерен 2,207275 0,001784
характеристика 0,713350 0,000577
характеру 2,302585 0,001861
хвойные 2,659260 0,002150
хвойный 2,995732 0,002422
хельсинки 2,525729 0,002042
холод 3,506558 0,002835
холодного 1,966113 0,001589
холодное 2,407946 0,001947
холоднокровных 3,506558 0,002835
хребтов 2,207275 0,001784
целых 2,813411 0,002274
цинзерлинг 3,912023 0,003163
части 0,198451 0,000160
часть 0,105361 0,000170
частях 1,609438 0,001301
человека 0,579818 0,000469
черта 2,302585 0,001861
чикачев 3,912023 0,003163
чир 3,218876 0,002602
читатьтекущая 1,237874 0,001001
чрезвычайно 2,120264 0,001714
шельф 2,813411 0,002274
широкая 2,407946 0,001947
широко 0,673345 0,000544
широколиственные 2,525729 0,006125
широтах 2,813411 0,002274
щебенчатых 3,912023 0,003163
экологического 1,771957 0,001432
экологической 1,560648 0,003785
экология 0,693147 0,000560
эксплуатации 1,771957 0,001432
экспорт -0,009950 -0,000008
эндолитические 3,218876 0,002602
энциклопедии -0,009950 -0,000016
энциклопедия 0,210721 0,000511
эстуарий 3,218876 0,002602
эта 0,000000 0,000000
этимологический 2,040221 0,001649
этимология 0,616186 0,000996
это 0,000000 0,000000
южная 0,941609 0,001522
южного 1,139434 0,000921
южной 0,733969 0,000593
южную 1,832581 0,001481
южные 1,560648 0,001262
ягодные 3,912023 0,003163
язык 0,116534 0,000188
языках -0,009950 -0,000008
языке 0,867501 0,000701
яйла 3,912023 0,003163
яковлевича 3,506558 0,002835
января 0,116534 0,000188
