абиссальная 3,218876 0,003487
августа 0,072571 0,000157
австралии 3,218876 0,003487
авт 1,469676 0,003185
авторитетные 0,941609 0,003060
авторства -0,009950 -0,000011
аджи 3,506558 0,003799
адыгэбзэ 0,000000 0,000000
аза 3,912023 0,004238
активны 3,506558 0,007598
алг 3,912023 0,004238
алтайского 2,525729 0,002736
алфавитувикипедия 0,776529 0,000841
альпийские 3,218876 0,003487
альпийский 2,995732 0,003246
америке 2,302585 0,004989
аналогом 2,813411 0,003048
англ 0,174353 0,000189
английский 1,897120 0,002055
антарктическая 3,218876 0,003487
антилопы 3,912023 0,004238
апреля 0,174353 0,000567
арктическая 2,659260 0,002881
арх 0,544727 0,000590
архивировано 0,020203 0,000044
африке 2,659260 0,002881
батиальная 3,218876 0,003487
баш 3,506558 0,003799
бегу 3,912023 0,004238
безлесное 3,506558 0,003799
беларускаябългарски 0,000000 0,000000
бенталь 3,218876 0,003487
биогеографическое 3,218876 0,003487
биология 2,120264 0,002297
биомы 3,218876 0,010462
биомыназемные 3,218876 0,003487
болота 2,407946 0,002609
болотные 2,995732 0,003246
большая 0,072571 0,000236
брокгауза 0,328504 0,000356
бурых 2,813411 0,003048
бывают 1,897120 0,002055
быстрому 2,813411 0,003048
вараны 3,912023 0,004238
вашла 0,000000 0,000000
вдоль 0,755023 0,000818
великорусского 3,912023 0,004238
версий 1,347074 0,001459
версия -0,009950 -0,000022
весной 1,049822 0,001137
виде 0,235722 0,000766
видовому 3,506558 0,003799
виды 0,798508 0,001730
викиданных -0,009950 -0,000011
викимедиа -0,009950 -0,000011
википедии -0,009950 -0,000022
википедия -0,009950 -0,000043
викискладвикипедия 1,469676 0,001592
викискладвикицитатникэлемент 2,659260 0,002881
викискладе 0,174353 0,000189
викисловарецитаты 1,108663 0,001201
викисловарьстатьи 1,347074 0,001459
викитекемедиафайлы 1,272966 0,001379
викитеку 1,347074 0,001459
викицитатниквикипедия 2,407946 0,002609
викицитатникетексты 1,427116 0,001546
влага 2,813411 0,003048
влажные 2,813411 0,003048
водно-болотные 3,218876 0,003487
водные 1,386294 0,001502
водоемов 1,966113 0,002130
водорослей 2,525729 0,002736
воды 0,653926 0,000708
возможно 0,867501 0,001880
волшебные 0,040822 0,000044
вольфа 3,506558 0,003799
временного 1,897120 0,002055
временных 2,302585 0,002495
время 0,030459 0,000033
встречается 1,203973 0,001304
вырубленное 3,912023 0,004238
высоких 1,237874 0,001341
высокогорные 3,912023 0,004238
высокой 1,272966 0,001379
высотная 2,525729 0,002736
галоксерофильные 3,912023 0,004238
география 0,462035 0,000501
гидрометеоиздат 1,897120 0,002055
гидротермальные 3,218876 0,003487
главным 0,967584 0,001048
глагол 3,506558 0,003799
говорит 2,040221 0,002210
года -0,009950 -0,000032
годавикипедия 0,616186 0,000668
годастраницы 3,912023 0,004238
горные 1,832581 0,003971
грунтового 3,912023 0,004238
грызунов 2,813411 0,003048
даль 2,659260 0,002881
дальнейшее 1,832581 0,001985
дата 0,030459 0,000066
действовать -0,009950 -0,000011
декабря 0,105361 0,000228
дельта 2,040221 0,002210
деревьев 1,469676 0,001592
дерновинных 3,912023 0,004238
дешт-и-кипчак 0,000000 0,000000
джунгли 2,813411 0,003048
длительному 3,506558 0,003799
дней 0,446287 0,000484
днейстатьи 2,995732 0,003246
дно 2,120264 0,002297
добавив 0,941609 0,003060
довольно 0,891598 0,000966
дождевой 2,659260 0,002881
долго 2,525729 0,002736
должна 0,544727 0,001771
доп 0,597837 0,001295
дополнительные -0,009950 -0,000011
доступен -0,009950 -0,000011
древней 1,560648 0,001691
древнерусского 2,207275 0,002391
древнерусской 2,407946 0,002609
древности 1,469676 0,001592
дрофа 3,218876 0,003487
другие 0,030459 0,000033
других -0,009950 -0,000022
евразийская 3,218876 0,003487
ефрона 0,328504 0,000356
жаворонки 3,912023 0,004238
желоб 2,995732 0,003246
живого 3,506558 0,003799
животные 1,714798 0,001858
животный 1,714798 0,005574
животным 2,525729 0,005473
жить 2,407946 0,002609
заболоченные 2,525729 0,005473
зависимости 0,798508 0,000865
заглавная -0,009950 -0,000011
заимствование 3,912023 0,004238
западноевропейские 3,912023 0,004238
записьвойти -0,009950 -0,000011
зарегистрированный -0,009950 -0,000011
засухи 3,218876 0,003487
засухоустойчивы 3,912023 0,004238
засушливому 3,912023 0,004238
засушливостью 3,912023 0,004238
засушливые 2,995732 0,003246
заявление -0,009950 -0,000011
збекча 0,000000 0,000000
зеландии 3,506558 0,003799
зимой 0,713350 0,000773
зиму 2,302585 0,002495
зимы 1,609438 0,001744
злаков 2,995732 0,003246
знак -0,009950 -0,000011
значения 0,105361 0,000342
зона 0,891598 0,013524
зонах 2,120264 0,002297
зоне 0,527633 0,000572
зоны 0,755023 0,002454
зрением 3,506558 0,003799
изд 0,314711 0,000682
имеет 0,235722 0,000511
именно 0,544727 0,000590
имеются 0,843970 0,000914
империей 2,659260 0,002881
империю 2,995732 0,003246
иначе 0,733969 0,002386
инструменты -0,009950 -0,000022
информация 0,446287 0,001451
ирон 0,000000 0,000000
иситеп 3,912023 0,004238
искусственных 2,207275 0,002391
использования -0,009950 -0,000011
использующие 0,040822 0,000044
источник -0,009950 -0,000022
источникам 2,302585 0,002495
источники 0,415515 0,004052
источников 0,371064 0,001206
источниковвикипедия 1,966113 0,002130
камелин 3,912023 0,004238
категории -0,009950 -0,000022
кенгуровые 3,912023 0,004238
класс 1,514128 0,001640
классификация 2,040221 0,002210
климату 2,659260 0,002881
ковер 3,912023 0,004238
ковыль 3,912023 0,004238
ковыльные 3,912023 0,004238
ковыля 3,912023 0,004238
код -0,009950 -0,000075
кодекс -0,009950 -0,000011
кодистория 0,116534 0,000126
количество 0,328504 0,000356
континентальный 0,776529 0,000841
континентах 3,912023 0,004238
конфиденциальности -0,009950 -0,000011
копытных 3,506558 0,003799
кор 2,525729 0,002736
коралловые 3,218876 0,003487
корня 3,218876 0,003487
короткий -0,009950 -0,000011
которых 0,094311 0,000102
края 0,713350 0,000773
криоксерофильные 3,912023 0,008477
крысы 3,506558 0,003799
ксерофитные 3,912023 0,004238
куки -0,009950 -0,000011
курьинском 3,912023 0,004238
кыргызча 0,000000 0,000000
лабазник 3,912023 0,004238
ландшафтаскрытые 3,506558 0,003799
ларина 2,525729 0,002736
латыш 2,813411 0,003048
лед 1,897120 0,002055
лексиконе 3,506558 0,003799
лес 1,514128 0,014764
леса 1,021651 0,009962
лесополос 3,912023 0,004238
лесостепи 2,407946 0,002609
лесостепь 2,659260 0,005762
лесотундра 2,813411 0,003048
лет 0,223144 0,000242
летнюю 3,506558 0,003799
летом 0,597837 0,000648
либо 0,000000 0,000000
лик 2,995732 0,003246
лиственный 2,995732 0,003246
лит 2,302585 0,002495
литература 0,061875 0,000134
литоральная 3,218876 0,003487
лицензии -0,009950 -0,000011
луга 1,966113 0,002130
луговые 3,218876 0,006975
лунь 3,218876 0,003487
льянос 3,912023 0,012715
малое 1,897120 0,002055
мангры 2,995732 0,006491
мариймакедонски 0,000000 0,000000
марши 3,218876 0,003487
материал -0,009950 -0,000011
мезоксерофильные 3,912023 0,004238
мелколиственные 2,995732 0,003246
место 0,371064 0,000402
мир 0,342490 0,001855
мировой 0,733969 0,000795
миром 2,659260 0,002881
многие 0,356675 0,000386
многолетних 3,506558 0,003799
многочисленны 2,813411 0,003048
мобильная -0,009950 -0,000011
могут -0,009950 -0,000022
можете 0,653926 0,002125
монгол 0,000000 0,000000
монгольскую 3,218876 0,003487
мурад 3,506558 0,003799
мятлик 3,218876 0,003487
навигации -0,009950 -0,000011
навигация -0,009950 -0,000022
надземные 3,506558 0,003799
названия 0,342490 0,000742
называемые 1,660731 0,001799
называется 0,916291 0,000993
называли 1,347074 0,001459
наличии 2,040221 0,002210
нами -0,009950 -0,000011
например 0,328504 0,000712
народом 3,506558 0,003799
насаждений 1,660731 0,001799
насекомые 2,813411 0,003048
настоящие 3,218876 0,003487
неблагоприятным 3,506558 0,003799
недостатков 0,653926 0,000708
недостоверным 3,912023 0,004238
некоммерческой -0,009950 -0,000011
некоторым 1,966113 0,004260
нем 0,356675 0,000386
немецкий 1,427116 0,001546
непосредственно 0,478036 0,000518
неритическая 3,218876 0,003487
несут 2,995732 0,003246
неясно 3,506558 0,003799
нивально-гляциальная 3,218876 0,003487
низким 2,120264 0,002297
новой 0,653926 0,000708
норы 3,506558 0,003799
ночь 1,514128 0,001640
ночью 2,207275 0,002391
ноября 0,127833 0,000138
нська 0,000000 0,000000
обитатели 2,995732 0,003246
обитающим 3,912023 0,004238
образом 0,371064 0,000402
образующие 3,506558 0,003799
обращения 0,030459 0,000066
общего 0,713350 0,000773
общепринятой 3,912023 0,004238
обычные 3,218876 0,003487
овсец 3,912023 0,004238
одна 0,527633 0,000572
ожидать 2,813411 0,003048
означает 1,237874 0,001341
океан 1,714798 0,001858
океана 1,272966 0,001379
океанское 3,218876 0,003487
олык 0,000000 0,000000
оно 0,000000 0,000000
описание -0,009950 -0,000011
опустыненные 3,912023 0,004238
организации -0,009950 -0,000011
органы 0,891598 0,000966
орел 1,609438 0,001744
ортсабеларуская 0,000000 0,000000
осипов 0,527633 0,000572
основная 0,116534 0,000126
основных 0,634878 0,000688
особенностью 1,609438 0,001744
особенностям 2,995732 0,003246
остается 0,891598 0,000966
острым 3,506558 0,003799
ответственности -0,009950 -0,000011
отдельных -0,009950 -0,000022
отказ -0,009950 -0,000011
открытого 1,771957 0,001920
отличающиеся 3,218876 0,003487
отождествляли 3,912023 0,004238
отредактирована -0,009950 -0,000011
отредактировать 0,967584 0,003145
отсутствие 1,347074 0,001459
очень 0,494296 0,000536
очерки 1,171183 0,001269
ошибкекак -0,009950 -0,000011
паковый 3,218876 0,003487
пампа 3,912023 0,008477
пампасы 3,912023 0,004238
партнерство 2,995732 0,003246
пелагическая 3,218876 0,003487
пер 1,108663 0,001201
перейти -0,009950 -0,000022
перекати-поле 3,912023 0,004238
переменно-влажный 3,218876 0,003487
пернатые 3,912023 0,004238
персональные -0,009950 -0,000011
печати -0,009950 -0,000011
печать -0,009950 -0,000011
пещеры 2,659260 0,002881
письменным 3,912023 0,004238
плавни 3,218876 0,003487
поведения -0,009950 -0,000011
повесть 2,525729 0,002736
подвидов 2,995732 0,003246
подразделяют 3,912023 0,004238
подробнее -0,009950 -0,000011
подтайга 2,995732 0,003246
поиск -0,009950 -0,000011
поиску -0,009950 -0,000043
пойма 2,207275 0,002391
покрытое 3,912023 0,004238
полем 2,407946 0,002609
политика -0,009950 -0,000011
половецкой 3,912023 0,004238
половцев 3,506558 0,003799
полукустарников 3,912023 0,004238
полупустыне 3,912023 0,004238
полупустыня 2,995732 0,003246
полушарий 3,218876 0,003487
полыни 3,912023 0,004238
полярные 2,302585 0,002495
помимо 0,562119 0,000609
попало 2,302585 0,004989
поросшая 3,912023 0,004238
последний -0,009950 -0,000011
постоянного 0,693147 0,000751
пояс 0,693147 0,001502
пояса 1,560648 0,001691
поясность 2,995732 0,003246
править -0,009950 -0,000172
правкиновые -0,009950 -0,000011
правкипостоянная -0,009950 -0,000011
предисл 2,120264 0,002297
представились -0,009950 -0,000011
преимущественно 0,776529 0,001683
преобладанием 2,302585 0,002495
прерии 3,912023 0,004238
прерия 3,218876 0,006975
пресмыкающиеся 3,218876 0,003487
прибрежная 2,659260 0,002881
прибрежные 2,302585 0,002495
примечания -0,009950 -0,000022
природные 1,108663 0,001201
приспосабливаться 3,912023 0,004238
приспосабливаются 3,912023 0,004238
приспособления 3,506558 0,003799
приходится 0,776529 0,000841
причем 0,994252 0,001077
проверяема 0,967584 0,003145
прогресс 1,514128 0,001640
проектах -0,009950 -0,000011
произошло 0,733969 0,001590
произрастают 2,207275 0,002391
происхождение 1,427116 0,006185
происхождении 1,514128 0,001640
просачивание 3,218876 0,003487
просмотры -0,009950 -0,000011
простираться 3,912023 0,004238
пространство 1,203973 0,001304
проф 1,771957 0,001920
прочие 1,203973 0,001304
пруд 2,120264 0,002297
прутняка 3,912023 0,004238
прыгающие 3,912023 0,004238
псевдоабиссальная 3,218876 0,003487
псевдобатиальная 3,218876 0,003487
птиц 1,469676 0,001592
пустельга 3,506558 0,003799
пустыни 2,813411 0,003048
пустынные 3,506558 0,003799
пустынных 3,912023 0,004238
пустыня 2,813411 0,012192
путей 0,916291 0,000993
пять 1,108663 0,001201
равнина 2,120264 0,002297
разделами 0,891598 0,000966
разделе 0,776529 0,001683
разнотравные 3,912023 0,004238
разные 1,139434 0,001234
разных 0,510826 0,000553
разработчики -0,009950 -0,000011
районе 0,527633 0,000572
районирование 2,525729 0,002736
распределенные 1,514128 0,001640
растений 1,386294 0,001502
растения 1,771957 0,003840
растениям 3,912023 0,004238
растительности 2,302585 0,002495
растительность 1,427116 0,001546
растительностью 2,525729 0,005473
растительный 1,966113 0,004260
ред 0,235722 0,000511
режима 2,120264 0,002297
рекомендации 0,843970 0,002743
рифы 3,218876 0,003487
россии 0,186330 0,000202
российская 0,186330 0,000404
россия 0,371064 0,000402
рубить 3,912023 0,004238
русский -0,009950 -0,000011
русского 0,494296 0,001607
саванна 3,218876 0,010462
сазовые 3,912023 0,004238
свидетельствовать 3,506558 0,003799
свободной -0,009950 -0,000011
свяжитесь -0,009950 -0,000011
северного 1,021651 0,001107
северной 0,693147 0,000751
сельва 3,218876 0,003487
сильные 1,660731 0,001799
системеобсуждениевкладсоздать -0,009950 -0,000011
скачать -0,009950 -0,000011
славянского 2,813411 0,003048
следовало 2,995732 0,003246
слепыши 3,912023 0,004238
слова 0,562119 0,001218
словарь 0,274437 0,000892
слово 0,673345 0,002189
сложные 2,407946 0,002609
случаях -0,009950 -0,000011
смешанный 2,813411 0,003048
сносок 0,843970 0,002743
событияпожертвовать -0,009950 -0,000011
согласно 0,301105 0,000326
согревать 3,912023 0,004238
согревший 3,912023 0,004238
содержание 0,010050 0,000011
солончаки 2,813411 0,003048
солянка 3,912023 0,004238
сомкнутый 3,218876 0,006975
сон 2,995732 0,003246
сообщения 0,820981 0,000889
сообщить -0,009950 -0,000011
сост 0,597837 0,001295
составу 2,302585 0,002495
состоящие 2,813411 0,003048
сохранением -0,009950 -0,000011
социальное 2,207275 0,002391
спб 0,385662 0,000836
способностями 3,506558 0,003799
сравнение 2,040221 0,002210
срединно-океанических 3,218876 0,003487
српски 0,000000 0,000000
српскохрватски 0,000000 0,000000
ссср 0,314711 0,000682
ссылка 0,274437 0,000297
ссылками 0,186330 0,000606
ссылкасведения -0,009950 -0,000011
ссылки -0,009950 -0,000065
ссылок 0,693147 0,003755
старинный 2,995732 0,003246
статистика -0,009950 -0,000011
статье 0,941609 0,001020
статьестатьи 0,843970 0,000914
статьи 0,072571 0,000472
статьислучайная -0,009950 -0,000011
статьисообществофорумсправкасвежие -0,009950 -0,000011
статью 0,616186 0,002003
статья 0,105361 0,000114
статьяобсуждение -0,009950 -0,000011
статьятекущие -0,009950 -0,000011
степ 3,912023 0,004238
степей 2,407946 0,013044
степи 1,966113 0,034082
степитипы 3,912023 0,004238
степная 2,659260 0,005762
степной 2,207275 0,009566
степные 2,995732 0,003246
степным 3,506558 0,003799
степняками 3,912023 0,004238
степь 2,525729 0,043783
степью 3,506558 0,003799
стер 2,207275 0,002391
стороны 0,430783 0,000467
страница -0,009950 -0,000011
страницасодержаниеизбранные -0,009950 -0,000011
страницецитировать -0,009950 -0,000011
страницуполучить -0,009950 -0,000011
страницы -0,009950 -0,000011
страницыслужебные -0,009950 -0,000011
строящие 3,912023 0,004238
стьпь 3,912023 0,004238
субальпийский 3,218876 0,003487
сублиторальная 3,218876 0,003487
субтропические 2,659260 0,002881
субтропический 2,207275 0,002391
субтропических 2,813411 0,003048
суперксерофильные 3,912023 0,004238
супралиторальная 3,218876 0,003487
сурки 3,912023 0,004238
суслики 3,506558 0,003799
сухие 2,813411 0,006096
суша 2,659260 0,002881
существуют 0,162519 0,000176
считает 1,714798 0,001858
считая 2,207275 0,002391
сътеп 3,912023 0,004238
сътепь 3,912023 0,004238
сюдасвязанные -0,009950 -0,000011
тайга 1,966113 0,002130
также 0,000000 0,000000
таким 0,527633 0,000572
талассобатиальная 3,218876 0,003487
тарашкев 0,000000 0,000000
татарча 0,000000 0,000000
текст -0,009950 -0,000011
телевидение 0,967584 0,001048
температурам 3,912023 0,004238
тепти 3,912023 0,004238
термина 0,400478 0,000434
территорию 0,941609 0,001020
тети 3,912023 0,004238
типам 1,609438 0,001744
типичны 2,813411 0,003048
типов 1,386294 0,001502
типография 1,203973 0,001304
типчак 3,912023 0,004238
типы 1,514128 0,003281
товарный -0,009950 -0,000011
толковый 2,525729 0,002736
тонконог 3,912023 0,004238
топот 3,912023 0,004238
топтать 3,912023 0,004238
трав 2,407946 0,002609
травы 2,659260 0,002881
травянистой 3,912023 0,008477
требующие 1,347074 0,001459
тропиках 3,506558 0,003799
тропические 2,525729 0,008209
тропический 2,407946 0,005218
трубачева 2,407946 0,002609
тувы 2,995732 0,003246
туманный 2,995732 0,003246
тундра 2,813411 0,003048
туссоки 3,912023 0,004238
тушканчики 3,912023 0,004238
тюрков 3,218876 0,006975
тюркского 2,407946 0,002609
тюркском 2,995732 0,003246
тянуть 3,912023 0,004238
увлажнения 2,302585 0,004989
угодья 2,659260 0,002881
удалена 0,941609 0,003060
указан 0,139262 0,000151
указанием -0,009950 -0,000011
укра 0,000000 0,000000
украинский 2,120264 0,002297
украинском 3,912023 0,004238
украины 0,616186 0,000668
улетает 3,912023 0,004238
ультраабиссальная 3,218876 0,003487
умеренного 1,897120 0,002055
умеренной 2,407946 0,005218
умеренных 2,207275 0,002391
условий -0,009950 -0,000011
условия -0,009950 -0,000022
условиям 1,966113 0,002130
устье 0,994252 0,001077
утверждениями 0,713350 0,000773
уточнения 1,514128 0,001640
уточнить 2,120264 0,002297
участие -0,009950 -0,000011
участием 1,469676 0,001592
учетную -0,009950 -0,000011
фасмер 1,966113 0,004260
февраля 0,051293 0,000056
фонд -0,009950 -0,000011
формаций 3,912023 0,004238
формой 2,407946 0,002609
формы 0,941609 0,002040
фрагменты 2,302585 0,002495
французский 2,040221 0,002210
характеризуется 0,941609 0,001020
характерная 3,506558 0,003799
характерной 2,302585 0,002495
хватает 0,843970 0,002743
хвойные 2,659260 0,002881
хвойный 2,995732 0,003246
холода 2,525729 0,002736
холодное 2,407946 0,002609
хребтов 2,207275 0,002391
часто 0,415515 0,000450
часть 0,105361 0,000114
черта 2,302585 0,002495
черты 1,203973 0,001304
чибилев 3,912023 0,004238
читатьправитьправить 0,494296 0,000536
шаблонами 0,634878 0,000688
шекспира 3,506558 0,003799
шельф 2,813411 0,003048
широколиственные 2,525729 0,008209
экологическим 2,525729 0,002736
экология 0,693147 0,000751
эколого-географические 3,912023 0,004238
экспорт -0,009950 -0,000011
эндолитические 3,218876 0,003487
энциклопедии -0,009950 -0,000011
энциклопедический 0,733969 0,000795
энциклопедия 0,210721 0,000457
эстуарий 3,218876 0,003487
эта 0,000000 0,000000
этимологии 2,407946 0,002609
этимологический 2,040221 0,002210
этимология 0,616186 0,001335
это 0,000000 0,000000
эфемеров 3,912023 0,004238
эфемероидов 3,912023 0,004238
южноамериканских 3,506558 0,003799
южного 1,139434 0,001234
южной 0,733969 0,000795
является 0,094311 0,000204
язык 0,116534 0,000126
языка 0,798508 0,003460
языках -0,009950 -0,000011
языке 0,867501 0,000940
января 0,116534 0,000379
ящерицы 3,506558 0,003799
