абиотический 3,912023 0,000537
абхаз 1,771957 0,000243
авар 3,912023 0,000537
август 0,072571 0,000060
австралийский 2,813411 0,000386
австралия 1,966113 0,001620
авторство -0,009950 -0,000001
авшати 3,912023 0,000537
агентство 0,798508 0,000219
агиографический 3,506558 0,000481
агрессивный 3,912023 0,000537
агролесоводство 3,912023 0,000537
адаптация 2,659260 0,000365
административно-правовые 3,912023 0,000537
ажвейпш 3,912023 0,000537
аз 2,302585 0,000316
азия 0,755023 0,001140
азот 1,714798 0,000235
аид 3,912023 0,000537
академия 0,544727 0,000150
аккадский 3,912023 0,000537
аккумулировать 3,912023 0,000537
активно 0,733969 0,000202
активный 0,527633 0,000145
алг 3,912023 0,000537
аллегорический 3,912023 0,001074
алтая 2,659260 0,000365
алфавитустатьи 2,813411 0,000386
альтернативный 1,203973 0,000165
америка 1,386294 0,004187
аналогичный 1,139434 0,000156
англ 0,174353 0,000072
англии 2,407946 0,000331
андреев 2,040221 0,000280
антарктида 2,995732 0,000411
антипотребительство 3,912023 0,000537
антропогенный 1,771957 0,000730
антропоморфный 3,506558 0,000481
апологетический 3,912023 0,000537
аппалачи 3,912023 0,000537
апрель 0,150823 0,000145
апсати 3,912023 0,000537
апсаты 3,912023 0,000537
араукария 3,912023 0,000537
арберзее 3,912023 0,000537
арбористика 3,912023 0,000537
ареал 2,659260 0,000730
арктотретичной 3,912023 0,000537
арктотретичный 3,912023 0,000537
арминий 3,912023 0,000537
арнольда 3,218876 0,000442
архей 3,912023 0,000537
архив 0,446287 0,000123
архивировать 0,020203 0,000119
архивный 0,248461 0,000102
архитектура 0,462035 0,000063
аскетический 3,912023 0,000537
аспект 1,469676 0,000202
ассоциироваться 2,525729 0,000347
аст 0,820981 0,000113
астра 3,218876 0,000442
атлантический 1,609438 0,000221
атлас 1,108663 0,000152
атмосфера 0,994252 0,000955
атмосферный 1,386294 0,000190
атрибут 2,207275 0,000303
аудит 2,813411 0,000386
африка 1,560648 0,002571
африканский 2,995732 0,001234
афсати 3,912023 0,001074
аэрация 2,995732 0,000411
аэрозольный 3,506558 0,000481
баба-яга 3,912023 0,000537
баз 0,371064 0,000051
база 2,040221 0,000560
базельский 3,912023 0,000537
бай 3,506558 0,000481
байанаю 3,912023 0,000537
бактерицидный 3,912023 0,000537
бактерия 2,813411 0,000772
баланс 1,609438 0,000221
балкарский 3,912023 0,000537
бамбук 3,912023 0,000537
бамбути 3,912023 0,001074
баргузинских 3,912023 0,000537
барокко 1,560648 0,000214
барьер 2,659260 0,000365
бассейн 0,653926 0,000180
баш 3,506558 0,000481
баян 3,506558 0,000481
бедно 2,995732 0,000411
бедный 2,302585 0,000632
бедствие 2,995732 0,000823
безвредный 3,506558 0,000481
безлесный 2,995732 0,002056
безмолвие 3,912023 0,001074
безопасность 0,916291 0,000126
безумный 3,506558 0,000481
беклина 3,912023 0,000537
беларуси 2,207275 0,000303
белгородчина 3,912023 0,000537
белка 2,040221 0,000280
беловежский 3,506558 0,000481
берег 0,478036 0,000131
береза 1,714798 0,000471
березовая 2,040221 0,000280
бересклет 3,506558 0,000481
беседа 3,506558 0,000481
беспозвоночное 2,659260 0,000730
бесполезность 3,912023 0,000537
бессознательный 3,912023 0,000537
библейский 3,218876 0,000442
библиографический 0,083382 0,000011
бизон 3,506558 0,000481
билибин 3,912023 0,000537
биогеоценоз 3,506558 0,000481
биологический 1,771957 0,001703
биом 2,659260 0,000730
биомасса 3,218876 0,000442
биоразнообразие 3,218876 0,000884
биос 3,912023 0,000537
биосфера 2,995732 0,001234
биота 3,506558 0,000963
биотопливо 3,912023 0,001074
благодаря 0,527633 0,000435
благодатный 3,912023 0,000537
благоприятно 2,995732 0,000411
благоприятный 1,660731 0,000228
благотворно 3,912023 0,000537
близкие 1,966113 0,000270
близкий 0,820981 0,000113
близко 1,714798 0,000235
близнец 3,912023 0,000537
близнечный 3,912023 0,000537
близость 1,660731 0,000456
бобр 2,207275 0,000606
бог 1,832581 0,001006
богатый 1,049822 0,000577
богатырь 2,525729 0,000347
божество 3,218876 0,002651
болезнетворный 3,912023 0,000537
болезнь 1,832581 0,000503
болотный 2,120264 0,000291
болото 1,771957 0,000487
большак 3,218876 0,000442
большинство 0,342490 0,000235
большое 0,385662 0,000318
большой 0,040822 0,000196
бонитет 3,912023 0,002148
бонитировочный 3,912023 0,000537
бореальный 2,525729 0,000347
борисов 2,659260 0,000365
борисова-мусатова 3,506558 0,000481
борьба 0,820981 0,000564
ботанический 1,427116 0,000588
бразилия 2,525729 0,000347
бразильский 3,218876 0,000442
браконьерство 2,995732 0,000411
брат 1,272966 0,000175
брать 1,714798 0,000235
бревенчатый 2,813411 0,000386
брейгеля 3,912023 0,000537
брокгауза 0,328504 0,000361
бросать 3,506558 0,000481
брянские 3,912023 0,000537
бсэ 2,120264 0,000291
буйвол 3,912023 0,000537
бук 3,218876 0,001326
буква 1,427116 0,000392
буковый 3,912023 0,000537
бумага 1,560648 0,000214
бурундук 2,813411 0,000386
бурый 1,897120 0,000260
бурят 1,609438 0,000442
бурятия 2,525729 0,000347
бурятский 2,995732 0,000411
бывает 1,660731 0,000456
бык 2,659260 0,000365
быстро 0,967584 0,000266
быстрый 0,916291 0,000126
быть -0,009950 -0,000003
бюллетень 2,407946 0,000331
важно 2,040221 0,000280
важное 1,108663 0,000152
важный 0,494296 0,000611
валежник 3,912023 0,008056
вальдивские 3,912023 0,000537
вар 3,506558 0,000481
вариант 0,634878 0,000087
вдоль 0,755023 0,000207
ведение 1,427116 0,000196
ведьма 3,912023 0,001074
век 0,248461 0,000273
велик 1,897120 0,000260
великий 0,356675 0,000147
великобритании 1,897120 0,000260
венский 3,218876 0,000442
вергилия 3,506558 0,000963
верный 2,302585 0,000316
верование 2,813411 0,000386
вероятность 2,040221 0,000280
версия -0,009950 -0,000003
вертикальный 2,207275 0,000303
верхний 0,494296 0,000339
вершина 1,514128 0,000831
вершинка 3,912023 0,000537
весенний 1,660731 0,000228
весна 0,713350 0,000098
вести 0,356675 0,000049
вестн 3,912023 0,000537
весь 0,301105 0,000083
ветвь 1,514128 0,000416
ветер 0,713350 0,000196
ветка 1,427116 0,000196
ветровой 2,813411 0,000386
ветрозащитный 3,912023 0,000537
ветроэнергетика 3,912023 0,000537
вечнозеленый 3,506558 0,005295
вещество 0,994252 0,001092
взаимодействовать 1,966113 0,000270
взаимозависимый 3,912023 0,000537
взаимоотношение 2,659260 0,000365
взросление 3,912023 0,000537
взрыв 1,771957 0,000487
вид 0,061875 0,000229
видовой 2,525729 0,001387
викиданных -0,009950 -0,000001
викимедиа -0,009950 -0,000001
википедии -0,009950 -0,000003
википедия -0,009950 -0,000010
викисклад 1,897120 0,000260
викискладвикиновостивикицитатникэлемент 2,525729 0,000347
викискладе 0,174353 0,000024
викисловарецитаты 1,108663 0,000152
викисловарьвикипедия 1,309333 0,000180
викитекемедиафайлы 1,272966 0,000175
викитеку 1,347074 0,000185
викицитатник 1,272966 0,000175
викицитатникетексты 1,427116 0,000196
вить 3,912023 0,000537
виться 3,912023 0,001074
включать 0,235722 0,000065
включаться 1,966113 0,000540
включая 0,527633 0,000145
влагоемкость 3,912023 0,000537
владивосток 1,897120 0,000260
влажность 1,108663 0,000152
влажный 1,427116 0,001763
властвовать 3,506558 0,000481
власть 0,544727 0,000075
влияние 0,527633 0,000942
влиять 1,347074 0,001110
вместе 0,510826 0,000351
вместо 0,798508 0,000110
вмешательство 2,813411 0,001159
вне 1,560648 0,000214
внешний 0,051293 0,000007
внеярусная 3,912023 0,001074
вниилм 3,912023 0,002685
внимание 1,108663 0,000152
внутрь 3,218876 0,000442
вода 0,527633 0,000579
водно-воздушного 3,912023 0,000537
водный 0,562119 0,000154
водоем 1,139434 0,000313
водопроницаемость 3,506558 0,000481
водораздел 2,040221 0,000280
водоросль 2,207275 0,000606
военачальник 2,302585 0,000316
военное 0,916291 0,000126
возвышаться 2,207275 0,000303
воздействие 1,021651 0,000701
воздух 0,616186 0,000508
возможно 0,867501 0,000119
возможность 0,314711 0,000086
возможный 0,994252 0,000136
возникать 1,021651 0,000140
возникновение 0,941609 0,000259
возобновление 2,525729 0,000347
возобновлять 2,659260 0,000730
возраст 1,078810 0,001925
возрасти 1,660731 0,000228
возрастной 2,207275 0,000606
возрождение 1,660731 0,000228
война 0,430783 0,000355
войско 0,798508 0,000219
волгогр 3,912023 0,000537
волос 3,506558 0,000481
волшебный 0,030459 0,000008
вооружить 1,609438 0,000221
воплотить 2,659260 0,000365
воплощать 3,506558 0,000481
воплощаться 3,912023 0,000537
воплощение 2,525729 0,000694
воробей 2,302585 0,001581
воробьиные 3,912023 0,000537
воскресенье 1,771957 0,000243
воспитание 2,120264 0,000291
воспринимать 2,302585 0,000316
воспроизводство 2,525729 0,000694
восстановление 1,078810 0,000741
восток 0,494296 0,000271
восточный 0,430783 0,000473
впервые 0,385662 0,000053
вплоть 1,108663 0,000457
враждебный 2,813411 0,000772
вращение 2,995732 0,000411
вредный 1,966113 0,000270
временной 0,967584 0,000133
время 0,020203 0,000036
все 0,040822 0,000017
всемирный 0,891598 0,000367
вследствие 1,203973 0,000165
встречаться 0,713350 0,000979
вступить 1,514128 0,000208
всход 3,912023 0,000537
втора 0,274437 0,000113
вторичное 2,995732 0,000411
вторичный 2,040221 0,000280
второв 3,912023 0,000537
второе 0,653926 0,000090
вход 0,755023 0,000207
входить 0,287682 0,000079
выбирать 1,897120 0,000260
выбор 0,634878 0,000087
выветривание 3,218876 0,000442
выделить 0,544727 0,000075
выделять 1,139434 0,000626
выживание 2,995732 0,000411
выживать 3,912023 0,000537
вызвать 1,049822 0,000144
вызывать 1,078810 0,000148
выкорчевать 3,912023 0,000537
вымереть 3,912023 0,000537
вымирание 2,995732 0,000411
вынудить 1,514128 0,000208
выпадать 1,139434 0,000156
выполнять 0,867501 0,000119
выразительный 2,407946 0,000331
выразить 1,427116 0,000392
вырастать 2,995732 0,000411
вырасти 1,108663 0,000609
вырубить 3,218876 0,000884
вырубка 2,207275 0,001515
высказать 2,407946 0,000331
высокий 0,139262 0,000210
высококалорийный 3,912023 0,000537
высокоствольный 3,912023 0,001074
высота 0,415515 0,000570
высотный 1,427116 0,000196
выступать 0,916291 0,000377
вытеснять 3,218876 0,000884
выход 1,078810 0,000148
вьетнаме 3,506558 0,000481
вяз 2,659260 0,000730
газ 0,941609 0,000388
газовый 1,469676 0,000202
галльский 3,912023 0,001074
гарь 3,218876 0,000442
гвардия 1,897120 0,000521
гевара 3,912023 0,000537
гектар 1,609438 0,000221
гемигилеи 3,912023 0,000537
географический 0,356675 0,000294
география 0,415515 0,000285
географияи 3,218876 0,000442
геоид 3,218876 0,000442
геологический 1,139434 0,000156
геология 1,609438 0,000221
геотермальный 3,218876 0,000442
геохимический 3,218876 0,000442
геохронологический 3,218876 0,000884
геоэкология 3,218876 0,000442
гера 1,272966 0,000350
германец 3,912023 0,001074
германий 0,843970 0,000348
германская 2,407946 0,000331
германский 2,302585 0,000632
гермундуров 3,912023 0,000537
герой 1,139434 0,000313
герцинский 2,995732 0,000411
гигантский 1,897120 0,001302
гидрологический 1,966113 0,000810
гидросфера 2,813411 0,000772
гидроэнергетик 2,995732 0,000411
гильгамеш 3,912023 0,001074
гинкго 3,912023 0,000537
гинкговые 3,912023 0,001074
гипнеротомахии 3,912023 0,000537
гипотетический 2,302585 0,000316
глава 0,494296 0,000068
главный 0,210721 0,000203
глобальный 1,203973 0,001818
глоссарий 3,218876 0,000442
глубина 1,139434 0,000156
глубокий 1,078810 0,000296
глубоко 1,897120 0,000260
глубь 2,995732 0,000411
гляциал 3,912023 0,000537
гм-дерево 3,912023 0,000537
гниение 3,218876 0,000442
гнить 3,912023 0,000537
говорят 2,040221 0,000280
гоголь 1,966113 0,000270
год -0,009950 -0,000081
годавикипедия 0,616186 0,000085
годовой 0,994252 0,000136
головной 2,120264 0,000291
голосеменной 3,912023 0,001074
голоцен 2,659260 0,000730
гора 0,616186 0,000846
горб 3,506558 0,000481
горение 3,506558 0,000481
горизонт 1,897120 0,000260
горкина 3,912023 0,002148
горный 0,941609 0,001034
город 0,371064 0,000204
городской 0,544727 0,000075
горообразование 3,506558 0,000963
гос 1,609438 0,000221
господство 2,207275 0,000303
государственный 0,261365 0,000072
государство 0,579818 0,000159
граб 3,218876 0,000442
гравитационный 2,995732 0,000411
гражданин 0,733969 0,000101
граница 0,356675 0,000049
график 1,560648 0,000214
гребень 2,813411 0,000386
гребешок 2,995732 0,000411
греции 1,560648 0,000214
греческий 1,469676 0,000202
гриб 2,525729 0,001734
грибной 3,506558 0,000481
громадный 3,218876 0,000884
громко 3,912023 0,000537
грубостебельными 3,912023 0,000537
грузии 1,771957 0,000243
грузин 1,560648 0,000214
грунт 2,207275 0,000303
группа 0,314711 0,000302
грызун 2,207275 0,000606
гуд 3,506558 0,000481
гуманист 3,506558 0,000481
гумилев 3,218876 0,000442
гумилева 3,912023 0,000537
гумус 3,218876 0,000442
густой 2,525729 0,001387
густонаселенный 3,218876 0,000442
густота 3,506558 0,000481
давать 0,820981 0,000225
давление 1,832581 0,000252
дагачан 3,912023 0,000537
даймонд 3,912023 0,000537
далее 0,693147 0,000095
даль 1,609438 0,000221
дальний 0,446287 0,000306
даля 2,207275 0,000303
даниитуннельное 3,912023 0,000537
данте 3,912023 0,000537
дар 2,207275 0,000606
дата 0,030459 0,000100
датский 0,328504 0,000045
дать 0,072571 0,000080
два 0,150823 0,000083
двигательный 3,912023 0,000537
двигаться 1,832581 0,000252
движение 0,544727 0,000075
дворец 0,843970 0,000116
двулопастный 3,912023 0,000537
девон 3,912023 0,000537
девонский 3,506558 0,000481
девственный 3,218876 0,001768
девять 1,609438 0,000221
деготь 3,912023 0,000537
дедю 3,912023 0,001611
действие 0,776529 0,000213
действовать -0,009950 -0,000001
декабрь 0,094311 0,000117
декларация 3,218876 0,000442
делать 0,867501 0,000119
делиться 1,078810 0,000148
демографический 1,609438 0,000442
демократический 2,040221 0,000280
демон 2,813411 0,000386
дендрология 3,912023 0,001074
дендрометрия 3,912023 0,000537
день 0,210721 0,000029
деревня 1,021651 0,000140
дерево 0,867501 0,006669
деревообрабатывающий 2,302585 0,000316
деревянистый 3,912023 0,000537
деревянный 0,941609 0,000388
держать 1,966113 0,000270
деятельность 0,342490 0,000235
деятельный 3,912023 0,000537
джаред 3,912023 0,000537
джок 3,912023 0,000537
джорджоне 3,912023 0,000537
джунгли 2,813411 0,000772
дикарь 3,912023 0,000537
дикий 1,469676 0,001009
динамик 1,272966 0,000175
дифференцировать 3,218876 0,000442
дичь 3,506558 0,000963
длиться 1,771957 0,000243
доброе 2,813411 0,000386
добрынина 3,912023 0,000537
довольно 0,891598 0,000122
дождевой 2,207275 0,001515
докембрий 3,506558 0,000481
документально 2,995732 0,000411
долган 2,813411 0,000386
долго 2,207275 0,000303
долговременный 2,995732 0,000411
должно 1,714798 0,000235
долина 0,916291 0,000126
дом 0,446287 0,000368
доминировать 1,897120 0,000781
доп 0,597837 0,000410
дополнительный -0,009950 -0,000001
дорога 0,527633 0,000145
достаточно 0,820981 0,000113
достичь 0,733969 0,000101
доступный -0,009950 -0,000001
дотет 3,912023 0,000537
дракон 2,207275 0,000303
древесина 2,302585 0,001581
древесно-кустарниковые 3,912023 0,000537
древесный 2,302585 0,004110
древнеяпонский 3,912023 0,000537
древние 0,967584 0,000531
древний 0,653926 0,000269
древовидный 3,218876 0,000884
древостой 3,218876 0,004419
дрейф 2,813411 0,000386
дробно -0,009950 -0,000001
дрова 3,506558 0,000481
дрозд 2,525729 0,000347
другой -0,009950 -0,000046
дуалистический 3,912023 0,000537
дуб 1,966113 0,001080
дубрава 2,813411 0,000386
дудка 3,912023 0,001611
думка 3,506558 0,001444
дух 1,897120 0,003907
душ 1,771957 0,000243
дыра 2,813411 0,000386
дыхание 2,525729 0,000347
дятел 2,813411 0,000386
евразия 1,347074 0,000370
еврейский 0,755023 0,000104
европа 0,301105 0,000331
европейский 0,494296 0,000068
единица 0,478036 0,000066
единорог 3,506558 0,000481
единственный 0,891598 0,000122
единство 1,897120 0,000260
единый 0,544727 0,000075
еловый 2,813411 0,000386
ель 2,120264 0,001164
естественный 0,776529 0,001493
ефрона 0,328504 0,000361
жажда 3,218876 0,000442
железнодорожный 0,579818 0,000080
желудочно-кишечного 3,506558 0,000481
женский 0,867501 0,000238
женщина 1,171183 0,000643
жестколиственный 3,912023 0,001074
жестколистный 3,912023 0,002148
живой 1,386294 0,001142
живопись 1,609438 0,000442
животноводство 2,407946 0,000331
животное 0,798508 0,002631
животный 1,714798 0,000471
жизненный 2,813411 0,000386
жизнеспособность 3,506558 0,000481
жизнь 0,342490 0,000611
жилье 1,203973 0,000331
жить 0,820981 0,000451
журнал 0,301105 0,000165
забираться 3,506558 0,000481
забросить 1,966113 0,000270
завал 3,506558 0,000481
зависеть 1,171183 0,000643
зависимость 0,713350 0,000392
заглавный -0,009950 -0,000001
загородный 1,966113 0,000270
загрязнение 0,891598 0,001224
зад 3,912023 0,000537
задержать 2,407946 0,000331
задерживать 3,912023 0,000537
закат 2,407946 0,000331
заключаться 1,609438 0,000221
законодательство 1,609438 0,000221
закономерность 2,040221 0,000280
закрепление 2,659260 0,000365
закрываться 2,302585 0,000632
закрыться 1,966113 0,000270
замедлять 3,912023 0,000537
заменить 0,494296 0,000068
замести 3,218876 0,000442
заметно 1,771957 0,000487
заметный 1,427116 0,000784
занимать 0,430783 0,000414
заниматься 0,634878 0,000174
занять 0,693147 0,000285
запад 0,634878 0,000523
западносибирский 3,218876 0,000442
западный 0,462035 0,000381
запас 1,560648 0,000429
запасти 3,912023 0,001074
записка 1,139434 0,000313
записьвойти -0,009950 -0,000001
заповедник 1,714798 0,000706
запретить 1,309333 0,000180
запрещение 3,506558 0,000963
зарасти 2,813411 0,000772
зарегистрировать -0,009950 -0,000001
засечный 2,813411 0,000386
засоление 3,506558 0,000481
застегивать 3,912023 0,000537
засуха 2,525729 0,001387
засушливый 1,714798 0,000471
затемнение 3,506558 0,000481
затенение 3,912023 0,000537
затенить 3,912023 0,000537
защита 0,616186 0,000592
защитник 1,832581 0,000252
защитный 2,407946 0,001322
защищать 2,302585 0,000316
заявление -0,009950 -0,000001
зверий 3,912023 0,000537
звериный 3,506558 0,000481
зверь 2,525729 0,002427
здание 0,673345 0,000092
здоровье 1,203973 0,000826
зейский 3,912023 0,000537
зеландии 3,506558 0,001444
зеленые 1,203973 0,000331
зеленый 0,755023 0,000415
земледелие 2,207275 0,000303
земля 0,400478 0,001759
земляистория 3,218876 0,000442
земноводные 3,218876 0,000442
земной 1,966113 0,000540
зима 0,478036 0,000066
зимний 0,798508 0,000219
злак 2,659260 0,000730
зловещий 3,912023 0,001074
злое 3,218876 0,000442
знак -0,009950 -0,000001
знаменитый 0,967584 0,000133
значение 0,061875 0,000127
значительно 0,510826 0,000140
значительный 0,328504 0,000180
золотарник 3,912023 0,000537
зона 0,400478 0,001375
зональный 2,302585 0,000316
зоогеографический 3,912023 0,000537
зооморфный 3,912023 0,002148
иван 0,843970 0,000116
иванов 1,560648 0,000429
игнорировать 2,659260 0,000365
играть 0,867501 0,000595
идет 1,078810 0,000148
идея 1,108663 0,000152
идзанаки 3,912023 0,000537
идзанами 3,912023 0,000537
идти 0,820981 0,000113
из-за 0,415515 0,000399
избыточный 2,659260 0,000365
известно 1,237874 0,000170
известный 0,287682 0,000039
изд 0,314711 0,000864
издавна 2,207275 0,000303
издание 0,415515 0,000057
издательский 1,272966 0,000175
издательство 0,494296 0,000068
изменение 0,301105 0,000207
изменять 1,966113 0,000270
изменяться 1,203973 0,000165
изобилие 2,659260 0,000365
изобразительный 1,347074 0,000185
изольды 3,912023 0,000537
изреживание 3,912023 0,000537
изучать 1,427116 0,000784
изучение 0,713350 0,000392
иллюстрировать 2,040221 0,001120
именно 0,544727 0,000075
именоваться 1,469676 0,000202
иметь 0,094311 0,000220
иметься 0,385662 0,000159
иммунитет 3,506558 0,000481
имя 0,274437 0,000113
иначе 0,733969 0,000202
ингибитор 3,912023 0,000537
индекс 0,634878 0,000087
индий 1,609438 0,000442
индийский 1,609438 0,000221
индо-малайский 3,912023 0,000537
индокитае 3,912023 0,000537
индонезия 2,813411 0,000386
индостане 3,912023 0,000537
инициационных 3,912023 0,000537
инициация 3,912023 0,001074
иное 1,714798 0,000235
иносми 2,995732 0,000411
инспектор 2,995732 0,000411
институт 0,371064 0,000051
инструмент -0,009950 -0,000003
интенсивность 2,120264 0,000291
интергляциал 3,912023 0,000537
интернет 0,755023 0,000104
инфекционный 1,966113 0,000270
иоанн 2,995732 0,000411
иоанна 1,469676 0,000202
исключительно 1,272966 0,000699
ископаемое 1,560648 0,000429
искусственный 0,916291 0,000503
искусство 0,478036 0,000394
исландец 3,912023 0,000537
использование -0,009950 -0,000010
использовать 0,020203 0,000017
использоваться 0,223144 0,000153
исторически 1,078810 0,000148
исторический 0,314711 0,000216
история 0,051293 0,000056
источник -0,009950 -0,000014
истребление 3,912023 0,000537
истреблять 3,912023 0,000537
исцеление 3,506558 0,000481
исчезать 2,120264 0,000291
исчезновение 2,120264 0,000291
итог 0,494296 0,000068
июль 0,116534 0,000016
июнь 0,116534 0,000160
иясе 3,912023 0,000537
йосемитский 3,912023 0,000537
каатинга 3,912023 0,000537
кабанец 3,912023 0,000537
кавказа 1,660731 0,000684
кавказский 1,966113 0,000270
каждый 0,261365 0,000144
кайгусь 3,912023 0,000537
кайнозой 3,912023 0,001611
кайнозойский 3,218876 0,000442
какой-либо 1,272966 0,000175
калимий 3,912023 0,000537
калина 2,525729 0,000347
калифорний 2,995732 0,001234
каменноугольный 3,218876 0,000442
каменный 0,733969 0,000302
камень 0,994252 0,000273
камуфляж 3,912023 0,000537
канада 2,207275 0,000606
канадский 1,897120 0,000260
карачаевский 3,506558 0,000481
карбон 3,912023 0,000537
карелии 3,218876 0,000884
карибский 2,813411 0,000772
карнеги 3,506558 0,000481
каскет 3,912023 0,000537
каталог 0,094311 0,000013
катархей 3,912023 0,000537
катастрофа 1,514128 0,000624
категория -0,009950 -0,000005
качество 0,287682 0,000434
каштан 2,525729 0,000347
квадратный 1,660731 0,000456
квебеке 3,912023 0,000537
квинтилия 3,912023 0,000537
кедр 2,813411 0,001159
кедровка 2,813411 0,000386
кедровый 2,659260 0,000730
кембрий 3,912023 0,000537
кет 2,302585 0,000316
кетский 2,995732 0,000411
кий 1,469676 0,000605
километр 0,693147 0,000095
киотский 3,506558 0,000481
кирпич 2,207275 0,000303
кислород 2,659260 0,000730
кислый 3,506558 0,000481
китай 0,776529 0,000320
китайский 0,653926 0,000180
кишинев 2,995732 0,001234
кладовая 2,995732 0,000411
кладоксилеевых 3,912023 0,000537
класс 0,616186 0,000254
классификация 1,514128 0,002494
классический 0,755023 0,000104
клен 1,966113 0,001080
климат 0,446287 0,000919
климатический 1,049822 0,001009
коала 3,912023 0,000537
ковязин 3,912023 0,000537
код -0,009950 -0,000059
кодекс -0,009950 -0,000001
кодистория 0,116534 0,000016
кое-где 3,912023 0,000537
коконопряд 3,912023 0,000537
колебание 1,386294 0,000381
количественный 1,966113 0,000270
количество 0,210721 0,000492
коллапс 3,506558 0,000481
колонизовать 3,912023 0,000537
кольера 3,506558 0,000963
кольцо 1,021651 0,000140
колючий 3,506558 0,000963
комель 3,912023 0,000537
коми 1,514128 0,000208
коммерческий 1,021651 0,000281
компонент 0,967584 0,000399
конвенция 2,407946 0,001983
конго 2,659260 0,000730
конденсация 3,218876 0,000442
конец 0,198451 0,000054
конкретный 1,171183 0,000161
конница 3,506558 0,000481
конрада 3,912023 0,000537
контакт 2,120264 0,000291
континент 1,714798 0,000471
континентальность 2,407946 0,000331
континентальный 0,527633 0,000072
конференция 0,941609 0,000129
конфиденциальность -0,009950 -0,000001
концентрация 1,203973 0,000331
копие 0,223144 0,000214
кора 1,897120 0,000781
корабельный 2,659260 0,000365
кордаит 3,912023 0,000537
корень 1,609438 0,000221
коридор 1,966113 0,000540
корить 1,309333 0,001079
корм 3,506558 0,000481
кормовой 2,813411 0,000386
корневой 2,813411 0,000386
короед 3,912023 0,000537
короткий -0,009950 -0,000001
косвенно 3,218876 0,000442
который 0,000000 0,000000
кочевка 3,912023 0,000537
кравец 1,386294 0,000190
край 0,544727 0,000075
красивый 1,660731 0,000228
красный 0,597837 0,000082
креститель 3,506558 0,000963
крик 3,506558 0,000481
криогений 3,912023 0,000537
кролик 2,995732 0,000411
кром 0,235722 0,000097
крон 3,218876 0,001768
круг 0,967584 0,000133
круговорот 2,995732 0,001645
кругосвет 1,560648 0,000214
крупный 0,210721 0,000174
крутой 1,514128 0,000208
крушина 3,912023 0,000537
крымских 2,302585 0,000316
ксероморфный 3,912023 0,000537
ксерофильный 3,912023 0,001074
куб 2,120264 0,000291
куки -0,009950 -0,000001
куколка 3,912023 0,000537
культура 0,356675 0,000245
культурный 0,597837 0,000164
купон 3,218876 0,000442
куртуазный 3,912023 0,000537
кусочек 3,506558 0,000481
кустарник 1,771957 0,002189
кустарниковый 3,218876 0,000442
кустарничек 3,218876 0,000884
кырык 1,771957 0,000243
лазать 3,912023 0,000537
лазить 3,912023 0,000537
лаконичный 3,506558 0,000481
лама 2,813411 0,000386
ландшафт 1,427116 0,000196
ландшафтаскрытые 3,506558 0,000481
лань 2,995732 0,000411
лас-тунас 3,218876 0,000442
латвии 2,813411 0,000386
легион 2,525729 0,000347
ледовитый 1,514128 0,000208
лекция 1,714798 0,000235
лениздат 2,995732 0,000823
леонов 2,659260 0,000365
лес 0,733969 0,039701
лесистый 3,506558 0,000481
лесной 0,843970 0,011239
лесоведение 3,506558 0,002888
лесоводственный 3,912023 0,000537
лесоводство 3,218876 0,000884
лесоводствотипы 3,912023 0,000537
лесовосстановление 3,912023 0,001074
лесозаготовка 3,506558 0,000481
лесоматериал 3,506558 0,000481
лесообразующий 3,912023 0,001611
лесопитомник 3,912023 0,000537
лесополоса 3,218876 0,000442
лесопользование 3,912023 0,000537
лесопосадка 3,506558 0,000481
лесорастительный 3,912023 0,002148
лесосаванна 3,506558 0,000481
лесостепной 1,771957 0,000243
лесостепь 1,897120 0,000260
лесотипологических 3,912023 0,000537
лесотундра 2,813411 0,000386
лесохимический 3,912023 0,000537
лесохозяйственный 3,506558 0,000481
леспроминформ 3,912023 0,000537
лесэкосистемытипы 3,912023 0,000537
летний 0,579818 0,000080
летучий 2,525729 0,000347
лечить 3,506558 0,000481
леший 3,912023 0,001611
лещина 3,218876 0,000442
лиана 3,506558 0,000963
линдуловская 3,912023 0,000537
липа 2,120264 0,000873
лирик 3,218876 0,000884
лист 1,203973 0,000661
лиственница 2,407946 0,000992
лиственничный 3,218876 0,000442
лиственный 2,995732 0,002879
листовой 3,218876 0,000442
листопадный 3,506558 0,003851
литва 2,120264 0,000291
литература 0,051293 0,000042
лицензия -0,009950 -0,000001
личинка 3,218876 0,000442
личность 1,897120 0,000260
лишай 3,912023 0,000537
лишайник 2,995732 0,001645
лишить 1,771957 0,000243
лишь 0,478036 0,000263
ловля 2,995732 0,000411
локальный 0,673345 0,000092
ломонос 1,966113 0,000270
лунь 2,995732 0,000411
луо 3,912023 0,000537
луч 1,897120 0,000260
люба 1,469676 0,000202
любить 1,832581 0,000252
любовь 1,966113 0,000270
любое 1,139434 0,000156
магдалина 3,218876 0,000442
магический 3,506558 0,000963
магнитный 2,207275 0,000303
магнолия 2,813411 0,000386
мадротретичный 3,912023 0,000537
май 0,127833 0,000035
майя 2,995732 0,000411
макбете 3,912023 0,000537
малайзии 3,506558 0,000481
малакка 3,912023 0,000537
мало 0,579818 0,000239
малое 0,994252 0,000136
малозаметный 3,912023 0,000537
малый 0,139262 0,000153
мангры 2,813411 0,001545
манда 3,912023 0,000537
мантия 2,995732 0,000411
маргинальный 3,912023 0,000537
марии 2,040221 0,000280
марка 0,733969 0,000101
маркоман 3,912023 0,000537
март 0,116534 0,000208
мартын 2,995732 0,000411
масса 0,916291 0,000252
массив 0,891598 0,000367
мастер 1,171183 0,000161
масштаб 1,108663 0,000152
масштабный 1,139434 0,000156
матвеева 3,218876 0,000442
материал -0,009950 -0,000001
материк 2,040221 0,000280
материковый 1,966113 0,000270
материя 2,813411 0,000772
матт 3,506558 0,000481
мать 1,203973 0,000165
мачтовый 3,912023 0,000537
мед 2,659260 0,000365
медведь 1,660731 0,001368
медвежий 2,813411 0,000386
медиа 1,966113 0,000270
медиатор 3,506558 0,000481
медицинский 0,653926 0,000090
медленно 1,832581 0,000252
международный 0,385662 0,000318
межледниковый 3,218876 0,000442
мезо-протерозой 3,912023 0,000537
мезоархей 3,912023 0,000537
мезозой 3,912023 0,002148
мезозойский 3,506558 0,000481
мексика 2,813411 0,000386
мексиканский 2,813411 0,000386
мел 3,506558 0,000481
мелкий 1,309333 0,001258
мелколиственный 2,995732 0,001234
меловой 2,659260 0,000730
мельник 2,040221 0,000280
менять 1,714798 0,000235
меняться 1,272966 0,000175
мера 0,820981 0,000225
мероприятие 0,916291 0,000377
мертвый 2,525729 0,001734
местность 1,049822 0,000721
местный 0,478036 0,000131
место 0,139262 0,000459
местопребывание 3,912023 0,000537
месяц 0,415515 0,000057
метасеквойя 3,912023 0,001074
метод 1,049822 0,000144
метр 0,653926 0,000180
механический 1,660731 0,000456
миграция 1,309333 0,000180
микенский 3,912023 0,000537
микроб 3,506558 0,000481
микроклимат 2,995732 0,000411
микроорганизм 2,407946 0,000992
милаковский 3,912023 0,000537
миллион 0,776529 0,000107
минаматская 3,912023 0,000537
министерство 0,653926 0,000090
мир 0,094311 0,000311
мировая 0,527633 0,000362
мировой 1,469676 0,000202
миф 1,966113 0,003239
мифический 2,995732 0,000411
мифологический 2,995732 0,001234
мифологичность 3,912023 0,000537
мифология 2,302585 0,003477
мифопоэтический 3,218876 0,000442
млекопитающее 1,897120 0,001563
млн 0,462035 0,000571
млнлетназад 3,912023 0,000537
мнение 0,634878 0,000087
мнм 3,912023 0,001074
многие 0,356675 0,000490
многий 1,237874 0,000170
много 0,150823 0,000186
многотрудный 3,506558 0,000481
многочисленный 0,693147 0,000190
множественный 2,407946 0,000661
мобильный -0,009950 -0,000001
моделирование 2,659260 0,000365
модерн 1,609438 0,000221
можжевеловый 3,912023 0,000537
можжевельник 2,995732 0,000411
мол 2,995732 0,000411
молдавский 3,218876 0,001326
молить 3,218876 0,000442
моллюск 2,659260 0,000365
молодняк 3,912023 0,000537
молодой 1,021651 0,000982
мониторинг 1,108663 0,000152
монреальский 3,912023 0,000537
море 0,562119 0,000309
мороз 1,386294 0,000190
морозоустойчивы 3,912023 0,000537
морской 0,994252 0,000136
москва 0,400478 0,000330
московский 0,527633 0,000072
мотив 2,120264 0,002620
мох 2,302585 0,001264
мохово-лишайниковый 3,912023 0,000537
мохово-лишайниковым 3,912023 0,000537
моховой 2,813411 0,000772
мочь -0,009950 -0,000027
мощный 1,021651 0,000140
мудрость 2,525729 0,000347
мужчина 1,347074 0,000185
муромский 2,659260 0,000365
мусор 1,897120 0,000781
муссон 2,995732 0,000411
муссонный 2,659260 0,002921
мучительно 3,912023 0,000537
мыс 1,386294 0,000190
мысль 1,469676 0,000202
мышь 2,207275 0,000606
мягкий 1,714798 0,000235
мягколиственный 3,912023 0,000537
мясо 2,302585 0,000316
набег 1,660731 0,000228
навигация -0,009950 -0,000004
наглядный 2,813411 0,000386
наголову 3,506558 0,000481
наделить 2,407946 0,000331
нажива 3,912023 0,000537
назад 1,108663 0,000913
название 0,105361 0,000029
наземный 1,609438 0,000442
называть 0,174353 0,000024
называться 0,328504 0,000090
наиболее 0,139262 0,000172
наименование 0,994252 0,000136
найти 0,733969 0,000101
наказание 2,120264 0,000291
накопить 2,120264 0,000291
накопление 2,120264 0,000582
накормить 3,912023 0,000537
наличие 0,867501 0,000119
нанаец 2,302585 0,001264
наперед 3,912023 0,000537
написание 1,514128 0,000208
напоминать 1,714798 0,000235
напочвенный 3,912023 0,001074
направление 0,385662 0,000318
напрасно 3,912023 0,000537
например 0,328504 0,001533
народ 0,579818 0,000876
народный 0,616186 0,000085
народонаселение 3,912023 0,000537
нарушать 1,714798 0,000235
нарушение 1,560648 0,000214
нарушить 2,659260 0,000365
насаждение 1,469676 0,007667
насекомое 2,207275 0,002424
насекомоядные 3,218876 0,000442
населить 0,597837 0,000328
населять 2,207275 0,000909
наследоваться 3,218876 0,000442
наука 0,235722 0,000324
наукова 3,506558 0,001444
научно-исследовательский 0,798508 0,000110
научно-образовательный 0,967584 0,000133
научно-популярный 1,966113 0,000270
научный 0,248461 0,000068
находиться 0,174353 0,000120
националистический 3,912023 0,000537
национальный 0,342490 0,000188
начало 0,116534 0,000080
начаться 0,562119 0,000232
начинать 1,049822 0,000144
начинаться 0,527633 0,000072
наш 0,527633 0,000072
нашествие 2,120264 0,000291
неблагоприятно 3,912023 0,000537
неблагоприятный 2,040221 0,000280
небо 1,272966 0,000175
небольшое 1,427116 0,000588
небольшой 0,494296 0,000136
невидимый 3,218876 0,000442
невымерший 3,912023 0,000537
негативный 1,347074 0,000185
негидалец 2,813411 0,000386
недостаток 0,579818 0,000159
недоступный 0,446287 0,000061
неживой 3,912023 0,001074
незаконный 1,714798 0,000706
неизмененный 3,912023 0,000537
некоммерческий -0,009950 -0,000001
некоторые 0,127833 0,000333
некоторый 1,237874 0,000340
немецкий 0,798508 0,000329
нео-протерозой 3,912023 0,000537
неоархей 3,912023 0,000537
необходимо 1,237874 0,000510
необходимое 1,771957 0,000243
необходимый 1,078810 0,000296
необычный 1,832581 0,000252
неоген 3,912023 0,000537
неогеновый 3,218876 0,000442
неодинаковый 3,506558 0,000481
неотропический 3,912023 0,000537
непарный 3,912023 0,000537
неполный 3,218876 0,000442
непосредственно 0,478036 0,000197
непосредственное 2,120264 0,000291
непрерывно 2,120264 0,000291
непроходимый 3,218876 0,000884
нерабочий 0,994252 0,000136
нервный 3,506558 0,000481
нередко 1,108663 0,000761
несколько 0,116534 0,000112
несмотря 0,755023 0,000311
нести 1,609438 0,000221
нефелогилея 3,912023 0,000537
нивх 2,525729 0,000694
нидерландов 2,813411 0,000386
нижнее 0,916291 0,000126
нижний 0,494296 0,000407
низкий 0,843970 0,000232
низкорослый 3,912023 0,001074
низкоствольный 3,912023 0,001074
низкоуглеродная 3,912023 0,000537
низовой 3,506558 0,000481
николая 0,916291 0,000126
ничтожный 3,912023 0,000537
ниша 2,525729 0,000694
новгорода 2,040221 0,000280
новое 0,287682 0,000039
новосибирск 0,916291 0,000126
новость 0,544727 0,000075
новый 0,083382 0,000034
носить 0,798508 0,000219
ночной 2,040221 0,000280
ноябрь 0,127833 0,000035
нравиться 2,813411 0,000386
нуждаться 1,660731 0,000228
обгрызать 3,912023 0,000537
обезвредить 3,506558 0,000481
обезлесение 3,506558 0,002888
обеспечение 0,634878 0,000087
обеспечиваться 2,040221 0,000280
обзор 1,078810 0,000296
обиталище 3,912023 0,000537
обитание 2,040221 0,000840
обитатель 2,120264 0,001747
обитать 1,469676 0,000404
обладать 0,843970 0,000579
область 0,150823 0,000104
облигация 2,995732 0,000411
облик 1,203973 0,000331
обличье 3,912023 0,000537
обмен 1,309333 0,000539
обозначить 1,771957 0,000243
оболочка 2,407946 0,000661
образ 0,287682 0,000632
образование 0,356675 0,000294
образовать 0,385662 0,000688
образоваться 0,967584 0,000266
образовывать 2,813411 0,000772
обращение 0,030459 0,000100
обряд 2,659260 0,001460
обслуживание 0,941609 0,000259
обстановка 1,386294 0,000381
обстоятельство 2,040221 0,000280
обусловливать 2,659260 0,000365
обширный 1,078810 0,000592
общее 0,301105 0,000041
общеизвестный 3,218876 0,000442
общественный 0,494296 0,000136
общество 0,415515 0,000171
общий 0,186330 0,000077
общность 2,813411 0,000386
объединить 0,867501 0,000119
объединять 1,108663 0,000457
объединяться 2,995732 0,000411
объект 0,235722 0,000097
объем 0,400478 0,000110
объяснить 1,966113 0,000270
обыкновенный 1,966113 0,000270
обычно 0,693147 0,000285
обычный 1,347074 0,000185
овидия 3,506558 0,000481
овос 3,912023 0,000537
ограничивать 2,120264 0,000291
ограничить 0,653926 0,000090
огромный 0,776529 0,000320
одежда 2,120264 0,000291
один 0,051293 0,000169
одинаковый 1,714798 0,000235
одиссея 2,813411 0,000386
однако 0,174353 0,000072
одновозрастной 3,912023 0,002148
одноименный 0,967584 0,000133
однородный 3,218876 0,000442
однотипный 3,506558 0,000481
озеро 0,673345 0,000185
означать 0,798508 0,000110
озоновый 3,218876 0,000442
оказать 1,427116 0,000392
оказывать 0,867501 0,000715
оказываться 1,966113 0,000270
окаймить 3,218876 0,000442
океан 0,994252 0,001092
океания 2,525729 0,000694
окислять 3,912023 0,000537
оккупационный 3,912023 0,000537
оккупировать 2,207275 0,000303
окраина 1,049822 0,000144
окружать 0,755023 0,001140
оксид 2,207275 0,000303
октябрь 0,072571 0,000120
оледенение 2,525729 0,001040
ольха 2,995732 0,000823
ольховый 3,912023 0,000537
онлайн 0,198451 0,000027
оон 1,560648 0,001286
опад 3,912023 0,000537
опадать 3,912023 0,001611
опасение 2,659260 0,000365
опасть 3,912023 0,000537
описание -0,009950 -0,000001
определение 0,967584 0,000133
определить 0,527633 0,000724
определять 0,867501 0,000476
определяться 1,078810 0,000148
опустынивание 3,218876 0,000442
опушка 3,912023 0,004297
опылять 3,912023 0,000537
орган 0,616186 0,000169
организационно-технические 3,912023 0,000537
организационный 2,813411 0,000386
организация -0,009950 -0,000007
организм 2,207275 0,001818
органический 1,832581 0,001006
ордовик 3,912023 0,000537
оригинал 0,139262 0,000038
ориентировочно 3,506558 0,000481
орловым 3,506558 0,000481
орозирий 3,912023 0,000537
орудие 1,897120 0,000260
осадка 1,237874 0,000170
осадок 0,544727 0,000374
осаждать 2,813411 0,000772
осборн 3,912023 0,000537
освоение 1,309333 0,000180
осенний 2,302585 0,000632
осетинский 2,995732 0,000823
осиновый 2,407946 0,000331
осипов 0,527633 0,000072
ослаблять 3,912023 0,001074
ослушаться 3,912023 0,000537
основа 0,210721 0,000029
основание 0,494296 0,000136
основное 0,235722 0,000162
основной 0,040822 0,000106
основополагающий 2,659260 0,000365
основываться 1,560648 0,000214
особенно 0,562119 0,000309
особенность 0,693147 0,000476
особо 1,237874 0,000340
особый 0,776529 0,000426
особь 2,659260 0,000365
оставаться 0,544727 0,000374
остальной 0,616186 0,000338
остановить 1,832581 0,000252
остаток 1,203973 0,000826
остаться 0,867501 0,000595
остров 0,820981 0,000451
отв 0,755023 0,000104
ответственность -0,009950 -0,000001
отграничить 3,912023 0,000537
отдельный -0,009950 -0,000012
отдых 0,941609 0,000129
отказ -0,009950 -0,000003
отказать 3,218876 0,000442
открыть 0,150823 0,000021
отлив 3,218876 0,000442
отличаться 0,342490 0,000282
отмереть 3,912023 0,001074
отмирание 3,506558 0,000481
отмирать 3,912023 0,001074
относительно 0,415515 0,000171
относиться 0,328504 0,000090
отношение 0,430783 0,000118
отождествление 3,912023 0,000537
отправление 2,995732 0,000411
отправлили 3,912023 0,000537
отражать 1,309333 0,000360
отражаться 2,659260 0,000365
отражение 1,714798 0,000235
отразить 1,832581 0,000252
отредактировать -0,009950 -0,000001
отряд 1,272966 0,000175
отсталый 3,912023 0,000537
отсутствие 0,891598 0,000122
отсутствовать 0,776529 0,000107
отход 1,514128 0,000416
отчет 1,272966 0,000175
отчетливый 3,506558 0,000481
отчий 2,813411 0,000386
охота 1,966113 0,002429
охотник 3,218876 0,003535
охотничий 2,995732 0,000411
охрана 0,843970 0,001390
охранять 1,427116 0,000392
оценка 0,400478 0,000495
очень 0,494296 0,000475
очередь 0,510826 0,000140
очерк 0,733969 0,000101
ошибкекак -0,009950 -0,000001
паводок 2,120264 0,000291
падуб 3,506558 0,000481
пакет 1,427116 0,000196
пал 2,813411 0,000386
палео-протерозой 3,912023 0,000537
палеоархей 3,912023 0,000537
палеоген 3,912023 0,000537
палеогеновый 3,506558 0,000963
палеозой 3,218876 0,001326
палеоцен 3,912023 0,000537
памятник 0,597837 0,000082
папоротник 3,218876 0,002210
парадокс 2,659260 0,000365
паразит 3,912023 0,000537
параметр 1,139434 0,000156
парк 0,653926 0,000090
парковый 1,609438 0,000442
парниковый 3,218876 0,000442
парсифаля 3,912023 0,000537
партизанский 2,407946 0,000992
пассивный 2,995732 0,000411
пастбище 2,995732 0,000411
пасха 2,995732 0,000411
пахотный 3,218876 0,000442
пейзажный 3,218876 0,000442
первобытный 2,995732 0,000411
первое 0,150823 0,000062
первородный 3,912023 0,000537
первый 0,162519 0,000045
перевить 3,218876 0,000442
перевод 0,941609 0,000259
перегной 3,912023 0,000537
передавать 1,560648 0,000214
передают 3,506558 0,000481
перейти -0,009950 -0,000003
перекинуться 3,912023 0,000537
переместиться 2,525729 0,000347
переосмысление 3,912023 0,000537
перераб 1,609438 0,000221
переработка 1,469676 0,000605
переработкевикипедия 3,506558 0,000481
перераспределение 3,912023 0,000537
перестать 1,714798 0,000235
перестойный 3,912023 0,000537
переть 1,108663 0,000152
переход 0,653926 0,000180
переходной 2,407946 0,000331
период 0,274437 0,000678
пермский 1,966113 0,000270
пермь 0,994252 0,000136
персонаж 2,407946 0,000661
персональный -0,009950 -0,000001
персонифицироваться 3,912023 0,000537
песок 1,714798 0,000235
песчаный 1,771957 0,000243
печать -0,009950 -0,000004
пигмей 3,912023 0,000537
пинежье 3,912023 0,000537
писаренко 3,912023 0,000537
питание 1,171183 0,000322
питательный 3,218876 0,000442
питаться 3,218876 0,001326
питера 3,218876 0,000442
пихта 2,407946 0,000992
пища 2,995732 0,001645
пищевой 0,916291 0,000126
планета 1,309333 0,000899
планирование 1,427116 0,000196
плантация 3,218876 0,002651
пластиковый 3,218876 0,000442
пластинка 3,912023 0,000537
платона 2,995732 0,000411
плаун 3,912023 0,001611
племя 1,514128 0,001039
плита 1,832581 0,000252
плод 2,407946 0,000661
плодородие 2,995732 0,000823
плодородный 2,659260 0,000365
плоскогорье 2,659260 0,000365
плотный 2,813411 0,000386
площадь 0,385662 0,000635
побег 3,506558 0,000481
победа 0,755023 0,000104
побережье 1,171183 0,000322
поведение -0,009950 -0,000001
повелеть 2,995732 0,000411
поверхность 1,347074 0,000370
поверье 3,912023 0,001074
повествовать 2,995732 0,000411
повсеместно 2,407946 0,000331
повышать 2,659260 0,000365
повышение 1,078810 0,000296
погибать 3,218876 0,000442
погибнуть 1,469676 0,000202
поглощать 2,813411 0,000386
погода 0,693147 0,000190
подавлять 1,771957 0,000243
подбросить 3,912023 0,000537
подверженный 2,040221 0,000280
поддерживать 0,994252 0,000409
поддерживаться 1,660731 0,000228
поддержка 0,653926 0,000090
подземный 1,469676 0,000605
подзолистый 2,995732 0,000411
подзолообразовательный 3,912023 0,000537
подлесок 2,525729 0,001734
подношение 3,912023 0,000537
подразделение 1,514128 0,000416
подрост 3,912023 0,001074
подспудно 3,912023 0,000537
подстилка 3,506558 0,004333
подтвердиться 3,218876 0,000442
подчинение 1,237874 0,000170
поедать 3,912023 0,000537
пожалуйста 1,469676 0,000404
пожар 1,171183 0,000804
пожароопасный 3,218876 0,000442
позади 3,912023 0,000537
позволять 0,462035 0,000190
позднеэллинистическое 3,912023 0,000537
поздний 1,171183 0,000322
поздно 0,713350 0,000098
познание 2,659260 0,000365
поиск -0,009950 -0,000003
показатель 0,494296 0,000068
показать 0,891598 0,000122
покаяние 3,506558 0,000481
поклонение 3,506558 0,000481
поколение 1,203973 0,000331
покров 0,843970 0,000695
покрывать 2,407946 0,000331
покрытосеменной 3,506558 0,000963
покрыть 1,309333 0,000539
пол 0,446287 0,000123
полевой 1,966113 0,000270
полезно 3,912023 0,000537
полезный 1,203973 0,000331
полесье 2,813411 0,000386
полиграф 3,912023 0,000537
политик -0,009950 -0,000003
политикаи 3,912023 0,000537
политический 0,597837 0,000082
полноводность 3,218876 0,000884
полностью 0,400478 0,000055
полный 0,328504 0,000135
половина 0,430783 0,000118
полог 3,218876 0,002651
полоса 0,916291 0,000629
полувечнозеленые 3,912023 0,000537
полулистопадные 3,912023 0,001611
полуостров 1,171183 0,000161
полупустынный 2,659260 0,000365
получение 1,203973 0,000165
получить 0,150823 0,000021
полушарие 2,407946 0,001653
польза 1,714798 0,000471
полярный 1,347074 0,000185
помещать 2,407946 0,000331
помимо 0,562119 0,000154
помогать 1,897120 0,000260
помощник 2,302585 0,000316
помощь 0,342490 0,000188
понимать 1,609438 0,000221
пониматься 1,966113 0,000540
понятие 0,967584 0,000133
попасть 1,049822 0,000144
попросить 2,995732 0,000411
пора 0,776529 0,000107
порасти 2,659260 0,001095
пороговый 3,912023 0,000537
порода 1,427116 0,005094
порослевый 3,912023 0,001074
портал 0,342490 0,000094
посадить 2,407946 0,000331
посадка 1,897120 0,000781
посев 3,218876 0,001326
поселение 0,634878 0,000261
посещать 1,560648 0,000214
последний -0,009950 -0,000003
последовательно 1,832581 0,000252
последующее 1,714798 0,000235
посол 2,813411 0,000386
посредник 2,302585 0,000316
постепенно 0,867501 0,000357
постепенный 1,966113 0,000270
постичь 2,995732 0,000411
постоянная 0,843970 0,000232
постоянный 0,579818 0,000080
постоянство 2,995732 0,000411
постройка 0,867501 0,000238
потенциал 0,967584 0,000133
потепление 2,040221 0,000840
потерять 1,386294 0,000190
поток 0,967584 0,000133
потреблять 2,407946 0,000331
поход 1,203973 0,000165
похожие 2,659260 0,000730
похожий 1,897120 0,000781
почва 1,272966 0,005592
почвенно-грунтовых 3,912023 0,000537
почвенный 2,995732 0,001234
почвогрунта 3,912023 0,000537
поэма 2,302585 0,000948
поэтому 0,616186 0,000254
появиться 0,248461 0,000068
появляться 0,733969 0,000202
пояс 0,597837 0,001559
поясность 2,407946 0,000331
правило 0,478036 0,000525
править -0,009950 -0,000120
правкиновые -0,009950 -0,000001
правкипостоянная -0,009950 -0,000001
право 0,314711 0,000173
правый 0,798508 0,000110
праздник 1,203973 0,000165
практик 1,049822 0,000144
пребывание 1,832581 0,000503
превосходить 2,040221 0,000280
превышать 0,673345 0,000185
предел 0,400478 0,000110
предложить 0,820981 0,000113
предок 1,832581 0,000252
предоставлять 0,713350 0,000098
предотвращение 2,302585 0,000316
предполагать 1,171183 0,000161
предполагаться 1,078810 0,000148
предпочитать 2,407946 0,000331
предсказание 2,525729 0,000347
представитель 0,653926 0,000180
представить 0,328504 0,000271
представиться -0,009950 -0,000001
представление 0,776529 0,000640
представлять 0,328504 0,000271
предусед 3,912023 0,000537
прежде 1,049822 0,000144
преимущественно 0,776529 0,000533
преклонный 3,912023 0,000537
прекрасное 2,525729 0,000347
прелестный 3,912023 0,000537
преобладать 0,713350 0,000098
преображение 1,897120 0,000260
преобразовывать 3,912023 0,000537
препятствовать 2,302585 0,000948
прерия 2,813411 0,000772
преследователь 3,912023 0,000537
преследовать 2,525729 0,000347
пресмыкаться 2,659260 0,000365
пресноводный 2,207275 0,000606
пресный 2,407946 0,000331
преступление 1,514128 0,000208
приблизительно 1,514128 0,000208
привести 0,356675 0,000049
привязать 2,995732 0,000411
пригодный 1,966113 0,000270
прикрывать 3,506558 0,000481
прилив 2,813411 0,000386
приливный 3,218876 0,000442
применение 0,967584 0,000266
пример 0,527633 0,000072
примерно 0,634878 0,000349
примечание -0,009950 -0,000003
примитивный 2,813411 0,001159
принадлежать 0,755023 0,000104
приносить 2,040221 0,001120
принять 0,248461 0,000034
приписываться 2,525729 0,000347
природа 0,653926 0,001796
природно-зональное 3,912023 0,000537
природный 0,510826 0,001473
природыэкология 3,912023 0,000537
прирост 1,309333 0,000180
присутствовать 1,021651 0,000701
приходиться 0,693147 0,000095
причем 0,994252 0,000273
причина 0,562119 0,000463
проблема 0,274437 0,000113
провинциальный 2,302585 0,000316
проводить 0,843970 0,000116
проводиться 0,653926 0,000090
программа 0,415515 0,000057
прогресс 1,309333 0,000360
прогулка 1,609438 0,000221
продовольственный 1,832581 0,000252
продолжатель 3,506558 0,000481
продолжать 1,049822 0,000288
продолжаться 1,049822 0,000144
продолжительность 1,021651 0,000140
продолжительный 1,560648 0,000214
продуктивность 2,995732 0,000823
продуктивный 2,659260 0,000365
проект -0,009950 -0,000001
проектахзначения 1,237874 0,000170
проживание 1,832581 0,000503
произведение 1,021651 0,000140
производить 0,916291 0,000126
производиться 1,108663 0,000152
производная 2,525729 0,001040
производство 0,527633 0,000217
произойти 0,430783 0,000059
произрастание 3,218876 0,000884
произрастать 1,966113 0,003779
происходить 0,328504 0,000225
происхождение 0,776529 0,000853
пролегать 2,659260 0,000365
промышленность 0,494296 0,000136
промышлять 0,462035 0,000127
проникать 2,302585 0,000948
проникновение 1,832581 0,000252
проповедь 2,995732 0,000411
прорастание 3,912023 0,000537
прорасти 3,912023 0,000537
просвет 3,506558 0,001444
просвещение 1,560648 0,000214
просмотр -0,009950 -0,000001
простираться 1,714798 0,000235
просто 1,171183 0,000322
простой 1,108663 0,000304
простор 2,040221 0,000280
пространство 0,634878 0,000174
протерозой 3,912023 0,000537
противник 2,040221 0,000280
противопоставление 3,218876 0,000884
прото-хеттских 3,912023 0,000537
протокол 1,139434 0,000313
протяжение 0,843970 0,000116
протяженный 2,207275 0,000606
проф 1,771957 0,000973
профессор 0,967584 0,000133
прохоров 1,078810 0,002518
процесс 0,415515 0,000627
прочее 0,544727 0,000075
прочие 0,798508 0,000110
прочность 2,659260 0,000365
прошлое 0,673345 0,000185
прощение 3,506558 0,000481
прямо 1,714798 0,000235
прямой 1,660731 0,000228
прятать 3,912023 0,000537
психический 2,813411 0,000386
псков 2,207275 0,000303
птица 1,272966 0,001223
птичий 2,525729 0,000347
публиковать 2,207275 0,000303
публия 3,912023 0,000537
пункт 0,494296 0,000136
пустошь 3,912023 0,000537
пустынь 2,040221 0,000280
путь 0,261365 0,000144
пушкинский 1,897120 0,000260
пуща 3,912023 0,000537
пчеловодство 3,218876 0,000442
пыль 2,407946 0,000661
пытаться 1,237874 0,000340
пьяный 3,912023 0,000537
пюви 3,912023 0,000537
пяденица 3,912023 0,000537
пятилетний 2,813411 0,000386
пять 0,693147 0,000190
пятьдесят 2,207275 0,000303
равнинный 2,120264 0,000291
равный 1,203973 0,000165
радикальный 2,207275 0,000303
радиоактивный 3,218876 0,000442
разбирательство 3,912023 0,000537
разбить 1,514128 0,000208
разборчивый 3,912023 0,000537
разведение 3,506558 0,000481
развиваться 0,597837 0,000410
развитие 0,127833 0,000175
разгневать 3,912023 0,000537
разговаривать 3,506558 0,000481
разгон 2,995732 0,000411
раздел 0,342490 0,000141
разделение 1,021651 0,000281
разделить 0,527633 0,000145
разлагать 3,912023 0,000537
разлагаться 3,506558 0,000481
различать 1,966113 0,001350
различение 3,218876 0,000442
различие 1,714798 0,000235
различить 3,912023 0,000537
различный 0,116534 0,000080
разложиться 3,912023 0,000537
размер 0,755023 0,000104
размножаться 3,506558 0,000963
размножение 2,659260 0,000730
размыв 2,813411 0,000772
разновозрастной 3,912023 0,000537
разнообразие 1,832581 0,001006
разнообразный 1,139434 0,000156
разный 0,314711 0,000216
разработчик -0,009950 -0,000001
разрастание 3,506558 0,000481
разрастаться 3,506558 0,000481
разредить 2,995732 0,000411
разрушительный 2,040221 0,000280
район 0,430783 0,000532
райски 3,912023 0,000537
рамочный 3,218876 0,000442
ранний 0,733969 0,000101
рано 0,261365 0,000072
рапануйцев 3,912023 0,000537
располагаться 0,544727 0,000075
расположение 0,776529 0,000107
расположить 0,385662 0,000053
распределение 1,203973 0,000826
распространение 0,891598 0,001102
распространить 0,616186 0,000931
распространиться 2,302585 0,000948
распространяться 1,272966 0,000175
рассказывать 1,832581 0,000755
рассматривать 1,237874 0,000340
растение 1,171183 0,005949
расти 0,941609 0,001034
растительность 1,309333 0,002517
растительноядный 3,912023 0,000537
растительный 1,386294 0,000190
реализм 2,995732 0,000411
реально 2,207275 0,000303
ребенок 2,120264 0,000291
регион 0,385662 0,000371
регламентация 3,218876 0,000442
регулировать 2,207275 0,000303
регулятор 3,218876 0,000884
ред 0,235722 0,000712
редактор 1,427116 0,000784
редакция 0,916291 0,001258
редко 1,514128 0,000416
редколесье 3,506558 0,001444
редкостойный 3,506558 0,000481
режим 0,653926 0,000359
резервуар 2,995732 0,000823
резко 0,967584 0,000133
результат 0,174353 0,000072
рейна 3,912023 0,000537
река 0,446287 0,000184
рекреационный 1,469676 0,000404
республика 0,527633 0,000072
ресурс 0,020203 0,000033
решать 1,469676 0,000202
римлянин 2,995732 0,000411
римский 1,897120 0,001042
рио 2,407946 0,000331
рио-де-жанейро 3,218876 0,000442
рисунок 1,560648 0,000214
робин 3,506558 0,000481
род 0,843970 0,000116
родина 1,108663 0,000152
родиться 1,237874 0,000170
родное 1,966113 0,000270
родственник 2,659260 0,000365
родственный 0,579818 0,000159
рождать 3,506558 0,000481
рождение 1,078810 0,000148
роль 0,494296 0,000814
романтизм 2,995732 0,000411
росмэн 3,506558 0,001926
российский 0,105361 0,000116
россия 0,174353 0,000144
рост 0,597837 0,000492
росток 2,813411 0,000386
роща 1,469676 0,000807
ртуть 3,218876 0,000442
руанда 3,506558 0,000481
рубка 3,506558 0,001926
рус 0,162519 0,000223
русский -0,009950 -0,000005
руссоистский 3,912023 0,000537
русь 1,139434 0,000156
рыбный 1,609438 0,000221
рысин 3,506558 0,000481
рыть 3,218876 0,000442
рыцарь 2,995732 0,000411
рьянгомбе 3,912023 0,000537
ряд 0,223144 0,000184
рясий 3,912023 0,000537
саванновый 3,912023 0,000537
саговниковые 3,912023 0,001074
сад 0,843970 0,000116
сам 0,162519 0,000022
самар 3,506558 0,000481
самара 0,891598 0,000122
самодийский 3,912023 0,000537
самый 0,174353 0,000168
санитарно-гигиеническое 3,912023 0,000537
санитарный 2,120264 0,000291
санкт-петербург 0,616186 0,000085
сарыч 3,912023 0,000537
сассафрасов 3,912023 0,000537
саха 2,813411 0,000386
саян 2,407946 0,000331
сбить 3,506558 0,000481
сванский 3,912023 0,000537
свежий 2,525729 0,001040
свести 2,995732 0,000411
свет 0,941609 0,000517
светлый 1,386294 0,000381
световой 2,040221 0,000280
светолюбивы 3,912023 0,000537
светолюбивый 3,912023 0,000537
свободный -0,009950 -0,000003
свое 0,287682 0,000118
свой 0,150823 0,000145
свойство 0,415515 0,000228
свыше 0,891598 0,000245
связать 0,174353 0,000168
связаться -0,009950 -0,000001
связывать 0,916291 0,000126
связываться 2,407946 0,000661
связь 0,174353 0,000072
священный 1,897120 0,001042
сдерживать 2,995732 0,000411
себя 0,198451 0,000082
север 0,527633 0,000290
северные 1,171183 0,000643
северный 0,385662 0,001271
северо-восток 1,237874 0,000170
североамериканский 3,912023 0,000537
сегодня 0,616186 0,000254
сезон 0,916291 0,000252
сезонность 3,506558 0,000481
сезонный 1,714798 0,001177
сей 0,693147 0,000095
секвойя 3,912023 0,001074
секреторный 3,912023 0,000537
селение 1,832581 0,000503
селькуп 2,995732 0,000411
сельский 0,634878 0,000087
сельскохозяйственный 0,941609 0,000517
семенной 3,506558 0,002407
семь 0,820981 0,000225
семья 0,843970 0,000116
семя 2,659260 0,001825
сеннов 3,912023 0,000537
сентябрь 0,072571 0,000040
сервий 3,912023 0,000537
сердечный 3,506558 0,000481
серия 0,713350 0,000098
сестра 2,407946 0,000331
сибири 1,347074 0,000740
сибирский 1,049822 0,000577
сидерий 3,912023 0,000537
сила 0,494296 0,000339
силур 3,912023 0,000537
сильвана 3,912023 0,000537
сильно 0,755023 0,000104
сильный 0,544727 0,000224
симард 3,912023 0,000537
символизм 2,995732 0,000411
система 0,051293 0,000035
систематический 2,040221 0,000280
системеобсуждениевкладсоздать -0,009950 -0,000001
сказка 1,660731 0,000912
сказочник 3,912023 0,000537
сказочный 2,995732 0,000823
скачать -0,009950 -0,000003
складываться 1,771957 0,000487
склон 1,347074 0,000555
сколько 0,653926 0,000090
скоро 1,560648 0,000214
скорость 0,755023 0,000311
скотоводство 3,218876 0,000442
скрыться 2,995732 0,000411
слабый 1,660731 0,000456
славянин 2,302585 0,000632
славянский 1,386294 0,000381
след 1,427116 0,000196
следовать 0,235722 0,000162
сли 3,912023 0,000537
словарь 0,094311 0,000155
слово 0,210721 0,000087
сложный 0,446287 0,000245
слой 1,272966 0,000699
служить 0,820981 0,000338
случай -0,009950 -0,000007
слушать 2,659260 0,000365
смежный 2,207275 0,000303
смена 1,272966 0,000175
сменять 2,659260 0,000365
сменяться 2,302585 0,000316
смешать 1,309333 0,001977
смеяться 3,506558 0,000481
смирнова 2,525729 0,000347
смола 3,218876 0,000442
смягчать 2,659260 0,000365
снег 1,386294 0,000381
снегозадержание 3,912023 0,000537
снегораспределение 3,912023 0,000537
снижать 2,040221 0,000280
снижение 1,171183 0,000322
снятие 2,813411 0,000386
собака 2,207275 0,000303
собирательство 3,218876 0,000442
собрание 0,634878 0,000087
собственность 1,309333 0,000360
событияпожертвовать -0,009950 -0,000001
совершенствовать 3,912023 0,000537
советский 0,261365 0,001722
совокупность 1,469676 0,000605
совпадать 1,832581 0,000252
современный 0,150823 0,000248
согласно 0,301105 0,000041
соглашение 0,994252 0,000136
содействовать 3,218876 0,000442
содержание 0,010050 0,000001
содержать 0,634878 0,000087
содержаться 1,560648 0,000643
соединение 1,237874 0,000340
создаваться 1,078810 0,000148
создание 0,301105 0,000083
создать 0,210721 0,000029
сойка 3,912023 0,000537
сокол 1,469676 0,000605
сокольский 3,218876 0,000442
сократиться 1,386294 0,000190
сокращаться 1,897120 0,000260
солнечный 0,597837 0,000246
солнце 1,347074 0,000370
соловей-разбойник 3,912023 0,000537
сомкнутость 3,912023 0,004834
сомкнуть 2,659260 0,001095
сомкнуться 3,506558 0,000481
сообщество 1,514128 0,001039
сообщить -0,009950 -0,000001
соответственно 1,021651 0,000140
соответствие 0,371064 0,000102
соответствовать 0,371064 0,000306
соотношение 1,560648 0,000429
сопровождать 2,525729 0,000347
сорт 2,659260 0,000365
сортавальский 3,912023 0,000537
соседний 1,203973 0,000331
сосна 1,897120 0,000781
сосновые 2,525729 0,000694
сосновый 1,897120 0,000521
сосредоточение 2,995732 0,000411
состав 0,248461 0,000512
составить 0,400478 0,000055
составлять 0,198451 0,000191
составной 1,966113 0,000270
состояние 0,248461 0,000102
состоять 0,385662 0,000371
сотрудник 1,386294 0,000190
сотрудничество 1,078810 0,000148
сохранение -0,009950 -0,000001
сохранность 2,659260 0,000365
сохраняться 1,108663 0,000152
социально-экономические 2,407946 0,000331
социальный 0,527633 0,000145
сочетание 1,771957 0,000243
сочетаться 3,218876 0,000442
сочинение 1,771957 0,000243
спасаться 3,912023 0,000537
спб 0,385662 0,000265
спегальский 3,912023 0,000537
спелый 3,912023 0,000537
специализация 2,302585 0,000316
специалист 0,755023 0,000104
специфический 2,302585 0,000632
спивак 3,912023 0,000537
список 0,210721 0,000029
сплошной 2,120264 0,000291
сплюснутость 3,218876 0,000442
способ 1,078810 0,000148
способность 1,139434 0,000313
способный 1,309333 0,000180
способствовать 0,867501 0,001191
спрос 2,207275 0,000303
спутник 1,560648 0,000214
сравнимый 2,813411 0,000386
сравнительно 1,897120 0,000260
сразу 0,994252 0,000136
среда 0,385662 0,000794
среди 0,198451 0,000136
средиземноморье 2,813411 0,000386
средневековый 1,386294 0,000381
средневозрастной 3,912023 0,001074
среднее 0,342490 0,000235
средний 0,371064 0,000204
средство 0,287682 0,000079
срубать 3,912023 0,000537
ссср 0,314711 0,000043
ссылка -0,009950 -0,000016
ссылкамистраницы 2,525729 0,000347
ссылкасведения -0,009950 -0,000001
стабильный 0,820981 0,000225
сталь 0,415515 0,000171
становиться 0,415515 0,000285
старение 3,218876 0,000442
старик 2,995732 0,000411
старший 1,386294 0,000190
старый 0,314711 0,000043
статерий 3,912023 0,000537
статистик -0,009950 -0,000001
стать 0,083382 0,000046
статьевикипедия 1,660731 0,000228
статьестатьи 0,843970 0,000116
статьислучайная -0,009950 -0,000001
статьисообществофорумсправкасвежие -0,009950 -0,000001
статья 0,020203 0,000028
статьяобсуждение -0,009950 -0,000001
статьятекущие -0,009950 -0,000001
ствол 2,995732 0,001645
стений 3,912023 0,000537
степень 0,673345 0,000462
степной 1,609438 0,000221
стерильный 3,912023 0,000537
стимулировать 2,995732 0,000411
стихийно-естественные 3,912023 0,000537
стихийный 2,659260 0,000730
стихия 2,813411 0,000772
стихотворение 2,120264 0,000873
столкновение 2,207275 0,000303
столько 1,832581 0,000252
сторона 0,235722 0,000129
страж 2,525729 0,000694
страна 0,235722 0,000324
страница -0,009950 -0,000003
страницасодержаниеизбранные -0,009950 -0,000001
страницецитировать -0,009950 -0,000001
страницуполучить -0,009950 -0,000001
страницыслужебные -0,009950 -0,000001
страх 3,218876 0,000442
стремиться 2,120264 0,000873
стресс 3,506558 0,000481
строение 0,891598 0,000122
строительный 0,891598 0,000122
строительство 0,462035 0,000190
строиться 0,693147 0,000095
строка 1,078810 0,000148
структура 0,400478 0,000220
субтропический 1,832581 0,002767
субэкваториальный 3,218876 0,000884
судан 3,218876 0,000442
судебный 1,560648 0,000214
судьба 1,427116 0,000196
сук 3,912023 0,000537
сумма 1,386294 0,000190
сумрачный 3,912023 0,000537
суперконтинент 3,218876 0,000442
сутки 1,427116 0,000196
суточный 0,755023 0,000104
суховершинность 3,506558 0,000481
сухой 1,049822 0,001585
сухотропические 3,912023 0,000537
суша 1,609438 0,000663
существенно 1,108663 0,000304
существенный 1,237874 0,000170
существо 2,302585 0,000632
существование 0,693147 0,000190
существовать 0,020203 0,000036
сформироваться 1,347074 0,000185
сходный 2,813411 0,000772
сцена 1,514128 0,000208
сцепка 3,912023 0,000537
счет 0,562119 0,000077
считать 0,597837 0,000246
считаться 0,385662 0,000159
сша 0,562119 0,000232
сыктывкар 3,506558 0,000481
сырье 1,966113 0,000540
сычиков 3,912023 0,000537
сьерра-невада 3,912023 0,000537
сюдасвязанные -0,009950 -0,000001
сюжет 2,302585 0,001264
сюрреализм 3,912023 0,000537
таежный 2,120264 0,000291
таиланде 3,506558 0,000481
таинственное 3,912023 0,000537
тайга 1,427116 0,000980
такое 0,328504 0,000180
такой 0,162519 0,000067
таксация 3,912023 0,001074
тактик 2,995732 0,000411
талый 2,813411 0,000386
таман-негара 3,912023 0,000537
тасмания 3,912023 0,000537
татарин 0,733969 0,000202
таяние 2,659260 0,000365
твердолиственный 3,912023 0,000537
твой 2,207275 0,000303
творчество 1,021651 0,000281
тевтобургском 3,912023 0,000537
текст -0,009950 -0,000004
тектоник 2,813411 0,000386
тема 0,693147 0,000095
температура 0,510826 0,000070
теневыносливость 3,912023 0,000537
теневыносливый 3,912023 0,000537
тень 2,207275 0,000303
теоретический 1,609438 0,000221
теория 1,049822 0,000144
тепло 1,386294 0,000190
теплое 1,309333 0,000360
теплый 1,171183 0,000161
термин 0,198451 0,000136
территория 0,356675 0,000686
тесно 1,832581 0,000252
техногайянизм 3,912023 0,000537
течение 0,314711 0,000216
тимее 3,912023 0,000537
тип 0,072571 0,000229
типичное 2,995732 0,000411
типичный 1,427116 0,000196
тихий 1,347074 0,000185
тихоокеанский 2,040221 0,000280
тишина 2,813411 0,000386
товарный -0,009950 -0,000001
токарев 2,995732 0,000411
толкование 2,995732 0,000411
том 1,560648 0,000214
тоний 3,912023 0,000537
тонус 3,506558 0,000481
топливо 2,040221 0,000280
тополь 2,120264 0,000291
топоним 1,078810 0,000148
топоса 3,912023 0,000537
торговля 0,579818 0,000080
торикабуто 3,912023 0,000537
трава 1,609438 0,000442
травянистый 2,659260 0,001460
травяно-кустарничковый 3,912023 0,000537
травяно-кустарничковым 3,912023 0,000537
травяной 2,813411 0,001159
традиция 0,891598 0,001102
тракт 1,832581 0,000252
транспирация 3,506558 0,000481
транспорт 0,616186 0,000254
трансформация 1,897120 0,000260
трансформироваться 2,659260 0,000365
требовательность 3,912023 0,000537
требовательный 3,912023 0,000537
требовать 0,562119 0,000154
третий 0,616186 0,000085
третичный 2,995732 0,000411
треть 1,237874 0,000170
три 0,248461 0,000068
триас 3,912023 0,000537
триасовый 3,912023 0,001074
тристана 3,912023 0,000537
тройной 3,218876 0,000442
троп 2,659260 0,000365
тропический 2,207275 0,009697
труд 0,597837 0,000082
труднопроходимый 3,506558 0,000481
трудный 2,525729 0,000347
труп 2,995732 0,000411
трясина 3,506558 0,000481
тувинец 1,966113 0,000270
туман 1,832581 0,000252
туманный 2,525729 0,000347
тундра 2,407946 0,000331
туризм 1,078810 0,000148
тыл 1,771957 0,000243
тыс 0,430783 0,000177
тысяча 0,371064 0,000051
тюрк 2,525729 0,000347
тюркский 1,386294 0,000190
убегать 3,506558 0,000481
убеждение 2,995732 0,000411
убежище 2,813411 0,000772
убивать 2,995732 0,000823
убийство 1,714798 0,000471
убор 3,506558 0,000481
убыль 2,407946 0,000331
увеличивать 2,407946 0,000331
увеличиваться 1,309333 0,000180
увлажнение 2,120264 0,000582
углекислый 3,506558 0,001444
углерод 1,897120 0,002865
угодье 2,207275 0,000606
угол 1,108663 0,000152
уголь 1,714798 0,000235
угрожать 2,525729 0,000694
удаление 1,966113 0,000270
удалять 2,995732 0,000411
удача 2,813411 0,000772
уделяться 2,525729 0,000347
удобрение 2,407946 0,000331
узкий 1,171183 0,000161
узкоспециализированный 3,506558 0,000481
указание -0,009950 -0,000001
указать 0,083382 0,000011
украина 0,527633 0,000217
укрепление 1,272966 0,000175
укреплять 3,218876 0,000442
улучшать 3,912023 0,000537
улучшение 1,309333 0,000180
улучшить 1,049822 0,000144
умбуко 3,912023 0,000537
уменьшиться 1,832581 0,000252
умереть 1,309333 0,000180
умерить 1,049822 0,002883
умирать 2,659260 0,000365
ун-та 2,120264 0,000291
уникальный 0,776529 0,000107
уничтожение 1,660731 0,000456
уничтожить 1,203973 0,000331
уокло 3,912023 0,000537
упадок 2,040221 0,000280
упасть 1,771957 0,000730
уплотнение 3,218876 0,000442
уплотняться 3,506558 0,000481
управление 0,248461 0,000034
ураган 2,659260 0,000365
урман 3,912023 0,000537
уровень 0,150823 0,000145
урожай 3,218876 0,000442
усиливать 3,218876 0,000442
усилить 2,207275 0,000303
ускорение 2,207275 0,000303
условие -0,009950 -0,000020
успешный 1,309333 0,000180
уссурийский 2,813411 0,000386
устойчивый 1,427116 0,000980
устраивать 3,218876 0,000442
устраиваться 3,912023 0,000537
уступать 1,609438 0,000221
утверждать 1,660731 0,000228
уткин 3,506558 0,000481
уточнение 1,469676 0,000605
уточнить 1,714798 0,000235
утро 1,771957 0,000243
уход 2,659260 0,000730
уходить 1,386294 0,000190
ухудшить 3,218876 0,000442
участвовать 1,021651 0,000281
участие -0,009950 -0,000001
участок 0,616186 0,000931
учет 0,597837 0,000082
учетный -0,009950 -0,000001
ущерб 1,897120 0,000260
фавн 3,912023 0,000537
фактор 0,994252 0,001365
фанерозой 3,912023 0,000537
фантастика 2,407946 0,000331
фао 3,912023 0,002148
фауна 1,108663 0,002131
февраль 0,051293 0,000028
федеральный 0,462035 0,000127
федерация 0,510826 0,000070
фекалия 3,912023 0,000537
феллер 3,912023 0,000537
фермион 3,912023 0,000537
фигурировать 2,525729 0,000347
физико-географический 0,693147 0,000095
физический 0,798508 0,000110
фикус 3,912023 0,000537
филиппинах 3,912023 0,000537
философ 2,120264 0,000291
финно-угорский 2,302585 0,000316
фитонцид 3,912023 0,002148
фитоценоз 3,912023 0,001074
флаг 0,597837 0,000082
флор 1,021651 0,001122
флористический 3,218876 0,000442
фолкнер 3,912023 0,000537
фонд -0,009950 -0,000005
форма 0,287682 0,000197
формация 3,218876 0,000442
формирование 0,597837 0,000082
формировать 1,272966 0,000175
фотосинтез 3,218876 0,001326
фрагментация 3,506558 0,000481
фрост 3,912023 0,000537
фундаментально 3,506558 0,000481
функция 0,693147 0,000666
халкидий 3,912023 0,000537
хаос 3,218876 0,000884
характер 0,653926 0,000269
характеризоваться 0,891598 0,000367
характерное 2,995732 0,000411
характерный 0,693147 0,000381
хаттский 3,912023 0,000537
хвойно-широколиственые 3,912023 0,001074
хвойные 2,120264 0,006404
хвойный 2,995732 0,001234
хвост 2,302585 0,000316
хвощ 3,912023 0,001611
хвоя 3,912023 0,001611
херуск 3,912023 0,000537
хеттский 3,912023 0,000537
химический 0,867501 0,000238
хищник 2,302585 0,000316
хищные 2,525729 0,000347
ход 0,510826 0,000210
ходить 1,514128 0,000208
хозяин 2,407946 0,004959
хозяйка 3,506558 0,000481
хозяйственный 1,203973 0,001488
хозяйство 0,579818 0,000796
холодная 1,139434 0,000156
хонгаю 3,912023 0,000537
хорошее 2,407946 0,000331
хотя 0,653926 0,000090
храм 0,733969 0,000202
хранитель 2,525729 0,001387
хребет 1,560648 0,000429
христианский 1,897120 0,000260
хронология 1,771957 0,000243
хрущ 3,912023 0,000537
хуваву 3,912023 0,000537
художественный 0,653926 0,000269
хумбабу 3,912023 0,000537
хуррит 3,912023 0,000537
царство 1,237874 0,000170
цвет 0,941609 0,000129
цветковый 3,506558 0,001444
цветок 2,995732 0,000411
цезарь 3,506558 0,001926
целебный 2,995732 0,000823
целесообразно 3,912023 0,000537
целлюлозно-бумажной 3,912023 0,000537
целое 0,634878 0,000174
целый 1,108663 0,000152
цель 0,371064 0,000102
цельтиса 3,912023 0,000537
центр 0,287682 0,000079
центральный 0,400478 0,000385
цепочка 2,040221 0,000280
цивилизация 1,771957 0,000487
цивилизовать 3,506558 0,000481
цикл 1,237874 0,000340
цилиндр 3,912023 0,000537
циркулировать 3,912023 0,000537
частность 0,462035 0,000190
частный 0,634878 0,000087
часто 0,415515 0,000285
частый 1,309333 0,000180
часть 0,061875 0,000093
чаща 1,108663 0,000609
чащоба-прибежище 3,912023 0,000537
чей 1,386294 0,000190
человек 0,186330 0,000665
человеческий 1,309333 0,001258
человечество 1,660731 0,000228
чередование 2,659260 0,000730
черный 0,843970 0,000232
черт 0,916291 0,000126
черта 0,994252 0,000273
четвертичный 2,302585 0,000632
четко 1,897120 0,000521
чили 2,995732 0,000823
численность 0,616186 0,000254
число 0,186330 0,000281
чистая 1,427116 0,000588
чистое 2,302585 0,000316
читатьправитьправить 0,494296 0,000068
членистоногие 3,912023 0,000537
чрезмерный 3,218876 0,000442
чувасов 3,912023 0,000537
чудесное 3,506558 0,000481
чудесный 2,995732 0,000411
чудовище 3,506558 0,000963
шаблон 0,462035 0,000127
шаванна 3,912023 0,000537
шартрский 3,912023 0,000537
шатилов 3,912023 0,000537
швейцарский 2,120264 0,000291
швырнуть 3,912023 0,000537
шекспира 3,506558 0,000481
шелкопряд 3,912023 0,000537
шервудского 3,912023 0,000537
шип 2,995732 0,000411
шипования 3,912023 0,000537
широколиственные 2,207275 0,003030
широколиственный 3,506558 0,000481
широта 1,237874 0,000170
шишкин 2,659260 0,000365
шкала 2,207275 0,001212
школа 0,478036 0,000131
шлем 3,506558 0,000481
шорец 2,525729 0,000347
шум 3,506558 0,000481
шумерский 3,912023 0,000537
шумовой 3,912023 0,001074
щедро 3,912023 0,000537
эвенк 1,832581 0,000503
эвенкы 3,912023 0,000537
эвкалипт 3,912023 0,000537
эвкалиптовый 3,912023 0,000537
эволюция 1,560648 0,000214
эврика 3,506558 0,000481
эдиакарий 3,912023 0,000537
эйфельском 3,912023 0,000537
экватор 2,525729 0,000694
экваториальный 2,995732 0,001645
экз 0,415515 0,000513
экзотический 2,525729 0,000694
экодизайн 3,912023 0,000537
экологический 0,693147 0,002474
экология 0,562119 0,000772
экономика 0,400478 0,000110
экономист 2,525729 0,000347
экономиче 3,912023 0,000537
экономический 0,478036 0,000131
экосистема 1,966113 0,002429
экотон 3,912023 0,000537
экотуризм 3,506558 0,000481
экоцид 3,912023 0,000537
экспансия 2,525729 0,000347
эксперимент 1,832581 0,000252
экспертиза 2,525729 0,000347
экспорт -0,009950 -0,000001
экстремальный 2,207275 0,000303
эктазия 3,912023 0,000537
электромагнитный 2,995732 0,000411
элемент 0,544727 0,000374
эллипсоид 3,218876 0,000442
эмоциональный 3,506558 0,000481
энгельс 1,560648 0,000214
эндрю 2,995732 0,000411
энеиде 3,506558 0,000481
энергетик 1,108663 0,000609
энергетический 1,897120 0,000260
энергия 1,021651 0,000561
энцикл 3,506558 0,000481
энциклопедический 0,733969 0,000705
энциклопедия -0,009950 -0,000096
эоархей 3,912023 0,000537
эон 3,912023 0,000537
эпифит 3,912023 0,000537
эпос 2,525729 0,000347
эпоха 0,713350 0,000294
эра 1,514128 0,000831
эрозия 2,302585 0,000632
эстонии 2,525729 0,000694
этаж 1,832581 0,000755
этика 3,218876 0,000884
этнос 2,813411 0,000386
этюд 2,995732 0,000411
эффект 1,966113 0,000270
эффективность 1,347074 0,000370
эчауррена 3,912023 0,000537
юг 0,693147 0,000190
юго-восток 1,171183 0,000322
юго-восточный 1,108663 0,000304
юго-запад 1,309333 0,000180
югославии 3,912023 0,000537
южноамериканский 3,506558 0,000481
южный 0,385662 0,000847
юлия 2,407946 0,000661
юнеп 3,912023 0,000537
юноша 2,995732 0,000823
юр 3,912023 0,000537
юридический 0,994252 0,000136
юрский 2,995732 0,000823
ява 3,912023 0,000537
являться 0,040822 0,000140
ягода 3,218876 0,000884
ягуар 3,912023 0,000537
ядро 1,171183 0,000161
язык -0,009950 -0,000005
языческий 2,813411 0,000386
якут 1,660731 0,000456
якутский 2,659260 0,000365
январь 0,105361 0,000087
японский 1,469676 0,000404
ярко 2,302585 0,000316
ярус 2,120264 0,006113
ясень 2,525729 0,000694
ясный 1,347074 0,000185
