абри 3,912023 0,001150
абсолютный 0,616186 0,000181
авар 3,912023 0,001150
август 0,072571 0,000064
авиация 1,237874 0,000728
австралия 1,966113 0,000578
авторство -0,009950 -0,000003
агрометеорология 3,912023 0,001150
адекватный 2,995732 0,000881
аз 2,302585 0,000677
азия 0,755023 0,000222
азот 1,714798 0,000504
академия 0,544727 0,000160
активный 0,527633 0,000155
алг 3,912023 0,001150
александр 0,462035 0,000136
альбедо 3,506558 0,001031
альпийский 2,407946 0,000708
америка 1,386294 0,001223
американский 0,994252 0,000292
амсг 3,912023 0,001150
анабатический 3,912023 0,001150
анализ 0,967584 0,000569
англ 0,174353 0,000359
антарктида 2,995732 0,001762
антигелий 3,912023 0,001150
антициклон 2,407946 0,006372
антициклонический 3,218876 0,000946
антропогенный 1,771957 0,001042
арктический 1,771957 0,000521
археи 3,506558 0,001031
архивировать 0,020203 0,000042
архивный 0,248461 0,000365
астрометеорология 3,912023 0,001150
атлантический 1,609438 0,000473
атмосфера 0,994252 0,009063
атмосферный 1,386294 0,015082
афганец 1,966113 0,000578
африка 1,560648 0,000459
аэродром 1,237874 0,000364
аэрологический 3,912023 0,004601
аэропорт 0,776529 0,000228
байкал 2,525729 0,000743
бактерия 2,813411 0,000827
баланс 1,609438 0,000473
баргузин 3,218876 0,000946
барический 3,912023 0,003451
баш 3,506558 0,001031
бедствие 2,995732 0,001762
безветренный 2,813411 0,000827
безоблачный 3,912023 0,001150
библиографический 0,083382 0,000025
биологический 1,771957 0,000521
биология 1,560648 0,000459
биом 2,659260 0,000782
биометеорология 3,912023 0,001150
биоразнообразие 3,218876 0,001893
биосфера 2,995732 0,001762
благодаря 0,527633 0,000310
ближний 1,469676 0,000432
близ 1,237874 0,000364
близкий 0,820981 0,000483
блуждать 3,912023 0,001150
большое 0,385662 0,000454
большой 0,040822 0,000132
бор 1,203973 0,000354
бофорта 3,912023 0,001150
бриз 3,506558 0,001031
брокгауза 0,328504 0,000193
брокенский 3,912023 0,001150
бсэ 2,120264 0,000623
буран 3,218876 0,000946
буря 2,407946 0,003540
бывать 1,660731 0,000488
быстро 0,967584 0,000284
быть -0,009950 -0,000012
бюро 1,427116 0,000420
важный 0,494296 0,000581
вверх 1,832581 0,001078
вдоль 0,755023 0,000222
век 0,248461 0,000219
величина 1,108663 0,000652
венера 2,813411 0,000827
венец 3,506558 0,001031
вероятный 2,813411 0,001654
версия -0,009950 -0,000009
вертикальный 2,207275 0,001298
верхний 0,494296 0,000291
вестись 0,673345 0,000198
весь 0,301105 0,000266
ветвь 1,514128 0,000445
ветер 0,713350 0,005034
ветерхарактеристики 3,912023 0,001150
ветро-холодовой 3,912023 0,001150
вещество 0,994252 0,000292
взаимодействие 1,203973 0,000354
взаимосвязь 2,525729 0,000743
взбираться 3,912023 0,001150
вид 0,061875 0,000073
видеть 1,272966 0,000749
видимость 2,525729 0,003713
викиданных -0,009950 -0,000003
викимедиа -0,009950 -0,000003
википедии -0,009950 -0,000006
википедия -0,009950 -0,000020
викисклад 1,897120 0,001116
викискладвикицитатникэлемент 2,659260 0,000782
викискладе 0,174353 0,000051
викисловарецитаты 1,108663 0,000326
викисловарьвикипедия 1,309333 0,000385
викицитатник 1,272966 0,000374
викицитатникемедиафайлы 1,469676 0,000432
вирга 3,912023 0,001150
вирус 3,506558 0,001031
вихрь 3,912023 0,006902
включать 0,235722 0,000208
включая 0,527633 0,000155
влажность 1,108663 0,002282
влияние 0,527633 0,001707
влиять 1,347074 0,003169
вместе 0,510826 0,000150
внетропический 3,912023 0,009202
внешний 0,051293 0,000015
вода 0,527633 0,000465
водный 0,562119 0,000165
водяная 3,506558 0,002062
водяной 2,302585 0,001354
военный 0,494296 0,000291
воздействие 1,021651 0,000901
воздух 0,616186 0,006160
воздушный 0,798508 0,006104
возможно 0,867501 0,000255
возможное 1,832581 0,000539
возможность 0,314711 0,000278
возмущение 3,506558 0,001031
возникать 1,021651 0,000901
возникновение 0,941609 0,000831
возраст 1,078810 0,000317
война 0,430783 0,000127
вокруг 0,693147 0,001019
волна 0,916291 0,000539
волнистый 2,995732 0,000881
волшебный 0,030459 0,000009
восток 0,494296 0,000291
восходить 1,609438 0,000473
вперед 2,995732 0,001762
впереди 3,218876 0,000946
вращение 2,995732 0,007047
время 0,020203 0,000095
всемирный 0,891598 0,000262
вследствие 1,203973 0,000354
всплывать 3,912023 0,001150
всякий 1,832581 0,001078
вторжение 1,609438 0,000473
выбор 0,634878 0,000187
выбрасывать 2,813411 0,000827
выбрать 1,139434 0,000670
выделение 1,832581 0,000539
выделить 0,544727 0,000160
вызвать 1,049822 0,000617
вызывать 1,078810 0,002220
выпадать 1,139434 0,001675
выпадение 2,659260 0,000782
выполнять 0,867501 0,000255
выпячиваться 3,912023 0,001150
выражаться 2,659260 0,001564
вырубка 2,207275 0,000649
высокий 0,139262 0,000041
высокослоистых 3,912023 0,001150
высота 0,415515 0,000977
высотный 1,427116 0,000839
вычислительный 1,514128 0,000445
выше 0,616186 0,000181
выясняться 3,912023 0,001150
вьетнаме 3,506558 0,001031
вьетнамский 3,912023 0,001150
газ 0,941609 0,000554
газовый 1,469676 0,000432
гало 3,912023 0,001150
гармсиль 3,912023 0,001150
географич 3,912023 0,001150
географический 0,356675 0,000105
география 0,415515 0,000122
географияи 3,218876 0,000946
геоид 3,218876 0,000946
геологический 1,139434 0,000670
геология 1,609438 0,000946
геофизический 2,813411 0,000827
геохронологический 3,218876 0,000946
гибнуть 3,218876 0,000946
гигантский 1,897120 0,000558
гидроаэромеханика 3,912023 0,001150
гидрологический 1,966113 0,000578
гидрометеор 3,912023 0,001150
гидрометеорологический 2,525729 0,000743
гидросфера 2,813411 0,000827
гипотетический 2,302585 0,000677
глава 0,494296 0,000145
главный 0,210721 0,000062
глаз 1,714798 0,000504
глобальный 1,203973 0,000354
глория 3,506558 0,001031
глубокий 1,078810 0,000317
год -0,009950 -0,000061
годовой 0,994252 0,001169
гололед 3,912023 0,001150
гололедица 3,506558 0,001031
гора 0,616186 0,000181
гораздо 1,714798 0,000504
горизонтальный 1,966113 0,001156
горкин 3,912023 0,001150
горно-долинные 3,912023 0,001150
город 0,371064 0,000218
городской 0,544727 0,000320
горячий 2,040221 0,000600
государственный 0,261365 0,000077
гравитационный 2,995732 0,000881
град 1,832581 0,002155
градиент 3,218876 0,001893
градус 1,514128 0,000445
граница 0,356675 0,000419
грегаль 3,912023 0,001150
греча 1,427116 0,000839
гриб 2,525729 0,000743
грид-проект 3,912023 0,001150
гроза 1,966113 0,005203
гром 2,813411 0,000827
грязный 1,771957 0,000521
гуо 3,912023 0,001150
густой 2,525729 0,000743
давать 0,820981 0,000483
давление 1,832581 0,008083
далеко 1,347074 0,000396
дальний 0,446287 0,000262
дальность 3,218876 0,002839
даля 2,207275 0,000649
дата 0,030459 0,000045
дать 0,072571 0,000128
два 0,150823 0,000044
двигаться 1,832581 0,002155
движение 0,544727 0,000961
девятнадцатый 3,218876 0,000946
действие 0,776529 0,000685
действовать -0,009950 -0,000006
декабрь 0,094311 0,000028
делаться 2,120264 0,000623
дело 0,562119 0,000165
день 0,210721 0,000310
детская 0,653926 0,000192
деятельность 0,342490 0,000201
джорджии 3,912023 0,001150
диаграмма 2,659260 0,000782
диаметр 2,302585 0,001354
диапазон 1,560648 0,000918
диаспора 2,525729 0,000743
дикий 1,469676 0,000864
динамический 1,897120 0,001116
длина 0,579818 0,000341
длительный 1,309333 0,000385
днейстатьи 2,995732 0,000881
довольно 0,891598 0,000262
дождевой 2,207275 0,000649
дождливый 2,407946 0,000708
дождь 1,469676 0,006482
доказательство 1,660731 0,000488
доказать 2,040221 0,000600
доктор 1,427116 0,000420
долгосрочный 1,966113 0,000578
должный 0,356675 0,000105
дополнительный -0,009950 -0,000006
дополнить 1,714798 0,000504
дорога 0,527633 0,000310
достаточно 0,820981 0,000241
достичь 0,733969 0,000216
доступный -0,009950 -0,000003
доходить 2,407946 0,000708
древний 0,653926 0,000192
дрейф 2,813411 0,000827
дробно -0,009950 -0,000003
другое 0,462035 0,000272
другой -0,009950 -0,000050
дуга 2,659260 0,001564
дым 3,218876 0,000946
евразия 1,347074 0,000396
европа 0,301105 0,000089
единый 0,544727 0,000160
ежедневно 1,714798 0,000504
естественный 0,776529 0,000228
ефрона 0,328504 0,000193
жар 2,040221 0,000600
железный 0,616186 0,000181
жесткость 2,995732 0,000881
животное 0,798508 0,000235
жидкий 2,525729 0,000743
жизнь 0,342490 0,000403
зависеть 1,171183 0,000689
зависимость 0,713350 0,000419
завоевать 1,660731 0,000488
заволакивать 3,912023 0,001150
заглавный -0,009950 -0,000003
закономерность 2,040221 0,000600
закрывать 2,659260 0,000782
залив 1,609438 0,000473
заметный 1,427116 0,000839
заморозка 1,966113 0,000578
записьвойти -0,009950 -0,000003
запуск 1,347074 0,000396
зарегистрировать -0,009950 -0,000006
зарница 3,912023 0,001150
зарождение 1,832581 0,000539
заря 1,347074 0,000396
засев 3,912023 0,002301
заставить 2,525729 0,000743
засуха 2,525729 0,000743
зафиксировать 1,078810 0,000634
защита 0,616186 0,000181
заявление -0,009950 -0,000003
здание 0,673345 0,000396
здоровье 1,203973 0,000354
зеленый 0,755023 0,000222
земля 0,400478 0,005417
земляистория 3,218876 0,000946
земной 1,966113 0,006359
зенитный 2,995732 0,000881
зефир 3,912023 0,001150
зимний 0,798508 0,000235
знак -0,009950 -0,000006
знание 1,108663 0,000326
значение 0,061875 0,000127
значительный 0,328504 0,000580
зона 0,400478 0,000589
ибэ 3,912023 0,001150
игла 3,506558 0,001031
игра 0,843970 0,000496
играть 0,867501 0,000510
идти 0,820981 0,000241
из-за 0,415515 0,000489
избежать 2,040221 0,000600
известный 0,287682 0,000085
изд 0,314711 0,000463
издательство 0,494296 0,000145
изменение 0,301105 0,003630
измениться 1,021651 0,000300
изменять 1,966113 0,000578
изменяться 1,203973 0,000354
измерение 1,771957 0,000521
изморозь 3,506558 0,001031
изобара 3,912023 0,001150
изучать 1,427116 0,001259
изучение 0,713350 0,001468
иллюстрировать 2,040221 0,000600
иметь 0,094311 0,000222
иметься 0,385662 0,000227
имущество 1,660731 0,000488
инверсия 3,218876 0,000946
индекс 0,634878 0,000373
индийский 1,609438 0,000473
иней 3,912023 0,001150
иной 0,867501 0,000255
инструмент -0,009950 -0,000009
интенсивность 2,120264 0,001870
интенсивный 1,237874 0,000364
интересный 1,832581 0,000539
информация 0,162519 0,000478
искусственный 0,916291 0,000269
испании 2,659260 0,000782
испариться 3,218876 0,000946
испаряться 2,813411 0,001654
использование -0,009950 -0,000006
использовать 0,020203 0,000006
использоваться 0,223144 0,000262
испускать 3,912023 0,001150
испытывать 1,560648 0,000459
исследовательский 1,237874 0,000364
исследовать 1,469676 0,000432
исторический 0,314711 0,000093
история 0,051293 0,000136
источник -0,009950 -0,000015
июль 0,116534 0,000069
июнь 0,116534 0,000069
каждый 0,261365 0,000231
какой 0,820981 0,000483
камикадзе 3,912023 0,001150
канадский 1,897120 0,000558
капля 3,218876 0,004732
капуста 3,506558 0,001031
каролину 3,912023 0,001150
карт 0,301105 0,001328
кассини-гюйгенс 3,912023 0,001150
катабатический 3,912023 0,001150
каталог 0,094311 0,000028
кататумбо 3,912023 0,001150
категория -0,009950 -0,000012
катрина 3,912023 0,001150
качество 0,287682 0,000169
километр 0,693147 0,001223
кислотный 3,912023 0,001150
китай 0,776529 0,000228
китайский 0,653926 0,000192
климат 0,446287 0,001706
клуб 0,798508 0,000235
код -0,009950 -0,000059
кодекс -0,009950 -0,000003
кодистория 0,116534 0,000034
количественный 1,966113 0,000578
количество 0,210721 0,000248
кольцо 1,021651 0,000300
компонент 0,967584 0,000569
комфортный 2,407946 0,000708
конгломерат 3,506558 0,001031
конденсация 3,218876 0,002839
конденсироваться 3,912023 0,001150
конец 0,198451 0,000175
континент 1,714798 0,001008
конфиденциальность -0,009950 -0,000003
координация 2,120264 0,000623
копие 0,223144 0,000328
кора 1,897120 0,000558
корейский 1,832581 0,000539
кориолиса 3,506558 0,002062
корона 1,660731 0,000488
короткий -0,009950 -0,000003
космический 1,309333 0,000385
космос 1,237874 0,000728
который 0,000000 0,000000
кошава 3,912023 0,001150
крайний 1,514128 0,000445
красный 0,597837 0,000176
кризисный 3,218876 0,000946
кристалл 2,040221 0,001800
кристаллик 3,912023 0,002301
кругосвет 1,560648 0,000459
круп 2,813411 0,000827
крупномасштабный 2,407946 0,000708
крупный 0,210721 0,000248
куки -0,009950 -0,000003
култук 3,218876 0,000946
культура 0,356675 0,000105
кучево-дождевое 3,912023 0,001150
кучево-дождевыми 3,912023 0,001150
кучево-дождевых 3,912023 0,001150
кучевой 3,506558 0,001031
ландшафт 1,427116 0,000420
левант 3,912023 0,001150
легкий 0,967584 0,000569
лед 1,171183 0,001033
ледниковый 2,407946 0,001416
ледовитый 1,514128 0,000445
ледяной 2,407946 0,003540
лес 0,733969 0,000216
летний 0,579818 0,000341
либеччо 3,912023 0,001150
ливия 2,995732 0,000881
линия 0,462035 0,000951
литература 0,051293 0,000030
литометеоры 3,912023 0,001150
лицензия -0,009950 -0,000003
лишь 0,478036 0,000281
логия 3,912023 0,001150
ложный 2,813411 0,000827
локатор 3,506558 0,001031
луна 2,407946 0,000708
лунный 3,506558 0,001031
луч 1,897120 0,002789
люба 1,469676 0,000432
люди 0,755023 0,000666
магнитный 2,207275 0,000649
мадейры 3,912023 0,001150
май 0,127833 0,000226
максимальный 0,867501 0,000255
мала 1,237874 0,000364
мало 0,579818 0,000341
малой 0,776529 0,001142
маломасштабные 3,912023 0,001150
малооблачный 3,218876 0,000946
малый 0,139262 0,000205
манташьян 3,912023 0,001150
мантия 2,995732 0,000881
марена 3,912023 0,001150
март 0,116534 0,000103
масса 0,916291 0,007005
масштаб 1,108663 0,002608
материал -0,009950 -0,000003
материк 2,040221 0,000600
мгла 3,912023 0,003451
медленно 1,832581 0,001078
мексиканский 2,813411 0,000827
мелкий 1,309333 0,000770
мельтеми 3,912023 0,001150
мера 0,820981 0,000483
местный 0,478036 0,000141
место 0,139262 0,000082
местоположение 1,660731 0,000488
метан 2,813411 0,001654
метель 2,525729 0,002971
метеозависимость 3,912023 0,001150
метеоролог 3,912023 0,001150
метеорологический 2,302585 0,018957
метеорология 3,506558 0,013403
метеорологияклиматологияпогодаскрытые 3,912023 0,001150
метеостанция 2,302585 0,004739
метод 1,049822 0,000926
метр 0,653926 0,000192
миграция 1,309333 0,000385
микрометеорология 3,912023 0,001150
микрошквал 3,912023 0,001150
миллион 0,776529 0,000228
миль 2,995732 0,000881
минута 1,272966 0,000374
мир 0,094311 0,000028
мираж 3,218876 0,000946
миссия 2,302585 0,000677
мистраль 3,912023 0,001150
многие 0,356675 0,000105
много 0,150823 0,000133
множество 0,462035 0,000136
мобильный -0,009950 -0,000003
модель 0,891598 0,001573
молния 2,813411 0,003309
молодой 1,021651 0,000300
момент 0,527633 0,000465
монгольский 1,832581 0,000539
мор 1,021651 0,000300
море 0,562119 0,000165
мороз 1,386294 0,000408
моросить 3,506558 0,001031
морось 3,912023 0,001150
морской 0,994252 0,000292
моряна 3,912023 0,001150
мост 0,713350 0,000210
мочь -0,009950 -0,000029
мощно-кучевые 3,912023 0,001150
мощный 1,021651 0,000601
муссон 2,995732 0,000881
наблюдать 2,040221 0,000600
наблюдение 1,108663 0,002934
навбахор 3,912023 0,001150
навигация -0,009950 -0,000009
наводнение 2,120264 0,000623
наглядный 2,813411 0,000827
нагревание 3,912023 0,002301
нагревать 3,912023 0,001150
нагреваться 3,218876 0,003786
нагромождаться 3,912023 0,001150
надеть 3,912023 0,001150
наземный 1,609438 0,000473
называть 0,174353 0,000256
называться 0,328504 0,000290
наиболее 0,139262 0,000409
наклон 2,995732 0,000881
наклонить 3,912023 0,001150
наличие 0,867501 0,000255
нанести 1,832581 0,000539
наоборот 1,832581 0,000539
наползать 3,912023 0,001150
направить 0,867501 0,000510
направление 0,385662 0,000567
например 0,328504 0,000097
народ 0,579818 0,000341
народный 0,616186 0,000181
настолько 1,897120 0,000558
настоящее 0,287682 0,000169
настроение 3,218876 0,000946
насытить 2,995732 0,000881
наука 0,235722 0,000416
научно 2,995732 0,001762
научный 0,248461 0,000146
находиться 0,174353 0,000308
начало 0,116534 0,000034
начальный 0,967584 0,000284
начаться 0,562119 0,000165
начинаться 0,527633 0,000310
наш 0,527633 0,000155
небесный 2,995732 0,002643
неблагоприятный 2,040221 0,000600
небо 1,272966 0,001497
небосвод 3,912023 0,001150
невысоко 3,506558 0,001031
недавно 2,207275 0,000649
недоступный 0,446287 0,000262
незамедлительно 3,506558 0,001031
незаметно 3,506558 0,001031
незначительный 1,660731 0,000488
некоммерческий -0,009950 -0,000003
необходимо 1,237874 0,000364
необходимость 1,139434 0,000335
необходимый 1,078810 0,000317
неожиданное 3,506558 0,001031
непериодический 3,912023 0,009202
неполный 3,218876 0,000946
непосредственно 0,478036 0,000422
непосредственное 2,120264 0,000623
непреднамеренный 3,912023 0,001150
непрерывно 2,120264 0,000623
непрерывный 1,714798 0,001008
непродолжительный 2,813411 0,000827
несколько 0,116534 0,000137
несовпадение 3,218876 0,001893
неустойчивость 3,506558 0,001031
неустойчивый 2,659260 0,000782
нижний 0,494296 0,001017
низкий 0,843970 0,000248
ниша 2,525729 0,000743
ноябрь 0,127833 0,000038
нужный 1,771957 0,000521
обильный 2,525729 0,000743
обладать 0,843970 0,000744
облако 2,207275 0,022066
область 0,150823 0,000266
облачность 2,207275 0,005841
облачный 1,771957 0,001042
обледенение 3,506558 0,002062
обнаружить 1,021651 0,000300
обозримый 3,506558 0,001031
оболочка 2,407946 0,001416
оборудовать 1,897120 0,000558
обосновать 2,525729 0,001485
образ 0,287682 0,000085
образование 0,356675 0,000524
образовать 0,385662 0,000113
образоваться 0,967584 0,001707
обращение 0,030459 0,000045
обряд 2,659260 0,000782
обусловить 1,237874 0,000728
обширный 1,078810 0,000317
общее 0,301105 0,000177
объединять 1,108663 0,000326
объект 0,235722 0,000208
объясняться 1,560648 0,000459
обычно 0,693147 0,000408
обычный 1,347074 0,000396
обязательно 2,040221 0,000600
огненный 3,218876 0,000946
огонь 1,139434 0,000335
ограничить 0,653926 0,000192
огромный 0,776529 0,000228
один 0,051293 0,000106
однако 0,174353 0,000051
одновременно 0,776529 0,000228
озеро 0,673345 0,000594
означать 0,798508 0,000235
оказать 1,427116 0,000420
оказаться 0,820981 0,000241
оказывать 0,867501 0,000765
океан 0,994252 0,003216
окклюзия 3,912023 0,001150
окончательно 1,203973 0,000354
округло-горизонтальная 3,912023 0,001150
окружать 0,755023 0,000444
оксид 2,207275 0,001298
октябрь 0,072571 0,000021
оледенение 2,525729 0,000743
олимпийский 1,108663 0,000326
онлайн 0,198451 0,000058
операция 0,776529 0,000685
описание -0,009950 -0,000003
описать 1,347074 0,000396
описывать 1,427116 0,000420
опоясать 3,506558 0,001031
определение 0,967584 0,000284
определить 0,527633 0,000465
определять 0,867501 0,000255
определяться 1,078810 0,001269
оптический 1,897120 0,000558
опускаться 1,714798 0,003025
опустынивание 3,218876 0,000946
орбита 2,407946 0,001416
организация -0,009950 -0,000015
организм 2,207275 0,000649
органический 1,832581 0,000539
оригинал 0,139262 0,000082
оружие 1,203973 0,000354
осадка 1,237874 0,002912
осадок 0,544727 0,001602
оседать 3,506558 0,001031
основа 0,210721 0,000186
основное 0,235722 0,000208
основной 0,040822 0,000084
основываться 1,560648 0,000918
особенно 0,562119 0,000661
особенность 0,693147 0,000611
особый 0,776529 0,000228
оспариваться 2,995732 0,000881
остальной 0,616186 0,000362
остаток 1,203973 0,000354
осуществить 1,237874 0,000364
осуществлять 0,597837 0,000176
ось 2,207275 0,002596
ответственность -0,009950 -0,000003
отдельный -0,009950 -0,000006
отдых 0,941609 0,000277
отказ -0,009950 -0,000003
отклоняться 3,218876 0,000946
открытие 0,616186 0,000181
открыть 0,150823 0,000044
отлив 3,218876 0,000946
отличие 0,798508 0,000235
отличный 2,659260 0,002346
отнести 1,560648 0,000459
относительно 0,415515 0,000244
относительный 1,560648 0,000459
относить 1,469676 0,000432
относиться 0,328504 0,000193
отражательный 3,912023 0,001150
отразить 1,832581 0,000539
отрасль 0,653926 0,000192
отредактировать -0,009950 -0,000003
отследить 2,995732 0,000881
отставать 2,813411 0,000827
отступление 2,525729 0,000743
оттепель 1,609438 0,000473
отход 1,514128 0,000445
официально 0,693147 0,000204
официальный 0,356675 0,000105
охлаждаться 3,506558 0,003093
охлаждение 2,813411 0,001654
оценка 0,400478 0,000118
очень 0,494296 0,000727
очередь 0,510826 0,000150
ошибкекак -0,009950 -0,000003
ощутимый 2,302585 0,001354
пагубно 3,912023 0,001150
падать 1,771957 0,000521
падение 1,560648 0,001377
памперо 3,912023 0,001150
пар 1,309333 0,001155
парадокс 2,659260 0,000782
параллель 2,302585 0,000677
параметр 1,139434 0,000335
паргелий 3,912023 0,001150
парниковый 3,218876 0,000946
партизан 2,659260 0,000782
педагогический 0,867501 0,000255
пекином 3,912023 0,001150
пекинский 3,506558 0,001031
пелена 3,912023 0,001150
первичный 2,659260 0,001564
передвигаться 2,813411 0,000827
перейти -0,009950 -0,000006
перемещаться 2,407946 0,000708
перемещение 2,659260 0,005473
перенос 1,560648 0,001377
переносить 2,525729 0,000743
переселиться 3,218876 0,000946
переходить 1,237874 0,000364
период 0,274437 0,000323
периодический 1,560648 0,003212
перисто-слоистых 3,912023 0,001150
персональный -0,009950 -0,000003
печать -0,009950 -0,000006
питерак 3,912023 0,001150
планета 1,309333 0,003465
планетарный 2,995732 0,001762
планирование 1,427116 0,000420
плита 1,832581 0,001078
плоскость 2,813411 0,000827
плотность 0,634878 0,000560
плохо 2,525729 0,000743
побережье 1,171183 0,000344
поведение -0,009950 -0,000003
поверхность 1,347074 0,006733
повысить 1,021651 0,000601
погода 0,693147 0,016101
погодасостояние 3,912023 0,001150
погодный 2,302585 0,008124
погрешность 3,506558 0,002062
подлезать 3,912023 0,001150
подниматься 1,427116 0,000420
поднять 1,609438 0,000473
подняться 1,660731 0,000488
подобный 0,994252 0,000585
подогреваться 3,912023 0,001150
подтвердить 1,309333 0,000385
подходить 1,386294 0,000408
подчиняться 1,660731 0,000488
подъем 1,386294 0,000815
позволять 0,462035 0,000272
поземка 3,506558 0,001031
поиск -0,009950 -0,000009
показатель 0,494296 0,000145
покров 0,843970 0,000496
пол 0,446287 0,000525
полезное 3,218876 0,000946
политик -0,009950 -0,000003
полоса 0,916291 0,000269
получать 0,916291 0,000269
получение 1,203973 0,000354
получить 0,150823 0,000044
полушарие 2,407946 0,002124
пользоваться 1,139434 0,000670
полярный 1,347074 0,000396
помешать 2,659260 0,000782
помимо 0,562119 0,000331
помогать 1,897120 0,000558
помощь 0,342490 0,000403
поненте 3,912023 0,001150
понижать 3,912023 0,001150
понижаться 2,525729 0,000743
понизить 2,813411 0,001654
понимание 1,560648 0,001836
понимать 1,609438 0,000473
понятие 0,967584 0,000569
попадать 1,771957 0,001042
попытка 1,272966 0,001123
портал 0,342490 0,000101
поскольку 0,941609 0,000277
последний -0,009950 -0,000003
последовательный 2,525729 0,000743
посредство 1,660731 0,000488
пост 1,078810 0,000317
постепенно 0,867501 0,000255
постепенный 1,966113 0,000578
постоянно 1,108663 0,000326
построение 1,560648 0,000459
поступление 1,609438 0,000473
потепление 2,040221 0,001800
поток 0,967584 0,000569
потребитель 1,771957 0,000521
похолодание 2,995732 0,000881
почва 1,272966 0,000374
поэтому 0,616186 0,001631
появиться 0,248461 0,000073
пояс 0,597837 0,000176
правило 0,478036 0,000281
править -0,009950 -0,000123
правкиновые -0,009950 -0,000003
правкипостоянная -0,009950 -0,000003
превращаться 1,660731 0,001953
предвидеть 3,218876 0,000946
предел 0,400478 0,000236
предназначаться 2,525729 0,000743
предположение 1,897120 0,001116
предприниматься 2,813411 0,000827
предпринять 2,040221 0,000600
предприятие 0,527633 0,000155
предсказание 2,525729 0,000743
предсказывать 3,506558 0,001031
представиться -0,009950 -0,000003
представление 0,776529 0,000228
представлять 0,328504 0,000386
предстоять 2,995732 0,000881
предупреждение 2,659260 0,000782
прекратиться 2,407946 0,000708
приведение 2,813411 0,000827
приводить 0,776529 0,001370
придти 0,755023 0,000444
призвать 1,560648 0,000459
приземной 3,912023 0,001150
призрак 3,506558 0,001031
прилегать 1,237874 0,000364
прилив 2,813411 0,000827
применять 0,510826 0,000150
применяться 1,139434 0,000335
пример 0,527633 0,000155
примерно 0,634878 0,000187
примесь 2,407946 0,000708
примет 2,207275 0,000649
примечание -0,009950 -0,000006
принимать 0,634878 0,000187
приносить 2,040221 0,001800
принцип 0,867501 0,000510
природа 0,653926 0,000769
природный 0,510826 0,000300
природывселенная 3,506558 0,001031
присущий 2,207275 0,000649
притягивать 3,506558 0,001031
притязание 3,506558 0,001031
приход 1,108663 0,000326
приходить 1,309333 0,000385
причина 0,562119 0,000826
пробовать 3,912023 0,001150
проводить 0,843970 0,000248
прогноз 1,427116 0,010071
прогнозирование 2,525729 0,001485
программа 0,415515 0,000122
продвижение 2,040221 0,000600
продление 2,525729 0,000743
продовольствие 2,995732 0,000881
продолжительность 1,021651 0,000300
продуктивность 2,995732 0,000881
проект -0,009950 -0,000003
проектирование 1,560648 0,000459
проектироваться 2,407946 0,000708
произвести 1,203973 0,000354
производить 0,916291 0,000539
производиться 1,108663 0,000326
производная 2,525729 0,000743
производство 0,527633 0,000155
происходить 0,328504 0,000580
прокариот 3,506558 0,001031
промышленность 0,494296 0,000145
промышлять 0,462035 0,000272
просвет 3,506558 0,001031
прослеживаться 2,120264 0,000623
просмотр -0,009950 -0,000003
просто 1,171183 0,000344
простой 1,108663 0,000326
пространственный 2,040221 0,000600
пространство 0,634878 0,000373
протекать 1,108663 0,000326
против 0,798508 0,000235
противоположное 2,302585 0,000677
противоположность 3,506558 0,001031
противосумеречные 3,912023 0,001150
протист 3,506558 0,001031
протяжение 0,843970 0,000496
профиль 1,427116 0,000420
проходить 0,462035 0,000272
прохоров 1,078810 0,001586
процесс 0,415515 0,001710
проявление 1,897120 0,000558
проявляться 2,525729 0,000743
пузырь 2,813411 0,000827
пурга 3,912023 0,001150
путь 0,261365 0,000077
пыльный 3,506558 0,005155
пятно 2,813411 0,000827
работа 0,127833 0,000075
равный 1,203973 0,000354
радиация 2,659260 0,000782
радикальный 2,207275 0,000649
радиозонд 3,912023 0,001150
радиолокатор 3,912023 0,001150
радиолокационный 3,218876 0,000946
радиус 3,218876 0,000946
радуга 2,813411 0,002482
развитие 0,127833 0,000301
раздел 0,342490 0,000101
различать 1,966113 0,000578
различие 1,714798 0,001513
различный 0,116534 0,000171
размер 0,755023 0,000666
разница 1,897120 0,000558
разность 2,995732 0,000881
разный 0,314711 0,000278
разрабатывать 1,609438 0,000473
разработчик -0,009950 -0,000003
разрез 2,120264 0,000623
разряд 2,040221 0,000600
район 0,430783 0,000633
ракета 2,040221 0,001200
рано 0,261365 0,000231
располагаться 0,544727 0,000481
распределение 1,203973 0,000354
распределить 0,693147 0,000204
рассеивание 3,912023 0,001150
рассматривать 1,237874 0,000364
рассматриваться 1,203973 0,000708
расстояние 0,713350 0,000419
растаять 3,218876 0,000946
растение 1,171183 0,000689
расти 0,941609 0,000277
расширение 0,415515 0,000122
расширять 2,302585 0,000677
расширяться 1,771957 0,001042
реагент 3,912023 0,001150
регион 0,385662 0,000340
регулярно 1,272966 0,000374
ред 0,235722 0,000416
редкий 1,237874 0,000364
редко 1,514128 0,000890
резкий 1,386294 0,001223
результат 0,174353 0,000513
рекорд 1,427116 0,002098
ресурс 0,020203 0,000012
решать 1,469676 0,000432
решение 0,328504 0,000097
решить 0,941609 0,000277
ритуальный 2,813411 0,000827
ровный 1,771957 0,001042
роза 0,916291 0,000269
роль 0,494296 0,000291
роса 2,207275 0,001298
росмэн 3,506558 0,001031
российский 0,105361 0,000031
россия 0,174353 0,000051
русский -0,009950 -0,000003
рынок 0,713350 0,000210
самостоятельный 0,820981 0,000241
самум 3,912023 0,001150
самый 0,174353 0,000308
санта-ана 3,912023 0,001150
сарма 3,218876 0,000946
саффира 3,912023 0,001150
сведение 0,579818 0,000170
свежий 2,525729 0,001485
сверхмалый 3,506558 0,001031
сверху 1,347074 0,000396
свет 0,941609 0,000554
свободный -0,009950 -0,000009
сводка 3,218876 0,000946
свое 0,287682 0,000169
свой 0,150823 0,000089
свойственный 2,525729 0,001485
свойство 0,415515 0,000733
связать 0,174353 0,000410
связаться -0,009950 -0,000003
связь 0,174353 0,000205
святой 0,755023 0,000222
сдвиг 2,813411 0,000827
сдвигаться 3,218876 0,000946
себя 0,198451 0,000408
северный 0,385662 0,000454
сельский 0,634878 0,000747
сентябрь 0,072571 0,000021
сера 2,302585 0,000677
середина 0,356675 0,000210
серия 0,713350 0,000210
серьезный 1,386294 0,000408
сеть 0,356675 0,000524
сжатие 2,813411 0,001654
сила 0,494296 0,000872
сильный 0,544727 0,000481
симпсона 3,912023 0,001150
синоптический 3,912023 0,014953
сирокко 3,912023 0,001150
система 0,051293 0,000075
системеобсуждениевкладсоздать -0,009950 -0,000003
ситуация 0,693147 0,000204
сияние 1,832581 0,001617
скачать -0,009950 -0,000003
скопление 2,995732 0,000881
скорость 0,755023 0,000888
слабый 1,660731 0,000488
слегка 2,813411 0,000827
следовательно 2,207275 0,000649
словарь 0,094311 0,000055
сложный 0,446287 0,000394
слоисто-кучевыми 3,912023 0,001150
слоистый 3,912023 0,002301
слой 1,272966 0,003743
служба 0,527633 0,000155
служить 0,820981 0,000241
случай -0,009950 -0,000006
смена 1,272966 0,001123
смерч 3,218876 0,005679
смерч-вихрь 3,912023 0,001150
смесь 3,218876 0,000946
смог 2,207275 0,000649
снабжение 2,040221 0,000600
снег 1,386294 0,003261
снеговой 2,995732 0,000881
снежинка 3,506558 0,002062
снежный 1,078810 0,000952
снижаться 1,514128 0,000445
снизить 1,560648 0,000459
снизу 3,912023 0,003451
снимок 1,660731 0,000488
собираться 1,966113 0,000578
событие 0,733969 0,000432
событияпожертвовать -0,009950 -0,000003
советский 0,261365 0,000768
совместно 1,427116 0,000420
совокупность 1,469676 0,000432
современность 1,386294 0,000408
современный 0,150823 0,000044
содержание 0,010050 0,000003
содержаться 1,560648 0,000459
соединить 0,994252 0,000292
создавать 0,798508 0,000470
создать 0,210721 0,000062
сократиться 1,386294 0,000408
сокращение 0,867501 0,000510
солнечный 0,597837 0,001582
солнце 1,347074 0,001980
сон 2,813411 0,000827
сообщить -0,009950 -0,000003
сооружение 0,733969 0,000216
соответствовать 0,371064 0,000109
соприкосновение 3,506558 0,002062
состав 0,248461 0,000073
составить 0,400478 0,000236
составление 2,207275 0,001298
состояние 0,248461 0,000804
состоять 0,385662 0,000567
сот 3,218876 0,000946
сотни 1,427116 0,000420
сотня 1,609438 0,000473
сохранение -0,009950 -0,000003
спасение 2,302585 0,000677
специально 1,714798 0,000504
специальный 0,415515 0,000367
сплошной 2,120264 0,000623
сплюснутость 3,218876 0,000946
способ 1,078810 0,000634
способность 1,139434 0,000335
способствовать 0,867501 0,001020
спрайт 3,912023 0,001150
спутник 1,560648 0,002294
спутниковый 2,120264 0,001247
среда 0,385662 0,000227
среднее 0,342490 0,000403
ссср 0,314711 0,000185
ссылка -0,009950 -0,000026
ссылкасведения -0,009950 -0,000003
становиться 0,415515 0,000367
станция 0,579818 0,000511
старый 0,314711 0,000093
статистик -0,009950 -0,000003
стать 0,083382 0,000025
статьестатьи 0,843970 0,000248
статьислучайная -0,009950 -0,000003
статьисообществофорумсправкасвежие -0,009950 -0,000003
статья 0,020203 0,000036
статьяобсуждение -0,009950 -0,000003
статьятекущие -0,009950 -0,000003
степень 0,673345 0,000198
стив 2,813411 0,000827
стихийный 2,659260 0,001564
стоить 0,891598 0,000262
столб 2,120264 0,000623
столбик 3,506558 0,001031
столетие 1,469676 0,000432
столкновение 2,207275 0,000649
сторона 0,235722 0,000139
страна 0,235722 0,000069
страница -0,009950 -0,000009
страницасодержаниеизбранные -0,009950 -0,000003
страницецитировать -0,009950 -0,000003
страницуполучить -0,009950 -0,000003
страницыслужебные -0,009950 -0,000003
стратосфера 3,912023 0,001150
стрелка 1,560648 0,000918
стремление 2,407946 0,000708
строение 0,891598 0,000524
строительство 0,462035 0,000136
строиться 0,693147 0,000204
струйный 3,506558 0,004124
струя 3,506558 0,002062
субполярный 3,506558 0,001031
субтропический 1,832581 0,000539
суд 0,693147 0,000204
сумеречный 3,912023 0,001150
суперконтинент 3,218876 0,000946
суперъячейка 3,912023 0,001150
суточные 2,407946 0,002832
суточный 0,755023 0,000222
суховей 2,813411 0,000827
сухой 1,049822 0,000309
сухопутный 2,040221 0,000600
суша 1,609438 0,000946
существо 2,302585 0,000677
существовать 0,020203 0,000053
сформироваться 1,347074 0,000396
считаться 0,385662 0,000113
сша 0,562119 0,000165
сюда 1,108663 0,000326
сюдасвязанные -0,009950 -0,000003
тайфун 2,995732 0,001762
такое 0,328504 0,000097
такой 0,162519 0,000526
таять 3,218876 0,000946
текст -0,009950 -0,000003
текстастраницы 3,912023 0,001150
тектоник 2,813411 0,001654
телевизионный 1,078810 0,000317
тело 1,237874 0,001092
темная 2,407946 0,000708
температура 0,510826 0,002704
температурный 1,897120 0,000558
тень 2,207275 0,000649
теоретический 1,609438 0,000473
теория 1,049822 0,000309
тепло 1,386294 0,000815
тепловой 1,660731 0,001465
теплое 1,309333 0,000770
теплота 3,506558 0,001031
теплый 1,171183 0,005165
термин 0,198451 0,000117
термометр 3,912023 0,001150
терять 2,120264 0,000623
теряться 2,995732 0,000881
техник 0,713350 0,000419
технически 3,912023 0,001150
течение 0,314711 0,000555
течь 0,274437 0,000323
тип 0,072571 0,000043
титан 3,506558 0,002062
тихий 1,347074 0,000396
товарный -0,009950 -0,000003
той 0,994252 0,000292
тонкий 2,302585 0,000677
тонко 3,912023 0,001150
топография 2,525729 0,000743
торнадо 3,912023 0,002301
точка 0,478036 0,000281
точность 2,302585 0,001354
трамонтана 3,912023 0,001150
транспорт 0,616186 0,000362
трансформация 1,897120 0,000558
трейдер 3,912023 0,001150
трение 3,506558 0,002062
тромб 3,912023 0,001150
тропический 2,207275 0,005192
тропосфера 3,506558 0,003093
туда 2,525729 0,000743
туман 1,832581 0,004850
туманный 2,525729 0,000743
турбулентность 3,912023 0,004601
тыл 1,771957 0,000521
тысяча 0,371064 0,000327
тысячелетие 1,427116 0,000420
тяжело 3,218876 0,000946
тяжелый 1,108663 0,000326
тяжесть 2,302585 0,000677
убедительный 2,995732 0,000881
увеличение 0,733969 0,000647
увеличиваться 1,309333 0,000385
увлекать 3,912023 0,001150
угловая 2,659260 0,000782
угол 1,108663 0,000978
угроза 1,469676 0,000432
удаленность 2,525729 0,000743
удалить 0,579818 0,000170
указание -0,009950 -0,000003
указать 0,083382 0,000049
улучшить 1,049822 0,000309
умение 2,995732 0,000881
уменьшаться 2,120264 0,002494
уменьшение 1,469676 0,001729
умерить 1,049822 0,000309
университет 0,328504 0,000097
уничтожить 1,203973 0,000354
уравнение 2,525729 0,000743
ураган 2,659260 0,003910
ураганный 3,912023 0,001150
уровень 0,150823 0,000044
усиление 1,832581 0,000539
условие -0,009950 -0,000023
условный 1,897120 0,000558
успех 1,021651 0,000300
успешность 3,218876 0,000946
успешный 1,309333 0,000385
утверждение 0,400478 0,000118
уточнение 1,469676 0,000432
ухудшать 3,218876 0,000946
участие -0,009950 -0,000009
учет 0,597837 0,000352
учетный -0,009950 -0,000003
фаза 2,302585 0,001354
фактический 1,660731 0,000488
фактор 0,994252 0,000585
фантастика 2,407946 0,000708
фата-моргана 3,912023 0,001150
фауна 1,108663 0,000326
февраль 0,051293 0,000015
фен 3,912023 0,001150
физик 1,309333 0,000385
физико-химический 2,995732 0,000881
физический 0,798508 0,000939
финансовый 0,733969 0,000216
флаг 0,597837 0,000176
флор 1,021651 0,000300
флориду 3,912023 0,001150
флот 1,347074 0,001188
фонд -0,009950 -0,000003
фондовый 2,813411 0,000827
форма 0,287682 0,000169
формирование 0,597837 0,000176
форт 2,813411 0,000827
фотографирование 3,912023 0,001150
француз 1,660731 0,000488
французский 1,309333 0,000385
фримантлский 3,912023 0,001150
фронт 1,078810 0,006661
фудзиты 3,912023 0,002301
хабуб 3,912023 0,001150
хазри 3,912023 0,001150
хамсин 3,912023 0,001150
хан 1,897120 0,000558
характер 0,653926 0,000769
характеристика 0,415515 0,000489
характерный 0,693147 0,000611
харматан 3,912023 0,001150
хвост 2,302585 0,000677
химический 0,867501 0,000765
химия 1,514128 0,000445
хозяйство 0,579818 0,000682
холод 2,040221 0,000600
холодная 1,139434 0,002680
холодно 3,218876 0,000946
холодное 1,560648 0,000459
холодный 1,771957 0,003126
хотя 0,653926 0,000192
хронология 1,771957 0,000521
хубилая 3,912023 0,001150
цветной 1,560648 0,000459
целое 0,634878 0,000187
цель 0,371064 0,000218
центр 0,287682 0,000508
центральный 0,400478 0,000236
центробежный 3,912023 0,002301
церемония 1,832581 0,000539
цивилизация 1,771957 0,000521
цикл 1,237874 0,000364
циклон 2,207275 0,014278
циркуляция 2,302585 0,000677
часовой 0,713350 0,000419
частица 2,407946 0,001416
частность 0,462035 0,000136
часто 0,415515 0,000122
частота 1,309333 0,000385
часть 0,061875 0,000109
чаща 1,108663 0,000326
чей 1,386294 0,000408
человек 0,186330 0,000384
человеческий 1,309333 0,000385
человечество 1,660731 0,000488
числить 2,813411 0,001654
число 0,186330 0,000110
читатьправитьправить 0,494296 0,000145
шаблон 0,462035 0,000272
шамаль 3,912023 0,001150
шарав 3,912023 0,001150
шаровой 3,912023 0,001150
шелоник 3,912023 0,001150
шесть 1,021651 0,000300
шинук 3,912023 0,001150
ширина 0,916291 0,000269
широко 0,653926 0,000385
широта 1,237874 0,002548
шкала 2,207275 0,003894
шквал 3,506558 0,001031
штат 1,560648 0,000459
штиль 2,659260 0,000782
шторм 2,302585 0,002031
штормовой 2,995732 0,001762
эволюция 1,560648 0,000918
экватор 2,525729 0,000743
эквивалентный 2,813411 0,000827
экологический 0,693147 0,000204
экология 0,562119 0,000331
экономический 0,478036 0,000281
экосистема 1,966113 0,001734
эксплуатация 0,776529 0,000228
экспорт -0,009950 -0,000003
экстремальный 2,207275 0,002596
электрический 1,309333 0,000385
электричество 2,207275 0,000649
электропередача 3,912023 0,001150
элемент 0,544727 0,001442
эллипсоид 3,218876 0,000946
эль-азизии 3,912023 0,001150
эльма 3,912023 0,001150
энергия 1,021651 0,000901
энциклопедия -0,009950 -0,000041
этан 3,912023 0,001150
эукариот 3,506558 0,001031
эффект 1,966113 0,000578
эффективность 1,347074 0,000396
южновьетнамский 3,912023 0,001150
южный 0,385662 0,000340
юпитер 2,813411 0,001654
явление 1,021651 0,004506
являться 0,040822 0,000096
ядро 1,171183 0,000344
язык -0,009950 -0,000006
январь 0,105361 0,000093
яндекс 1,714798 0,000504
японии 2,302585 0,000677
ясный 1,347074 0,001188
