абсолютно 2,302585 0,000612
абстрагироваться 3,506558 0,000932
автомобиль 1,108663 0,000589
авторитетный 0,891598 0,000237
авторство -0,009950 -0,000003
агрегатный 2,813411 0,000748
агрофизик 3,912023 0,001040
ад-дин 3,912023 0,001040
адекватный 2,995732 0,000796
адронный 3,912023 0,001040
аз 2,302585 0,000612
активно 0,733969 0,000195
акустик 3,218876 0,000856
акустооптика 3,912023 0,001040
ал-хайсам 3,912023 0,002080
ал-хайсама 3,912023 0,001040
альберт 2,525729 0,002686
альхазен 3,912023 0,001040
американский 0,994252 0,000529
анализ 0,967584 0,000772
анализировать 2,407946 0,000640
английский 1,309333 0,000348
анри 2,659260 0,001414
античный 2,207275 0,000587
аппарат 1,469676 0,000391
араб 1,609438 0,000428
арабский 1,560648 0,000415
аристотель 2,525729 0,002014
аристотеля 2,995732 0,002389
архив 0,446287 0,000119
архимед 3,912023 0,001040
архимеда 3,912023 0,001040
аспект 1,469676 0,001172
астрономический 2,040221 0,000542
астрономия 2,207275 0,001760
астрофизик 3,912023 0,001040
астрофизика 3,912023 0,001040
ат-туси 3,912023 0,001040
атмосфера 0,994252 0,000529
атмосферный 1,386294 0,000368
атом 3,218876 0,006845
атомарный 3,506558 0,000932
атомистика 3,912023 0,001040
атомно-корпускулярная 3,912023 0,001040
атомный 1,660731 0,000883
баз 0,371064 0,000099
баш 3,506558 0,000932
беккерель 3,912023 0,001040
бенджамин 3,506558 0,000932
библиографический 0,083382 0,000022
биокосное 3,912023 0,001040
биологический 1,771957 0,000471
биология 1,560648 0,000415
биосовместимые 3,912023 0,001040
биофизик 3,218876 0,002567
благодаря 0,527633 0,000701
блез 3,506558 0,000932
блестеть 3,218876 0,000856
бойль 3,912023 0,001040
болезнь 1,832581 0,000487
больцман 3,912023 0,001040
больцмана 3,912023 0,002080
большее 1,309333 0,000348
большинство 0,342490 0,000273
большое 0,385662 0,000410
большой 0,040822 0,000098
бор 1,203973 0,000320
борьба 0,820981 0,000218
бройлем 3,912023 0,001040
бройля 3,912023 0,001040
брокгауза 0,328504 0,000175
быстро 0,967584 0,000257
быстрый 0,916291 0,000244
важный 0,494296 0,001183
введение 1,078810 0,000287
ввести 0,634878 0,000844
век 0,248461 0,000991
вектор 2,525729 0,000671
великий 0,356675 0,000379
величина 1,108663 0,001474
вернера 3,506558 0,000932
верность 2,659260 0,000707
вернуться 1,171183 0,000311
верный 2,302585 0,001224
версия -0,009950 -0,000011
вертолет 2,207275 0,000587
верхний 0,494296 0,000131
вех 2,525729 0,000671
вещество 0,994252 0,003700
взаимодействие 1,203973 0,001600
взаимодействовать 1,966113 0,000523
взрыв 1,771957 0,000471
вид 0,061875 0,000099
викиданных -0,009950 -0,000003
викимедиа -0,009950 -0,000003
википедии -0,009950 -0,000005
википедия -0,009950 -0,000005
викискладвикиновостивикицитатниквикитекаэлемент 3,912023 0,001040
викискладе 0,174353 0,000046
викискладепортал 2,207275 0,000587
викискладстатьи 0,891598 0,000237
викисловарецитаты 1,108663 0,000295
викисловарьвикипедия 1,309333 0,000348
викитеке 3,218876 0,000856
викитекемедиафайлы 1,272966 0,000338
викитеку 1,347074 0,000358
викицитатник 1,272966 0,000338
викицитатникетексты 1,427116 0,000379
винт 3,912023 0,001040
вклад 0,994252 0,000529
включать 0,235722 0,000063
влияние 0,527633 0,000140
вместе 0,510826 0,000272
внести 1,021651 0,000815
внешний 0,051293 0,000014
вновь 0,755023 0,000201
внутренний 0,314711 0,000084
вода 0,527633 0,000281
воздух 0,616186 0,000491
воздушный 0,798508 0,000212
возможность 0,314711 0,000167
возникновение 0,941609 0,001001
возникнуть 0,653926 0,000174
волна 0,916291 0,001705
волновой 3,912023 0,005199
волшебный 0,030459 0,000008
вольт-амперный 3,912023 0,001040
вольфа 3,506558 0,000932
вольфганга 3,912023 0,001040
вольфианская 3,912023 0,002080
вопрос 0,371064 0,000493
воспринимать 2,302585 0,000612
впервые 0,385662 0,000205
впоследствии 0,653926 0,000174
вращение 2,995732 0,000796
время 0,020203 0,000070
вселить 2,407946 0,002560
всемирный 0,891598 0,000237
всеобщность 3,912023 0,001040
вскоре 1,309333 0,000348
вставать 3,912023 0,001040
втора 0,274437 0,000073
входить 0,287682 0,000229
выбить 3,218876 0,000856
выдаваться 1,139434 0,000303
выдвинуть 1,897120 0,001009
выдержать 1,832581 0,000487
вызываться 3,912023 0,001040
выйти 0,798508 0,000212
выработать 2,659260 0,000707
выражаться 2,659260 0,000707
высокий 0,139262 0,000037
выступить 1,660731 0,000441
вычислительный 1,514128 0,000402
вычленение 3,506558 0,000932
выявить 1,514128 0,001207
газ 0,941609 0,000250
газодинамика 3,912023 0,001040
газообразный 2,813411 0,000748
гайзенберга 3,912023 0,001040
галилей 3,506558 0,001864
галилео 3,218876 0,000856
гамильтониан 3,912023 0,001040
гамильтонова 3,912023 0,001040
гамильтоном 3,912023 0,001040
гауссов 3,912023 0,001040
гейзенберг 3,912023 0,001040
генезис 2,813411 0,000748
генрих 3,912023 0,001040
геологический 1,139434 0,000303
геометрический 2,407946 0,000640
георг 2,995732 0,000796
геофизик 2,659260 0,001414
геофизический 2,813411 0,001496
герц 3,912023 0,001040
гиббс 3,912023 0,001040
гидродинамик 3,218876 0,005134
гидростатика 3,912023 0,001040
гидрофизик 3,912023 0,001040
гиперядро 3,912023 0,001040
гипотеза 1,560648 0,002904
глаз 1,714798 0,001823
глубоко 1,897120 0,000504
год -0,009950 -0,000045
годавикипедия 0,616186 0,000164
гораздо 1,714798 0,000456
горный 0,941609 0,000250
государственный 0,261365 0,000069
гравитационный 2,995732 0,001593
гравитация 3,912023 0,002080
градус 1,514128 0,001610
грамм 3,218876 0,000856
граница 0,356675 0,000190
грей 3,506558 0,001864
греции 1,560648 0,000415
греча 1,427116 0,000379
греческий 1,469676 0,000391
григорьян 3,912023 0,014558
грнти 3,506558 0,000932
грозовой 3,506558 0,002796
группа 0,314711 0,000084
гуманитарный 0,994252 0,000264
гюйгенс 3,912023 0,001040
гюйгенсом 3,912023 0,001040
давать 0,820981 0,000436
давление 1,832581 0,000974
далеко 1,347074 0,000358
даль 1,609438 0,000428
дальний 0,446287 0,000119
даля 2,207275 0,000587
датский 0,328504 0,000087
дать 0,072571 0,000174
два 0,150823 0,000080
двадцатый 3,218876 0,000856
двигатель 2,120264 0,000564
двигаться 1,832581 0,000487
движение 0,544727 0,001738
девятнадцатый 3,218876 0,000856
дедуктивный 3,506558 0,000932
действие 0,776529 0,001238
действовать -0,009950 -0,000003
делить 1,897120 0,000504
дело 0,562119 0,000149
день 0,210721 0,000056
деятельность 0,342490 0,000273
джеймс 2,659260 0,001414
джозайя 3,912023 0,001040
джоуль 3,506558 0,001864
диагностик 3,218876 0,000856
дизайн 1,832581 0,000487
динамик 1,272966 0,000338
динамический 1,897120 0,000504
дирака 3,912023 0,001040
дисперсность 3,912023 0,001040
дисциплина 1,897120 0,001009
дифракция 3,912023 0,002080
длина 0,579818 0,000308
длительный 1,309333 0,000348
дно 1,469676 0,000391
добавить 0,562119 0,000149
добиться 2,040221 0,000542
довольно 0,891598 0,000237
доказательство 1,660731 0,000441
доказать 2,040221 0,000542
должное 3,218876 0,000856
должный 0,356675 0,000095
дополнительный -0,009950 -0,000005
достаточно 0,820981 0,000218
достигнуть 1,272966 0,000338
достижение 1,139434 0,000909
достояние 2,525729 0,000671
доступный -0,009950 -0,000005
древние 0,967584 0,001286
древний 0,653926 0,000174
древность 1,203973 0,000640
дробно -0,009950 -0,000003
другой -0,009950 -0,000037
дуализм 3,506558 0,000932
дыра 2,813411 0,000748
евклид 3,506558 0,000932
еврейский 0,755023 0,000201
европа 0,301105 0,000160
европейский 0,494296 0,000131
единица 0,478036 0,001652
единственно 2,995732 0,000796
естественный 0,776529 0,001032
естествознание 2,525729 0,004700
ефрона 0,328504 0,000175
живое 2,659260 0,000707
жидкий 2,525729 0,000671
жидкость 2,995732 0,001593
жизнь 0,342490 0,000091
жозефом 3,912023 0,001040
жтф 3,912023 0,002080
журнал 0,301105 0,001121
жэтф 3,912023 0,002080
завершиться 1,309333 0,000348
зависимость 0,713350 0,000379
загадка 2,659260 0,000707
заглавный -0,009950 -0,000003
заглядывать 3,506558 0,000932
заголовок 2,120264 0,000564
задача 0,820981 0,000655
закон 0,462035 0,004299
закономерность 2,040221 0,003796
заложить 0,843970 0,000673
заменить 0,494296 0,000131
замерзание 2,659260 0,000707
заметить 2,525729 0,000671
занятие 1,469676 0,000391
занять 0,693147 0,000184
записьвойти -0,009950 -0,000003
заранее 2,659260 0,000707
зарегистрировать -0,009950 -0,000003
зарождение 1,832581 0,000974
зарубежный 0,994252 0,000264
заряд 3,912023 0,002080
зарядить 3,912023 0,001040
затем 0,527633 0,000140
зачастую 1,771957 0,000471
заявление -0,009950 -0,000003
здоровье 1,203973 0,000320
зеленый 0,755023 0,000201
землеведениеисторические 3,912023 0,001040
земля 0,400478 0,000426
знак -0,009950 -0,000003
знание 1,108663 0,002358
значение 0,061875 0,000066
значительный 0,328504 0,000437
значить 1,427116 0,000379
зрение 1,203973 0,000640
зуб 2,659260 0,002827
ибн 2,659260 0,002121
иваненко 3,218876 0,001711
иванов 1,560648 0,000415
идеализация 3,506558 0,001864
идеальный 2,525729 0,001343
идея 1,108663 0,008252
из-под 2,995732 0,000796
известный 0,287682 0,000153
изд 0,314711 0,000251
издать 1,386294 0,000368
излишний 3,506558 0,000932
излучать 3,912023 0,002080
излучаться 3,506558 0,001864
излучение 2,525729 0,002686
изменение 0,301105 0,000240
изменить 1,049822 0,000558
измениться 1,021651 0,000543
измерение 1,771957 0,003297
измерительный 2,525729 0,000671
измерять 3,506558 0,001864
измеряться 2,995732 0,000796
изображение 0,693147 0,000184
изобретатель 2,525729 0,000671
изучать 1,427116 0,001517
изучаться 2,525729 0,000671
изучение 0,713350 0,001896
именно 0,544727 0,000290
иметь 0,094311 0,000150
иначе 0,733969 0,000195
индий 1,609438 0,000856
индийский 1,609438 0,000428
индуцировать 3,912023 0,001040
инерция 3,506558 0,001864
инженерия 2,813411 0,000748
инженерный 1,272966 0,001015
иной 0,867501 0,000231
институт 0,371064 0,000099
инструмент -0,009950 -0,000011
инструментальная 2,659260 0,000707
интеграл 3,218876 0,000856
интересовать 2,995732 0,000796
интерпретация 2,120264 0,001127
интерференция 3,912023 0,001040
информатик 1,469676 0,000391
информация 0,162519 0,000130
иоганн 3,218876 0,000856
исаак 3,218876 0,001711
искать 1,966113 0,000523
использование -0,009950 -0,000005
использовать 0,020203 0,000027
использоваться 0,223144 0,000237
исследование 0,462035 0,002088
исследователь 0,941609 0,000501
исследовательский 1,237874 0,000658
исследовать 1,469676 0,002735
исследоваться 3,218876 0,000856
истина 2,525729 0,000671
истинный 2,407946 0,000640
историк 1,469676 0,000391
исторический 0,314711 0,000084
история 0,051293 0,000082
источник -0,009950 -0,000024
исходить 1,832581 0,000974
итог 0,494296 0,000131
казаться 2,407946 0,000640
какой 0,820981 0,000436
какой-то 1,560648 0,000415
калория 3,912023 0,003120
камера-обскура 3,912023 0,002080
канонический 3,506558 0,000932
карно 3,912023 0,001040
картезианский 3,912023 0,001040
каталог 0,094311 0,000025
катастрофа 1,514128 0,000402
категория -0,009950 -0,000013
качественный 1,832581 0,000487
квант 2,995732 0,004778
квантовый 2,407946 0,013441
кварк 3,506558 0,000932
кеплер 3,912023 0,001040
керамик 2,659260 0,001414
кинематика 3,912023 0,001040
кинетика 3,912023 0,002080
кипение 3,912023 0,001040
китайский 0,653926 0,000174
классификация 1,514128 0,000805
классический 0,755023 0,002609
клаузиусу 3,912023 0,001040
клерк 3,506558 0,000932
книга 0,415515 0,000442
код -0,009950 -0,000063
кодекс -0,009950 -0,000003
кодистория 0,116534 0,000031
колебание 1,386294 0,001105
количественно 3,506558 0,001864
количественный 1,966113 0,003136
количество 0,210721 0,000336
коллайдер 3,912023 0,001040
комета 2,813411 0,000748
компьютер 1,427116 0,000759
конвекция 3,218876 0,000856
конденсировать 3,912023 0,002080
конец 0,198451 0,000106
конспект 3,912023 0,001040
константа 2,995732 0,001593
конструирование 2,995732 0,000796
конус 3,912023 0,001040
конфиденциальность -0,009950 -0,000003
концепция 0,967584 0,000257
кончик 3,912023 0,001040
копенгагенский 3,218876 0,000856
копернику 3,506558 0,000932
корейский 1,832581 0,000487
корить 1,309333 0,001044
короткий -0,009950 -0,000008
корпускула 3,912023 0,001040
корпускулярно-волновом 3,912023 0,001040
корпускулярный 3,912023 0,003120
космический 1,309333 0,000348
космология 3,218876 0,001711
космонавт 1,514128 0,000402
косное 3,912023 0,001040
который 0,000000 0,000000
коэффициент 2,040221 0,000542
край 0,544727 0,000145
красный 0,597837 0,000159
краткий 0,653926 0,000348
кривизна 3,912023 0,001040
кризис 1,386294 0,000368
кристаллический 2,995732 0,000796
кристаллография 3,912023 0,002080
кристаллооптика 3,912023 0,001040
кругосвет 1,560648 0,000415
кудрявцев 2,813411 0,002991
кузнец 1,560648 0,002489
куки -0,009950 -0,000003
культура 0,356675 0,000190
курс 1,171183 0,000311
лаборатория 1,309333 0,000696
лагранжева 3,912023 0,001040
лагранжем 3,912023 0,001040
лазер 3,506558 0,001864
ландау 3,506558 0,000932
ларусса 1,078810 0,000287
латвия 2,302585 0,000612
лежать 0,994252 0,001057
леонардом 3,912023 0,001040
лечение 1,897120 0,000504
линия 0,462035 0,000246
литература 0,051293 0,000027
литиямикроскопическая 3,912023 0,001040
литовский 1,203973 0,000320
лифшиц 3,506558 0,000932
лицензия -0,009950 -0,000003
ломонос 1,966113 0,002613
ломоносова 2,040221 0,001085
ломоносовым 3,218876 0,000856
луи 3,218876 0,003423
луна 2,407946 0,000640
луч 1,897120 0,001009
люба 1,469676 0,000391
любое 1,139434 0,000303
любой 1,386294 0,000368
людвиг 3,506558 0,000932
люди 0,755023 0,000201
магнетизм 3,912023 0,002080
магнит 1,609438 0,000856
магнитный 2,207275 0,001760
магнитогидродинамика 3,912023 0,001040
магнитостатика 3,912023 0,001040
май 0,127833 0,000068
майер 3,506558 0,000932
майкельсона 3,912023 0,001040
майкл 2,407946 0,000640
макроскопический 3,912023 0,003120
макроструктура 3,912023 0,001040
макса 1,897120 0,001009
максвелл 3,912023 0,003120
мала 1,237874 0,000329
мало 0,579818 0,000308
малой 0,776529 0,000206
малый 0,139262 0,000185
марий 2,525729 0,000671
масса 0,916291 0,000487
математик 1,347074 0,001790
математика 3,218876 0,000856
математический 1,832581 0,003897
материал -0,009950 -0,000016
материаловедение 2,995732 0,002389
материаловеденияосновные 3,912023 0,001040
материальный 1,514128 0,000402
материя 2,813411 0,008226
машина 0,713350 0,000569
машиностроение 1,049822 0,000279
медиафайлы 0,301105 0,000080
медицина 1,309333 0,000348
медицинский 0,653926 0,000174
междисциплинарный 2,525729 0,000671
международный 0,385662 0,000103
мейснера 3,912023 0,001040
меняться 1,272966 0,000338
место 0,139262 0,000037
металловедение 3,912023 0,001040
металлургия 1,714798 0,000456
метод 1,049822 0,003070
методология 2,407946 0,000640
метрология 3,218876 0,000856
механизм 1,347074 0,001074
механик 1,832581 0,014127
механика 3,912023 0,001040
механический 1,660731 0,002207
микроканонический 3,912023 0,001040
микромир 3,912023 0,001040
микроскопический 3,218876 0,002567
микроструктура 3,912023 0,001040
микрочастица 3,912023 0,001040
минералогия 2,995732 0,001593
мир 0,094311 0,000075
мировая 0,527633 0,000140
мировоззрение 2,407946 0,001280
михаил 0,916291 0,000244
мнение 0,634878 0,000169
многие 0,356675 0,000284
много 0,150823 0,000120
многолетний 1,560648 0,000415
многочисленный 0,693147 0,000184
мобильный -0,009950 -0,000005
модель 0,891598 0,001185
молекула 3,218876 0,000856
молекулярно-кинетическая 3,912023 0,001040
молекулярный 3,506558 0,001864
молния 2,813411 0,000748
момент 0,527633 0,000421
мопертюи 3,912023 0,001040
морли 3,912023 0,001040
мочь -0,009950 -0,000011
мощанский 3,912023 0,002080
мощно 3,912023 0,001040
мощность 1,386294 0,000368
мыслитель 2,659260 0,002121
мысль 1,469676 0,000781
мягкий 1,714798 0,000456
наблюдение 1,108663 0,002358
навигация -0,009950 -0,000008
нагрев 3,912023 0,001040
название 0,105361 0,000084
называть 0,174353 0,000139
называться 0,328504 0,000087
наиболее 0,139262 0,000185
найти 0,733969 0,000780
накопить 2,120264 0,000564
накопление 2,120264 0,000564
намного 2,302585 0,000612
наноструктура 3,506558 0,000932
нанотехнология 3,506558 0,000932
наоборот 1,832581 0,000974
напечатать 3,218876 0,000856
написать 0,867501 0,000461
направление 0,385662 0,000513
например 0,328504 0,000786
напряжение 3,218876 0,001711
насир 3,912023 0,001040
наследие 0,713350 0,000190
настоящее 0,287682 0,000076
натурфилософия 3,218876 0,000856
наука 0,235722 0,001942
наукафизикагреч 3,912023 0,001040
наукисовременные 3,912023 0,001040
науковедение 2,813411 0,000748
научно-популярный 1,966113 0,000523
научно-технический 1,386294 0,000368
научный 0,248461 0,001387
национальный 0,342490 0,000091
начало 0,116534 0,000248
началось 0,616186 0,000164
начаться 0,562119 0,000299
начертание 3,506558 0,000932
начиная 0,733969 0,000195
наш 0,527633 0,000140
небесный 2,995732 0,000796
невероятный 2,813411 0,000748
невозможно 1,832581 0,000974
недостаток 0,579818 0,000154
неизвестный 1,609438 0,000856
нейтрино 3,506558 0,000932
нейтрон 3,912023 0,001040
некоммерческий -0,009950 -0,000003
некоторые 0,127833 0,000136
нелинейный 3,218876 0,001711
немало 1,966113 0,000523
немецкий 0,798508 0,000212
необходимый 1,078810 0,000287
непонятный 3,912023 0,001040
непосредственно 0,478036 0,000254
неправильно 2,040221 0,000542
неправильный 2,407946 0,001280
неравновесный 3,912023 0,002080
нередко 1,108663 0,000295
нерешенный 2,995732 0,000796
несмотря 0,755023 0,000401
никакой 1,609438 0,000428
николаю 2,407946 0,000640
нильс 3,506558 0,000932
нить 2,813411 0,000748
новое 0,287682 0,000076
новый 0,083382 0,000510
нога 2,995732 0,000796
норвежский 0,248461 0,000066
носить 0,798508 0,000212
нужда 1,237874 0,000329
нулевой 1,609438 0,000428
ньютон 3,506558 0,007457
ньютоновский 3,912023 0,001040
нюрнберга 3,506558 0,000932
оба 0,597837 0,000318
обзорный 2,813411 0,001496
облако 2,207275 0,000587
область 0,150823 0,000401
облучение 3,506558 0,000932
обнаружение 2,995732 0,001593
обнаруживаться 2,995732 0,000796
обобщение 2,659260 0,000707
обобщить 2,525729 0,000671
обогатиться 3,218876 0,001711
обозначение 1,386294 0,000368
обрабатываться 3,218876 0,000856
образ 0,287682 0,000229
обратно 1,714798 0,000456
обусловить 1,237874 0,000329
общее 0,301105 0,000160
общенаучный 3,912023 0,001040
общественный 0,494296 0,000131
общество 0,415515 0,000663
общий 0,186330 0,000743
объединить 0,867501 0,000231
объединяться 2,995732 0,000796
объект 0,235722 0,000376
объем 0,400478 0,000319
объяснение 1,897120 0,003026
объяснить 1,966113 0,004181
объяснять 1,832581 0,000974
объясняться 1,560648 0,000415
обычно 0,693147 0,000184
ограничение 1,237874 0,000329
огромный 0,776529 0,000206
огюстена 3,912023 0,001040
один 0,051293 0,000055
одинаково 3,218876 0,000856
однако 0,174353 0,000324
одновременно 0,776529 0,000619
одновременность 3,912023 0,001040
оказаться 0,820981 0,000436
окончательный 1,897120 0,000504
ом 3,912023 0,003120
онкология 2,659260 0,000707
онлайн 0,198451 0,000053
оперативно 3,912023 0,001040
опережать 2,207275 0,000587
опираться 1,560648 0,001659
описание -0,009950 -0,000011
описать 1,347074 0,000358
описывать 1,427116 0,002276
описываться 1,966113 0,001045
определение 0,967584 0,000257
определить 0,527633 0,000561
определять 0,867501 0,000461
определяться 1,078810 0,000287
опровержение 3,506558 0,000932
оптик 2,659260 0,007776
опубликовать 0,891598 0,000948
опыт 1,427116 0,000379
опытный 1,108663 0,000589
организация -0,009950 -0,000005
органический 1,832581 0,000487
оригинальное 2,302585 0,000612
осложняться 2,995732 0,000796
основа 0,210721 0,000896
основать 0,274437 0,000146
основное 0,235722 0,000125
основной 0,040822 0,000369
основополагающий 2,659260 0,000707
основываться 1,560648 0,000415
осуществляться 0,616186 0,000164
осциллятор 3,912023 0,001040
отв 0,755023 0,002810
ответ 0,941609 0,001001
ответственность -0,009950 -0,000003
отводиться 2,813411 0,000748
отдельность 2,813411 0,000748
отдельный -0,009950 -0,000011
отделяться 2,659260 0,000707
отказ -0,009950 -0,000003
открывать 1,771957 0,000471
открытие 0,616186 0,001802
открыть 0,150823 0,000401
отличаться 0,342490 0,000091
относительно 0,415515 0,000110
относительность 3,218876 0,010268
отрасль 0,653926 0,000348
отредактировать -0,009950 -0,000005
охарактеризовать 3,506558 0,000932
очень 0,494296 0,000526
очередь 0,510826 0,000272
очерк 0,733969 0,002927
ошибкекак -0,009950 -0,000003
падать 1,771957 0,000471
падение 1,560648 0,000415
парадигм 2,813411 0,001496
парадокс 2,659260 0,000707
параметр 1,139434 0,000606
парить 3,506558 0,000932
паскаль 3,218876 0,000856
паули 3,912023 0,001040
первое 0,150823 0,000160
первоначально 1,203973 0,000320
первый 0,162519 0,000130
перевод 0,941609 0,000250
передавать 1,560648 0,000415
передний 2,525729 0,000671
перейти -0,009950 -0,000005
переместиться 2,525729 0,000671
перенормировка 3,912023 0,001040
пересматривать 3,506558 0,000932
пересмотр 3,506558 0,000932
пересмотреть 2,995732 0,000796
переформулировать 3,506558 0,000932
переход 0,653926 0,000174
период 0,274437 0,000438
перо 2,407946 0,000640
персидский 1,897120 0,001009
персии 2,995732 0,000796
персональный -0,009950 -0,000003
петрофизика 3,912023 0,001040
печать -0,009950 -0,000005
пионер 1,427116 0,000379
писать 0,820981 0,000218
письмо 1,237874 0,000987
питание 1,171183 0,000623
плазма 2,995732 0,000796
планетарный 2,995732 0,000796
планк 3,912023 0,003120
планка 3,912023 0,003120
плотность 0,634878 0,000169
по-прежнему 1,966113 0,000523
победа 0,755023 0,000201
поведение -0,009950 -0,000005
поверхностный 1,514128 0,000402
поверхность 1,347074 0,000358
поглощаться 3,506558 0,000932
подвергаться 1,609438 0,000428
подготовить 1,386294 0,000368
поддержка 0,653926 0,000174
подобное 1,832581 0,000974
подойти 2,407946 0,000640
подробность 2,407946 0,000640
подробный 1,832581 0,000487
подтвердить 1,309333 0,000696
подтвердиться 3,218876 0,000856
подтверждать 1,560648 0,000415
подтверждение 1,771957 0,001413
подход 0,994252 0,000529
пожалуй 3,218876 0,000856
позволить 0,967584 0,001029
позволять 0,462035 0,000368
позже 0,733969 0,000780
познание 2,659260 0,000707
поиск -0,009950 -0,000011
пока 0,843970 0,000224
показать 0,891598 0,000237
пол 0,446287 0,000475
полак 3,912023 0,015598
поле 1,049822 0,003070
полимер 3,506558 0,001864
полимерный 3,506558 0,000932
политик -0,009950 -0,000003
положение 0,415515 0,000110
получать 0,916291 0,000244
получить 0,150823 0,000241
пользоваться 1,139434 0,000303
полярный 1,347074 0,000358
помощь 0,342490 0,000546
понимание 1,560648 0,002074
поныне 2,813411 0,000748
понятие 0,967584 0,001800
понять 2,407946 0,000640
пора 0,776529 0,000413
поражение 1,897120 0,000504
портал 0,342490 0,000091
порция 3,218876 0,001711
последнее 0,843970 0,000224
последний -0,009950 -0,000003
последовательно 1,832581 0,000487
послужить 1,469676 0,000391
посредство 1,660731 0,000441
поставить 1,021651 0,000272
постановка 2,120264 0,000564
постепенно 0,867501 0,000231
постоянная 0,843970 0,000897
постоянно 1,108663 0,000589
построение 1,560648 0,001245
построить 0,301105 0,000400
постулировать 3,506558 0,000932
посылка 2,995732 0,000796
потерпеть 2,407946 0,000640
потерять 1,386294 0,000368
потребность 1,514128 0,000402
потребовать 2,040221 0,000542
поэтому 0,616186 0,000164
появиться 0,248461 0,000132
появление 0,653926 0,001217
появляться 0,733969 0,000390
правило 0,478036 0,000254
правильность 2,659260 0,000707
править -0,009950 -0,000122
правкиновые -0,009950 -0,000003
правкипостоянная -0,009950 -0,000003
практик 1,049822 0,000558
практический 1,560648 0,000830
предложить 0,820981 0,001091
предмет 0,713350 0,000758
предоставлять 0,713350 0,000190
предположение 1,897120 0,000504
предположить 2,302585 0,000612
предпосылка 2,525729 0,001343
предпочитать 2,407946 0,000640
предсказание 2,525729 0,001343
представиться -0,009950 -0,000003
представление 0,776529 0,000826
преимущественно 0,776529 0,000206
прекрасно 3,912023 0,002080
препринт 3,912023 0,001040
препятствовать 2,302585 0,000612
пресс 1,272966 0,000338
престижный 1,897120 0,000504
прибор 1,660731 0,000883
привезти 2,040221 0,000542
привести 0,356675 0,000853
приводить 0,776529 0,000206
привычное 2,813411 0,000748
придерживаться 2,995732 0,000796
прийтись 1,469676 0,000781
прикладной 1,078810 0,001434
применение 0,967584 0,000514
применимость 3,218876 0,001711
применимый 3,912023 0,001040
применить 1,609438 0,000428
применять 0,510826 0,000136
пример 0,527633 0,000281
примерно 0,634878 0,000169
примесь 2,407946 0,000640
примечание -0,009950 -0,000005
принцип 0,867501 0,001384
принципиально 2,813411 0,000748
принять 0,248461 0,000066
природа 0,653926 0,003129
природный 0,510826 0,000272
природоведение 3,912023 0,002080
присущий 2,207275 0,000587
причем 0,994252 0,000264
причина 0,562119 0,000448
проблема 0,274437 0,000073
проведение 0,673345 0,000179
проверить 0,478036 0,000254
проверка 0,843970 0,000449
проверять 0,820981 0,000436
проверяться 1,714798 0,001823
провести 0,579818 0,000154
проводить 0,843970 0,000224
проводник 2,659260 0,002827
прогресс 1,309333 0,000348
продемонстрировать 2,525729 0,001343
продумать 3,506558 0,000932
проект -0,009950 -0,000003
произведение 1,021651 0,000272
производственный 1,078810 0,000574
произвольный 2,120264 0,000564
происходить 0,328504 0,000175
промежуток 2,659260 0,001414
промышленность 0,494296 0,000131
пропорциональный 3,218876 0,002567
просвещение 1,560648 0,000830
проследить 3,218876 0,000856
просмотр -0,009950 -0,000003
простой 1,108663 0,000884
пространства-времени 3,912023 0,001040
пространство 0,634878 0,000338
пространство-время 3,912023 0,001040
протон 3,218876 0,001711
профессия 2,302585 0,000612
прохоров 1,078810 0,000860
процесс 0,415515 0,000221
прошлый 2,813411 0,000748
проявлять 2,407946 0,000640
проявляться 2,525729 0,000671
прямая 0,867501 0,000231
прямо 1,714798 0,000456
птолемеевский 3,912023 0,001040
птолемей 3,218876 0,000856
пуанкаре 3,218876 0,002567
публиковать 2,207275 0,001173
публиковаться 2,407946 0,000640
путь 0,261365 0,000834
пытаться 1,237874 0,000987
пьер 3,218876 0,000856
работа 0,127833 0,000340
равновесие 3,218876 0,000856
радио 0,891598 0,000237
радиоактивность 3,912023 0,002080
радиоволна 3,506558 0,000932
радиофизик 3,506558 0,002796
разбираться 3,506558 0,000932
развиваться 0,597837 0,000477
развитие 0,127833 0,001019
развить 0,616186 0,000328
развиться 2,407946 0,000640
раздел 0,342490 0,001092
разделение 1,021651 0,000272
различать 1,966113 0,000523
различный 0,116534 0,000093
размер 0,755023 0,001405
размерность 3,912023 0,001040
разное 1,078810 0,000287
разнообразный 1,139434 0,000303
разный 0,314711 0,000084
разрабатываться 1,660731 0,000441
разработать 0,616186 0,000328
разработчик -0,009950 -0,000003
разрешение 1,660731 0,000441
разряд 2,040221 0,000542
рамка 0,478036 0,000381
рано 0,261365 0,000347
распределение 1,203973 0,000640
распределить 0,693147 0,000184
распространяться 1,272966 0,000677
рассеяние 3,218876 0,000856
рассматривать 1,237874 0,000329
расстояние 0,713350 0,000190
расчет 0,820981 0,000218
расширить 0,967584 0,000514
расширяться 1,771957 0,000471
реакция 2,525729 0,000671
революционный 1,386294 0,000368
революция 0,562119 0,001345
ред 0,235722 0,001003
резерфорд 3,912023 0,001040
резонанс 2,659260 0,000707
результат 0,174353 0,000417
рекомендация 0,776529 0,000206
релятивистский 3,218876 0,001711
ренессанс 2,407946 0,000640
рентгеновский 3,506558 0,001864
ресурс 0,020203 0,000005
решение 0,328504 0,000087
решетка 2,525729 0,000671
рихмана 3,912023 0,001040
роберт 2,302585 0,000612
род 0,843970 0,000224
рождение 1,078810 0,000287
роль 0,494296 0,000263
российский 0,105361 0,000084
россия 0,174353 0,000093
роуэном 3,912023 0,001040
рубрикатор 3,506558 0,000932
рудольфу 3,912023 0,001040
русский -0,009950 -0,000008
ряд 0,223144 0,000119
садить 3,912023 0,001040
сам 0,162519 0,000086
самолет 1,237874 0,000329
самостоятельный 0,820981 0,000218
самый 0,174353 0,000046
саха 2,813411 0,000748
сверхпроводник 3,506558 0,001864
свет 0,941609 0,003254
световой 2,040221 0,000542
свободный -0,009950 -0,000011
свое 0,287682 0,000153
свой 0,150823 0,000321
свойство 0,415515 0,000884
связать 0,174353 0,000185
связаться -0,009950 -0,000003
связь 0,174353 0,000139
сгс 3,912023 0,001040
сделать 0,616186 0,000164
себя 0,198451 0,000106
сегодня 0,616186 0,000164
сей 0,693147 0,000368
сейсмология 3,506558 0,000932
середина 0,356675 0,000095
сила 0,494296 0,000788
синий 1,771957 0,000471
синоним 2,407946 0,000640
синтез 2,407946 0,000640
система 0,051293 0,000164
системеобсуждениевкладсоздать -0,009950 -0,000003
ситуация 0,693147 0,000184
сияние 1,832581 0,000487
скачать -0,009950 -0,000003
скачивание 2,813411 0,000748
складываться 1,771957 0,000471
скорость 0,755023 0,001204
следовать 0,235722 0,000125
следствие 1,560648 0,000415
словарь 0,094311 0,000025
слово 0,210721 0,000112
сложиться 0,994252 0,000793
сложный 0,446287 0,000119
слой 1,272966 0,000338
случай -0,009950 -0,000003
смена 1,272966 0,000677
сменить 1,714798 0,000456
смешиваться 3,912023 0,001040
смысл 1,272966 0,000338
сначала 1,386294 0,000737
сноска 0,733969 0,000195
собственный 0,446287 0,000119
событияпожертвовать -0,009950 -0,000003
совершить 0,994252 0,000264
советский 0,261365 0,000139
совокупность 1,469676 0,000781
совпадать 1,832581 0,000487
современность 1,386294 0,000737
современный 0,150823 0,000241
согласно 0,301105 0,000080
согласовываться 3,506558 0,000932
содержание 0,010050 0,000003
создавать 0,798508 0,000212
создаваться 1,078810 0,000287
создание 0,301105 0,000240
создать 0,210721 0,000224
сокрушительный 3,506558 0,000932
солнце 1,347074 0,000358
сомневаться 2,995732 0,000796
сомнение 2,040221 0,000542
соображение 2,302585 0,001224
сообщить -0,009950 -0,000003
соответствие 0,371064 0,000099
соотношение 1,560648 0,000415
сопоставимый 2,302585 0,000612
сопротивление 2,207275 0,004107
сопрячь 2,813411 0,000748
соратник 2,995732 0,000796
сосредоточить 1,171183 0,000311
состав 0,248461 0,000066
составлять 0,198451 0,000158
составной 1,966113 0,001045
состояние 0,248461 0,000198
состоять 0,385662 0,000103
сохранение -0,009950 -0,000013
сохранить 1,171183 0,000311
сочинение 1,771957 0,001413
спектр 1,609438 0,000428
специальный 0,415515 0,000442
список 0,210721 0,000112
сплошной 2,120264 0,001691
спор 2,040221 0,000542
способ 1,078810 0,000574
способный 1,309333 0,000348
справедливость 2,525729 0,000671
справедливый 2,120264 0,000564
справка 1,203973 0,000640
сравнение 0,733969 0,000195
среда 0,385662 0,000410
среди 0,198451 0,000053
средневековый 1,386294 0,000368
средневековье 1,660731 0,000441
среднее 0,342490 0,000091
ссср 0,314711 0,001255
ссылка -0,009950 -0,000037
ссылкасведения -0,009950 -0,000003
стабильный 0,820981 0,000218
ставить 1,469676 0,000391
сталь 0,415515 0,000110
стандарт 0,867501 0,000231
стандартный 1,560648 0,000415
становиться 0,415515 0,000110
становление 1,237874 0,001316
старый 0,314711 0,000167
статистик -0,009950 -0,000005
статистический 0,713350 0,001517
стать 0,083382 0,000155
статьевикипедия 1,660731 0,000441
статьестатьи 0,843970 0,000224
статьислучайная -0,009950 -0,000003
статьисообществофорумсправкасвежие -0,009950 -0,000003
статья 0,020203 0,000064
статьяобсуждение -0,009950 -0,000003
статьятекущие -0,009950 -0,000003
стивен 3,218876 0,001711
стимулироваться 3,912023 0,001040
сто 1,514128 0,000402
страница -0,009950 -0,000008
страницасодержаниеизбранные -0,009950 -0,000003
страницецитировать -0,009950 -0,000003
страницуполучить -0,009950 -0,000003
страницыслужебные -0,009950 -0,000003
страховой 2,407946 0,000640
стремление 2,407946 0,000640
строение 0,891598 0,000948
строительный 0,891598 0,000237
строить 1,309333 0,000696
структура 0,400478 0,000319
структурный 1,427116 0,000379
стык 1,832581 0,000974
субатомный 3,912023 0,001040
суметь 2,207275 0,001760
сумма 1,386294 0,000368
существенно 1,108663 0,000589
существование 0,693147 0,000921
существовать 0,020203 0,000016
сфера 0,562119 0,000149
сформулировать 2,659260 0,006362
схематический 2,995732 0,000796
считать 0,597837 0,000318
считаться 0,385662 0,000615
сюдасвязанные -0,009950 -0,000003
такое 0,328504 0,000087
такой 0,162519 0,000389
татарика 2,659260 0,000707
твердый 1,771957 0,003297
текст -0,009950 -0,000003
тектонофизика 3,912023 0,001040
телефон 1,347074 0,000716
тело 1,237874 0,004278
тема 0,693147 0,000184
темп 1,347074 0,000358
температура 0,510826 0,001086
температурный 1,897120 0,001009
тензор 3,912023 0,001040
теоретик 3,218876 0,000856
теоретический 1,609438 0,005989
теория 1,049822 0,021488
тепловой 1,660731 0,003090
теплое 1,309333 0,000348
теплота 3,506558 0,005593
теплотехника 3,912023 0,001040
термин 0,198451 0,000158
термодинамика 3,912023 0,013518
термодинамический 3,912023 0,001040
тесно 1,832581 0,000974
техник 0,713350 0,000569
технико-экономический 2,995732 0,000796
технический 0,462035 0,000614
технология 0,400478 0,000106
течение 0,314711 0,000084
тип 0,072571 0,000019
тираж 1,560648 0,000830
товарный -0,009950 -0,000003
тождественный 3,912023 0,001040
ток 2,813411 0,005983
том 1,560648 0,000415
томаса 3,218876 0,000856
точно 1,966113 0,001045
точный 1,347074 0,002148
трактат 2,302585 0,000612
трансформация 1,897120 0,000504
требовать 0,562119 0,000149
требоваться 1,386294 0,000737
трехкомпонентный 3,912023 0,001040
три 0,248461 0,000132
трибология 3,912023 0,001040
триумф 2,659260 0,000707
труд 0,597837 0,000318
тыва 2,995732 0,000796
тыл 1,771957 0,000471
тяготение 3,912023 0,002080
увлажнить 3,912023 0,001040
угловая 2,659260 0,000707
углубляться 3,218876 0,000856
удалить 0,579818 0,000154
удельный 1,897120 0,001009
удк 2,813411 0,000748
уиллард 3,506558 0,000932
уильямом 3,506558 0,000932
указание -0,009950 -0,000003
указать 0,083382 0,000022
ультразвуковой 3,912023 0,001040
ультрафиолетовый 3,218876 0,000856
умозрительный 3,912023 0,001040
универсальный 0,544727 0,000145
употребление 1,714798 0,000456
управлять 0,967584 0,000257
упрощение 2,995732 0,000796
уравнение 2,525729 0,002686
уровень 0,150823 0,000120
урсс 3,912023 0,001040
условие -0,009950 -0,000011
успеть 2,302585 0,000612
успех 1,021651 0,000815
успешный 1,309333 0,000696
устанавливаться 1,609438 0,000428
установить 0,328504 0,000349
установление 1,021651 0,000543
утверждение 0,400478 0,000213
уточнение 1,469676 0,000781
уфн 3,912023 0,001040
участие -0,009950 -0,000003
учебник 1,609438 0,001283
ученый 0,653926 0,000695
учетный -0,009950 -0,000003
учиться 1,272966 0,000677
фазовый 3,912023 0,001040
факт 0,634878 0,000338
фарадей 3,506558 0,000932
февраль 0,051293 0,000027
фейнмана 3,912023 0,001040
феномен 2,407946 0,001280
феноменологический 3,506558 0,002796
ферми 3,912023 0,001040
фигурировать 2,525729 0,000671
физик 1,309333 0,052554
физика 3,506558 0,000932
физикаисторические 3,912023 0,001040
физиками-теоретиками 3,912023 0,001040
физиками-экспериментаторами 3,912023 0,001040
физикаскрытые 3,912023 0,001040
физико-химический 2,995732 0,000796
физиологический 3,506558 0,000932
физический 0,798508 0,015282
философия 2,040221 0,001627
философский 2,040221 0,001085
фирма 1,386294 0,000737
фонд -0,009950 -0,000003
форма 0,287682 0,000382
формат 0,843970 0,000224
формирование 0,597837 0,000318
формулирование 3,506558 0,000932
формулировать 3,218876 0,000856
формулироваться 2,995732 0,000796
формулировка 2,659260 0,002827
фотоника 3,912023 0,001040
фотонную 3,912023 0,001040
фотонные 3,912023 0,001040
фотоэффект 3,912023 0,004160
франклин 3,912023 0,001040
френеля 3,912023 0,001040
фундаментальный 1,560648 0,002904
функциональный 1,897120 0,000504
функционирование 1,714798 0,000456
функция 0,693147 0,000184
халифат 3,218876 0,000856
хаос 3,218876 0,001711
характер 0,653926 0,000695
характеризация 3,912023 0,001040
характеризоваться 0,891598 0,000237
характеристика 0,415515 0,000331
характерный 0,693147 0,000368
хватать 0,820981 0,000218
хвост 2,302585 0,000612
химический 0,867501 0,000922
химия 1,514128 0,004025
ход 0,510826 0,000136
холодное 1,560648 0,000415
хотя 0,653926 0,000348
христианин 1,514128 0,000402
хромодинамика 3,912023 0,001040
царство 1,237874 0,000329
цвет 0,941609 0,000751
цветовой 2,995732 0,001593
цветоощущающей 3,912023 0,001040
целое 0,634878 0,000169
цель 0,371064 0,000197
цепь 2,040221 0,001085
частица 2,407946 0,005121
частичный 1,514128 0,000402
частность 0,462035 0,000246
частота 1,309333 0,000348
часть 0,061875 0,000066
чей 1,386294 0,000737
человек 0,186330 0,000149
человеческий 1,309333 0,000348
человечество 1,660731 0,001766
черное 1,237874 0,000329
черный 0,843970 0,000224
четыре 0,597837 0,000159
числовой 2,040221 0,000542
чисто 2,040221 0,000542
чистое 2,302585 0,000612
читатьправитьправить 0,494296 0,000131
чрезвычайно 2,120264 0,000564
швейцарский 2,120264 0,000564
широкий 0,494296 0,000131
широко 0,653926 0,000174
шкала 2,207275 0,000587
шредингера 3,506558 0,001864
шутить 3,506558 0,000932
эволюция 1,560648 0,000830
эдиториал 3,912023 0,001040
эйлером 3,506558 0,000932
эйнштейн 2,813411 0,004487
эквивалентность 3,912023 0,001040
экз 0,415515 0,000331
экземпляр 1,237874 0,000329
эксперимент 1,832581 0,010717
экспериментально 3,506558 0,000932
экспериментальный 1,660731 0,009270
экспорт -0,009950 -0,000003
электрический 1,309333 0,003828
электричество 2,207275 0,005281
электрогидродинамика 3,912023 0,001040
электродвижущий 3,912023 0,001040
электродинамика 3,912023 0,005199
электромагнетизм 3,912023 0,003120
электромагнитный 2,995732 0,008759
электрон 3,506558 0,004660
электроника 2,120264 0,001691
электронный 0,478036 0,000127
электропроводность 3,912023 0,001040
электрослабый 3,912023 0,001040
электростатика 3,912023 0,001040
электротехник 2,995732 0,000796
электротехника 3,506558 0,000932
элемент 0,544727 0,000145
элементарный 2,407946 0,001920
эмпирический 2,995732 0,002389
энергетик 1,108663 0,000295
энергетический 1,897120 0,000504
энергии-импульса 3,912023 0,001040
энергия 1,021651 0,004074
энрико 3,912023 0,001040
энтропия 3,506558 0,002796
энциклопедия -0,009950 -0,000019
эпоха 0,713350 0,000379
эра 1,514128 0,000402
эрвина 3,912023 0,001040
эрнест 3,912023 0,001040
эталон 3,506558 0,000932
этап 0,634878 0,000506
эфир 1,427116 0,001138
эффект 1,966113 0,000523
юлиус 3,912023 0,001040
юнга 2,995732 0,000796
явление 1,021651 0,009233
являться 0,040822 0,000087
ядерный 1,771957 0,004239
язык -0,009950 -0,000013
