абелевых 3,912023 0,001412
абстрагированием 3,912023 0,001412
абстрагироваться 3,506558 0,002531
абстрактном 3,912023 0,001412
абстрактные 2,995732 0,002162
абстрактных 3,506558 0,001265
абстракции 2,995732 0,001081
абстракцию 3,506558 0,001265
абстракция 3,506558 0,002531
августа 0,072571 0,000052
автоподтвержденных 2,120264 0,000765
авторства -0,009950 -0,000004
адамов 3,912023 0,001412
адекватную 3,912023 0,001412
адические 3,912023 0,002824
аза 3,912023 0,001412
академиком 3,218876 0,001162
аксиом 3,506558 0,006327
аксиоматики 3,912023 0,001412
аксиоматикой 3,912023 0,001412
аксиоматического 3,912023 0,001412
активно 0,755023 0,000272
алг 3,912023 0,001412
алгебра 2,525729 0,017318
алгебраическая 3,912023 0,008471
алгебраические 3,912023 0,007059
алгебраической 3,912023 0,001412
алгебралинейная 3,912023 0,001412
алгебру 3,912023 0,001412
алгебры 3,506558 0,002531
алгебрыпроприетарные 3,912023 0,001412
алгоритмика 3,912023 0,001412
алгоритмов 2,302585 0,001662
алфавитувикипедия 0,776529 0,000280
альтернионы 3,912023 0,001412
американское 3,218876 0,001162
анализ 1,237874 0,008041
анализа 1,897120 0,002054
анализклассический 3,912023 0,001412
аналитическая 2,525729 0,001823
аналитической 2,813411 0,001015
англ 0,174353 0,000252
анти-дюринг 3,912023 0,001412
апельсина 3,912023 0,002824
апельсинов 3,912023 0,001412
апология 3,506558 0,001265
аристотель 2,525729 0,000911
аристотеля 2,995732 0,001081
арифметика 2,813411 0,005077
арифметические 3,218876 0,001162
арифметических 3,218876 0,001162
арх 0,544727 0,000197
архив 0,462035 0,000167
архиваторы 3,912023 0,001412
архивированная 1,560648 0,000563
архивировано 0,020203 0,000087
архивной 0,713350 0,000257
архитектура 0,755023 0,000272
астероид 1,966113 0,000710
астрономических 2,813411 0,001015
аудио 2,120264 0,000765
афинской 3,912023 0,001412
ахмеса 3,912023 0,001412
базы 1,108663 0,000400
барри 2,995732 0,001081
баумана 2,995732 0,001081
баш 3,506558 0,001265
башмаковой 3,912023 0,001412
ббк 2,995732 0,001081
беларуская 0,000000 0,000000
беларускаябългарски 0,000000 0,000000
бесконечность 3,912023 0,001412
бесплатно 2,207275 0,000797
бесплатные 2,302585 0,000831
бессмысленными 3,912023 0,001412
библиографических 0,094311 0,000034
библиотека 0,462035 0,000167
бикватернион 3,912023 0,001412
билинейные 3,912023 0,001412
бином 3,218876 0,001162
биология 2,120264 0,000765
бирациональная 3,912023 0,001412
близкое 2,659260 0,000960
бобров 3,218876 0,001162
большая 0,072571 0,000210
большинства 1,609438 0,000581
большинство 0,597837 0,000216
большой 0,328504 0,000237
большую 0,891598 0,000322
брокгауза 0,328504 0,000593
бсэ 2,120264 0,000765
бугров 3,506558 0,001265
будут 1,203973 0,000434
бурбаки 3,912023 0,002824
буряад 0,000000 0,000000
вариационное 3,912023 0,002824
варьируются 3,218876 0,001162
вашла 0,000000 0,000000
введенский 2,659260 0,000960
вейль 3,912023 0,002824
век 0,733969 0,000265
века 0,248461 0,000897
веках 1,021651 0,000369
векторное 3,912023 0,001412
векторные 3,912023 0,002824
векторный 3,912023 0,004235
величин 2,995732 0,001081
веревочных 3,912023 0,001412
вероятностей 3,506558 0,003796
версия -0,009950 -0,000018
верстку 3,912023 0,001412
веселые 3,912023 0,001412
вести 0,843970 0,000305
весьма 1,514128 0,000546
вещественной 3,912023 0,001412
вещественные 3,912023 0,005647
вещественный 3,912023 0,001412
взаимосвязи 3,218876 0,001162
взаимосвязь 2,659260 0,000960
виде 0,235722 0,000255
видео 1,049822 0,000379
викиданных -0,009950 -0,000004
викимедиа -0,009950 -0,000004
википедии -0,009950 -0,000007
википедия -0,009950 -0,000018
викискладвикиновостивикицитатникэлемент 2,525729 0,000911
викискладе 0,174353 0,000063
викискладепортал 2,207275 0,000797
викискладстатьи 0,891598 0,000322
викисловарецитаты 1,108663 0,000400
викисловарьвикипедия 1,309333 0,000473
викитекемедиафайлы 1,272966 0,000459
викитеку 1,347074 0,000486
викицитатник 1,272966 0,000459
викицитатникетексты 1,427116 0,000515
вилижанин 3,912023 0,001412
виноградов 2,407946 0,000869
включает 0,462035 0,000333
включающую 2,995732 0,001081
вкратце 3,912023 0,001412
вкуса 3,218876 0,001162
вместе 0,510826 0,000553
вместо 0,798508 0,000288
внесения 2,659260 0,000960
внешние 0,051293 0,000019
внутриматематических 3,912023 0,002824
воздействием 2,407946 0,000869
возможность 0,616186 0,000222
возможных 2,040221 0,000736
вознаграждением 3,912023 0,001412
возникших 2,995732 0,001081
волшебные 0,040822 0,000015
волшебный 2,813411 0,001015
воображаемые 3,912023 0,001412
вообще 1,560648 0,000563
вопрос 0,967584 0,001048
вопросах 2,813411 0,001015
вопросе 2,995732 0,001081
вопросу 1,386294 0,000500
воронеж 1,203973 0,000434
восприимчивый 3,912023 0,001412
вошедшим 3,506558 0,001265
вплоть 1,108663 0,000400
впоследствии 0,653926 0,000236
времен 0,941609 0,000340
времени 0,186330 0,000067
время 0,030459 0,000022
вручается 3,506558 0,001265
всеми 1,386294 0,000500
всеобщей 2,659260 0,000960
встречается 1,203973 0,000869
вузов 0,891598 0,000322
входя 3,912023 0,001412
входящие 2,302585 0,000831
выборе 2,995732 0,001081
вывода 2,302585 0,001662
выводятся 3,218876 0,001162
выдумкой 3,912023 0,002824
выполняющую 3,912023 0,001412
выпуск 0,916291 0,000331
выработало 3,912023 0,001412
выражали 3,218876 0,001162
высказываний 2,995732 0,001081
высокого 1,514128 0,000546
высшего 1,427116 0,000515
высшей 1,272966 0,001838
высшую 3,218876 0,001162
вытекают 3,506558 0,001265
выцарапывали 3,912023 0,001412
вычислений 2,302585 0,000831
вычисления 2,040221 0,001473
вычислимости 2,995732 0,002162
вычислимые 3,912023 0,001412
вычислительная 2,659260 0,000960
вычислять 3,912023 0,001412
вычитание 3,506558 0,001265
выявляет 3,912023 0,001412
галуа 3,912023 0,001412
гарднер 3,912023 0,001412
гармонический 3,506558 0,001265
гаусса 3,506558 0,001265
гениальной 3,912023 0,001412
геометрии 2,813411 0,001015
геометрическая 3,912023 0,001412
геометрические 3,218876 0,001162
геометрический 3,506558 0,001265
геометрическим 3,912023 0,001412
геометрических 3,506558 0,001265
геометрия 2,659260 0,024952
герман 2,302585 0,001662
гиперболические 3,912023 0,001412
гипервещественные 3,912023 0,001412
гиперкомплексные 3,912023 0,002824
гиперреальные 3,912023 0,001412
глава 0,673345 0,000243
главная 1,078810 0,000389
главных 1,078810 0,000389
гладкий 3,506558 0,001265
глобальный 2,302585 0,000831
глоссарий 3,218876 0,001162
год 0,235722 0,000170
года -0,009950 -0,000065
году 0,072571 0,000052
головоломки 3,912023 0,005647
головоломок 3,912023 0,002824
гомологическая 3,912023 0,001412
государственное 0,776529 0,000560
государственный 0,430783 0,000311
гранат 1,386294 0,000500
графиков 3,912023 0,001412
графические 2,995732 0,001081
графов 2,995732 0,004324
греч 1,427116 0,002060
грнти 3,506558 0,001265
групп 1,514128 0,003279
группа 0,693147 0,000250
группы 0,634878 0,001146
гуманитарные 2,302585 0,000831
гурвица 3,912023 0,001412
гюнтер 3,506558 0,001265
дал 1,714798 0,000619
далее 0,693147 0,000250
дальнейшем 1,309333 0,000473
даля 2,207275 0,000797
данное 1,966113 0,000710
данному 1,966113 0,000710
данные 0,510826 0,000184
данный 0,713350 0,000772
дата 0,030459 0,000110
датская 0,342490 0,000124
дать 2,407946 0,000869
двадцать 2,040221 0,000736
двурог 3,912023 0,001412
девяти 2,995732 0,001081
действительного 3,506558 0,002531
действительности 2,407946 0,000869
действительные 3,912023 0,001412
действовать -0,009950 -0,000004
декабря 0,105361 0,000076
декарт 3,506558 0,002531
деление 0,673345 0,000243
делится 1,427116 0,000515
дело 1,078810 0,000389
денежным 3,506558 0,001265
десятичной 2,995732 0,001081
десятичную 3,912023 0,001412
деталь 2,659260 0,000960
детская 0,916291 0,000331
деформациях 3,912023 0,001412
дешифрования 3,506558 0,001265
деятельности 0,446287 0,000161
диаграммы 3,218876 0,001162
диксона 3,912023 0,001412
динамические 2,995732 0,004324
диофантова 3,912023 0,001412
дискретная 3,506558 0,008858
дискретные 3,912023 0,001412
дисциплина 2,659260 0,000960
дисциплинам 2,813411 0,001015
дисциплинами 3,912023 0,002824
дисциплины 2,659260 0,001919
диффеотоп 3,912023 0,001412
дифференциальная 3,912023 0,011294
дифференциальное 3,912023 0,002824
дифференциальные 3,506558 0,007593
дни 1,237874 0,000447
довольно 0,891598 0,000322
доказательства 2,207275 0,002390
доказательствах 3,912023 0,001412
доказательство 2,302585 0,000831
доказательством 3,218876 0,001162
должна 0,544727 0,000393
долларов 1,832581 0,001323
доп 0,597837 0,000647
дополнительные -0,009950 -0,000004
достаточно 0,820981 0,000889
достаточный 3,912023 0,001412
достижение 2,302585 0,000831
достижения 1,514128 0,001639
доступен -0,009950 -0,000004
древесине 3,506558 0,001265
древнегреческий 3,506558 0,001265
древнерусские 2,813411 0,001015
древние 1,560648 0,001690
древностей 2,207275 0,000797
древняя 1,832581 0,000661
другие 0,030459 0,000044
другим 0,733969 0,000530
других -0,009950 -0,000014
другое 1,049822 0,000758
дуальные 3,912023 0,001412
дьюдени 3,912023 0,001412
евклид 3,506558 0,001265
евклидова 3,506558 0,002531
еврейская 0,843970 0,000305
европейской 0,891598 0,000322
египтянами 3,912023 0,001412
ематика 0,000000 0,000000
естественные 1,897120 0,000685
естественным 2,120264 0,001530
ефрона 0,328504 0,000593
журналов 1,714798 0,000619
завершающийся 3,912023 0,001412
зависимости 0,798508 0,000288
заглавная -0,009950 -0,000004
задач 1,386294 0,002501
задача 1,660731 0,001199
задачу 2,407946 0,000869
заключающемся 3,506558 0,001265
законов 1,660731 0,000599
закрытия 2,120264 0,000765
заменить 0,562119 0,000203
занимается 1,386294 0,000500
занимательная 3,506558 0,002531
занимают 1,347074 0,000972
запас 3,218876 0,001162
записи 1,560648 0,002816
записывать 3,218876 0,001162
записьвойти -0,009950 -0,000004
заполненными 1,966113 0,000710
зарегистрированный -0,009950 -0,000004
зародилось 3,912023 0,001412
зарождения 2,525729 0,000911
затем 0,527633 0,000381
захаров 2,659260 0,000960
защита 1,469676 0,000530
защищена 2,040221 0,000736
заявление -0,009950 -0,000004
збекча 0,000000 0,000000
звездные 3,506558 0,001265
звезды 1,897120 0,000685
звуки 2,995732 0,001081
земель 1,272966 0,000459
земле 0,994252 0,000359
знаем 3,218876 0,001162
знак -0,009950 -0,000004
знаменитых 2,995732 0,001081
знание 2,120264 0,000765
знаний 1,660731 0,001798
знания 1,832581 0,000661
значении 1,714798 0,000619
значения 0,105361 0,000114
значит 1,560648 0,000563
зрения 1,272966 0,000919
игр 1,609438 0,000581
игра 2,995732 0,001081
играет 1,386294 0,000500
идеализации 3,506558 0,001265
идеализированные 3,912023 0,002824
идеально 3,218876 0,001162
идеальные 3,218876 0,001162
избегаемые 3,912023 0,001412
избранной 3,218876 0,001162
известно 1,237874 0,000893
известны 1,309333 0,000473
известные 0,891598 0,000322
изд 0,314711 0,000568
изд-во 1,049822 0,000379
издательство 0,510826 0,000369
изменений 1,272966 0,000919
изменяться 3,218876 0,001162
измерении 3,218876 0,001162
измерений 2,995732 0,001081
измерения 2,207275 0,000797
изначально 1,309333 0,000473
изучаемую 3,912023 0,002824
изучает 2,120264 0,001530
изучающее 3,506558 0,001265
изучая 3,912023 0,001412
изучение 1,514128 0,002732
изучением 1,897120 0,000685
изучении 2,407946 0,000869
изучению 1,966113 0,000710
изучения 1,272966 0,000919
имеет 0,235722 0,000085
имела 1,832581 0,000661
имена 1,832581 0,000661
именем 1,272966 0,000459
именно 0,544727 0,000590
имеют 0,371064 0,000268
имея 2,207275 0,000797
инвариантов 3,912023 0,001412
индская 3,912023 0,001412
инженерии 2,995732 0,001081
инженерным 3,506558 0,001265
инженеров 1,714798 0,001238
инками 3,912023 0,001412
инки 3,912023 0,001412
иной 1,714798 0,001238
иностранным 2,995732 0,001081
институт 0,478036 0,000173
института 0,755023 0,000272
инструмент 2,407946 0,000869
инструментов 1,771957 0,000639
инструменты -0,009950 -0,000011
интегральное 3,912023 0,002824
интегральные 3,912023 0,004235
интерактивного 3,912023 0,001412
интервальные 3,912023 0,001412
интуиционизм 3,912023 0,007059
интуиционизму 3,912023 0,001412
интуиционистскую 3,912023 0,001412
инфинитезимальный 3,912023 0,001412
информатика 2,525729 0,001823
информации 0,446287 0,000161
ирон 0,000000 0,000000
иррациональные 3,912023 0,002824
исидорович 3,912023 0,001412
искусство 0,994252 0,000359
испокон 3,912023 0,001412
использовались 1,660731 0,000599
использования -0,009950 -0,000004
использованные 3,506558 0,001265
использовать 1,171183 0,000423
используется 0,616186 0,000445
использующие 0,040822 0,000029
используя 1,966113 0,001419
испр 1,832581 0,000661
исправленное 2,813411 0,001015
исследовавшая 3,912023 0,001412
исследование 1,427116 0,001030
исследований 0,941609 0,000340
исследования 0,733969 0,000265
исследуемого 3,506558 0,001265
исследуемому 3,912023 0,001412
исследуемых 3,218876 0,002323
истинные 2,813411 0,001015
истинным 3,506558 0,001265
истины 2,995732 0,001081
истории 0,248461 0,000179
исторически 1,078810 0,000779
исторический 0,653926 0,000236
исторических 1,139434 0,000411
история 0,051293 0,000167
источник -0,009950 -0,000004
источнике 2,407946 0,001738
исходя 2,207275 0,000797
исчисление 3,506558 0,008858
исчисления 3,218876 0,001162
итальянская 1,609438 0,001162
июля 0,116534 0,000084
июня 0,116534 0,000042
каждая 1,560648 0,000563
каждой 1,966113 0,000710
каждые 1,832581 0,000661
какого-то 3,218876 0,001162
калькуляторы 3,912023 0,001412
канадская 2,120264 0,000765
канадских 3,506558 0,001265
кардинальные 3,912023 0,001412
каталогах 0,094311 0,000034
катастроф 2,120264 0,000765
категории -0,009950 -0,000007
категорий 1,966113 0,002129
категория 0,916291 0,000661
качестве 0,478036 0,000345
качественное 3,218876 0,001162
квадратичные 3,912023 0,001412
квалификация 3,506558 0,001265
кватернионный 3,912023 0,001412
кватернионы 3,912023 0,004235
кентерберийские 3,912023 0,001412
кибернетика 2,813411 0,001015
кипу 3,506558 0,002531
кирик 3,506558 0,001265
клайн 3,506558 0,003796
классификации 1,832581 0,002645
классификация 2,040221 0,000736
классическим 2,659260 0,000960
классических 1,897120 0,000685
классической 1,609438 0,000581
клейн 3,912023 0,001412
клэя 3,912023 0,001412
книге 1,309333 0,000473
книги 0,916291 0,000661
когда-нибудь 3,912023 0,001412
кодаистория 2,040221 0,000736
кодекс -0,009950 -0,000004
кодирование 3,506558 0,001265
коды 2,120264 0,001530
количества 0,941609 0,000680
количестве 1,714798 0,000619
количественные 2,813411 0,002031
количественных 3,218876 0,003485
количество 0,328504 0,000474
колмогоров 3,912023 0,002824
колмогоровым 3,912023 0,002824
комбинаторика 3,506558 0,002531
комбинаторная 3,506558 0,001265
коммерческой 2,207275 0,000797
коммутативная 3,912023 0,001412
коммутативные 3,912023 0,001412
комплексного 2,120264 0,000765
комплексные 2,813411 0,004061
комплексный 2,407946 0,001738
компьютерной 2,207275 0,000797
компьютерные 2,302585 0,000831
конгресс 2,995732 0,001081
конгресса 2,995732 0,002162
кондаков 3,912023 0,002824
конечном 2,659260 0,000960
конечные 3,218876 0,001162
конкретные 2,525729 0,000911
конструктивная 3,912023 0,005647
конструктивности 3,912023 0,002824
конструктивные 3,912023 0,001412
конфиденциальности -0,009950 -0,000004
конформное 3,912023 0,001412
конце 0,430783 0,000311
концепцию 2,207275 0,000797
концов 2,813411 0,001015
копии 0,653926 0,000236
копия 0,328504 0,000119
корейской 2,040221 0,000736
корн 3,912023 0,002824
короткий -0,009950 -0,000004
которая 0,287682 0,000104
которого 0,301105 0,000217
которое 0,478036 0,000173
которые 0,162519 0,000117
который 0,105361 0,000038
которыми 1,469676 0,001061
которых 0,094311 0,000170
крайней 2,525729 0,000911
красота 3,218876 0,001162
краткая 0,967584 0,000698
кривые 3,218876 0,001162
криптография 2,995732 0,002162
критерий 2,302585 0,001662
критерию 2,813411 0,001015
кроме 0,235722 0,000340
кругосвет 1,560648 0,000563
крупнейший 0,755023 0,000272
куки -0,009950 -0,000004
культуры 0,462035 0,000167
курант 3,912023 0,001412
курса 2,813411 0,001015
къарачай-малкъар 0,000000 0,000000
кэли 3,912023 0,002824
кэррол 3,912023 0,001412
лаборатория 1,771957 0,000639
лат 1,771957 0,001279
латвия 2,302585 0,000831
латыни 3,506558 0,001265
лауреатов 2,995732 0,001081
лезги 0,000000 0,000000
лет 0,223144 0,000081
либо 0,000000 0,000000
лилавати 3,912023 0,001412
линейная 3,218876 0,003485
линейной 3,912023 0,001412
линейных 3,506558 0,001265
лист 1,966113 0,000710
литература 0,061875 0,000067
литературному 3,912023 0,001412
литературы 1,078810 0,000779
литовская 1,309333 0,000473
лицензии -0,009950 -0,000004
лишь 0,478036 0,000173
логика 2,207275 0,004779
логики 2,813411 0,002031
логику 2,659260 0,000960
логицизм 3,912023 0,004235
логическая 3,218876 0,001162
логические 2,659260 0,000960
логический 2,813411 0,002031
логических 2,813411 0,001015
логического 3,218876 0,001162
лупанова 3,912023 0,001412
луч 2,407946 0,000869
люди 0,755023 0,000545
магнитка 3,912023 0,001412
майя 2,995732 0,001081
македонски 0,000000 0,000000
малый 0,371064 0,000134
марий 2,525729 0,000911
маркс 1,897120 0,000685
мартин 2,659260 0,000960
матезида 3,912023 0,001412
матема 0,000000 0,000000
математизирование 3,912023 0,001412
математик 2,659260 0,000960
математика 2,120264 0,045145
математика-теоретика 3,912023 0,001412
математикам 3,912023 0,001412
математиками 3,218876 0,001162
математикаформальные 3,912023 0,001412
математиках 3,912023 0,001412
математикаэлементарная 3,912023 0,001412
математике 2,659260 0,008637
математики 1,660731 0,029367
математиков 2,995732 0,003243
математикой 3,218876 0,002323
математику 3,218876 0,003485
математическая 2,813411 0,018275
математически 3,912023 0,001412
математические 2,525729 0,008203
математический 2,995732 0,002162
математическим 3,506558 0,002531
математических 2,302585 0,010802
математического 2,813411 0,004061
математическое 3,506558 0,005062
математической 2,525729 0,003646
математическую 3,506558 0,003796
материал -0,009950 -0,000007
матрицы 3,912023 0,001412
матричные 3,912023 0,001412
мая 0,139262 0,000050
мгту 3,506558 0,001265
медиафайлы 0,301105 0,000109
медуза 3,506558 0,001265
международного 0,733969 0,000265
международный 0,713350 0,000257
мелиоранский 3,912023 0,001412
мера 2,995732 0,002162
мере 1,272966 0,000919
меры 2,207275 0,003186
метаматематика 3,912023 0,001412
метод 1,771957 0,000639
метода 2,302585 0,000831
методы 1,714798 0,004951
механика 2,659260 0,000960
министерством 1,609438 0,000581
минобрнауки 3,218876 0,001162
мир 0,342490 0,000371
мира 0,415515 0,000450
мире 0,494296 0,000178
млн 0,462035 0,000167
мнению 0,967584 0,000349
многие 0,356675 0,000386
многогранно 3,912023 0,001412
многообразий 3,912023 0,001412
многообразия 2,995732 0,001081
множеств 3,218876 0,011616
множества 2,120264 0,000765
множество 0,597837 0,000431
мобильная -0,009950 -0,000004
могут -0,009950 -0,000004
моделей 2,207275 0,000797
модели 1,171183 0,000845
моделирование 2,995732 0,002162
модель 1,469676 0,002122
модулей 2,525729 0,001823
модулем 1,021651 0,000369
можем 3,506558 0,001265
монгол 0,000000 0,000000
москва 0,400478 0,000145
музицированию 3,912023 0,001412
мусах 3,912023 0,001412
мцнмо 3,912023 0,001412
мышления 2,995732 0,001081
наблюдается 1,021651 0,000369
набор 1,469676 0,001591
наверно 3,506558 0,001265
навигации -0,009950 -0,000004
навигация -0,009950 -0,000007
наглядным 3,912023 0,001412
наградой 2,813411 0,001015
награды 0,867501 0,000939
надежную 3,218876 0,001162
надлежит 3,912023 0,001412
названия 0,342490 0,000124
названный 2,120264 0,000765
назвать 2,120264 0,000765
назначен 1,386294 0,000500
называемой 2,040221 0,000736
называемые 1,660731 0,000599
называется 0,916291 0,000331
называться 1,660731 0,000599
найдены 1,714798 0,000619
найти 1,771957 0,000639
накоплен 3,912023 0,001412
нам 0,000000 0,000000
нами -0,009950 -0,000004
направление 1,203973 0,000434
направлений 1,108663 0,000400
направления 0,755023 0,000545
например 0,328504 0,000474
наряду 1,078810 0,000389
наставление 3,912023 0,001412
настоящего 2,040221 0,000736
натуральные 3,912023 0,004235
натуральным 3,912023 0,001412
наук 0,693147 0,000750
наука 0,301105 0,001413
наукам 2,995732 0,004324
наукаматематика 3,912023 0,001412
науки 0,820981 0,001185
наукискрытые 2,995732 0,001081
науковедение 2,995732 0,001081
наукой 2,207275 0,000797
науку 1,966113 0,000710
научно-образовательный 0,967584 0,000349
научно-технической 2,407946 0,000869
научное 0,891598 0,000322
научные 1,049822 0,000379
научных 0,776529 0,001121
нахождению 3,912023 0,001412
национальная 1,108663 0,000400
начала 0,314711 0,000227
началось 0,616186 0,000222
начальной 2,659260 0,000960
начинающийся 3,506558 0,001265
начиная 0,733969 0,000265
неванлинны 3,506558 0,001265
невозможными 3,912023 0,002824
недостатков 0,653926 0,000236
недоступная 0,527633 0,000571
недоступные 0,755023 0,000272
неевклидова 3,506558 0,001265
неизменными 3,506558 0,001265
некая 3,506558 0,001265
некоммерческой -0,009950 -0,000004
некоммутативная 3,506558 0,002531
неконструктивные 3,912023 0,001412
некорректно 1,897120 0,000685
некоторые 0,301105 0,000109
некоторых 0,494296 0,000535
нем 0,356675 0,000257
нематематических 3,912023 0,001412
необходимости 1,660731 0,000599
необходимые 2,407946 0,000869
непосредственно 0,478036 0,000345
непрерывности 3,506558 0,001265
непрерывных 3,912023 0,001412
непротиворечивости 3,912023 0,001412
нерабочими 1,021651 0,000369
нередко 1,108663 0,000400
несмотря 0,755023 0,000272
нестандартный 3,912023 0,001412
неформализуемыми 3,912023 0,001412
нижеперечисленные 3,912023 0,001412
никаких 2,407946 0,000869
николая 0,916291 0,000331
никольский 2,207275 0,000797
ними 1,049822 0,000379
нобелевской 2,659260 0,000960
новгородец 3,506558 0,001265
новых 0,430783 0,000311
номенклатура 3,218876 0,001162
норвежская 0,248461 0,000090
нохчийн 0,000000 0,000000
нська 0,000000 0,000000
нуля 2,040221 0,000736
ньскъ 0,000000 0,000000
обе 1,609438 0,000581
обеспечение 1,237874 0,001340
обеспечениесимвольные 3,912023 0,001412
обеспечить 2,120264 0,000765
обесценивание 3,912023 0,001412
обзор 1,171183 0,000423
областей 1,049822 0,000379
области 0,223144 0,000161
областях 1,560648 0,000563
обнаружено 2,207275 0,000797
обновляется 2,659260 0,000960
обобщая 3,912023 0,001412
обобщение 3,218876 0,001162
обозначений 3,506558 0,002531
обозначения 1,660731 0,002397
оборот 1,309333 0,000473
образов 2,813411 0,001015
образована 1,427116 0,000515
образования 0,478036 0,000345
образованную 3,912023 0,001412
образовательный 2,120264 0,000765
образом 0,371064 0,000536
образует 0,994252 0,000359
образующие 3,506558 0,001265
обращения 0,030459 0,000110
обсуждался 3,218876 0,001162
обучения 1,660731 0,000599
общая 0,673345 0,001215
общее 1,237874 0,000447
общей 0,597837 0,000216
общем 1,514128 0,001639
общепринятое 3,912023 0,001412
общественные 1,609438 0,000581
общество 0,713350 0,000257
общие 0,673345 0,000243
общих 1,771957 0,000639
объект 1,386294 0,000500
объекта 1,203973 0,000869
объектами 1,897120 0,002054
объективным 3,218876 0,001162
объектов 0,527633 0,001904
объектом 1,560648 0,000563
объекту 2,995732 0,001081
объекты 0,478036 0,000690
объявил 1,714798 0,000619
объясняющая 3,506558 0,001265
обыкновенные 2,995732 0,001081
обязательно 2,040221 0,000736
ограниченную 3,218876 0,001162
однако 0,174353 0,000126
одним 0,494296 0,000178
одно 0,693147 0,000500
одного 0,544727 0,000197
одну 1,237874 0,000447
ожидать 2,813411 0,001015
означает 1,237874 0,000893
означающего 2,813411 0,001015
оказываются 2,302585 0,000831
окончание 2,659260 0,000960
окончательный 3,506558 0,002531
октавы 3,506558 0,001265
октонионы 3,912023 0,002824
октября 0,083382 0,000030
олык 0,000000 0,000000
онлайн 0,198451 0,000143
оно 0,000000 0,000000
операций 1,771957 0,001279
оперируют 3,912023 0,001412
опирается 2,040221 0,000736
описание -0,009950 -0,000004
описания 1,832581 0,000661
описывающих 2,995732 0,002162
определение 1,660731 0,002397
определении 2,407946 0,000869
определений 2,813411 0,001015
определения 1,560648 0,001126
определенности 3,506558 0,002531
определить 2,207275 0,000797
определял 2,995732 0,001081
оптимальное 3,506558 0,001265
оптимизации 2,813411 0,001015
организации -0,009950 -0,000004
ординалы 3,912023 0,001412
оригинал 2,995732 0,001081
оригинала 0,162519 0,000293
оригинальный 2,302585 0,000831
ориентированные 3,218876 0,002323
ортса 0,000000 0,000000
осипов 0,527633 0,000190
осмысление 3,912023 0,001412
основание 1,272966 0,000919
основании 1,427116 0,000515
оснований 2,995732 0,001081
основания 0,713350 0,001030
основаниях 3,506558 0,001265
основанная 2,040221 0,000736
основе 0,494296 0,000714
основная 0,116534 0,000589
основной 0,653926 0,000236
основные 0,223144 0,000403
основных 0,634878 0,000229
основу 1,203973 0,000434
основы 1,560648 0,000563
оставив 3,218876 0,001162
остается 0,891598 0,000322
остаться 3,912023 0,001412
остающихся 3,912023 0,001412
отвергает 3,912023 0,001412
ответ 1,560648 0,001126
ответственности -0,009950 -0,000004
отдельные 1,078810 0,000779
отдельных -0,009950 -0,000004
отказ -0,009950 -0,000004
открытия 0,916291 0,000331
открытые 2,120264 0,000765
открытый 1,049822 0,000379
открытым 1,309333 0,000473
отнестись 3,912023 0,001412
относилось 3,506558 0,001265
относится 0,733969 0,000265
относятся 0,713350 0,000515
относящееся 2,525729 0,000911
относящийся 3,506558 0,002531
отношений 1,309333 0,000945
отношения 0,994252 0,001435
отношениях 2,120264 0,002295
отраслей 1,771957 0,000639
отредактирована -0,009950 -0,000004
отсутствует 1,272966 0,000459
отсюда 1,897120 0,000685
отыскивается 3,912023 0,001412
охватывающий 3,912023 0,001412
оценил 2,995732 0,001081
очень 0,494296 0,000178
очерки 1,171183 0,000423
ошибкекак -0,009950 -0,000004
пакеты 2,995732 0,003243
панов 2,659260 0,000960
папирусе 3,912023 0,001412
парадоксы 3,912023 0,001412
параметрамивикипедия 2,207275 0,000797
первоначально 1,203973 0,001738
первые 0,494296 0,000178
первых 0,653926 0,000236
перевести 2,302585 0,000831
перевод 1,427116 0,001030
перейти -0,009950 -0,000007
перельман 3,506558 0,002531
переменного 3,218876 0,001162
переменной 2,995732 0,001081
переменных 2,995732 0,001081
перечисляются 3,506558 0,001265
период 0,342490 0,000494
периодически 1,897120 0,000685
периодом 1,897120 0,000685
периоды 1,560648 0,000563
персональные -0,009950 -0,000004
пессимистически 3,912023 0,001412
печати -0,009950 -0,000004
печать -0,009950 -0,000004
писаревский 3,912023 0,001412
письменности 2,659260 0,000960
письменность 3,218876 0,001162
плавно 2,407946 0,000869
планиметрия 3,912023 0,004235
платона 2,995732 0,001081
поведения -0,009950 -0,000004
повлечет 3,912023 0,001412
пограничное 3,506558 0,001265
поддается 3,218876 0,001162
поддерживаются 2,813411 0,001015
подобно 2,407946 0,000869
подобный 2,207275 0,000797
подразделяется 2,525729 0,001823
подробнее -0,009950 -0,000004
подсчета 2,995732 0,001081
подход 1,771957 0,003197
подходы 2,525729 0,000911
позволит 2,525729 0,000911
позднее 0,798508 0,000576
позже 0,733969 0,000265
познать 3,506558 0,001265
поиск -0,009950 -0,000007
поиску -0,009950 -0,000004
покорный 3,912023 0,001412
пол 1,897120 0,000685
полей 2,407946 0,000869
полилинейная 3,912023 0,001412
политика -0,009950 -0,000004
политической 1,469676 0,000530
положение 0,510826 0,000184
положены 3,912023 0,002824
получает 1,660731 0,000599
получают 2,040221 0,000736
получен 3,506558 0,001265
получения 1,469676 0,000530
получится 3,218876 0,001162
пользовалась 3,218876 0,001162
пользоваться 2,525729 0,000911
помимо 0,562119 0,000203
помогает 2,813411 0,001015
помощи 0,843970 0,000305
помощью 0,634878 0,000458
понимании 1,897120 0,001369
понимать 2,659260 0,000960
поняли 3,506558 0,001265
понятие 1,469676 0,001061
понятий 2,407946 0,001738
понятия 1,560648 0,000563
понятиями 2,659260 0,000960
понять 2,995732 0,001081
популяризаторы 3,912023 0,001412
популяризацию 3,218876 0,001162
портал 0,342490 0,000371
порядков 3,506558 0,001265
порядковые 1,714798 0,000619
порядку 3,506558 0,001265
порядок 1,966113 0,000710
поскольку 0,941609 0,000340
последний -0,009950 -0,000004
последующую 3,912023 0,001412
посредством 1,771957 0,000639
поставив 3,218876 0,001162
постепенно 0,867501 0,000313
постоянные 1,966113 0,000710
построение 2,525729 0,000911
построения 1,897120 0,000685
построенным 2,995732 0,001081
потребностей 2,659260 0,000960
появились 0,579818 0,000209
поясняет 3,912023 0,001412
правда 0,891598 0,000322
правил 1,771957 0,000639
правила 2,040221 0,000736
правилам 1,660731 0,000599
правило 0,891598 0,000322
править -0,009950 -0,000007
правкиновые -0,009950 -0,000004
правкипостоянная -0,009950 -0,000004
предлагается 2,995732 0,001081
предложена 2,813411 0,001015
предмета 2,813411 0,003046
предметная 3,506558 0,001265
предметов 1,660731 0,000599
предметом 1,560648 0,000563
предоставляющей 3,506558 0,001265
предоставляющую 3,912023 0,001412
предполагает 1,832581 0,001984
предсказания 2,995732 0,001081
представились -0,009950 -0,000004
представить 2,302585 0,000831
представлением 2,995732 0,001081
представлений 2,207275 0,002390
представляет 0,446287 0,000161
представляется 2,813411 0,001015
представляли 2,302585 0,000831
предыдущая 3,218876 0,001162
премией 3,218876 0,001162
премий 3,218876 0,001162
премия 2,407946 0,005214
преобладающим 2,813411 0,002031
преобразование 2,302585 0,000831
преобразований 2,659260 0,000960
преобразования 2,120264 0,001530
преподаваемой 3,506558 0,001265
преподавателей 2,659260 0,000960
престижной 3,218876 0,001162
приз 2,659260 0,000960
признан 1,427116 0,000515
приказом 1,966113 0,000710
прикладная 2,659260 0,000960
прикладного 2,525729 0,000911
прикладную 3,912023 0,001412
прикладные 2,040221 0,000736
приложений 1,832581 0,000661
применяются 2,659260 0,000960
примечания -0,009950 -0,000007
принимать 1,660731 0,000599
принципе 3,218876 0,001162
природе 2,040221 0,000736
природы 1,021651 0,000369
присуждаемая 3,912023 0,001412
причем 0,994252 0,000359
пришло 2,207275 0,000797
пришлось 1,771957 0,000639
проблемы 0,544727 0,000393
проверенная 1,049822 0,000379
прогнозирование 3,506558 0,001265
программ 1,203973 0,000434
программа 0,994252 0,000359
программное 1,714798 0,002475
программы 0,713350 0,000257
проектах -0,009950 -0,000004
проектахзначения 1,237874 0,000447
производных 3,506558 0,002531
произошло 0,733969 0,000265
происходит 0,634878 0,000229
просмотры -0,009950 -0,000004
простая 3,506558 0,001265
пространств 2,525729 0,001823
пространства 1,049822 0,001137
пространственные 3,218876 0,004647
пространственных 3,506558 0,005062
пространство 1,203973 0,001738
противного 3,912023 0,001412
противоречие 3,218876 0,001162
протоколы 2,207275 0,000797
протяжении 0,867501 0,000313
профессионального 1,427116 0,000515
процедура 2,525729 0,000911
процессов 1,347074 0,000486
процессу 3,506558 0,001265
проявлений 3,218876 0,001162
прояснить 3,218876 0,001162
пуанкаре 3,218876 0,001162
пусть 3,218876 0,001162
путей 0,916291 0,000331
путем 0,941609 0,001019
пятьсот 3,912023 0,001412
работ 0,941609 0,000680
работает 0,755023 0,000272
работников 1,469676 0,001591
равносильных 3,912023 0,001412
разбираться 3,912023 0,001412
развиваться 1,469676 0,000530
развитие 0,314711 0,000227
развитии 1,078810 0,000389
раздел 0,891598 0,000644
раздела 1,514128 0,000546
разделов 2,995732 0,002162
разделы 2,407946 0,002607
различия 1,966113 0,000710
различных 0,385662 0,000139
размере 1,897120 0,001369
разногласия 3,506558 0,001265
разнообразными 3,218876 0,001162
разработала 3,218876 0,001162
разработчики -0,009950 -0,000004
рамках 0,544727 0,000197
распознавания 3,506558 0,001265
распространено 2,302585 0,000831
распространены 1,832581 0,000661
рассматривает 2,525729 0,002734
рассматривается 2,302585 0,000831
рассматривать 1,966113 0,000710
рассматриваться 2,659260 0,000960
рассматривающий 3,912023 0,001412
расчеты 2,813411 0,001015
расширения 1,514128 0,001639
расширенном 2,995732 0,001081
рафаэля 3,912023 0,001412
рационализации 3,506558 0,001265
рациональные 3,912023 0,005647
реальному 3,506558 0,001265
реальный 1,897120 0,000685
реальных 2,659260 0,000960
ред 0,235722 0,000425
редактирования 1,897120 0,000685
результатов 1,897120 0,001369
ресурсы 0,020203 0,000007
решение 0,755023 0,000545
решения 0,967584 0,000349
решеток 3,912023 0,001412
рисования 3,912023 0,001412
роббинс 3,506558 0,001265
родственных 0,755023 0,000272
роль 0,579818 0,000209
россии 0,186330 0,000067
российская 0,186330 0,000202
российской 0,385662 0,000278
россия 0,371064 0,000134
рубрикатор 3,506558 0,001265
рузавин 3,912023 0,001412
руки 2,120264 0,000765
руководства 1,897120 0,000685
руководством 0,941609 0,000340
рукопись 3,506558 0,001265
рус 0,162519 0,000059
русиньскый 0,000000 0,000000
русская 0,867501 0,000313
русский -0,009950 -0,000007
русского 0,494296 0,000178
русском 1,049822 0,000379
рыбникова 3,912023 0,001412
сайте 0,967584 0,000349
сайты 0,478036 0,000173
само 2,040221 0,000736
самобытным 3,218876 0,001162
самой 0,916291 0,000331
самом 1,108663 0,001200
самые 1,021651 0,001106
самым 0,653926 0,000236
самых 0,544727 0,000197
саха 2,813411 0,001015
сборник 0,653926 0,000236
сведения 0,867501 0,000626
свободной -0,009950 -0,000004
свободные 2,813411 0,001015
свободных 2,040221 0,000736
свои 0,755023 0,000545
своим 0,967584 0,000349
свой 0,653926 0,000236
свойств 1,966113 0,003548
свойства 1,660731 0,002997
свяжитесь -0,009950 -0,000004
связей 1,560648 0,000563
седенионы 3,912023 0,002824
седмих 3,912023 0,001412
сезоны 2,407946 0,000869
семи 1,386294 0,000500
сентября 0,072571 0,000183
середины 0,967584 0,000349
сибирский 1,469676 0,000530
сильное 1,897120 0,000685
симметрии 3,912023 0,001412
систем 0,798508 0,001441
система 0,235722 0,000170
систематизации 3,506558 0,001265
систематического 2,813411 0,001015
системах 1,771957 0,001279
системеобсуждениевкладсоздать -0,009950 -0,000004
систему 0,673345 0,000729
системы 0,342490 0,001236
системысчетные 3,912023 0,001412
скачать -0,009950 -0,000007
скептического 3,912023 0,001412
сколько 0,653926 0,000236
сколько-нибудь 3,218876 0,001162
следует 0,755023 0,000272
следующими 1,966113 0,000710
слов 1,560648 0,000563
слова 0,562119 0,000203
словари 0,116534 0,000084
словарь 0,274437 0,000495
словарь-справочник 1,560648 0,001126
слово 0,673345 0,000729
сложение 3,506558 0,001265
сложилась 1,832581 0,000661
сложим 3,912023 0,001412
сложна 3,218876 0,001162
сложную 2,995732 0,001081
сложные 2,407946 0,000869
сложными 3,218876 0,001162
сложных 2,659260 0,000960
случае 0,843970 0,000305
случайных 2,659260 0,000960
случаях -0,009950 -0,000004
смысле 1,832581 0,000661
сначала 1,386294 0,001001
собой 0,328504 0,000356
событияпожертвовать -0,009950 -0,000004
совершенно 2,302585 0,000831
советская 0,371064 0,000536
советское 0,994252 0,000359
совокупности 2,120264 0,001530
современная 1,108663 0,000400
современной 0,579818 0,000837
современном 1,272966 0,000919
современную 2,525729 0,000911
согласие 2,659260 0,001919
согласно 0,301105 0,000109
содержание 0,010050 0,000007
содержания 1,386294 0,000500
содержательные 3,506558 0,001265
содержит 1,386294 0,000500
создания 0,653926 0,000236
созданном 2,995732 0,001081
создать 1,171183 0,000423
создаются 2,040221 0,000736
сознательно 3,506558 0,001265
сообщаются 3,506558 0,001265
сообщения 0,820981 0,000296
сообщить -0,009950 -0,000004
соответствие 2,302585 0,000831
соответствующих 1,609438 0,000581
соотношений 3,912023 0,001412
соотношения 2,995732 0,002162
состав 0,400478 0,000145
составлено 3,912023 0,001412
составляет 0,314711 0,000114
состоянию 0,544727 0,000197
сохранением -0,009950 -0,000004
сохраняли 3,506558 0,001265
соцэкгиз 3,912023 0,001412
сочинения 2,120264 0,000765
спафария 3,912023 0,001412
спб 0,385662 0,000418
спектральная 3,912023 0,001412
специальностей 3,218876 0,001162
специальности 2,995732 0,003243
специальность 3,218876 0,002323
специальностях 3,912023 0,001412
специальных 1,514128 0,000546
список 0,248461 0,000179
способных 3,506558 0,002531
способствует 1,609438 0,000581
справочник 0,916291 0,000661
справочники 2,659260 0,001919
сравнительное 3,912023 0,001412
среднего 1,049822 0,000379
средней 0,867501 0,000626
средств 0,597837 0,000216
средства 0,415515 0,000300
средствах 3,506558 0,001265
српски 0,000000 0,000000
српскохрватски 0,000000 0,000000
ссылка 0,274437 0,000495
ссылками 0,186330 0,000202
ссылкамистатьи 2,995732 0,001081
ссылкасведения -0,009950 -0,000004
ссылки -0,009950 -0,000025
стабильная 0,994252 0,000359
ставшее 3,218876 0,001162
ставят 2,659260 0,000960
стал 0,314711 0,000114
стандарт 1,966113 0,002129
становятся 1,714798 0,000619
старинных 2,302585 0,000831
старым 2,525729 0,000911
статистика -0,009950 -0,000014
статьевикипедия 1,660731 0,000599
статьестатьи 0,843970 0,000305
статьи 0,072571 0,000079
статьислучайная -0,009950 -0,000004
статьисообществофорумсправкасвежие -0,009950 -0,000004
статья 0,105361 0,000532
статьяобсуждение -0,009950 -0,000004
статьятекущие -0,009950 -0,000004
стереометрия 3,912023 0,004235
страница -0,009950 -0,000007
страницасодержаниеизбранные -0,009950 -0,000004
страницецитировать -0,009950 -0,000004
страницуполучить -0,009950 -0,000004
страницы -0,009950 -0,000011
страницыслужебные -0,009950 -0,000004
строгим 2,995732 0,002162
строго 2,525729 0,000911
строгую 3,506558 0,001265
структур 2,659260 0,002879
структура 0,967584 0,000698
структурами 3,218876 0,001162
структурную 3,912023 0,001412
структуры 1,171183 0,000845
судеб 3,506558 0,001265
супердействительные 3,912023 0,001412
супернатуральные 3,912023 0,001412
существенно 1,108663 0,000400
существовало 1,427116 0,000515
существовать 2,120264 0,001530
существует 0,446287 0,000161
существуют 0,162519 0,000059
сущности 2,302585 0,000831
сущность 2,659260 0,000960
сфер 2,302585 0,000831
сфере 0,967584 0,000349
сформировалась 2,302585 0,000831
счета 2,813411 0,001015
счете 2,813411 0,001015
счисление 3,912023 0,001412
счисления 2,995732 0,002162
считается 0,693147 0,000500
считалось 2,525729 0,000911
считать 0,994252 0,001076
сша 0,562119 0,000203
сюдасвязанные -0,009950 -0,000004
сюрреальные 3,912023 0,002824
таблицы 2,040221 0,000736
такая 1,386294 0,000500
также 0,000000 0,000000
такие 0,261365 0,000094
таким 0,527633 0,000571
такое 1,108663 0,000400
тарашкев 0,000000 0,000000
татарика 2,659260 0,000960
татарча 0,000000 0,000000
таунсенд 3,912023 0,001412
творческой 2,207275 0,000797
творчества 1,514128 0,000546
творчеству 2,813411 0,001015
текст -0,009950 -0,000007
текстах 2,525729 0,000911
текстов 1,966113 0,000710
текущая 1,609438 0,000581
тематические 0,510826 0,000184
темы 1,714798 0,001238
тензорное 3,912023 0,001412
теорем 3,912023 0,001412
теорема 3,218876 0,002323
теоремы 3,506558 0,003796
теоретико-множественный 3,912023 0,002824
теоретическую 3,218876 0,001162
теории 1,514128 0,004371
теорию 2,813411 0,002031
теория 1,386294 0,024514
термин 1,049822 0,000379
термина 0,400478 0,000145
термины 2,407946 0,000869
тех 0,798508 0,000576
технические 1,897120 0,000685
технологии 0,798508 0,000288
течение 0,527633 0,000190
тика 0,000000 0,000000
типизацию 2,995732 0,001081
типов 1,386294 0,000500
товарный -0,009950 -0,000004
той 1,049822 0,000379
топологические 3,912023 0,002824
топология 3,506558 0,013920
топологиягеометрия 3,912023 0,001412
точинский 3,912023 0,001412
точки 1,049822 0,000758
точная 2,995732 0,001081
точно 2,207275 0,000797
точной 2,813411 0,001015
точные 2,407946 0,000869
традиции 1,386294 0,000500
традиционно 1,347074 0,000486
трансфинитные 3,912023 0,001412
трансцендентные 3,912023 0,002824
требование 2,659260 0,000960
требующие 1,347074 0,000486
тригонометрических 3,912023 0,001412
тригонометрия 3,912023 0,004235
трудах 2,995732 0,001081
трудные 3,506558 0,001265
тыла 1,897120 0,000685
углубленный 3,218876 0,001162
удк 2,813411 0,003046
удмуртукра 0,000000 0,000000
удобных 3,218876 0,001162
узелками 3,912023 0,001412
узлов 1,660731 0,000599
узнали 3,218876 0,001162
указан 0,139262 0,000050
указанием -0,009950 -0,000004
украины 0,616186 0,000222
уловок 3,912023 0,001412
ума 3,912023 0,001412
умение 2,995732 0,001081
умножение 3,218876 0,001162
универсальная 0,891598 0,000644
универсальной 2,207275 0,000797
универсальную 3,912023 0,001412
университет 0,562119 0,000203
унижение 3,912023 0,001412
употребление 2,407946 0,000869
управление 0,527633 0,000190
уравнений 3,218876 0,001162
уравнения 2,813411 0,009138
уровня 0,634878 0,000229
условий -0,009950 -0,000004
условия -0,009950 -0,000007
условно 2,040221 0,000736
условно-бесплатные 3,912023 0,001412
успевающий 3,912023 0,001412
успенский 1,514128 0,001093
установление 2,120264 0,000765
установленными 2,995732 0,001081
утверждения 2,525729 0,000911
утвержденная 3,218876 0,001162
утрата 3,912023 0,002824
участие -0,009950 -0,000004
учебная 2,995732 0,001081
учебными 3,506558 0,001265
учение 3,218876 0,001162
учетную -0,009950 -0,000004
учитывает 3,506558 0,001265
фактами 3,912023 0,001412
фактический 3,506558 0,001265
фасмера 2,659260 0,000960
февраля 0,051293 0,000074
федерации 0,544727 0,000393
фигур 2,525729 0,000911
фигура 2,525729 0,000911
фигуры 2,525729 0,001823
физика 2,302585 0,002493
физикам 3,506558 0,001265
физики 1,560648 0,000563
физические 2,525729 0,000911
физических 2,207275 0,000797
физическом 3,506558 0,001265
филдса 3,506558 0,001265
филдсовская 3,912023 0,001412
филин 2,813411 0,001015
философия 2,120264 0,003061
философских 2,525729 0,000911
финансовая 2,407946 0,000869
фонд -0,009950 -0,000004
форм 1,347074 0,000972
формализм 3,506558 0,003796
формальная 2,995732 0,002162
формальном 3,506558 0,001265
формальный 3,218876 0,001162
формальных 2,995732 0,001081
формах 2,407946 0,000869
формул 2,995732 0,001081
формулировка 3,218876 0,001162
формулировки 3,506558 0,001265
формулируются 3,506558 0,002531
формы 0,941609 0,001699
фракталы 3,912023 0,002824
френкеля 3,506558 0,001265
фробениуса 3,912023 0,001412
фундаментальная 2,813411 0,001015
фундаментальной 2,813411 0,001015
фундаментальные 2,040221 0,000736
функции 1,049822 0,000379
функций 1,660731 0,002997
функциональный 2,813411 0,003046
функциональных 3,218876 0,001162
хальмг 0,000000 0,000000
хаоса 3,506558 0,002531
характеристику 3,506558 0,001265
харин 3,506558 0,001265
химия 2,040221 0,000736
ходе 0,562119 0,000203
хорватская 1,897120 0,000685
хотя 0,653926 0,000236
художествах 3,912023 0,001412
царства 1,469676 0,000530
цвета 1,171183 0,000423
целей 1,966113 0,000710
цели 1,660731 0,001798
целые 2,120264 0,003061
центр 0,400478 0,000145
церемонии 2,659260 0,001919
цермело 3,912023 0,001412
цивилизация 2,995732 0,001081
цитаты 2,813411 0,001015
цифры 1,714798 0,000619
чарлз 3,506558 0,001265
частичная 1,897120 0,000685
частности 0,462035 0,000500
частных 1,108663 0,001200
часть 0,105361 0,000076
чаще 1,171183 0,000423
человек 0,400478 0,000145
человека 0,579818 0,000628
человеку 2,302585 0,000831
чему-либо 3,912023 0,001412
черна 3,912023 0,001412
чернозем 3,218876 0,001162
черточек 3,912023 0,001412
черты 1,203973 0,000434
честь 0,562119 0,000203
четыре 0,713350 0,000257
четырех 1,203973 0,000434
чисел 2,525729 0,007292
числа 0,891598 0,010940
числам 3,506558 0,001265
численное 3,912023 0,001412
численные 3,506558 0,003796
число 0,478036 0,000690
числовой 3,506558 0,001265
числовые 2,659260 0,002879
числовых 3,218876 0,001162
чистая 2,407946 0,000869
читать 2,302585 0,000831
читатьпросмотр 2,040221 0,000736
читаются 3,912023 0,001412
чрезвычайно 2,120264 0,000765
что-нибудь 3,506558 0,001265
что-то 2,659260 0,000960
шаблонами 0,634878 0,000229
шаром 3,912023 0,001412
шахно 3,912023 0,001412
швейцарский 2,120264 0,000765
широко 0,673345 0,000243
широком 2,120264 0,000765
шифрования 2,813411 0,001015
школе 2,040221 0,001473
школы 0,673345 0,000243
экз 0,415515 0,000300
экономика 0,510826 0,000184
экспорт -0,009950 -0,000004
электронная 1,237874 0,000447
электронные 1,714798 0,000619
элементарная 3,506558 0,006327
элементарного 3,506558 0,001265
элементарной 3,506558 0,003796
элементарную 3,506558 0,001265
элементарные 2,995732 0,001081
элементарных 2,995732 0,001081
элементы 0,891598 0,000644
энгельс 1,832581 0,000661
энгельса 2,302585 0,000831
энциклопедии -0,009950 -0,000014
энциклопедический 0,733969 0,000530
энциклопедия 0,210721 0,000532
эргодическая 3,912023 0,001412
эрзянь 0,000000 0,000000
эта 0,000000 0,000000
этимология 0,616186 0,000445
этих 0,400478 0,000434
это 0,000000 0,000000
юная 3,912023 0,001412
яблока 3,506558 0,001265
явление 1,832581 0,000661
явлений 2,120264 0,000765
явления 1,771957 0,000639
явлениях 3,218876 0,001162
является 0,094311 0,000136
являлось 2,995732 0,001081
язык 0,116534 0,000210
языка 0,798508 0,000288
языках -0,009950 -0,000004
языке 0,867501 0,000626
языковые 3,506558 0,001265
яков 2,040221 0,000736
января 0,116534 0,000210
ярким 2,302585 0,000831
ясностивикипедия 3,218876 0,001162
