абстрактный 2,120264 0,001059
абстракция 2,813411 0,001405
август 0,072571 0,000054
автомат 2,525729 0,001891
автоматизировать 2,407946 0,000601
автоматика 2,407946 0,000601
автоматический 1,560648 0,001948
авторство -0,009950 -0,000002
ад 1,966113 0,000982
адаптация 2,659260 0,000664
адрес 1,078810 0,000269
аз 2,302585 0,001150
академик 1,203973 0,000601
академия 0,544727 0,000408
аккредитация 2,995732 0,000748
активно 0,733969 0,000366
актуальный 1,347074 0,000336
акцент 2,040221 0,000509
акцентировать 3,506558 0,000875
аладьев 3,912023 0,000977
алан 2,302585 0,001150
алгебра 2,525729 0,000630
алгебраический 2,995732 0,000748
алгоритм 1,771957 0,010173
алгоритмически 3,218876 0,000804
алгоритмический 3,506558 0,001751
александр 0,462035 0,000115
александу 3,912023 0,000977
алматы 3,218876 0,000804
алфавитувикипедия 0,776529 0,000194
альтернативный 1,203973 0,000601
американский 0,994252 0,000496
амнон 3,912023 0,000977
анализ 0,967584 0,004589
анализироваться 2,659260 0,000664
аналитик 2,659260 0,000664
аналитико-синтетической 3,912023 0,000977
аналитический 1,771957 0,001327
аналогий 2,407946 0,000601
англ 0,174353 0,002133
английский 1,309333 0,001961
англоязычный 2,659260 0,000664
андрея 1,832581 0,000457
анимация 2,407946 0,000601
аппаратная 2,659260 0,002655
аппаратный 2,813411 0,002107
апрель 0,150823 0,000038
апробация 3,506558 0,000875
арифметический 2,995732 0,000748
арифмометр 3,912023 0,001953
арханг 3,912023 0,000977
архангельск 1,771957 0,000442
архив 0,446287 0,000111
архивировать 0,020203 0,000050
архивный 0,248461 0,000062
архитектура 0,462035 0,001038
асм 3,912023 0,000977
аспект 1,469676 0,000367
аспектно-ориентированное 3,218876 0,000804
ассоциация 1,309333 0,001307
ассоциироваться 2,525729 0,000630
аттестация 3,218876 0,000804
баз 0,371064 0,001297
база 2,040221 0,000509
базовый 1,171183 0,000292
барри 2,995732 0,000748
бауэр 3,912023 0,002930
баш 3,506558 0,000875
безбумажный 3,912023 0,000977
безопасность 0,916291 0,001372
бек 3,506558 0,000875
белка 2,040221 0,001019
бернулли 3,218876 0,000804
бертран 3,218876 0,000804
бесконечный 3,218876 0,000804
бешенков 3,912023 0,000977
библиографический 0,083382 0,000021
библиотека 0,328504 0,000082
библиотечный 1,609438 0,000402
бизнес 0,820981 0,000205
бизнес-школой 3,912023 0,000977
бинарный 2,659260 0,000664
биоинформатика 3,506558 0,000875
биоинформатике 3,912023 0,000977
биологический 1,771957 0,000442
биология 1,560648 0,000390
благодаря 0,527633 0,000263
блез 3,506558 0,000875
блетчли-парк 3,912023 0,000977
близкий 0,820981 0,000410
большее 1,309333 0,000327
большинство 0,342490 0,000171
большое 0,385662 0,000096
большой 0,040822 0,000122
боэм 3,506558 0,000875
бренд 1,660731 0,000415
брукс 3,506558 0,000875
буква 1,427116 0,000356
булев 3,912023 0,000977
буча 3,506558 0,000875
бхв-петербург 3,506558 0,000875
быть -0,009950 -0,000002
бэббидж 3,506558 0,000875
бэббиджа 3,218876 0,002411
бэббиджу 3,912023 0,000977
бюджетный 1,514128 0,000378
бюро 1,427116 0,000356
важное 1,108663 0,001107
важный 0,494296 0,000864
вайсбанд 3,912023 0,001953
введение 1,078810 0,000269
ввести 0,634878 0,000634
вводный 3,506558 0,000875
вегнер 3,912023 0,000977
век 0,248461 0,000062
великобритании 1,897120 0,001421
верификация 2,659260 0,001328
вероятность 2,040221 0,000509
версия -0,009950 -0,000007
вести 0,356675 0,000178
весьма 1,514128 0,000378
ветвь 1,514128 0,000378
взаимодействие 1,203973 0,000301
взаимодействовать 1,966113 0,000982
взгляд 1,309333 0,000327
вид 0,061875 0,000077
видео 1,049822 0,000262
видео-игр 3,912023 0,001953
видеоигра 3,218876 0,000804
визуализация 2,995732 0,001496
визуальный 2,302585 0,000575
викиданных -0,009950 -0,000002
викимедиа -0,009950 -0,000002
википедии -0,009950 -0,000005
википедия -0,009950 -0,000012
викискладвикиновостиэлемент 1,897120 0,000474
викискладвикипедия 1,469676 0,000367
викискладе 0,174353 0,000087
викисловаремедиафайлы 2,120264 0,000529
викисловарьстатьи 1,347074 0,000336
вильямс 1,966113 0,000491
винити 3,912023 0,000977
вирт 3,506558 0,000875
вклад 0,994252 0,000745
вкладываться 3,912023 0,000977
включать 0,235722 0,000647
включая 0,527633 0,000132
включить 0,634878 0,000158
влияние 0,527633 0,000132
влиять 1,347074 0,000336
вначале 2,813411 0,000702
внепартийный 3,506558 0,000875
внести 1,021651 0,000510
внешний 0,051293 0,000013
внимание 1,108663 0,000277
внутренний 0,314711 0,000079
вовлечь 3,506558 0,000875
военный 0,494296 0,000247
возможно 0,867501 0,000217
возможность 0,314711 0,000314
возникновение 0,941609 0,000235
возникнуть 0,653926 0,000163
возрастать 1,897120 0,000474
война 0,430783 0,000215
войти 0,634878 0,000158
волатильность 3,218876 0,000804
волкова 2,207275 0,000551
волшебный 0,030459 0,000008
вопрос 0,371064 0,000741
восстанавливать 2,995732 0,000748
впервые 0,385662 0,000096
впоследствии 0,653926 0,000326
вредный 1,966113 0,000491
время 0,020203 0,000040
вроде 2,302585 0,000575
вряд 3,912023 0,000977
все 0,040822 0,000010
вследствие 1,203973 0,000301
вспомогат 3,912023 0,000977
встречаться 0,713350 0,000178
втора 0,274437 0,000274
вуз 0,820981 0,000820
выбор 0,634878 0,000158
вывод 1,386294 0,000692
выделять 1,139434 0,000284
выполнение 1,049822 0,000262
выполнять 0,867501 0,000217
выполняться 1,272966 0,000318
выпуск 0,693147 0,000346
выпустить 0,891598 0,000223
вырабатываться 3,218876 0,000804
выражение 1,714798 0,000428
высказывание 2,659260 0,000664
высокий 0,139262 0,000104
высокоинтегрированный 3,912023 0,000977
высокоуровневыеконцепции 3,506558 0,000875
высш 3,912023 0,000977
вытекать 2,525729 0,000630
вычисление 1,897120 0,013260
вычислимости 2,995732 0,003739
вычислитель 3,506558 0,000875
вычислительный 1,514128 0,012851
вычислить 2,995732 0,000748
гарвардский 3,506558 0,000875
гдр 2,813411 0,000702
ген 3,218876 0,000804
геном 3,218876 0,000804
геоинформатике 3,912023 0,000977
геометрия 2,302585 0,001150
герман 2,207275 0,000551
германий 0,843970 0,000211
гигантский 1,897120 0,000474
гидродинамик 3,218876 0,000804
гиляревский 3,912023 0,001953
глушков 3,218876 0,000804
говард 3,506558 0,000875
год -0,009950 -0,000119
гооз 3,912023 0,001953
гос 1,609438 0,000402
государственный 0,261365 0,000065
готовый 1,386294 0,000346
готфрид 3,506558 0,000875
гради 3,506558 0,000875
граф 1,832581 0,000457
график 1,560648 0,003117
греции 1,560648 0,000390
грошев 3,912023 0,000977
группа 0,314711 0,000079
групповой 2,813411 0,000702
гуманитарный 0,994252 0,000248
даваться 2,407946 0,000601
даль 1,609438 0,000402
дартмутской 3,912023 0,000977
дата 0,030459 0,000053
даталогии 3,912023 0,000977
даталогический 3,912023 0,000977
даталогия 3,912023 0,000977
датский 0,328504 0,000164
дать 0,072571 0,000725
двоичный 2,659260 0,000664
двойственный 3,506558 0,000875
дейкстра 3,506558 0,000875
действие 0,776529 0,000194
действовать -0,009950 -0,000002
делать 0,867501 0,000217
деление 0,579818 0,000145
делиться 1,078810 0,000269
дело 0,562119 0,000421
демарко 3,506558 0,000875
деннинга 3,912023 0,001953
дешифровании 3,912023 0,000977
дешифрования 3,506558 0,000875
деятельность 0,342490 0,000427
джеймс 2,659260 0,001328
джексон 3,506558 0,000875
джорджа 3,506558 0,000875
диапазон 1,560648 0,000390
дизайн 1,832581 0,000457
диплом 2,302585 0,000575
директор 1,272966 0,000636
дискретный 2,813411 0,000702
дисциплина 1,897120 0,008051
дисциплинировать 3,912023 0,000977
днк 3,912023 0,000977
довольно 0,891598 0,000223
доказательство 1,660731 0,000415
доклад 1,237874 0,000927
документ 0,415515 0,000311
документалистика 3,912023 0,001953
документальный 1,427116 0,000356
документация 1,897120 0,000947
документирование 3,506558 0,000875
должный 0,356675 0,000089
дом 0,446287 0,000223
доминировать 1,897120 0,000474
дональд 2,525729 0,000630
доп 0,597837 0,000298
дополнение 1,771957 0,000885
дополнительный -0,009950 -0,000002
дорогостоящий 3,218876 0,000804
дорот 3,912023 0,000977
достаточно 0,820981 0,000205
достижение 1,139434 0,001138
достичь 0,733969 0,000183
доступ 0,755023 0,000377
доступность 1,427116 0,000356
доступный -0,009950 -0,000005
дотация 3,506558 0,000875
древность 1,203973 0,000301
дрейфусом 3,912023 0,000977
дробно -0,009950 -0,000002
друг 0,916291 0,000915
другое 0,462035 0,000115
другой -0,009950 -0,000032
думать 2,813411 0,000702
дэвид 2,407946 0,000601
европа 0,301105 0,000150
европейский 0,494296 0,000247
ежедневное 3,218876 0,000804
ершов 2,813411 0,000702
ершова 3,506558 0,000875
ершовый 3,912023 0,000977
естественнонаучный 3,506558 0,000875
естественный 0,776529 0,001745
жаккардовском 3,912023 0,000977
живой 1,386294 0,000346
животное 0,798508 0,000199
жизненно-важных 3,912023 0,000977
журнал 0,301105 0,000601
заведение 0,867501 0,000217
заглавный -0,009950 -0,000002
задача 0,820981 0,003074
закладывать 2,995732 0,000748
закон 0,462035 0,000231
закономерность 2,040221 0,001019
закрепить 1,771957 0,000442
замена 1,660731 0,000415
заменить 0,494296 0,000123
заместитель 1,514128 0,000378
заниматься 0,634878 0,000792
записка 1,139434 0,000284
записьвойти -0,009950 -0,000002
запустить 0,755023 0,000188
зарегистрировать -0,009950 -0,000002
зарождение 1,832581 0,000457
затрата 2,407946 0,000601
затруднять 2,813411 0,000702
защита 0,616186 0,000461
заявление -0,009950 -0,000002
знак -0,009950 -0,000002
знаменитый 0,967584 0,000242
знание 1,108663 0,001384
значение 0,061875 0,000154
значительный 0,328504 0,000164
зрение 1,203973 0,000902
ивар 3,506558 0,000875
игорь 1,714798 0,000428
игра 0,843970 0,000211
идея 1,108663 0,000554
избежать 2,040221 0,000509
известное 0,994252 0,000496
известныедеятели 3,506558 0,000875
известный 0,287682 0,000144
изд 0,314711 0,000236
издание 0,415515 0,000104
издат 3,506558 0,000875
издательство 0,494296 0,000123
изложить 2,407946 0,000601
изменяться 1,203973 0,000301
измеримый 3,912023 0,000977
изначально 1,309333 0,000654
изображение 0,693147 0,000865
изобрести 2,995732 0,000748
изобретение 2,302585 0,001150
изучать 1,427116 0,002137
изучаться 2,525729 0,000630
изучение 0,713350 0,002315
именно 0,544727 0,000272
именовать 1,560648 0,000390
иметь 0,094311 0,000212
иметься 0,385662 0,000096
иммунный 3,912023 0,000977
индустрия 1,514128 0,000378
инженер 1,139434 0,000284
инженерия 2,813411 0,008428
инженерный 1,272966 0,000953
инион 3,912023 0,000977
иное 1,714798 0,000428
институт 0,371064 0,000185
инструкция 1,714798 0,000428
инструмент -0,009950 -0,000005
инструментарий 3,912023 0,000977
интегральный 2,525729 0,000630
интеграция 1,966113 0,000491
интеллект 2,040221 0,007130
интеллектуальный 1,897120 0,000474
интерес 1,021651 0,000510
интернет 0,755023 0,000377
интерфейс 1,771957 0,000442
информатик 1,469676 0,045859
информатика 3,912023 0,004883
информатикатехнические 3,912023 0,000977
информационный 0,462035 0,002653
информация 0,162519 0,001460
информология 3,912023 0,001953
ипи 3,506558 0,000875
исключительно 1,272966 0,000318
искусственный 0,916291 0,002973
исламский 1,771957 0,000442
испания 2,207275 0,000551
использование -0,009950 -0,000047
использовать 0,020203 0,000071
использоваться 0,223144 0,000390
исследование 0,462035 0,001961
исследователь 0,941609 0,000235
исследовать 1,469676 0,000367
исторический 0,314711 0,000079
история 0,051293 0,000090
источник -0,009950 -0,000002
источниковвикипедия 1,966113 0,000491
исчисление 0,776529 0,000194
италия 1,609438 0,000402
итальянский 1,139434 0,000284
итеративный 3,506558 0,000875
итог 0,494296 0,000123
июнь 0,116534 0,000029
йордан 3,506558 0,000875
кадр 1,514128 0,000756
каждый 0,261365 0,000065
казахстан 1,469676 0,000367
какое 2,659260 0,000664
какой 0,820981 0,000410
калькулятор 2,407946 0,004809
камера 2,407946 0,000601
канадский 1,897120 0,000474
каннингем 3,506558 0,000875
карла 1,386294 0,000346
карт 0,301105 0,000075
картирование 3,912023 0,000977
касаться 1,897120 0,000474
каскадный 2,659260 0,000664
каталог 0,094311 0,000024
категория -0,009950 -0,000007
качество 0,287682 0,000359
квантовый 2,407946 0,000601
кембриджского 3,912023 0,000977
кент 3,506558 0,000875
кибернетик 2,525729 0,000630
кибернетика 3,912023 0,000977
кино 0,994252 0,000248
класс 0,616186 0,000154
классификация 1,514128 0,000756
классический 0,755023 0,000377
клеточный 3,218876 0,000804
клода 3,912023 0,000977
книга 0,415515 0,000207
кнут 2,813411 0,000702
коалиция 2,813411 0,001405
когнитивистика 3,506558 0,000875
код -0,009950 -0,000099
кодекс -0,009950 -0,000002
кодирование 3,218876 0,004018
кодистория 0,116534 0,000029
колин 3,912023 0,002930
колину 3,912023 0,000977
количественный 1,966113 0,000982
количество 0,210721 0,000053
колледж 1,108663 0,000277
кольмар 3,506558 0,000875
комбинаторный 3,506558 0,000875
коми 1,514128 0,000378
комитет 0,653926 0,000490
коммуникация 1,660731 0,001244
коммутатор 3,506558 0,000875
компания 0,371064 0,000185
компилятор 2,525729 0,001891
комплексный 1,078810 0,000269
компонент 0,967584 0,000242
компьютер 1,427116 0,013181
компьютерный 1,347074 0,015804
компьютерра 2,813411 0,000702
конгресс 2,302585 0,000575
конец 0,198451 0,000149
конечный 1,514128 0,000756
конкретный 1,171183 0,001462
константин 1,560648 0,000390
конструкция 1,469676 0,000734
консультативный 2,995732 0,000748
контекст 1,427116 0,000356
конференция 0,941609 0,001410
конфиденциальность -0,009950 -0,000002
концентрация 1,203973 0,000301
концептуальный 2,995732 0,000748
концепция 0,967584 0,000242
копенгагенский 3,218876 0,000804
копие 0,223144 0,000056
короткий -0,009950 -0,000005
коррекция 3,218876 0,000804
который 0,000000 0,000000
кравец 1,386294 0,000346
криптоанализа 3,506558 0,000875
криптография 2,659260 0,005311
криптологией 3,912023 0,000977
кром 0,235722 0,000059
круг 0,967584 0,000242
кругосвет 1,560648 0,000390
крупный 0,210721 0,000105
крэг 3,506558 0,000875
куки -0,009950 -0,000002
курс 1,171183 0,000585
кэй 3,506558 0,000875
кэмбриджа 3,912023 0,000977
лаборатория 1,309333 0,000327
лавлейс 3,218876 0,001607
ларман 3,506558 0,000875
ларусса 1,078810 0,000539
лейбниц 2,995732 0,000748
лексика 3,218876 0,001607
летию 1,078810 0,000269
ликвидность 3,218876 0,000804
лингвистика 2,813411 0,000702
лингвистический 2,525729 0,000630
литература 0,051293 0,000051
лицензия -0,009950 -0,000002
логик 2,040221 0,002546
логика 3,218876 0,000804
логический 1,832581 0,000915
луи 3,218876 0,000804
люди 0,755023 0,000188
май 0,127833 0,000160
майкл 2,407946 0,000601
макконнелл 3,506558 0,000875
максимальный 0,867501 0,000217
мало 0,579818 0,000289
малый 0,139262 0,000070
манипулирование 3,506558 0,000875
манипуляция 2,813411 0,000702
марий 2,525729 0,000630
март 0,116534 0,000116
мартин 2,659260 0,001991
маршрутизатор 3,506558 0,000875
масштаб 1,108663 0,000554
масштабный 1,139434 0,000284
математик 1,347074 0,003363
математический 1,832581 0,004117
материал -0,009950 -0,000002
материальный 1,514128 0,000378
машина 0,713350 0,003027
машинный 2,659260 0,001328
медиафайлы 0,301105 0,000075
медицинский 0,653926 0,000163
междисциплинарный 2,525729 0,002522
международный 0,385662 0,000193
межсетевой 3,506558 0,000875
мейер 3,218876 0,000804
мембрана 3,506558 0,000875
менеджмент 1,966113 0,000491
место 0,139262 0,000035
метамодель 3,506558 0,000875
метафизик 2,995732 0,000748
метод 1,049822 0,006289
методологииразработки 3,506558 0,000875
методологический 2,813411 0,001405
методология 2,407946 0,002404
механический 1,660731 0,002487
мечта 2,120264 0,001059
мешать 1,897120 0,000474
микроархитектура 3,912023 0,000977
микропроцессорный 3,506558 0,000875
мир 0,094311 0,000024
мировая 0,527633 0,000263
мировоззренческий 2,995732 0,000748
михайлов 2,120264 0,001059
михайлову 3,912023 0,000977
мнение 0,634878 0,000158
многие 0,356675 0,000178
много 0,150823 0,000113
многопроцессорность 3,506558 0,000875
многочисленный 0,693147 0,000173
множество 0,462035 0,000231
мобильный -0,009950 -0,000002
моделирование 2,659260 0,005974
модель 0,891598 0,001558
модификация 2,207275 0,000551
модифицировать 2,813411 0,000702
мозг 2,995732 0,001496
молекула 3,218876 0,000804
монах 2,659260 0,000664
морфогенез 3,912023 0,000977
москва 0,400478 0,000100
москве 1,171183 0,000292
мотивировать 2,813411 0,000702
мочь -0,009950 -0,000010
мощность 1,386294 0,000346
мощный 1,021651 0,000255
мюнхенский 3,506558 0,000875
наблюдать 2,040221 0,000509
наблюдаться 0,755023 0,000188
навигация -0,009950 -0,000007
навык 3,218876 0,000804
нагрузка 1,714798 0,000428
надежность 2,995732 0,002243
надежный 2,120264 0,001588
надлежащий 3,912023 0,000977
название 0,105361 0,000158
назвать 0,371064 0,000093
называть 0,174353 0,000131
наиболее 0,139262 0,000070
наименование 0,994252 0,000248
найти 0,733969 0,000183
написание 1,514128 0,000378
написать 0,867501 0,000433
направить 0,867501 0,000217
направление 0,385662 0,001829
например 0,328504 0,000820
наряд 1,049822 0,000262
наука 0,235722 0,002589
наукискрытые 2,995732 0,000748
науковедение 2,813411 0,000702
наумовым 3,912023 0,000977
наур 3,912023 0,001953
научно-информационная 3,912023 0,000977
научно-информационной 3,912023 0,001953
научно-методологическое 3,912023 0,000977
научно-технический 1,386294 0,000346
научный 0,248461 0,002233
нацелить 2,813411 0,000702
национальный 0,342490 0,000085
начало 0,116534 0,000145
начинать 1,049822 0,000262
начиная 0,733969 0,000366
наш 0,527633 0,000263
негативный 1,347074 0,000336
недостаток 0,579818 0,000145
недоступный 0,446287 0,000111
независимо 1,966113 0,000491
нейрофизиология 3,912023 0,000977
некоммерческий -0,009950 -0,000002
некоторые 0,127833 0,000064
некоторый 1,237874 0,000618
немецкий 0,798508 0,000997
необходимо 1,237874 0,000309
необходимое 1,771957 0,000442
необходимость 1,139434 0,000569
необходимый 1,078810 0,000269
неолитический 3,218876 0,000804
неотъемлемый 2,407946 0,000601
непосредственное 2,120264 0,000529
нерабочий 0,994252 0,000248
неразрешимый 3,218876 0,000804
неразрывно 2,995732 0,000748
нерешенный 2,995732 0,000748
несанкционированный 2,407946 0,000601
несбыточный 3,506558 0,000875
несколько 0,116534 0,000175
несмотря 0,755023 0,000377
нидерланды 2,525729 0,000630
никлаус 3,506558 0,000875
новик 2,813411 0,000702
новое 0,287682 0,000144
новый 0,083382 0,000146
норвежский 0,248461 0,000062
нужный 1,771957 0,000442
ныне 0,653926 0,000163
оао 0,916291 0,000229
обеспечение 0,634878 0,002060
обеспеченияпроцесс 3,506558 0,000875
обеспечивать 0,415515 0,000415
обеспечить 1,386294 0,000692
обитание 2,040221 0,000509
область 0,150823 0,001393
обмен 1,309333 0,000981
обмениваться 3,506558 0,000875
обнаружение 2,995732 0,000748
обозначать 1,609438 0,000804
оборудование 0,653926 0,000163
обосновывать 3,506558 0,000875
обработать 2,995732 0,000748
обработка 1,309333 0,004903
образ 0,287682 0,000287
образование 0,356675 0,001425
образовательный 0,891598 0,000445
обращаться 2,040221 0,000509
обращение 0,030459 0,000030
обслуживание 0,941609 0,000470
обучать 2,525729 0,000630
обучение 1,309333 0,001307
общее 0,301105 0,000075
общеобразовательный 1,021651 0,000255
общественный 0,494296 0,000123
общество 0,415515 0,001037
общий 0,186330 0,000186
объект 0,235722 0,000059
объективный 2,207275 0,000551
объектно-ориентированное 3,218876 0,000804
объяснять 1,832581 0,000457
обыватель 3,218876 0,000804
обычный 1,347074 0,000673
обязательно 2,040221 0,000509
обязательный 1,427116 0,000356
огневой 3,912023 0,000977
ограничение 1,237874 0,000309
огромный 0,776529 0,000194
один 0,051293 0,000141
однако 0,174353 0,000044
одновременно 0,776529 0,000582
одновременный 2,302585 0,000575
озаглавить 3,912023 0,000977
означать 0,798508 0,000399
оказывать 0,867501 0,000217
окружать 0,755023 0,000188
октябрь 0,072571 0,000091
оле-йохан 3,506558 0,000875
онлайн 0,198451 0,000050
операционная 1,897120 0,000947
операция 0,776529 0,000388
опережать 2,207275 0,000551
оперировать 2,813411 0,000702
опираться 1,560648 0,000390
описание -0,009950 -0,000002
описать 1,347074 0,000336
описывать 1,427116 0,000356
определение 0,967584 0,000242
определить 0,527633 0,000395
определять 0,867501 0,000433
оптимизация 2,207275 0,000551
оптимизировать 2,995732 0,000748
организация -0,009950 -0,000010
организм 2,207275 0,000551
организовать 0,634878 0,000158
оригинал 0,139262 0,000070
основа 0,210721 0,000947
основатель 0,967584 0,000242
основать 0,274437 0,000274
основное 0,235722 0,000294
основной 0,040822 0,000234
основополагающий 2,659260 0,000664
основываться 1,560648 0,000390
особенно 0,562119 0,000281
оставаться 0,544727 0,000136
остальной 0,616186 0,000308
остаться 0,867501 0,000217
ответ 0,941609 0,000705
ответственность -0,009950 -0,000002
отдельный -0,009950 -0,000007
отечественный 0,634878 0,000158
отказ -0,009950 -0,000002
отклик 3,218876 0,000804
открывать 1,771957 0,000442
открыть 0,150823 0,000038
отличаться 0,342490 0,000171
отличие 0,798508 0,000199
отмечаться 0,994252 0,000248
отнести 1,560648 0,000390
относиться 0,328504 0,000328
отправной 2,995732 0,000748
отражать 1,309333 0,000327
отразить 1,832581 0,000457
отредактировать -0,009950 -0,000005
отсутствовать 0,776529 0,000194
отсчет 2,525729 0,000630
отчет 1,272966 0,000318
официально 0,693147 0,000173
официальный 0,356675 0,000089
оформить 1,514128 0,000378
охватывать 1,237874 0,000309
оценка 0,400478 0,000500
очередь 0,510826 0,000255
ошибка 0,994252 0,000745
ошибкекак -0,009950 -0,000002
падать 1,771957 0,000442
памяти 1,078810 0,000808
память 0,820981 0,000205
парадигм 2,813411 0,002809
парадигма 3,218876 0,001607
параллелизм 3,506558 0,003501
параллельный 2,207275 0,002755
парнас 2,995732 0,000748
паскаль 3,218876 0,001607
первое 0,150823 0,000301
первостепенный 3,506558 0,000875
первый 0,162519 0,000325
пердью 3,912023 0,001953
перевести 0,994252 0,000496
перевод 0,941609 0,000940
передача 1,078810 0,001885
переиздать 3,506558 0,000875
переименовать 0,941609 0,000235
перейти -0,009950 -0,000005
перераб 1,609438 0,000804
переработка 1,469676 0,000367
переход 0,653926 0,000326
период 0,274437 0,000137
персональный -0,009950 -0,000002
перспективный 1,966113 0,000491
перфокарта 3,218876 0,002411
перфорировать 3,912023 0,000977
петер 2,995732 0,000748
петрить 1,714798 0,000428
петровича 3,218876 0,000804
печать -0,009950 -0,000005
пиковый 2,525729 0,000630
письмо 1,237874 0,000309
питер 1,966113 0,000491
питера 3,218876 0,001607
плазма 2,995732 0,000748
плюс 1,272966 0,000318
по-видимому 3,912023 0,000977
по-итальянски 3,912023 0,000977
победа 0,755023 0,000188
поведение -0,009950 -0,000005
повсеместно 2,407946 0,000601
повсеместный 2,040221 0,000509
повысить 1,021651 0,000255
повышение 1,078810 0,000539
поговаривать 3,912023 0,000977
подать 1,714798 0,000428
подготовить 1,386294 0,000346
подготовка 0,916291 0,000686
поддерживать 0,994252 0,000248
поддержка 0,653926 0,000326
подобный 0,994252 0,000496
подраздел 2,995732 0,000748
подход 0,994252 0,001241
подчеркнуть 2,659260 0,000664
позволять 0,462035 0,000115
поздно 0,713350 0,000178
позже 0,733969 0,000183
поиск -0,009950 -0,000015
пойти 1,897120 0,000474
показать 0,891598 0,000445
пол 0,446287 0,000111
полагать 2,120264 0,000529
полагаться 2,659260 0,001328
полезное 3,218876 0,000804
полисемия 3,912023 0,004883
политик -0,009950 -0,000005
полный 0,328504 0,000082
получить 0,150823 0,000113
пользователь 1,427116 0,001425
пользовательский 2,040221 0,000509
помимо 0,562119 0,000281
помогать 1,897120 0,000947
помощь 0,342490 0,000513
пониматься 1,966113 0,000982
понятие 0,967584 0,000966
пора 0,776529 0,000194
португалия 2,813411 0,000702
посвятить 0,634878 0,000475
поскольку 0,941609 0,000470
последнее 0,843970 0,000211
последний -0,009950 -0,000007
пособие 1,514128 0,000378
посредство 1,660731 0,000415
постепенно 0,867501 0,000217
построение 1,560648 0,000390
потребность 1,514128 0,000378
появиться 0,248461 0,000186
появление 0,653926 0,000326
правило 0,478036 0,000835
правительственный 1,832581 0,000457
править -0,009950 -0,000189
правкиновые -0,009950 -0,000002
правкипостоянная -0,009950 -0,000002
право 0,314711 0,000079
практик 1,049822 0,000524
практический 1,560648 0,002337
предводитель 3,218876 0,000804
предел 0,400478 0,000200
предикат 3,506558 0,000875
предложить 0,820981 0,001844
предмет 0,713350 0,000712
предметно-ориентированное 3,506558 0,000875
предметный 2,659260 0,002655
предназначить 1,139434 0,000569
предоставление 1,609438 0,000402
предполагать 1,171183 0,000585
предполагаться 1,078810 0,000269
предположить 2,302585 0,000575
предпочитать 2,407946 0,000601
представитель 0,653926 0,000163
представить 0,328504 0,000164
представиться -0,009950 -0,000002
представление 0,776529 0,000582
представлять 0,328504 0,000328
предупреждение 2,659260 0,000664
предшествовать 1,771957 0,000442
прежде 1,049822 0,000262
президент 0,597837 0,000149
преобразование 1,347074 0,001009
преподавание 2,525729 0,000630
преподаваться 3,912023 0,000977
приводить 0,776529 0,000194
пригодность 3,506558 0,000875
признак 1,714798 0,000428
признать 0,494296 0,000123
прикладной 1,078810 0,002424
приложение 0,733969 0,000366
применение 0,967584 0,002657
применять 0,510826 0,000128
применяться 1,139434 0,000284
пример 0,527633 0,000395
примечание -0,009950 -0,000005
принятие 1,560648 0,000779
принять 0,248461 0,000310
приобретать 1,966113 0,000491
приписывать 2,995732 0,001496
приравниваться 3,506558 0,000875
природа 0,653926 0,000490
присвоить 0,798508 0,000199
присутствовать 1,021651 0,000255
присущий 2,207275 0,000551
приходиться 0,693147 0,000173
причем 0,994252 0,000248
проблема 0,274437 0,000548
проведение 0,673345 0,000168
проводиться 0,653926 0,000163
прогнозирование 2,525729 0,000630
программа 0,415515 0,001452
программирование 1,609438 0,008839
программировать 3,218876 0,001607
программный 1,272966 0,006991
прогресс 1,309333 0,000327
продемонстрировать 2,525729 0,000630
проект -0,009950 -0,000012
проектахзначения 1,237874 0,000309
проектирование 1,560648 0,002337
производительность 1,609438 0,001607
производительный 2,813411 0,000702
производить 0,916291 0,000229
производная 2,525729 0,001261
производственный 1,078810 0,000269
производство 0,527633 0,000132
произвольный 2,120264 0,000529
происходить 0,328504 0,000082
промышлять 0,462035 0,000231
пропускной 2,040221 0,000509
просмотр -0,009950 -0,000002
простор 2,040221 0,000509
противоракетный 3,912023 0,000977
протокол 1,139434 0,000569
профессиональный 0,733969 0,000183
профессор 0,967584 0,000725
процесс 0,415515 0,001037
процессор 2,207275 0,000551
прочее 0,544727 0,000136
прочие 0,798508 0,000199
прочный 2,525729 0,000630
проявлять 2,407946 0,000601
путаница 2,995732 0,000748
путь 0,261365 0,000065
работа 0,127833 0,000287
работать 0,314711 0,000079
работник 1,108663 0,000277
рабочий 0,597837 0,000298
разбор 3,218876 0,000804
развиваться 0,597837 0,000298
развитие 0,127833 0,000287
развлечение 2,120264 0,000529
раздел 0,342490 0,000342
различный 0,116534 0,000262
разница 1,897120 0,000474
разностный 3,506558 0,000875
разный 0,314711 0,000157
разочарование 3,912023 0,000977
разрабатывать 1,609438 0,000402
разработать 0,616186 0,000308
разработка 0,653926 0,003591
разработчик -0,009950 -0,000002
разрушение 1,560648 0,000390
разум 2,813411 0,000702
рамбо 3,506558 0,000875
рамка 0,478036 0,000119
рана 0,776529 0,000388
ранний 0,733969 0,000183
рано 0,261365 0,000065
распознавание 3,218876 0,000804
распределить 0,693147 0,001384
распространение 0,891598 0,001113
распространить 0,616186 0,000154
распространиться 2,302585 0,000575
рассматривать 1,237874 0,000309
рассматриваться 1,203973 0,000301
расчет 0,820981 0,000615
расшириться 2,407946 0,000601
расширять 2,302585 0,000575
расшифровка 2,995732 0,000748
рационалистический 2,813411 0,000702
реализация 0,798508 0,000797
реализовать 0,673345 0,000168
реальный 0,967584 0,000242
революция 0,562119 0,000702
редко 1,514128 0,000378
резко 0,967584 0,000242
результат 0,174353 0,000174
реклама 1,832581 0,000457
рекомендация 0,776529 0,000194
ресурс 0,020203 0,000020
решать 1,469676 0,000734
решение 0,328504 0,000574
решительный 3,506558 0,000875
роберт 2,302585 0,000575
робот 2,995732 0,000748
робототехника 3,506558 0,001751
роботы-пылесосы 3,912023 0,000977
род 0,843970 0,000421
родственный 0,579818 0,000145
ройс 3,506558 0,000875
российский 0,105361 0,000132
россия 0,174353 0,000218
руководство 0,544727 0,000136
рус 0,162519 0,000041
русский -0,009950 -0,000022
рынок 0,713350 0,000178
ряд 0,223144 0,000223
сабельфельдом 3,912023 0,000977
сам 0,162519 0,000081
самодостаточный 3,506558 0,000875
самолет 1,237874 0,000309
самостоятельный 0,820981 0,000615
самый 0,174353 0,000087
саха 2,813411 0,000702
сбор 1,347074 0,001345
сбыться 2,813411 0,000702
сведение 0,579818 0,000145
свободный -0,009950 -0,000002
свое 0,287682 0,000072
свой 0,150823 0,000264
свойство 0,415515 0,000622
сворачивание 3,912023 0,000977
связать 0,174353 0,000609
связаться -0,009950 -0,000002
связь 0,174353 0,000087
себя 0,198451 0,000198
сей 0,693147 0,000173
секретная 2,659260 0,000664
сектор 1,049822 0,000262
семантика 2,659260 0,001328
семинар 2,302585 0,000575
семиотик 3,506558 0,000875
семиотический 3,506558 0,000875
сентябрь 0,072571 0,000018
середина 0,356675 0,000089
сетевой 1,049822 0,000524
сеть 0,356675 0,000712
сжатие 2,813411 0,001405
сигнал 2,040221 0,000509
символьный 3,218876 0,000804
симулятор 3,912023 0,000977
синоним 2,407946 0,000601
синтез 2,407946 0,000601
синтезировать 3,506558 0,000875
система 0,051293 0,000384
систематический 2,040221 0,000509
системеобсуждениевкладсоздать -0,009950 -0,000002
системный 1,966113 0,000982
ситуация 0,693147 0,000346
скандинавский 2,659260 0,000664
скачать -0,009950 -0,000002
скорая 3,218876 0,000804
славянский 1,386294 0,000346
следовательно 2,207275 0,000551
следовать 0,235722 0,000177
следует 0,755023 0,000188
словарь 0,094311 0,000094
слово 0,210721 0,000473
сложиться 0,994252 0,000248
сложность 1,049822 0,001834
сложный 0,446287 0,000111
случай -0,009950 -0,000005
смысл 1,272966 0,000318
сначала 1,386294 0,000346
снять 1,237874 0,000309
собрать 1,386294 0,000346
собственный 0,446287 0,000111
событие 0,733969 0,000183
событияпожертвовать -0,009950 -0,000002
совет 0,462035 0,000231
советский 0,261365 0,000130
совместный 1,514128 0,000378
совокупность 1,469676 0,001101
совпадать 1,832581 0,000457
современный 0,150823 0,000452
содержание 0,010050 0,000005
соединение 1,237874 0,000309
создание 0,301105 0,000451
создать 0,210721 0,000316
сознание 1,897120 0,000474
сократить 1,560648 0,000390
сокращение 0,867501 0,000217
сообщать 1,966113 0,000491
сообщение 0,478036 0,000119
сообщество 1,514128 0,000756
сообщить -0,009950 -0,000002
соответствие 0,371064 0,000093
сопровождение 2,120264 0,000529
сосредоточить 1,171183 0,001169
состояние 0,248461 0,000124
сохранение -0,009950 -0,000007
социальный 0,527633 0,000527
союз 0,579818 0,000289
спасение 2,302585 0,000575
спб 0,385662 0,000096
спектр 1,609438 0,000402
специалист 0,755023 0,001508
специальный 0,415515 0,000207
спецификация 2,207275 0,001102
специфический 2,302585 0,001150
спецэффект 3,506558 0,000875
спиральный 3,218876 0,000804
способ 1,078810 0,000269
способность 1,139434 0,000284
спроектировать 2,813411 0,000702
спустя 1,609438 0,000402
сработать 2,995732 0,000748
среда 0,385662 0,000193
среди 0,198451 0,000149
среднее 0,342490 0,000085
средство 0,287682 0,000144
ссср 0,314711 0,000236
ссылаться 2,407946 0,000601
ссылка -0,009950 -0,000027
ссылкамистатьи 2,995732 0,000748
ссылкасведения -0,009950 -0,000002
стадий 1,660731 0,000415
сталь 0,415515 0,000104
стандарт 0,867501 0,000217
стандартизация 2,120264 0,000529
становиться 0,415515 0,000207
становление 1,237874 0,000309
станок 2,525729 0,000630
старший 1,386294 0,000346
старый 0,314711 0,000079
статистик -0,009950 -0,000005
статистический 0,713350 0,000356
статус 0,430783 0,000108
стать 0,083382 0,000250
статьислучайная -0,009950 -0,000002
статьисообществофорумсправкасвежие -0,009950 -0,000002
статья 0,020203 0,000111
статьяобсуждение -0,009950 -0,000002
статьятекущие -0,009950 -0,000002
степень 0,673345 0,000672
стив 2,813411 0,000702
сто 1,514128 0,000378
стоимость 1,021651 0,000255
сторона 0,235722 0,000177
страна 0,235722 0,000177
страница -0,009950 -0,000007
страницасодержаниеизбранные -0,009950 -0,000002
страницецитировать -0,009950 -0,000002
страницуполучить -0,009950 -0,000002
страницыслужебные -0,009950 -0,000002
стратегический 1,469676 0,000367
структура 0,400478 0,001600
структуризация 3,912023 0,000977
субд 2,995732 0,000748
суть 2,120264 0,000529
существование 0,693147 0,000173
существовать 0,020203 0,000020
сфера 0,562119 0,000281
сфокусировать 3,912023 0,000977
сформировать 1,078810 0,000269
сформулировать 2,659260 0,000664
схема 0,916291 0,000457
счет 0,562119 0,000421
счетный 2,659260 0,000664
считать 0,597837 0,000298
считаться 0,385662 0,000193
сша 0,562119 0,001263
сюдасвязанные -0,009950 -0,000002
табулятор 3,912023 0,000977
такое 0,328504 0,000328
такой 0,162519 0,000609
тезаурус 3,912023 0,002930
текст -0,009950 -0,000002
телевидение 0,820981 0,000205
телекоммуникация 2,120264 0,000529
тема 0,693147 0,000519
тенденция 1,237874 0,000927
теоретический 1,609438 0,007232
теория 1,049822 0,011531
термин 0,198451 0,001387
терминология 2,302585 0,000575
тест 2,659260 0,000664
тестирование 2,040221 0,001528
техн 3,506558 0,000875
техник 0,713350 0,001959
технический 0,462035 0,000692
технократический 3,912023 0,000977
технология 0,400478 0,000900
течь 0,274437 0,000069
тип 0,072571 0,000054
ткацкий 3,218876 0,000804
товарный -0,009950 -0,000002
толкование 2,995732 0,000748
толковый 2,407946 0,001202
томас 2,659260 0,000664
торговля 0,579818 0,000289
точка 0,478036 0,000119
точный 1,347074 0,000673
традиционно 1,347074 0,000336
трафик 2,207275 0,000551
требование 0,967584 0,000242
требовать 0,562119 0,000140
требоваться 1,386294 0,000692
третий 0,616186 0,000461
три 0,248461 0,000062
труд 0,597837 0,000298
трудовой 0,967584 0,000242
тыл 1,771957 0,000442
тысячелетие 1,427116 0,000356
тьюринга 2,995732 0,001496
убедить 2,525729 0,000630
увенчаться 2,813411 0,000702
углубить 1,897120 0,000474
удобство 2,659260 0,001328
удовлетворение 2,659260 0,000664
удовлетворять 2,407946 0,000601
узкий 1,171183 0,000292
уинстон 3,218876 0,000804
указание -0,009950 -0,000002
указать 0,083382 0,000021
указывать 1,272966 0,000318
уклон 2,207275 0,000551
украина 0,527633 0,000132
умножение 3,218876 0,000804
университет 0,328504 0,000738
университетский 1,771957 0,000442
уолтер 3,506558 0,000875
уорд 3,218876 0,000804
уоттс 3,506558 0,000875
употребление 1,714798 0,000428
употребляться 1,832581 0,000457
управление 0,248461 0,000372
упростить 2,207275 0,000551
уровень 0,150823 0,000038
усилие 1,660731 0,000415
условие -0,009950 -0,000010
успех 1,021651 0,000255
устойчивость 2,659260 0,000664
устранение 2,525729 0,000630
устройство 0,527633 0,000263
усугубить 3,506558 0,000875
утверждать 1,660731 0,000829
уточнение 1,469676 0,000367
уточнить 1,714798 0,001712
участие -0,009950 -0,000002
участник 0,510826 0,000128
учеба 2,407946 0,001202
учебник 1,609438 0,000402
учебный 0,673345 0,001681
ученик 2,120264 0,000529
ученый 0,653926 0,001306
учетный -0,009950 -0,000002
учитель 1,427116 0,000712
учитывать 1,514128 0,000756
учитываться 2,659260 0,000664
учреждение 0,653926 0,000163
факт 0,634878 0,000475
фактически 0,916291 0,000229
фактор 0,994252 0,000248
факультет 1,514128 0,000756
фаулер 3,218876 0,000804
февраль 0,051293 0,000026
федеральный 0,462035 0,000115
фейн 3,912023 0,001953
фейна 3,912023 0,000977
физик 1,309333 0,000654
физический 0,798508 0,000399
фиксировать 1,427116 0,000356
филин 2,659260 0,000664
филиппом 3,506558 0,000875
философия 2,040221 0,001019
философский 2,040221 0,001019
фильм 1,049822 0,000262
финальный 2,995732 0,000748
финансовый 0,733969 0,000366
фонд -0,009950 -0,000002
форма 0,287682 0,000144
формальный 1,832581 0,006404
формат 0,843970 0,000421
формирование 0,597837 0,000298
формироваться 1,078810 0,000269
форсайта 3,912023 0,000977
фраза 2,525729 0,000630
франций 1,139434 0,000853
французский 1,309333 0,001307
фрг 2,995732 0,000748
фред 3,506558 0,000875
фронт 1,078810 0,000269
фундаментальный 1,560648 0,003896
функциональный 1,897120 0,000474
функционирование 1,714798 0,000428
хамфри 3,506558 0,000875
характер 0,653926 0,000163
характеризовать 2,407946 0,000601
характерный 0,693147 0,000173
харкевич 3,912023 0,000977
харкевичем 3,912023 0,000977
хемоинформатика 3,912023 0,000977
химия 1,514128 0,000378
хоар 3,506558 0,000875
ход 0,510826 0,000128
холлерит 3,912023 0,000977
хотя 0,653926 0,000653
хранение 1,309333 0,001634
хранить 1,832581 0,000457
храниться 1,560648 0,000390
хунта 3,912023 0,000977
целеполагающий 3,912023 0,000977
целое 0,634878 0,000475
цель 0,371064 0,000648
центральный 0,400478 0,000200
цепь 2,040221 0,000509
цехановский 3,912023 0,000977
цифровой 0,562119 0,000702
чарльз 2,995732 0,000748
чарльзу 3,912023 0,000977
частично 0,653926 0,000163
частное 1,514128 0,000378
частность 0,462035 0,000231
часто 0,415515 0,000519
частый 1,309333 0,000327
часть 0,061875 0,000108
человек 0,186330 0,000279
человеческий 1,309333 0,001307
черный 0,843970 0,002107
черт 0,916291 0,000229
четыре 0,597837 0,000298
числить 2,813411 0,004214
число 0,186330 0,000233
числовой 2,040221 0,000509
читатьправитьправить 0,494296 0,000123
член-корреспондент 2,407946 0,000601
шаблон 0,462035 0,000115
шаг 1,714798 0,001284
швейцарский 2,120264 0,000529
шемакиным 3,912023 0,000977
шеннона 3,218876 0,000804
шестидесятый 3,506558 0,000875
широкий 0,494296 0,000740
широко 0,653926 0,000163
шифровальная 3,506558 0,000875
шифрование 2,407946 0,001202
шишак 3,912023 0,000977
школа 0,478036 0,000477
штат 1,560648 0,001169
штейнбух 3,912023 0,000977
эвм 2,659260 0,001991
эволюционный 2,995732 0,000748
эволюция 1,560648 0,000390
эдвард 2,813411 0,000702
эден 3,912023 0,000977
эдинбурга 3,912023 0,000977
эдсгер 3,506558 0,000875
эйкен 3,912023 0,000977
эквивалент 2,995732 0,001496
экз 0,415515 0,000311
экономика 0,400478 0,000100
экран 1,771957 0,000442
эксперимент 1,832581 0,000915
эксперт 1,203973 0,000301
экспорт -0,009950 -0,000002
электрик 3,506558 0,000875
электроника 2,120264 0,000529
электронный 0,478036 0,000358
электротехник 2,995732 0,001496
электротехника 3,506558 0,000875
элемент 0,544727 0,000408
эмпирический 2,995732 0,000748
энигма 3,506558 0,001751
энтони 2,995732 0,000748
энциклопедия -0,009950 -0,000017
энциклопедиясы 3,218876 0,000804
эпоха 0,713350 0,000534
этимология 0,616186 0,000308
эффективно 2,525729 0,001261
эффективность 1,347074 0,001345
эффективный 1,609438 0,001205
юнеско 1,660731 0,001658
явление 1,021651 0,000255
являться 0,040822 0,000173
явный 2,302585 0,001150
язык -0,009950 -0,000087
якобсон 3,218876 0,000804
ясно 2,407946 0,000601
