абстрактные 2,995732 0,000748
абстрактными 3,506558 0,000875
абстракции 2,995732 0,000748
абстракция 3,506558 0,000875
августа 0,072571 0,000054
автоматизировано 3,912023 0,000977
автоматика 3,912023 0,000977
автоматическая 2,995732 0,001496
автоматическим 3,506558 0,000875
автоматического 2,995732 0,001496
автоматов 3,506558 0,002626
авторства -0,009950 -0,000002
ада 2,995732 0,000748
адаптация 3,506558 0,000875
аде 3,506558 0,000875
адресам 3,506558 0,000875
аза 3,912023 0,001953
академией 3,218876 0,000804
академии 0,693147 0,000346
академик 1,660731 0,000415
академиками 3,912023 0,000977
аккредитации 2,995732 0,000748
активно 0,755023 0,000377
актуальное 2,995732 0,000748
акцент 2,659260 0,000664
акцентируют 3,912023 0,000977
аладьев 3,912023 0,000977
алан 2,525729 0,000630
алана 3,912023 0,000977
алгебра 2,525729 0,000630
алгебраических 3,912023 0,000977
алгоритм 2,120264 0,000529
алгоритма 2,525729 0,000630
алгоритмическая 3,912023 0,000977
алгоритмически 3,218876 0,000804
алгоритмической 3,912023 0,000977
алгоритмов 2,302585 0,008622
алгоритмы 2,207275 0,003306
александром 2,120264 0,000529
александу 3,912023 0,000977
алматы 3,218876 0,000804
алфавитувикипедия 0,776529 0,000194
альтернативная 2,659260 0,000664
альтернативных 2,302585 0,000575
американских 2,302585 0,000575
американской 2,207275 0,000551
амнон 3,912023 0,000977
анализ 1,237874 0,003399
анализа 1,897120 0,002841
анализируются 2,813411 0,000702
анализом 3,506558 0,001751
аналитика 2,995732 0,000748
аналитико-синтетической 3,912023 0,000977
аналитической 2,813411 0,002107
аналогии 2,407946 0,000601
англ 0,174353 0,002133
английский 1,897120 0,000474
английском 2,659260 0,003319
англоязычное 3,912023 0,000977
андрея 1,832581 0,000457
анимации 2,813411 0,000702
аппаратного 3,506558 0,002626
аппаратной 2,995732 0,001496
аппаратных 3,506558 0,001751
апреле 0,994252 0,000248
апробацией 3,506558 0,000875
арифметических 3,218876 0,000804
арифмометр 3,912023 0,001953
арханг 3,912023 0,000977
архангельск 1,771957 0,000442
архив 0,462035 0,000115
архивировано 0,020203 0,000050
архивная 0,400478 0,000100
архитектур 3,506558 0,000875
архитектура 0,755023 0,001508
асм 3,912023 0,000977
аспектами 3,506558 0,000875
аспектно-ориентированное 3,218876 0,000804
ассоциацией 3,218876 0,000804
ассоциации 1,771957 0,000442
ассоциация 2,407946 0,001202
ассоциируется 2,995732 0,000748
аттестации 3,218876 0,000804
баз 1,771957 0,000442
база 0,916291 0,000686
базами 2,659260 0,001991
базах 2,995732 0,000748
базовым 2,813411 0,000702
базой 2,040221 0,000509
базу 2,302585 0,000575
базы 1,108663 0,001384
барри 2,995732 0,000748
бауэр 3,912023 0,002930
баш 3,506558 0,000875
безбумажная 3,912023 0,000977
безопасности 1,139434 0,000284
безопасность 1,469676 0,001834
бек 3,506558 0,000875
беларуская 0,000000 0,000000
белка 2,813411 0,001405
бернулли 3,218876 0,000804
бертран 3,218876 0,000804
бесконечные 3,912023 0,000977
бешенков 3,912023 0,000977
библиографических 0,094311 0,000024
библиотек 0,967584 0,000242
библиотечного 2,995732 0,000748
бизнес 1,514128 0,000378
бизнес-школой 3,912023 0,000977
бинарную 3,912023 0,000977
биоинформатика 3,506558 0,000875
биоинформатике 3,912023 0,000977
биологии 2,207275 0,000551
биологическая 2,995732 0,000748
благодаря 0,527633 0,000263
блез 3,506558 0,000875
блетчли-парк 3,912023 0,000977
близкое 2,659260 0,000664
близок 2,813411 0,000702
большая 0,072571 0,000127
большее 3,506558 0,000875
большей 1,078810 0,000269
большинства 1,609438 0,000402
большинстве 1,386294 0,000346
больших 1,272966 0,000318
большое 0,544727 0,000136
большой 0,328504 0,000246
боэм 3,506558 0,000875
бренд 2,207275 0,000551
брукс 3,506558 0,000875
будь 2,995732 0,000748
букве 3,506558 0,000875
булева 3,912023 0,000977
буч 3,506558 0,000875
бхв-петербург 3,506558 0,000875
български 0,000000 0,000000
бэббидж 3,506558 0,000875
бэббиджа 3,218876 0,002411
бэббиджу 3,912023 0,000977
бюджетного 2,813411 0,000702
бюро 1,427116 0,000356
важнейшие 2,302585 0,000575
важнейшим 2,407946 0,000601
важное 2,207275 0,000551
важной 2,207275 0,001102
важны 2,659260 0,000664
важные 2,120264 0,000529
важным 1,386294 0,001038
важных 1,714798 0,000428
вайсбанд 3,912023 0,001953
введен 1,427116 0,000356
введение 1,609438 0,000402
введено 1,771957 0,000442
ввел 2,525729 0,001261
вводный 3,506558 0,000875
вегнер 3,912023 0,000977
ведет 1,203973 0,000301
ведут 1,832581 0,000457
века 0,248461 0,000062
великобритании 1,897120 0,001421
верификации 2,813411 0,001405
вероятностей 3,506558 0,000875
версия -0,009950 -0,000007
весьма 1,514128 0,000378
ветвь 2,813411 0,000702
взаимодействия 1,660731 0,000415
взаимодействовать 2,525729 0,000630
взаимодействуют 2,813411 0,000702
взгляд 1,514128 0,000378
вида 1,386294 0,000692
виде 0,235722 0,000118
видео 1,049822 0,000262
видео-игр 3,912023 0,001953
видеоиграх 3,506558 0,000875
виды 0,798508 0,000199
визуализация 3,506558 0,001751
визуального 2,995732 0,000748
викиданных -0,009950 -0,000002
викимедиа -0,009950 -0,000002
википедии -0,009950 -0,000005
википедия -0,009950 -0,000012
викискладвикиновостиэлемент 1,897120 0,000474
викискладвикипедия 1,469676 0,000367
викискладе 0,174353 0,000087
викисловаремедиафайлы 2,120264 0,000529
викисловарьстатьи 1,347074 0,000336
вильямс 1,966113 0,000491
винити 3,912023 0,000977
вирт 3,506558 0,000875
вклад 1,108663 0,000830
вкладывался 3,912023 0,000977
включает 0,462035 0,000692
включают 1,609438 0,000804
включающее 2,659260 0,000664
включающей 2,207275 0,000551
включающий 1,771957 0,000442
включая 0,527633 0,000132
включившим 3,506558 0,000875
влияние 0,776529 0,000194
влиять 2,995732 0,000748
вначале 2,813411 0,000702
внепартийная 3,912023 0,000977
внес 2,040221 0,000509
внесла 2,813411 0,000702
внешние 0,051293 0,000013
внимания 1,897120 0,000474
внутренние 2,040221 0,000509
вовлеченной 3,912023 0,000977
военные 1,237874 0,000309
военных 1,272966 0,000318
возможно 0,867501 0,000217
возможность 0,616186 0,000615
возникло 2,040221 0,000509
возникновение 1,897120 0,000474
возрастает 2,120264 0,000529
войне 1,049822 0,000262
войны 0,478036 0,000119
волатильность 3,218876 0,000804
волкова 2,207275 0,000551
волшебные 0,040822 0,000010
вопрос 0,967584 0,001208
вопросам 1,966113 0,000491
вопросы 1,049822 0,000524
восстанавливать 2,995732 0,000748
вошел 1,237874 0,000309
впервые 0,385662 0,000096
впоследствии 0,653926 0,000326
вредна 3,912023 0,000977
временем 0,616186 0,000308
времени 0,186330 0,000093
время 0,030459 0,000030
вроде 2,302585 0,000575
вряд 3,912023 0,000977
всеми 1,386294 0,000346
вследствие 1,203973 0,000301
вспомогат 3,912023 0,000977
встречаются 1,272966 0,000318
второй 0,274437 0,000274
вузов 0,891598 0,000668
вузы 1,514128 0,000378
выбор 1,832581 0,000457
вывод 2,407946 0,000601
вывода 2,302585 0,000575
выделял 3,506558 0,000875
выполнение 2,040221 0,000509
выполняет 1,832581 0,000457
выполняются 1,660731 0,000415
выпуск 0,916291 0,000457
выпустила 2,525729 0,000630
вырабатываются 3,912023 0,000977
выражения 2,813411 0,000702
высказываний 2,995732 0,000748
высокая 1,237874 0,000309
высокоинтегрированных 3,912023 0,000977
высокоуровневыеконцепции 3,506558 0,000875
высш 3,912023 0,000977
высшем 2,813411 0,000702
высшую 3,218876 0,000804
вытекают 3,506558 0,000875
вычислений 2,302585 0,009771
вычисления 2,040221 0,003565
вычислениями 3,912023 0,001953
вычислениях 2,995732 0,001496
вычислимости 2,995732 0,003739
вычислитель 3,912023 0,000977
вычислительная 2,659260 0,006638
вычислительной 2,207275 0,007163
вычислительные 2,813411 0,002107
вычислительных 2,407946 0,004809
вычислить 3,218876 0,000804
гарвардской 3,506558 0,000875
гдр 2,813411 0,000702
геном 3,912023 0,000977
генома 3,506558 0,000875
геоинформатике 3,912023 0,000977
геометрией 3,912023 0,000977
геометрия 2,659260 0,000664
герман 2,302585 0,000575
германия 1,203973 0,000301
гигантский 2,995732 0,000748
гидродинамике 3,506558 0,000875
гиляревский 3,912023 0,001953
глушков 3,218876 0,000804
говард 3,506558 0,000875
года -0,009950 -0,000042
годах 0,385662 0,000096
годов 0,356675 0,000445
году 0,072571 0,000344
годы 0,356675 0,000267
гооз 3,912023 0,001953
гос 1,609438 0,000402
государственную 1,714798 0,000428
готовую 3,506558 0,000875
готфрид 3,506558 0,000875
гради 3,506558 0,000875
графика 2,659260 0,003983
графики 2,120264 0,000529
графику 2,995732 0,000748
графов 2,995732 0,000748
греции 1,560648 0,000390
грошев 3,912023 0,000977
группа 0,693147 0,000173
группового 3,218876 0,000804
гуманитарные 2,302585 0,000575
дается 2,995732 0,000748
даль 2,659260 0,000664
данного 1,714798 0,000428
данной 1,609438 0,000402
данные 0,510826 0,000128
данными 1,514128 0,001512
данных 0,616186 0,004922
дано 2,302585 0,000575
дартмутской 3,912023 0,000977
дат 1,966113 0,000491
дата 0,030459 0,000030
даталогии 3,912023 0,000977
даталогический 3,912023 0,000977
даталогия 3,912023 0,000977
датская 0,342490 0,000085
датский 3,218876 0,000804
даты 1,427116 0,000712
двоичную 3,912023 0,000977
двойственное 3,506558 0,000875
дейкстра 3,506558 0,000875
действий 1,560648 0,000390
действовать -0,009950 -0,000002
дела 1,469676 0,000367
делают 2,120264 0,000529
деление 0,673345 0,000168
делится 1,427116 0,000356
дело 1,078810 0,000539
демарко 3,506558 0,000875
деннинга 3,912023 0,001953
дешифровании 3,912023 0,000977
дешифрования 3,506558 0,000875
деятельности 0,446287 0,000446
деятельность 0,653926 0,000163
джеймс 2,659260 0,001328
джексон 3,506558 0,000875
джорджа 3,506558 0,000875
диапазонах 2,995732 0,000748
дизайн 2,525729 0,000630
диплом 3,218876 0,000804
директора 1,897120 0,000474
директору 3,912023 0,000977
дискретная 3,506558 0,000875
дисциплин 2,407946 0,000601
дисциплина 2,659260 0,001991
дисциплинах 3,218876 0,000804
дисциплине 3,506558 0,000875
дисциплинированного 3,912023 0,000977
дисциплину 3,218876 0,000804
дисциплины 2,659260 0,006638
днк 3,912023 0,000977
довольно 0,891598 0,000223
доказательство 2,302585 0,000575
доклад 1,514128 0,000378
докладе 2,813411 0,001405
документалистика 3,912023 0,000977
документалистикой 3,912023 0,000977
документальной 3,506558 0,000875
документах 1,560648 0,000390
документация 3,218876 0,001607
документирование 3,506558 0,000875
документов 0,653926 0,000326
должны 1,021651 0,000255
дом 0,562119 0,000140
дома 0,798508 0,000199
доминирует 3,506558 0,000875
дональд 2,525729 0,000630
доп 0,597837 0,000298
дополнение 2,659260 0,000664
дополнением 2,995732 0,000748
дополнительные -0,009950 -0,000002
дорогостоящими 3,912023 0,000977
дорот 3,912023 0,000977
достаточно 0,820981 0,000205
достигнут 2,813411 0,000702
достижения 1,514128 0,001512
доступа 1,309333 0,000327
доступен -0,009950 -0,000002
доступности 1,714798 0,000428
доступными 3,912023 0,000977
доступом 2,525729 0,000630
дотациями 3,912023 0,000977
древности 1,469676 0,000367
дрейфусом 3,912023 0,000977
друг 1,108663 0,000554
другие 0,030459 0,000030
другими 0,616186 0,000154
других -0,009950 -0,000017
другом 1,514128 0,000756
другому 2,302585 0,000575
другую 2,407946 0,000601
думать 3,218876 0,000804
дэвид 2,407946 0,000601
европе 0,916291 0,000457
европейских 1,771957 0,000885
ежедневного 3,912023 0,000977
ершов 2,813411 0,000702
ершова 3,506558 0,000875
ершовым 3,912023 0,000977
естественная 2,207275 0,002204
естественного 2,207275 0,000551
естественнонаучное 3,912023 0,000977
естественные 1,897120 0,000474
естественных 1,771957 0,001327
жаккардовском 3,912023 0,000977
животным 2,525729 0,000630
живые 2,995732 0,000748
жизненно-важных 3,912023 0,000977
журнал 0,510826 0,000255
журнала 1,427116 0,000356
журнале 2,813411 0,000702
журналы 1,609438 0,001607
заведения 1,108663 0,000277
заглавная -0,009950 -0,000002
задач 1,386294 0,002076
задача 1,660731 0,000415
задачах 2,995732 0,001496
задаче 3,218876 0,000804
задачей 2,407946 0,000601
задачи 1,469676 0,001467
закладывает 3,506558 0,000875
закон 0,616186 0,000154
законах 2,995732 0,000748
закономерности 2,407946 0,000601
закономерностях 3,506558 0,000875
закрепленной 3,912023 0,000977
замене 3,912023 0,000977
заменить 0,562119 0,000140
заместитель 1,897120 0,000474
занимается 1,386294 0,001038
занимающихся 2,813411 0,000702
занимающуюся 3,506558 0,000875
записок 3,218876 0,000804
записьвойти -0,009950 -0,000002
запустил 2,659260 0,000664
зарегистрированный -0,009950 -0,000002
зарождения 2,525729 0,000630
затраты 2,995732 0,000748
затрудняет 3,506558 0,000875
защитой 2,813411 0,000702
защиту 1,897120 0,000474
защиты 0,941609 0,000235
заявление -0,009950 -0,000002
збекча 0,000000 0,000000
знак -0,009950 -0,000002
знаменитая 2,207275 0,000551
знаний 1,660731 0,001658
знания 1,832581 0,000457
значение 0,314711 0,000550
значении 1,714798 0,000856
значений 1,609438 0,000402
значительной 1,469676 0,000367
значительный 1,347074 0,000336
зрение 3,506558 0,000875
зрением 3,506558 0,000875
зрения 1,272966 0,000318
ивар 3,506558 0,000875
игорь 1,714798 0,000428
игр 1,609438 0,000402
идею 2,407946 0,001202
избежать 2,207275 0,000551
известного 1,609438 0,000402
известныедеятели 3,506558 0,000875
известный 0,941609 0,000470
известным 1,832581 0,000457
изд 0,314711 0,000236
издание 0,776529 0,000194
издат 3,506558 0,000875
издательство 0,510826 0,000128
изложены 3,912023 0,000977
изменяющееся 3,912023 0,000977
измеримого 3,912023 0,000977
изначально 1,309333 0,000654
изображении 1,272966 0,000318
изображений 2,407946 0,001803
изображения 1,609438 0,000402
изобрел 3,912023 0,000977
изобретение 3,218876 0,000804
изобретению 3,506558 0,000875
изучает 2,120264 0,000529
изучать 2,659260 0,000664
изучают 3,218876 0,001607
изучаются 2,813411 0,000702
изучающее 3,506558 0,000875
изучающей 3,912023 0,000977
изучение 1,514128 0,001890
изучением 1,897120 0,000947
изучению 1,966113 0,000491
изучения 1,272966 0,001589
имеет 0,235722 0,000177
имел 1,469676 0,000367
именно 0,544727 0,000272
именуемое 3,506558 0,000875
имеют 0,371064 0,000278
имеющей 2,525729 0,000630
имеющими 2,813411 0,000702
имеющихся 2,995732 0,000748
иммунной 3,912023 0,000977
индустрии 1,771957 0,000442
инженерии 2,995732 0,002243
инженерия 3,506558 0,007878
инженерное 2,659260 0,000664
инженерных 2,302585 0,001150
инженеры 2,659260 0,000664
инион 3,912023 0,000977
иное 2,659260 0,000664
институт 0,478036 0,000119
института 0,755023 0,000188
инструкции 2,207275 0,000551
инструментария 3,912023 0,000977
инструменты -0,009950 -0,000005
интегральных 3,912023 0,000977
интеграции 2,207275 0,000551
интеллект 2,659260 0,005974
интеллекта 2,302585 0,002874
интеллектуальный 3,218876 0,000804
интерес 1,714798 0,000856
интернет 0,916291 0,000229
интернета 1,771957 0,000442
интерфейс 2,120264 0,000529
информа 0,000000 0,000000
информатика 2,525729 0,038460
информатикатехнические 3,912023 0,000977
информатике 2,995732 0,011217
информатики 1,714798 0,020975
информатикой 3,912023 0,004883
информацией 1,714798 0,000428
информации 0,446287 0,003008
информационная 2,120264 0,004234
информационного 2,302585 0,000575
информационной 2,207275 0,001653
информационную 2,995732 0,000748
информационные 1,203973 0,000902
информационный 1,427116 0,000712
информационным 2,995732 0,001496
информационных 1,139434 0,000853
информацию 1,237874 0,000309
информация 0,446287 0,000780
информология 3,912023 0,001953
ипи 3,506558 0,000875
исключительно 1,272966 0,000318
искусственного 2,120264 0,002117
искусственный 2,207275 0,004408
искусственными 3,218876 0,000804
исламский 2,525729 0,000630
испания 2,207275 0,000551
использовал 2,120264 0,000529
использовала 2,659260 0,000664
использовали 2,525729 0,000630
использовались 1,660731 0,000415
использование 0,891598 0,000668
использовании 1,560648 0,000390
использованию 2,302585 0,001150
использования -0,009950 -0,000032
использовать 1,171183 0,000877
используемая 2,995732 0,001496
используемую 3,506558 0,000875
используемых 2,040221 0,001528
использует 1,514128 0,000378
используется 0,616186 0,000308
используются 0,916291 0,000915
использующие 0,040822 0,000010
исследование 1,427116 0,000356
исследований 0,941609 0,002350
исследованию 2,040221 0,000509
исследования 0,733969 0,000733
исследованиях 2,207275 0,000551
исследователи 1,469676 0,000367
исследуют 3,218876 0,000804
истории 0,248461 0,000062
исторический 0,653926 0,000163
историю 0,843970 0,000211
история 0,051293 0,000064
источник -0,009950 -0,000002
источниковвикипедия 1,966113 0,000491
исчисления 3,218876 0,000804
италия 1,609438 0,000402
итальянская 1,609438 0,000402
итеративная 3,506558 0,000875
итоге 1,427116 0,000356
июня 0,116534 0,000029
йордан 3,506558 0,000875
кадров 1,771957 0,000885
каждым 2,302585 0,000575
казахстан 1,469676 0,000367
каким 2,207275 0,000551
какое 2,659260 0,000664
каком 2,659260 0,000664
калькулятор 2,659260 0,002655
калькулятора 3,912023 0,002930
калькуляторов 3,912023 0,000977
камеры 2,995732 0,000748
канадская 2,120264 0,000529
каннингем 3,506558 0,000875
карл 2,813411 0,000702
карт 1,514128 0,000378
картирования 3,912023 0,000977
касается 2,207275 0,000551
каскадная 3,506558 0,000875
каталогах 0,094311 0,000024
категории -0,009950 -0,000005
категория 0,916291 0,000229
качества 1,078810 0,000269
качестве 0,478036 0,000358
качество 1,309333 0,000327
квантовая 2,995732 0,000748
кембриджского 3,912023 0,000977
кент 3,506558 0,000875
кибернетика 2,813411 0,000702
кибернетикой 3,912023 0,000977
кино 0,994252 0,000248
классах 2,813411 0,000702
классификацией 3,912023 0,000977
классификацию 2,995732 0,000748
классические 2,407946 0,000601
классическую 2,995732 0,000748
клеточных 3,912023 0,000977
клода 3,912023 0,000977
книге 1,309333 0,000327
книгу 1,514128 0,000378
кнут 2,995732 0,000748
коалиции 3,218876 0,000804
коалиция 3,218876 0,000804
когнитивистика 3,506558 0,000875
код -0,009950 -0,000092
кодекс -0,009950 -0,000002
кодирования 3,506558 0,004377
кодистория 0,116534 0,000029
кодов 2,813411 0,000702
коды 2,120264 0,001059
колин 3,912023 0,002930
колину 3,912023 0,000977
количественного 3,912023 0,000977
количественной 3,912023 0,000977
количество 0,328504 0,000082
колледжи 2,525729 0,000630
кольмар 3,506558 0,000875
комбинаторная 3,506558 0,000875
коми 1,514128 0,000378
комитет 0,755023 0,000565
коммуникации 2,302585 0,001150
коммуникация 3,912023 0,000977
коммутаторов 3,506558 0,000875
компании 0,579818 0,000145
компания 0,653926 0,000163
компилятора 3,218876 0,001607
компиляторов 3,506558 0,000875
комплексной 2,407946 0,000601
компонентов 1,660731 0,000415
компьютер 2,659260 0,000664
компьютера 2,302585 0,008047
компьютерами 3,218876 0,001607
компьютере 2,120264 0,001059
компьютерная 2,659260 0,010621
компьютерного 3,506558 0,003501
компьютерное 3,218876 0,003214
компьютерной 2,207275 0,003857
компьютерную 3,218876 0,000804
компьютерные 2,302585 0,004023
компьютерный 2,813411 0,000702
компьютерным 3,218876 0,000804
компьютерных 2,207275 0,003306
компьютеров 1,897120 0,003789
компьютером 3,506558 0,001751
компьютерра 2,813411 0,000702
компьютеры 2,525729 0,005044
конгрессе 3,218876 0,000804
конечном 2,659260 0,001328
конкретной 2,407946 0,000601
конкретные 2,525729 0,000630
конкретных 2,407946 0,001803
константин 1,560648 0,000390
конструкции 2,120264 0,000529
конструкций 2,207275 0,000551
консультативный 3,506558 0,000875
контексте 1,560648 0,000390
конференции 1,139434 0,001138
конференций 2,813411 0,001405
конфиденциальности -0,009950 -0,000002
конце 0,430783 0,000323
концентрация 2,040221 0,000509
концептуальной 3,506558 0,000875
концепцию 2,207275 0,000551
копенгагенском 3,912023 0,000977
копия 0,328504 0,000082
короткий -0,009950 -0,000002
короткую 3,912023 0,000977
коррекции 3,218876 0,000804
которая 0,287682 0,000287
которого 0,301105 0,000075
которой 0,174353 0,000044
котором 0,301105 0,000225
которые 0,162519 0,000243
который 0,105361 0,000158
которых 0,094311 0,000024
кравец 1,386294 0,000346
криптоанализа 3,506558 0,000875
криптографии 2,995732 0,001496
криптография 2,995732 0,004487
криптологией 3,912023 0,000977
кроме 0,235722 0,000059
круг 2,207275 0,000551
кругосвет 1,560648 0,000390
крупным 1,021651 0,000255
крупных 0,494296 0,000123
крэг 3,506558 0,000875
куки -0,009950 -0,000002
курс 1,347074 0,000336
курсах 3,912023 0,000977
кэй 3,506558 0,000875
кэмбриджа 3,912023 0,000977
лаборатории 2,525729 0,000630
лавлейс 3,218876 0,001607
ларман 3,506558 0,000875
ларусса 1,078810 0,000539
лейбниц 2,995732 0,000748
лексики 3,506558 0,001751
лет 0,223144 0,000167
летию 1,078810 0,000269
ликвидность 3,506558 0,000875
лингвистика 3,218876 0,000804
лингвистические 2,813411 0,000702
литература 0,061875 0,000031
литературе 1,514128 0,000378
литературы 1,078810 0,000269
лицензии -0,009950 -0,000002
логика 2,207275 0,001102
логики 2,813411 0,000702
логикой 3,218876 0,000804
логику 2,659260 0,001328
логический 2,813411 0,000702
логическими 3,912023 0,000977
луи 3,218876 0,000804
людей 0,693147 0,000173
люди 0,755023 0,000188
людьми 1,609438 0,000402
людям 1,832581 0,000457
майкл 2,407946 0,000601
македонски 0,000000 0,000000
макконнелл 3,506558 0,000875
максимальной 2,207275 0,000551
мало 1,427116 0,000356
манипулированием 3,912023 0,000977
манипуляцию 3,912023 0,000977
марий 2,525729 0,000630
марта 0,139262 0,000139
мартин 2,659260 0,001991
маршрутизаторов 3,506558 0,000875
масштабах 2,813411 0,000702
масштабе 2,525729 0,000630
масштабные 1,897120 0,000474
математика 2,120264 0,004234
математики 1,660731 0,000415
математику 3,218876 0,000804
математическая 2,813411 0,001405
математический 2,995732 0,001496
математическими 2,995732 0,000748
математических 2,302585 0,001724
математического 2,813411 0,000702
материал -0,009950 -0,000002
материальном 3,912023 0,000977
машин 1,139434 0,000284
машинами 2,995732 0,001496
машинах 3,218876 0,001607
машине 2,407946 0,001202
машинного 3,218876 0,000804
машинное 3,218876 0,000804
машиной 2,995732 0,001496
машину 2,813411 0,001405
машины 1,514128 0,002268
мая 0,139262 0,000174
медиафайлы 0,301105 0,000075
медицинских 1,427116 0,000356
междисциплинарная 3,912023 0,000977
междисциплинарное 3,912023 0,000977
междисциплинарный 3,506558 0,000875
междисциплинарными 3,912023 0,000977
международном 1,832581 0,000915
межсетевых 3,912023 0,000977
мейер 3,218876 0,000804
мембран 3,912023 0,000977
менеджмента 2,302585 0,000575
менее 0,314711 0,000157
меньше 0,755023 0,000188
мест 0,713350 0,000178
метамодель 3,506558 0,000875
метафизика 3,218876 0,000804
методами 2,525729 0,000630
методах 2,813411 0,001405
методов 1,832581 0,003660
методологией 3,912023 0,000977
методологииразработки 3,506558 0,000875
методологические 3,218876 0,000804
методологической 3,912023 0,000977
методология 2,995732 0,002243
методы 1,714798 0,005565
механический 2,407946 0,001202
механического 2,995732 0,002991
мечта 2,813411 0,000702
мечты 2,813411 0,000702
мешает 2,659260 0,000664
микроархитектура 3,912023 0,000977
микропроцессорной 3,912023 0,000977
мире 0,494296 0,000123
мировоззренческое 3,912023 0,000977
мировой 0,733969 0,000366
михайлов 2,120264 0,001059
михайлову 3,912023 0,000977
мнение 1,427116 0,000356
многие 0,356675 0,000178
многими 2,040221 0,000509
многих 0,494296 0,000247
многопроцессорность 3,506558 0,000875
многочисленных 1,560648 0,000390
множества 2,120264 0,000529
множество 0,597837 0,000149
мобильная -0,009950 -0,000002
мог 1,609438 0,000402
могут -0,009950 -0,000007
моделей 2,207275 0,001102
модели 1,171183 0,000585
моделирование 2,995732 0,004487
моделирования 3,218876 0,002411
модель 1,469676 0,000734
моделях 3,218876 0,000804
модификацию 3,912023 0,000977
модифицированных 3,912023 0,000977
мозга 3,218876 0,000804
мозге 3,506558 0,000875
мокшень 0,000000 0,000000
молекул 3,218876 0,000804
монахов 3,506558 0,000875
монгол 0,000000 0,000000
морфогенеза 3,912023 0,000977
москва 0,400478 0,000100
москве 1,171183 0,000292
мотивировано 3,912023 0,000977
мощность 2,207275 0,000551
мощных 2,995732 0,000748
мюнхенского 3,912023 0,000977
наблюдаемых 2,995732 0,000748
наблюдается 1,021651 0,000255
навигации -0,009950 -0,000002
навигация -0,009950 -0,000005
навыках 3,912023 0,000977
нагрузках 3,912023 0,000977
надежное 3,506558 0,000875
надежной 3,218876 0,000804
надежности 3,218876 0,000804
надежность 3,506558 0,001751
надежных 3,506558 0,000875
надлежащий 3,912023 0,000977
название 0,198451 0,000198
названием 0,820981 0,000205
названий 1,078810 0,000269
названный 2,120264 0,000529
называемой 2,040221 0,000509
называемому 3,506558 0,000875
называемый 1,514128 0,000378
наиболее 0,139262 0,000070
наименование 1,714798 0,000428
нами -0,009950 -0,000002
написала 2,995732 0,000748
написали 2,995732 0,000748
написание 2,207275 0,000551
направлена 2,813411 0,000702
направление 1,203973 0,002104
направлением 2,120264 0,000529
направлений 1,108663 0,000554
направлению 2,040221 0,001019
направления 0,755023 0,001131
направлениям 1,660731 0,000415
например 0,328504 0,000820
наряду 1,078810 0,000269
наук 0,693147 0,001557
наука 0,301105 0,001353
наукаинформа 0,000000 0,000000
науках 2,995732 0,001496
науке 1,897120 0,001421
науки 0,820981 0,001435
наукискрытые 2,995732 0,000748
науковедение 2,995732 0,000748
наукой 2,207275 0,000551
науку 1,966113 0,001963
наумовым 3,912023 0,000977
наур 3,912023 0,001953
научная 0,798508 0,000399
научно-информационная 3,912023 0,000977
научно-информационной 3,912023 0,001953
научно-методологическое 3,912023 0,000977
научно-техническая 2,659260 0,000664
научного 1,309333 0,000327
научное 0,891598 0,000445
научной 1,108663 0,003044
научном 2,525729 0,001891
научную 2,120264 0,001059
научные 1,049822 0,001310
научным 1,771957 0,000442
научных 0,776529 0,001745
нацеленных 3,912023 0,000977
национальная 1,108663 0,000277
начал 0,798508 0,000399
начале 0,314711 0,000157
начало 0,415515 0,000104
начинать 3,912023 0,000977
начиная 0,733969 0,000366
нашего 2,040221 0,000509
нашей 1,386294 0,000346
нашел 2,525729 0,000630
негативных 2,813411 0,000702
недостатков 0,653926 0,000163
недоступная 0,527633 0,000132
независимо 1,966113 0,000491
нейрофизиология 3,912023 0,000977
некоммерческой -0,009950 -0,000002
некоторой 2,659260 0,001328
некоторые 0,301105 0,000075
некоторых 0,494296 0,000123
нем 0,356675 0,000178
немецкие 1,966113 0,000491
немецкий 1,427116 0,000356
немецкое 2,995732 0,000748
немецком 2,813411 0,001405
необходимо 1,237874 0,000309
необходимости 1,660731 0,000415
необходимостью 3,218876 0,000804
необходимый 2,813411 0,000702
необходимым 2,659260 0,000664
неолитической 3,506558 0,000875
неотъемлемой 2,813411 0,000702
непосредственное 2,813411 0,000702
нерабочими 1,021651 0,000255
неразрешимые 3,506558 0,000875
неразрывно 2,995732 0,000748
нерешенной 3,218876 0,000804
несанкционированного 3,506558 0,000875
несбыточной 3,912023 0,000977
несколькими 1,660731 0,000415
нескольких 0,755023 0,000188
несколько 0,150823 0,000151
несмотря 0,755023 0,000377
нидерланды 2,525729 0,000630
никлаус 3,506558 0,000875
новая 0,634878 0,000317
новиков 2,995732 0,000748
нового 0,579818 0,000145
новое 0,755023 0,000188
новую 1,171183 0,000292
новые 0,342490 0,000085
новых 0,430783 0,000323
норвежская 0,248461 0,000062
нська 0,000000 0,000000
нужна 2,995732 0,000748
ныне 0,653926 0,000163
оао 0,916291 0,000229
обеспечение 1,237874 0,000309
обеспечением 2,659260 0,000664
обеспечению 2,407946 0,000601
обеспечения 0,867501 0,002166
обеспеченияпроцесс 3,506558 0,000875
обеспечивает 1,108663 0,000554
обеспечивающий 2,813411 0,000702
обеспечивающих 2,207275 0,000551
обеспечили 2,995732 0,000748
обеспечит 3,506558 0,000875
обитания 2,120264 0,000529
областей 1,049822 0,000262
области 0,223144 0,001393
область 0,385662 0,000578
областями 2,659260 0,001328
областях 1,560648 0,001169
обмен 1,832581 0,000457
обмена 1,560648 0,000779
обмениваются 3,912023 0,000977
обнаружения 3,506558 0,000875
обозначал 2,813411 0,000702
обозначать 3,218876 0,000804
оборудования 1,049822 0,000262
обосновывая 3,912023 0,000977
обработаны 3,506558 0,000875
обработка 2,120264 0,001588
обработке 2,995732 0,000748
обработки 1,897120 0,003315
обработкой 3,506558 0,002626
обработку 3,218876 0,000804
образов 2,813411 0,000702
образование 0,494296 0,000740
образовании 1,832581 0,001830
образования 0,478036 0,000716
образовательной 2,659260 0,000664
образовательные 1,714798 0,000428
образом 0,371064 0,000278
обращается 2,995732 0,000748
обращения 0,030459 0,000030
обслуживание 1,832581 0,000915
обучают 3,912023 0,000977
обучение 1,714798 0,000856
обучения 1,660731 0,000829
общего 0,713350 0,000178
общей 0,597837 0,000149
общеобразовательной 3,506558 0,000875
общества 0,776529 0,000775
обществе 2,040221 0,002037
общественные 1,609438 0,000402
общество 0,713350 0,000356
общие 0,673345 0,000168
общих 1,771957 0,000885
объектами 1,897120 0,000474
объективной 3,506558 0,000875
объектно-ориентированное 3,218876 0,000804
объясняют 2,813411 0,000702
обывателей 3,506558 0,000875
обычным 2,659260 0,000664
обычных 2,995732 0,000748
обязательно 2,040221 0,000509
обязательным 2,407946 0,000601
огневой 3,912023 0,000977
ограничения 1,897120 0,000474
огромное 1,966113 0,000491
одна 0,527633 0,000132
однако 0,174353 0,000044
одним 0,494296 0,000370
одновременно 0,776529 0,000582
одновременное 3,218876 0,000804
одной 0,371064 0,000648
озаглавленный 3,912023 0,000977
означает 1,237874 0,000309
означал 3,218876 0,000804
оказывает 1,427116 0,000356
около 0,000000 0,000000
окружающим 3,218876 0,000804
октябре 0,967584 0,000242
октября 0,083382 0,000083
оле-йохан 3,506558 0,000875
олык 0,000000 0,000000
онлайн 0,198451 0,000050
оно 0,000000 0,000000
операции 1,139434 0,000284
операционная 2,659260 0,000664
операционные 2,302585 0,000575
операциях 2,407946 0,000601
опережающего 2,995732 0,000748
оперирует 3,506558 0,000875
опирается 2,040221 0,000509
описал 2,659260 0,000664
описание -0,009950 -0,000002
описывал 3,218876 0,000804
определение 1,660731 0,000415
определенными 2,525729 0,000630
определил 2,407946 0,000601
определили 2,407946 0,000601
определяемая 3,912023 0,000977
определяет 1,714798 0,000428
оптимизация 3,218876 0,000804
оптимизировать 2,995732 0,000748
организацией 1,966113 0,000491
организации -0,009950 -0,000002
организация 0,891598 0,000445
организмы 3,218876 0,000804
организованная 2,407946 0,000601
оригинала 0,162519 0,000081
ортса 0,000000 0,000000
основ 2,659260 0,001328
основами 3,912023 0,001953
основана 1,272966 0,000318
основанный 1,386294 0,000692
основанных 3,218876 0,000804
основатель 1,609438 0,000402
основе 0,494296 0,000123
основная 0,116534 0,000407
основном 0,510826 0,000638
основные 0,223144 0,000446
основных 0,634878 0,000158
основой 1,237874 0,000927
основополагающих 2,995732 0,000748
основы 1,560648 0,003896
основывались 3,506558 0,000875
особенно 0,562119 0,000281
остается 0,891598 0,000223
остальной 1,966113 0,000491
остальных 1,660731 0,000415
останется 2,207275 0,000551
ответа 2,659260 0,001328
ответов 2,525729 0,000630
ответственности -0,009950 -0,000002
отдельные 1,078810 0,000539
отдельных -0,009950 -0,000002
отечественной 0,673345 0,000168
отказ -0,009950 -0,000002
отклика 3,506558 0,000875
открывало 3,506558 0,000875
открытое 1,714798 0,000428
отличается 0,579818 0,000289
отличие 0,891598 0,000223
отмечается 1,309333 0,000327
отнесено 3,506558 0,000875
относится 0,733969 0,000183
относятся 0,713350 0,000178
относящаяся 2,995732 0,000748
относящиеся 2,659260 0,000664
отправной 3,218876 0,000804
отражающих 3,506558 0,000875
отразить 3,218876 0,000804
отредактирована -0,009950 -0,000002
отредактированы 3,912023 0,000977
отсутствует 1,272966 0,000318
отсчет 2,995732 0,000748
отчет 1,660731 0,000415
официально 0,693147 0,000173
официальной 1,469676 0,000367
оформленная 3,912023 0,000977
охватывает 1,771957 0,000442
оценки 1,609438 0,001205
оценкой 3,912023 0,001953
очередь 0,527633 0,000263
ошибке 3,218876 0,000804
ошибкекак -0,009950 -0,000002
ошибок 2,120264 0,001059
падала 3,912023 0,000977
памяти 1,078810 0,000808
память 0,891598 0,000223
парадигма 3,218876 0,000804
парадигму 3,506558 0,002626
парадигмы 3,218876 0,001607
параллелизм 3,506558 0,002626
параллелизма 3,912023 0,000977
параллельные 2,995732 0,002243
параллельным 3,912023 0,000977
параллельных 2,995732 0,000748
парнас 2,995732 0,000748
паскаль 3,506558 0,000875
паскаля 3,912023 0,000977
первая 0,430783 0,000215
первого 0,733969 0,000733
первой 0,462035 0,000231
первому 2,207275 0,000551
первостепенное 3,506558 0,000875
первую 0,867501 0,000217
первый 0,385662 0,000289
первым 0,597837 0,000448
пердью 3,912023 0,001953
переведенную 3,912023 0,000977
перевели 2,659260 0,000664
перевод 1,427116 0,000356
перевода 2,407946 0,001202
переводу 2,813411 0,000702
передача 1,514128 0,000378
передачи 1,560648 0,002337
переиздана 3,912023 0,000977
переименованный 2,813411 0,000702
перейти -0,009950 -0,000005
перераб 1,609438 0,000804
переработке 2,120264 0,000529
переход 1,427116 0,000712
период 0,342490 0,000085
периоды 1,560648 0,000390
персональные -0,009950 -0,000002
перспективные 3,218876 0,000804
перфокарт 3,506558 0,000875
перфокарты 3,506558 0,001751
перфорированных 3,912023 0,000977
петер 2,995732 0,000748
петри 3,506558 0,000875
петровича 3,218876 0,000804
печати -0,009950 -0,000002
печать -0,009950 -0,000002
пиковых 3,506558 0,000875
письме 2,813411 0,000702
питер 1,966113 0,000491
питера 3,218876 0,001607
плазмы 2,995732 0,000748
плюс 1,386294 0,000346
по-видимому 3,912023 0,000977
по-итальянски 3,912023 0,000977
победу 1,897120 0,000474
поведения -0,009950 -0,000005
повсеместно 2,407946 0,000601
повсеместные 3,506558 0,000875
повысила 3,912023 0,000977
повышению 2,302585 0,000575
повышения 2,207275 0,000551
поговаривали 3,912023 0,000977
подало 3,506558 0,000875
подготовил 2,659260 0,000664
подготовка 1,771957 0,000442
подготовке 2,207275 0,000551
подготовки 1,309333 0,000327
поддерживаемая 2,659260 0,000664
поддержке 1,469676 0,000367
поддержки 1,560648 0,000390
подобная 2,659260 0,000664
подобные 1,609438 0,000402
подразделе 3,912023 0,000977
подробнее -0,009950 -0,000002
подход 1,771957 0,000442
подхода 2,407946 0,000601
подходах 2,659260 0,000664
подходов 2,525729 0,000630
подходы 2,525729 0,000630
подчеркнуть 3,218876 0,000804
позволяют 1,469676 0,000367
позднее 0,798508 0,000199
позже 0,733969 0,000183
поиск -0,009950 -0,000005
поиске 3,506558 0,000875
поиском 3,506558 0,000875
поиску -0,009950 -0,000005
показал 1,832581 0,000457
показано 2,995732 0,000748
полагается 2,813411 0,001405
полагают 2,659260 0,000664
поле 0,798508 0,000199
полезным 3,218876 0,000804
полисемия 3,912023 0,004883
политика -0,009950 -0,000002
политику 2,302585 0,000575
полна 3,218876 0,000804
получила 0,653926 0,000163
получили 0,967584 0,000242
получило 1,832581 0,000457
пользователей 1,714798 0,001284
пользовательский 2,659260 0,000664
пользователями 3,218876 0,000804
помимо 0,562119 0,000281
помогают 2,995732 0,000748
помогая 3,912023 0,000977
помощи 0,843970 0,000421
помощь 1,714798 0,000428
помощью 0,634878 0,000475
понимается 2,659260 0,001328
понятие 1,469676 0,000734
понятий 2,407946 0,001202
пор 0,941609 0,000235
португалия 2,813411 0,000702
посвящен 2,207275 0,000551
посвященному 3,912023 0,000977
посвящены 2,525729 0,000630
поскольку 0,941609 0,000470
последнее 1,347074 0,000336
последние 0,755023 0,000377
последний -0,009950 -0,000002
пособие 1,609438 0,000402
посредством 1,771957 0,000442
постепенно 0,867501 0,000217
построения 1,897120 0,000474
потребностей 2,659260 0,000664
пошли 2,995732 0,000748
появилась 0,820981 0,000410
появился 0,693147 0,000173
появлением 1,347074 0,000336
появления 1,514128 0,000378
прав 1,514128 0,000378
правилами 1,771957 0,000442
правило 0,891598 0,001335
правительственные 3,506558 0,000875
править -0,009950 -0,000189
правкиновые -0,009950 -0,000002
правкипостоянная -0,009950 -0,000002
практике 1,660731 0,000829
практическая 2,995732 0,000748
практическими 3,506558 0,000875
практических 3,218876 0,001607
практической 2,525729 0,001261
предводителем 3,912023 0,000977
пределах 0,510826 0,000128
пределов 3,218876 0,000804
предикатов 3,506558 0,000875
предложена 2,813411 0,000702
предложены 3,218876 0,001607
предложил 1,832581 0,002287
предложила 2,995732 0,000748
предмет 2,120264 0,001059
предметная 3,506558 0,000875
предметно-ориентированное 3,506558 0,000875
предметной 3,218876 0,002411
предметом 1,560648 0,000779
предназначенного 3,506558 0,000875
предназначенный 2,995732 0,000748
предоставлению 2,995732 0,000748
предполагаемых 3,912023 0,001953
предполагается 1,560648 0,000390
предположить 2,813411 0,000702
предпочитают 3,218876 0,000804
представились -0,009950 -0,000002
представителей 1,469676 0,000367
представлен 0,891598 0,000223
представление 1,514128 0,000756
представления 1,469676 0,000367
представлены 0,867501 0,000217
представляет 0,446287 0,000334
представляют 1,237874 0,000309
предупреждения 2,995732 0,000748
предшествуют 3,912023 0,000977
прежде 1,049822 0,000262
президенте 1,832581 0,000457
преобразования 2,120264 0,001588
преподавание 2,995732 0,000748
преподается 3,912023 0,000977
приводить 2,813411 0,000702
пригодность 3,912023 0,000977
признаки 2,659260 0,000664
признан 1,427116 0,000356
прикладная 2,659260 0,003319
прикладной 2,207275 0,000551
прикладные 2,040221 0,000509
прикладными 3,218876 0,000804
прикладных 2,120264 0,000529
приложение 1,309333 0,000654
применение 1,469676 0,001467
применением 2,207275 0,001653
применении 2,995732 0,000748
применений 3,218876 0,000804
применения 1,272966 0,000636
применяемых 2,995732 0,000748
применяется 1,714798 0,000428
примере 1,771957 0,000442
примеру 2,040221 0,001019
примечания -0,009950 -0,000005
приняли 1,347074 0,000336
принят 1,427116 0,000356
принятие 2,813411 0,000702
принятия 2,120264 0,000529
принято 0,713350 0,000178
приняты 2,207275 0,000551
принятый 3,218876 0,000804
приобретает 2,659260 0,000664
приписывают 3,912023 0,001953
приравниваются 3,912023 0,000977
природе 2,040221 0,001528
присвоена 3,912023 0,000977
присутствует 1,714798 0,000428
присущими 3,912023 0,000977
приходилось 1,660731 0,000415
причем 0,994252 0,000248
проблем 0,798508 0,000797
проблемы 0,544727 0,000544
проведения 0,843970 0,000211
проводятся 1,203973 0,000301
прогнозирования 2,813411 0,000702
программ 1,203973 0,001202
программа 0,994252 0,000496
программами 2,659260 0,000664
программах 3,506558 0,001751
программирование 2,525729 0,003152
программирования 1,714798 0,007277
программируемого 3,506558 0,000875
программируемый 3,506558 0,000875
программная 3,218876 0,004018
программного 1,660731 0,004560
программное 1,714798 0,000428
программной 2,995732 0,001496
программному 3,506558 0,000875
программным 3,218876 0,000804
программных 2,525729 0,000630
программой 2,659260 0,000664
программы 0,713350 0,000712
прогресс 1,514128 0,000378
продемонстрировал 2,995732 0,000748
проект 0,400478 0,000100
проекта 0,616186 0,000154
проектах -0,009950 -0,000002
проектахзначения 1,237874 0,000309
проектирование 2,120264 0,002646
проектирования 2,525729 0,000630
проекту 1,049822 0,000262
проекты 1,108663 0,000277
производившей 3,912023 0,000977
производительности 2,207275 0,002204
производительным 3,912023 0,000977
производной 3,912023 0,000977
производные 2,995732 0,000748
производстве 2,302585 0,000575
производственных 2,407946 0,000601
произвольным 3,506558 0,000875
происходит 0,634878 0,000158
промышленной 1,309333 0,000327
промышленный 1,203973 0,000301
пропускной 2,659260 0,000664
просмотры -0,009950 -0,000002
просторы 2,995732 0,000748
противоракетных 3,912023 0,000977
протоколов 2,207275 0,001102
профессиональной 2,813411 0,000702
профессора 1,660731 0,000415
профессором 2,525729 0,001261
процесс 1,108663 0,000277
процессами 2,302585 0,000575
процессах 2,407946 0,001202
процессов 1,347074 0,001345
процессор 3,218876 0,000804
процессы 1,514128 0,000756
прочего 2,120264 0,000529
прочих 1,560648 0,000390
прочной 3,506558 0,000875
проявляют 3,506558 0,000875
путанице 3,912023 0,000977
пути 0,693147 0,000173
работа 0,891598 0,000445
работают 0,673345 0,000168
работников 1,469676 0,000367
работу 0,693147 0,000519
работы 0,314711 0,000314
рабочая 2,207275 0,000551
рабочий 1,427116 0,000356
разборов 3,506558 0,000875
развивается 1,609438 0,000804
развитие 0,314711 0,000236
развитии 1,078810 0,000269
развитию 0,843970 0,000211
развития 0,287682 0,000287
развлечениях 3,506558 0,000875
раздел 0,891598 0,000445
разделов 2,995732 0,000748
разделы 2,407946 0,000601
различный 3,912023 0,000977
различных 0,385662 0,000770
разницу 3,218876 0,000804
разностной 3,506558 0,000875
разные 1,139434 0,000284
разных 0,510826 0,000128
разочарований 3,912023 0,000977
разрабатывает 2,302585 0,000575
разработан 1,347074 0,000336
разработать 2,995732 0,000748
разработка 1,347074 0,001681
разработке 1,560648 0,001948
разработки 1,203973 0,002705
разработкой 2,995732 0,000748
разработку 1,897120 0,000474
разработок 2,407946 0,000601
разработчики -0,009950 -0,000002
разрушения 2,207275 0,000551
разума 2,995732 0,000748
рамбо 3,506558 0,000875
рамках 0,544727 0,000136
ран 0,776529 0,000388
ранее 0,430783 0,000108
ранние 1,660731 0,000415
распознавания 3,506558 0,000875
распределенная 2,813411 0,000702
распределенной 2,659260 0,000664
распределенные 1,514128 0,001512
распределенных 2,407946 0,001202
распространение 1,237874 0,000309
распространением 2,207275 0,001102
распространения 1,660731 0,000829
распространенными 2,525729 0,000630
распространилось 2,659260 0,000664
рассматривают 2,407946 0,000601
рассматриваются 2,120264 0,000529
расчета 2,407946 0,000601
расчетов 2,525729 0,000630
расчетом 3,218876 0,000804
расширилась 2,995732 0,000748
расширяет 3,506558 0,000875
расшифровки 3,506558 0,000875
рационалистическую 3,506558 0,000875
реализации 0,994252 0,000745
реализацию 2,525729 0,000630
реализовать 2,407946 0,000601
реальное 2,525729 0,000630
революции 0,693147 0,000865
редко 1,832581 0,000457
резко 0,967584 0,000242
результате 0,342490 0,000085
результатов 1,897120 0,000947
результаты 1,237874 0,000309
рекламы 2,302585 0,000575
рекомендации 0,843970 0,000211
ресурс 1,514128 0,000378
ресурсов 0,798508 0,000399
ресурсы 0,020203 0,000005
решаемые 3,912023 0,000977
решать 2,525729 0,000630
решение 0,755023 0,000188
решении 2,407946 0,000601
решений 1,660731 0,000829
решению 1,609438 0,000402
решения 0,967584 0,000483
решительных 3,912023 0,000977
роберт 2,302585 0,000575
роботах 3,912023 0,000977
робототехника 3,506558 0,000875
робототехникой 3,912023 0,000977
роботы-пылесосы 3,912023 0,000977
рода 1,560648 0,000779
родственных 0,755023 0,000188
ройс 3,506558 0,000875
россии 0,186330 0,000186
российская 0,186330 0,000186
российской 0,385662 0,000096
россия 0,371064 0,000093
руководство 1,272966 0,000318
рус 0,162519 0,000041
русиньскый 0,000000 0,000000
русский -0,009950 -0,000005
русской 0,673345 0,000168
русском 1,049822 0,001572
рынков 2,120264 0,000529
ряд 0,385662 0,000385
сабельфельдом 3,912023 0,000977
сама 1,469676 0,000367
сами 1,560648 0,000390
самодостаточных 3,912023 0,000977
самолета 2,120264 0,000529
самостоятельная 2,659260 0,000664
самостоятельной 2,995732 0,000748
самостоятельную 2,207275 0,000551
самые 1,021651 0,000255
самых 0,544727 0,000136
саха 2,813411 0,000702
сбора 1,832581 0,000915
сбором 3,912023 0,000977
сбору 3,218876 0,000804
сбылась 3,912023 0,000977
сведений 1,609438 0,000402
свободной -0,009950 -0,000002
своего 0,776529 0,000194
своей 0,776529 0,000388
свои 0,755023 0,000188
своих 0,776529 0,000194
свой 0,653926 0,000490
свойств 1,966113 0,000491
свойства 1,660731 0,001244
свойствах 2,659260 0,000664
свойство 0,653926 0,000163
сворачивание 3,912023 0,000977
свяжитесь -0,009950 -0,000002
связан 1,171183 0,000292
связана 1,078810 0,000808
связанная 2,302585 0,001150
связанных 1,171183 0,001169
связано 1,078810 0,000808
связаны 1,237874 0,000309
связь 0,616186 0,000308
секретными 3,912023 0,000977
секторов 3,218876 0,000804
семантики 3,912023 0,000977
семантикой 3,912023 0,000977
семинар 3,506558 0,000875
семиотика 3,506558 0,000875
семиотические 3,912023 0,000977
сентября 0,072571 0,000018
середина 2,120264 0,000529
сетевого 2,995732 0,000748
сетевых 2,302585 0,000575
сети 0,494296 0,000617
сеть 0,616186 0,000308
сетях 1,139434 0,000284
сжатие 2,995732 0,000748
сжатия 3,506558 0,000875
сигнала 3,506558 0,000875
символьные 3,912023 0,000977
симулятор 3,912023 0,000977
синоним 3,506558 0,000875
синтез 2,813411 0,000702
синтезировал 3,912023 0,000977
систем 0,798508 0,001794
система 0,235722 0,000118
систематического 2,813411 0,000702
системах 1,771957 0,001769
системе 0,733969 0,000366
системеобсуждениевкладсоздать -0,009950 -0,000002
системные 2,995732 0,000748
системный 3,218876 0,000804
систему 0,673345 0,000168
системы 0,342490 0,001026
ситуаций 2,407946 0,001202
сих 1,078810 0,000269
скандинавских 2,813411 0,000702
скачать -0,009950 -0,000002
скорых 3,912023 0,000977
славянских 2,525729 0,000630
следовательно 2,207275 0,000551
следует 0,755023 0,000188
следующие 0,544727 0,000136
следующий 1,560648 0,000390
следующим 1,386294 0,000346
слова 0,562119 0,000702
словам 1,897120 0,000474
словари 0,116534 0,000029
словарь 0,274437 0,000137
словарях 3,218876 0,000804
слово 0,673345 0,000336
словом 1,897120 0,000474
сложилась 1,832581 0,000457
сложности 1,347074 0,001681
сложность 2,040221 0,001019
сложным 0,867501 0,000217
случаях -0,009950 -0,000005
смысл 2,407946 0,000601
сначала 1,386294 0,000346
сняты 2,525729 0,000630
собой 0,328504 0,000328
собрал 2,407946 0,000601
собственную 2,407946 0,000601
событиями 2,659260 0,000664
событияпожертвовать -0,009950 -0,000002
советов 0,820981 0,000205
советом 1,897120 0,000474
советского 0,776529 0,000194
советской 0,755023 0,000188
совместный 3,506558 0,000875
совокупность 1,660731 0,001244
совпадают 2,813411 0,000702
современная 1,108663 0,000277
современного 0,653926 0,000326
современной 0,579818 0,000579
современном 1,272966 0,000318
современные 0,916291 0,000457
современных 0,713350 0,000356
содержание 0,010050 0,000003
содержания 1,386294 0,000346
соединение 2,302585 0,000575
создал 1,897120 0,000474
создан 0,693147 0,000173
создана 0,891598 0,000223
создание 0,733969 0,000183
созданию 1,609438 0,000402
создания 0,653926 0,000653
созданной 2,040221 0,000509
созданный 1,560648 0,000390
создать 1,171183 0,000292
сознания 2,120264 0,000529
сокращение 1,714798 0,000428
сокращенного 3,912023 0,000977
сообщающие 3,912023 0,000977
сообщениями 2,525729 0,000630
сообществе 3,218876 0,001607
сообщить -0,009950 -0,000002
соответствии 0,446287 0,000111
сопровождению 3,912023 0,000977
сосредоточена 2,407946 0,000601
сосредоточены 2,207275 0,001102
сосредоточить 3,912023 0,000977
состояние 0,733969 0,000366
сохранение 1,609438 0,000402
сохранением -0,009950 -0,000002
сохранении 2,407946 0,000601
социальная 1,514128 0,000756
социальный 2,120264 0,000529
социальных 0,941609 0,000235
союза 0,733969 0,000183
союзе 2,525729 0,000630
спасения 2,813411 0,000702
спб 0,385662 0,000096
спектр 1,897120 0,000474
специалист 2,995732 0,000748
специалистам 3,912023 0,000977
специалистами 1,966113 0,000491
специалистов 1,078810 0,001077
специалистом 3,218876 0,000804
специального 2,120264 0,000529
специальный 1,832581 0,000457
спецификации 2,302585 0,001150
специфические 2,995732 0,000748
специфического 3,506558 0,000875
спецэффектов 3,506558 0,000875
спиральная 3,506558 0,000875
способе 3,218876 0,000804
способности 2,120264 0,000529
спроектировал 3,506558 0,000875
спустя 1,609438 0,000402
сработанных 3,912023 0,000977
среда 1,386294 0,000346
среди 0,198451 0,000149
средние 0,941609 0,000235
средства 0,415515 0,000104
средствах 3,506558 0,000875
среду 1,897120 0,000474
српски 0,000000 0,000000
српскохрватски 0,000000 0,000000
ссср 0,314711 0,000236
ссылался 3,912023 0,000977
ссылка 0,274437 0,000206
ссылками 0,186330 0,000093
ссылкамистатьи 2,995732 0,000748
ссылкасведения -0,009950 -0,000002
ссылки -0,009950 -0,000015
стадии 1,966113 0,000491
стал 0,314711 0,000236
стала 0,462035 0,000231
стали 0,430783 0,000108
стало 0,494296 0,000370
стандартизация 2,995732 0,000748
стандарты 1,966113 0,000491
станет 1,309333 0,000654
станке 3,912023 0,000977
становилась 2,659260 0,000664
становление 1,966113 0,000491
становясь 3,506558 0,000875
станут 2,120264 0,000529
старая 0,430783 0,000108
старших 3,912023 0,000977
статистика -0,009950 -0,000002
статистики 0,713350 0,000178
статистических 2,040221 0,000509
статистической 3,218876 0,000804
статус 0,510826 0,000128
стать 1,203973 0,000301
статье 0,941609 0,000235
статьи 0,072571 0,000145
статьислучайная -0,009950 -0,000002
статьисообществофорумсправкасвежие -0,009950 -0,000002
статья 0,105361 0,000342
статьяобсуждение -0,009950 -0,000002
статьятекущие -0,009950 -0,000002
степени 0,843970 0,000632
степень 1,714798 0,000428
стив 2,813411 0,000702
сто 1,966113 0,000491
стоимость 1,237874 0,000309
стороны 0,430783 0,000323
странах 1,560648 0,000779
стране 0,867501 0,000217
страница -0,009950 -0,000002
страницасодержаниеизбранные -0,009950 -0,000002
страницецитировать -0,009950 -0,000002
страницуполучить -0,009950 -0,000002
страницы -0,009950 -0,000005
страницыслужебные -0,009950 -0,000002
стратегическими 3,506558 0,000875
структура 0,967584 0,000966
структуре 1,272966 0,000318
структуризации 3,912023 0,000977
структурой 2,813411 0,000702
структуру 1,514128 0,000378
структуры 1,171183 0,002631
субд 2,995732 0,000748
сути 2,120264 0,000529
существовали 1,309333 0,000327
существование 1,049822 0,000262
существует 0,446287 0,000111
существуют 0,162519 0,000081
сферах 2,120264 0,001059
сфокусировано 3,912023 0,000977
сформированы 2,302585 0,000575
сформулированы 2,995732 0,000748
схем 2,407946 0,001202
счет 0,673345 0,000168
счете 2,813411 0,000702
счетной 3,218876 0,000804
счеты 3,912023 0,000977
считается 0,693147 0,000346
считать 0,994252 0,000496
сша 0,562119 0,001263
сюдасвязанные -0,009950 -0,000002
табулятор 3,912023 0,000977
также 0,000000 0,000000
такие 0,261365 0,000587
таким 0,527633 0,000132
такими 1,660731 0,000415
таких 0,510826 0,000638
такого 1,237874 0,000309
такое 1,108663 0,000554
тарашкев 0,000000 0,000000
татарча 0,000000 0,000000
тезаурус 3,912023 0,001953
тезаурусе 3,912023 0,000977
текст -0,009950 -0,000002
текущей 2,407946 0,000601
телевидения 1,237874 0,000309
телекоммуникации 2,813411 0,000702
тема 1,897120 0,000474
темами 3,912023 0,000977
тему 1,771957 0,000442
тенденции 1,832581 0,000457
тенденций 3,506558 0,000875
тенденция 1,832581 0,000457
теоретическая 2,407946 0,003607
теоретические 2,659260 0,000664
теоретическими 3,218876 0,000804
теоретических 2,813411 0,002107
теоретического 3,506558 0,000875
теоретическое 3,506558 0,000875
теоретической 2,659260 0,003319
теорией 3,218876 0,000804
теории 1,514128 0,006047
теорию 2,813411 0,001405
теория 1,386294 0,008305
теориями 2,995732 0,000748
термин 1,049822 0,004193
термина 0,400478 0,000300
терминами 3,506558 0,002626
терминология 2,813411 0,000702
термином 2,302585 0,000575
термины 2,407946 0,003005
тест 3,218876 0,000804
тестирование 2,525729 0,000630
тестированию 3,912023 0,000977
тестирования 2,525729 0,000630
тех 0,798508 0,000199
техн 3,506558 0,000875
техника 1,660731 0,000415
техники 0,867501 0,002166
техническая 1,714798 0,000428
технические 1,897120 0,000474
технических 1,771957 0,000885
технического 1,514128 0,000378
техническую 2,813411 0,000702
технократическую 3,912023 0,000977
технологии 0,798508 0,000399
технологий 0,653926 0,000490
технологию 2,302585 0,000575
технология 1,966113 0,000491
технологиям 2,525729 0,001261
тика 0,000000 0,000000
типов 1,386294 0,001038
ткацком 3,912023 0,000977
товарный -0,009950 -0,000002
толкования 3,506558 0,000875
толковый 2,525729 0,001261
томас 2,659260 0,000664
торговли 0,867501 0,000217
торговля 1,021651 0,000255
точкой 2,120264 0,000529
точного 3,218876 0,000804
точные 2,407946 0,000601
традиционно 1,347074 0,000336
трафика 2,407946 0,000601
требований 2,659260 0,000664
требоваться 3,912023 0,000977
требуется 1,714798 0,000428
требующие 1,347074 0,000336
третий 1,203973 0,000301
третье 1,560648 0,000390
третьим 2,120264 0,000529
трех 0,713350 0,000178
трудам 3,506558 0,000875
трудовой 1,237874 0,000309
труды 1,469676 0,000367
тыла 1,897120 0,000474
тысячелетия 2,040221 0,000509
тьюринга 2,995732 0,001496
убедил 3,912023 0,000977
увенчались 2,995732 0,000748
углубленного 3,506558 0,000875
удобства 3,218876 0,000804
удобстве 3,912023 0,000977
удовлетворения 2,995732 0,000748
удовлетворяют 3,506558 0,000875
узких 2,813411 0,000702
уинстон 3,218876 0,000804
указан 0,139262 0,000035
указанием -0,009950 -0,000002
указывает 1,660731 0,000415
уклон 2,813411 0,000702
укра 0,000000 0,000000
украины 0,616186 0,000154
умножение 3,218876 0,000804
ун-т 0,000000 0,000000
университета 0,446287 0,000334
университетах 2,659260 0,000664
университете 1,560648 0,001169
университетов 1,660731 0,000415
университетских 3,506558 0,000875
университеты 1,966113 0,000491
уолтер 3,506558 0,000875
уорд 3,218876 0,000804
уоттс 3,506558 0,000875
употребление 2,407946 0,000601
употребляется 2,995732 0,000748
управление 0,527633 0,000132
управления 0,415515 0,000519
упрощенный 3,218876 0,000804
уровнях 2,525729 0,000630
усилия 2,995732 0,000748
условий -0,009950 -0,000002
условия -0,009950 -0,000005
условиям 1,966113 0,000491
успехом 2,120264 0,000529
устойчивость 2,995732 0,000748
устранения 2,995732 0,000748
устройств 2,120264 0,001059
усугубить 3,912023 0,000977
утверждала 3,506558 0,000875
утверждали 3,912023 0,000977
уточнения 1,514128 0,000378
уточнить 2,120264 0,002117
участие -0,009950 -0,000002
участников 1,272966 0,000318
учеб 2,995732 0,001496
учебная 2,995732 0,000748
учебник 1,771957 0,000442
учебное 1,469676 0,000367
учебные 1,108663 0,000830
учебным 3,218876 0,000804
учебных 1,049822 0,001048
учеником 3,506558 0,000875
ученого 2,207275 0,000551
ученые 1,427116 0,000356
ученый 1,714798 0,000428
ученым 2,207275 0,001653
ученых 1,203973 0,000601
учетную -0,009950 -0,000002
учителей 2,040221 0,001019
учитывается 3,218876 0,000804
учитывающие 3,912023 0,000977
учитывая 2,659260 0,000664
учреждением 2,407946 0,000601
факт 1,514128 0,000378
фактически 0,916291 0,000229
фактов 1,386294 0,000692
фактором 2,040221 0,000509
факультет 2,207275 0,000551
факультеты 3,218876 0,000804
фаулер 3,218876 0,000804
февраля 0,051293 0,000026
федеральную 2,995732 0,000748
фейн 3,912023 0,001953
фейна 3,912023 0,000977
физика 2,302585 0,000575
физике 2,525729 0,000630
физическая 2,040221 0,000509
физической 1,514128 0,000378
фиксирует 2,995732 0,000748
филин 2,813411 0,000702
филиппом 3,506558 0,000875
философия 2,120264 0,001059
философские 2,995732 0,001496
фильмы 2,207275 0,000551
финальной 3,912023 0,000977
финансовым 2,813411 0,000702
финансовых 1,560648 0,000390
фонд -0,009950 -0,000002
форм 1,347074 0,000336
формальное 3,218876 0,000804
формальной 3,218876 0,000804
формальные 2,995732 0,005982
формальных 2,995732 0,002991
формат 1,714798 0,000856
формирования 1,108663 0,000554
формируются 2,120264 0,000529
формы 0,941609 0,000235
форсайта 3,912023 0,000977
фраз 3,912023 0,000977
франции 1,609438 0,000804
франция 1,560648 0,000390
французской 2,407946 0,001803
французском 3,506558 0,000875
фрг 2,995732 0,000748
фред 3,506558 0,000875
фронт 1,714798 0,000428
фундаментальная 2,813411 0,000702
фундаментальной 2,813411 0,002809
фундаментальные 2,040221 0,001528
фундаментальный 3,218876 0,000804
фундаментальным 3,912023 0,000977
функциональным 3,506558 0,000875
функционированию 3,506558 0,000875
хамфри 3,506558 0,000875
характер 0,994252 0,000248
характеризующая 3,506558 0,000875
характерные 2,120264 0,000529
харкевич 3,912023 0,000977
харкевичем 3,912023 0,000977
хемоинформатика 3,912023 0,000977
химия 2,040221 0,000509
хоар 3,506558 0,000875
ходе 0,562119 0,000140
холлерит 3,912023 0,000977
хотя 0,653926 0,000653
хранением 3,506558 0,000875
хранению 3,506558 0,000875
хранения 1,427116 0,001069
хранить 2,813411 0,000702
хранящаяся 3,912023 0,000977
хунт 3,912023 0,000977
целеполагающими 3,912023 0,000977
цели 1,660731 0,001244
целого 2,302585 0,000575
целом 0,755023 0,000377
целью 0,733969 0,000550
целям 3,912023 0,000977
центральный 0,673345 0,000336
цепях 3,912023 0,000977
цехановский 3,912023 0,000977
цифрового 1,832581 0,001372
цифровой 2,040221 0,000509
цифровые 0,673345 0,000168
чарльз 2,995732 0,000748
чарльзу 3,912023 0,000977
части 0,198451 0,000050
частично 0,653926 0,000163
частного 2,207275 0,000551
частности 0,462035 0,000231
часто 0,415515 0,000519
частое 3,218876 0,000804
часть 0,105361 0,000053
частью 0,755023 0,000754
человека 0,579818 0,000289
человеком 2,040221 0,000509
человеческого 2,120264 0,000529
человеческой 1,897120 0,000947
человеческом 3,218876 0,000804
черная 1,714798 0,000428
черный 1,386294 0,003114
черт 2,995732 0,000748
четыре 0,713350 0,000178
четырем 3,218876 0,000804
чисел 2,525729 0,001261
числе 0,248461 0,000186
численного 3,506558 0,001751
численные 3,506558 0,002626
численных 3,912023 0,000977
числовые 2,659260 0,000664
читатьправитьправить 0,494296 0,000123
членом-корреспондентом 3,506558 0,000875
шаблонами 0,634878 0,000158
шагом 3,218876 0,002411
швейцарский 2,120264 0,000529
шемакиным 3,912023 0,000977
шеннона 3,218876 0,000804
шестидесятые 3,912023 0,000977
широкий 1,966113 0,000982
широкими 3,218876 0,000804
широко 0,673345 0,000168
широкого 2,040221 0,000509
широкое 1,660731 0,000415
широчайшее 3,912023 0,000977
шифровальную 3,912023 0,000977
шифровании 3,506558 0,000875
шифрования 2,813411 0,000702
шишаков 3,912023 0,000977
школа 0,891598 0,000223
школу 2,525729 0,000630
школы 0,673345 0,000336
штатах 3,218876 0,000804
штатов 2,995732 0,000748
штаты 2,995732 0,000748
штейнбух 3,912023 0,000977
эвм 2,659260 0,001991
эволюции 2,120264 0,000529
эволюционное 3,506558 0,000875
эдвард 2,813411 0,000702
эден 3,912023 0,000977
эдинбурга 3,912023 0,000977
эдсгер 3,506558 0,000875
эйкен 3,912023 0,000977
эквиваленты 3,912023 0,001953
экз 0,415515 0,000311
экономика 0,510826 0,000128
экранов 3,506558 0,000875
экспериментов 2,659260 0,000664
эксперименты 2,659260 0,000664
экспертами 2,995732 0,000748
экспорт -0,009950 -0,000002
электрике 3,912023 0,000977
электроникой 3,506558 0,000875
электронный 1,469676 0,000367
электронных 1,897120 0,000947
электротехника 3,912023 0,000977
электротехники 3,506558 0,000875
электротехникой 3,506558 0,000875
элемент 1,897120 0,000474
элементы 0,891598 0,000445
эмпирических 3,506558 0,000875
энигма 3,506558 0,000875
энигмы 3,912023 0,000977
энтони 2,995732 0,000748
энциклопедии -0,009950 -0,000007
энциклопедия 0,210721 0,000210
энциклопедиясы 3,218876 0,000804
эпохи 1,139434 0,000284
эпохой 3,218876 0,000804
эпоху 1,386294 0,000346
эта 0,000000 0,000000
этим 0,693147 0,000346
этимология 0,616186 0,000308
этих 0,400478 0,000600
это 0,000000 0,000000
этому 0,755023 0,000188
эффективно 2,813411 0,001405
эффективного 2,659260 0,000664
эффективности 1,609438 0,000804
эффективность 2,120264 0,000529
эффективностью 3,912023 0,000977
эффективным 3,506558 0,000875
эффективных 3,218876 0,000804
юнеско 1,660731 0,001658
явлением 3,218876 0,000804
является 0,094311 0,000235
являются 0,248461 0,000434
явного 3,506558 0,000875
явный 3,912023 0,000977
язык 0,116534 0,000116
языка 0,798508 0,000797
языках -0,009950 -0,000007
языке 0,867501 0,002166
языки 1,309333 0,000654
языков 1,203973 0,003607
якобсон 3,218876 0,000804
ясно 2,659260 0,000664
