абак 3,912023 0,000969
абака 3,912023 0,002906
абаку 3,912023 0,000969
абацистов 3,912023 0,000969
абсолютно 2,302585 0,000570
абстрагирование 3,912023 0,000969
абстрагируемых 3,912023 0,000969
абстрактная 3,506558 0,000868
августа 0,072571 0,000072
аврилакский 3,912023 0,000969
автомат 3,218876 0,000797
автоматических 2,659260 0,000658
автоматы 3,506558 0,000868
автором 1,966113 0,000487
авторском 3,506558 0,000868
авторства -0,009950 -0,000002
авторы 1,660731 0,000411
ада 2,995732 0,000742
аза 3,912023 0,000969
академик 1,660731 0,000411
академическом 2,995732 0,000742
академия 0,798508 0,000198
аксиом 3,506558 0,000868
аксиоматической 3,912023 0,000969
аксиомой 3,912023 0,000969
алан 2,525729 0,000625
алг 3,912023 0,000969
алгебра 2,525729 0,000625
алгебраический 3,506558 0,000868
алгебры 3,506558 0,000868
алгори 0,000000 0,000000
алгоризм 3,912023 0,003874
алгоризма 3,912023 0,000969
алгорисмик 3,912023 0,000969
алгорисмиков 3,912023 0,000969
алгоритм 2,120264 0,040421
алгоритма 2,525729 0,026264
алгоритмам 3,912023 0,000969
алгоритмами 3,912023 0,004843
алгоритмах 3,912023 0,000969
алгоритме 3,506558 0,001736
алгоритмизации 3,912023 0,001937
алгоритмизация 3,912023 0,001937
алгоритмически 3,218876 0,003985
алгоритмического 3,912023 0,001937
алгоритмическом 3,912023 0,000969
алгоритмов 2,302585 0,020523
алгоритмом 3,912023 0,003874
алгоритму 3,218876 0,001594
алгоритмы 2,207275 0,015302
алгоритмырешение 3,912023 0,000969
алгорифм 3,912023 0,006780
алгус 3,912023 0,002906
александра 0,820981 0,000203
алонзо 3,912023 0,001937
алфавита 3,218876 0,001594
алфавите 3,912023 0,002906
алфавитувикипедия 0,776529 0,000192
аль-горетм 3,912023 0,000969
аль-джебр 3,912023 0,001937
аль-хорезми 3,912023 0,007748
альтернативных 2,302585 0,000570
амосов 3,912023 0,000969
анализ 1,237874 0,001839
анализа 1,897120 0,000939
анализе 2,995732 0,000742
аналитический 2,525729 0,001251
англ 0,174353 0,000432
английский 1,897120 0,000939
английского 2,659260 0,000658
англо-норманнской 3,912023 0,000969
анкетирование 3,218876 0,000797
аппарата 2,040221 0,000505
арабские 2,813411 0,000697
арабский 2,813411 0,000697
арабских 2,302585 0,001710
арабского 2,407946 0,000596
арабы 1,832581 0,000454
арго 3,912023 0,001937
аргус 3,506558 0,002605
аристотелем 3,506558 0,000868
арифметика 2,813411 0,000697
арифметике 3,912023 0,000969
арифметики 3,912023 0,002906
арифметические 3,218876 0,000797
арифметический 3,912023 0,000969
арифметических 3,218876 0,002391
арх 0,544727 0,000135
архивировано 0,020203 0,000020
архивной 0,713350 0,000177
асимптотику 3,912023 0,001937
асимптотическая 3,912023 0,001937
асимптотические 3,912023 0,000969
асимптотической 3,912023 0,000969
асимптотическом 3,912023 0,000969
асимптотическую 3,912023 0,000969
асимптотичной 3,912023 0,000969
астроном 3,912023 0,000969
астронома 3,912023 0,000969
атрибут 2,995732 0,000742
атрибутом 3,218876 0,000797
аукцион 3,912023 0,000969
ахо 3,506558 0,000868
базе 0,776529 0,000192
базисным 3,912023 0,000969
базовых 2,659260 0,000658
баронесса 3,912023 0,000969
баш 3,506558 0,000868
беларуская 0,000000 0,000000
беларускаябългарски 0,000000 0,000000
бернулли 3,218876 0,000797
бесконечно 3,912023 0,001937
бесконечное 3,912023 0,000969
бесконечном 3,912023 0,000969
бесконечный 3,912023 0,000969
библиографических 0,094311 0,000023
благодаря 0,527633 0,000261
близко 2,525729 0,000625
блок-схема 3,912023 0,000969
блок-схемы 3,912023 0,000969
блока 2,207275 0,000546
блоков 2,120264 0,000525
блюда 3,218876 0,000797
большая 0,072571 0,000126
большинство 0,597837 0,000148
большое 0,544727 0,000135
большой 0,328504 0,000163
большую 0,891598 0,000221
бореля 3,912023 0,000969
братьев 1,832581 0,000454
брокгауза 0,328504 0,000244
бсэ 2,120264 0,001575
будучи 1,714798 0,000425
будущего 1,427116 0,000353
букв 2,407946 0,000596
букву 3,912023 0,000969
бумаге 2,040221 0,001010
бывают 1,897120 0,000939
быстрее 2,040221 0,000505
быстро 1,139434 0,000282
быстрого 1,966113 0,000487
бэббиджа 3,218876 0,000797
важна 3,218876 0,000797
важно 2,120264 0,001050
важную 1,771957 0,000439
важны 2,659260 0,000658
валь-мукабала 3,912023 0,000969
вариант 1,386294 0,001030
вариантах 3,218876 0,000797
вариантов 1,771957 0,000877
варианты 1,309333 0,000324
вашла 0,000000 0,000000
введении 2,813411 0,000697
вводится 2,525729 0,000625
вводный 3,506558 0,000868
вводят 3,218876 0,000797
вдвое 2,120264 0,000525
вдоль 0,755023 0,000187
ведет 1,203973 0,000298
века 0,248461 0,000554
веке 0,597837 0,000148
величин 2,995732 0,000742
величинами 3,506558 0,000868
величину 2,813411 0,000697
венского 3,506558 0,000868
вербальная 3,912023 0,000969
верификации 2,813411 0,001393
вероятно 1,609438 0,000797
вероятному 3,912023 0,000969
вероятностные 3,912023 0,001937
вероятностный 3,912023 0,001937
вероятностных 3,912023 0,000969
вероятность 2,407946 0,000596
вероятностью 3,912023 0,003874
версия -0,009950 -0,000007
веселейшее 3,912023 0,000969
ветвей 3,218876 0,000797
вещественных 3,912023 0,000969
взаимно 2,813411 0,000697
взаимодействия 1,660731 0,000411
вид 0,494296 0,000245
виде 0,235722 0,000233
видениях 3,912023 0,000969
видим 3,218876 0,001594
виды 0,798508 0,000593
викиданных -0,009950 -0,000002
викимедиа -0,009950 -0,000002
википедии -0,009950 -0,000007
википедия -0,009950 -0,000007
викискладвикипедия 1,469676 0,000364
викискладвикиучебникэлемент 3,912023 0,000969
викискладе 0,174353 0,000043
викисловарекниги 2,995732 0,000742
викисловарьвикипедия 1,309333 0,000324
викиучебник 2,659260 0,000658
викиучебникемедиафайлы 2,995732 0,000742
вилла 3,506558 0,000868
вильямс 1,966113 0,001460
винера 3,912023 0,000969
виртуальных 2,995732 0,000742
включает 0,462035 0,000114
включать 1,897120 0,000470
включение 2,207275 0,000546
включении 2,207275 0,000546
влево 2,995732 0,000742
влюбленные 3,506558 0,000868
вместе 0,510826 0,000126
вместо 0,798508 0,000593
внешне 3,506558 0,000868
внешнего 2,302585 0,000570
внешние 0,051293 0,000025
внимание 1,347074 0,000334
внимания 1,897120 0,000470
внутреннего 2,120264 0,000525
внутри 0,000000 0,000000
военной 1,347074 0,000334
возврат 2,407946 0,001192
воздействий 3,506558 0,001736
воздействия 1,714798 0,000425
возможно 0,867501 0,000215
возможности 0,891598 0,000221
возможность 0,616186 0,000305
возможных 2,040221 0,000505
возникает 2,407946 0,001192
волшебные 0,040822 0,000010
вообще 1,560648 0,000773
вопрос 0,967584 0,000240
вопросов 1,560648 0,000386
вопросу 1,386294 0,000343
восемь 1,660731 0,000411
восполнение 3,912023 0,000969
воспринимался 3,912023 0,000969
воспринимаются 2,995732 0,000742
восприятие 3,218876 0,000797
восходит 2,040221 0,000505
вошло 2,302585 0,001710
впервые 0,385662 0,000477
вписан 3,912023 0,000969
вплотную 2,040221 0,000505
вплоть 1,108663 0,000274
впоследствии 0,653926 0,000324
вправо 2,659260 0,000658
врач 2,120264 0,000525
времена 1,108663 0,000274
временем 0,616186 0,000153
времени 0,186330 0,000369
временна 0,000000 0,000000
временная 3,506558 0,000868
временной 2,659260 0,001975
временную 3,218876 0,000797
время 0,030459 0,000173
вроде 2,302585 0,000570
всем 0,891598 0,000221
всему 1,272966 0,000315
вследствие 1,203973 0,000298
вспомогательный 3,912023 0,001937
встретить 2,207275 0,000546
встречаем 3,912023 0,000969
встречается 1,203973 0,000298
встречался 3,506558 0,000868
входе 2,659260 0,000658
входит 0,653926 0,000162
входные 3,506558 0,002605
входных 3,218876 0,003985
входных-выходных 3,912023 0,000969
входят 0,713350 0,000177
выбор 1,832581 0,000454
выбраны 3,912023 0,000969
выдавать 3,218876 0,000797
выдает 3,506558 0,002605
выдается 2,813411 0,001393
выдаче 3,218876 0,000797
выдачу 3,506558 0,000868
выдающийся 2,525729 0,000625
выдвинул 2,995732 0,000742
выдвинут 3,912023 0,000969
выдвинута 3,218876 0,000797
выделить 1,386294 0,001030
выделяют 1,609438 0,000398
вынесено 3,912023 0,000969
выполнение 2,040221 0,001010
выполнении 2,659260 0,000658
выполнению 2,995732 0,000742
выполнения 1,560648 0,001546
выполняемый 3,506558 0,000868
выполняемых 3,218876 0,000797
выполняется 2,207275 0,000546
выполняться 2,813411 0,002090
выполняют 2,120264 0,001050
выполняются 1,660731 0,000411
выработать 3,506558 0,000868
выражается 3,506558 0,000868
выражение 2,407946 0,001192
выражения 2,813411 0,000697
высокой 1,272966 0,000315
выступает 1,347074 0,000334
выступлениях 3,506558 0,000868
выходе 2,813411 0,000697
выходные 2,302585 0,001710
вычисление 3,506558 0,005209
вычислений 2,302585 0,004561
вычисления 2,040221 0,005556
вычислениям 3,912023 0,000969
вычислениях 2,995732 0,000742
вычислимой 3,912023 0,001937
вычислимости 2,995732 0,000742
вычислимых 3,912023 0,002906
вычислительная 2,659260 0,000658
вычислительного 3,218876 0,002391
вычислительном 3,506558 0,000868
вычислительные 2,813411 0,002786
вычислительным 3,506558 0,000868
вычислительных 2,407946 0,001789
вычислить 3,218876 0,001594
вычисляет 3,912023 0,001937
вычисляется 3,912023 0,000969
вычитание 3,506558 0,000868
вычитании 3,912023 0,000969
выше 0,616186 0,000610
вышли 2,040221 0,000505
выявлять 3,218876 0,000797
выяснено 3,912023 0,000969
газетах 3,912023 0,000969
гедель 3,912023 0,000969
геделя 3,218876 0,000797
генератор 3,506558 0,000868
генератора 3,506558 0,001736
генерации 2,995732 0,000742
генерируемого 3,912023 0,000969
георга 2,995732 0,000742
гербекистами 3,912023 0,000969
герберт 3,506558 0,000868
германских 2,659260 0,000658
герою 2,525729 0,000625
герцогини 3,912023 0,000969
гибкие 3,506558 0,000868
гильберт 3,912023 0,000969
гипотеза 2,407946 0,001192
гипотезе 2,995732 0,001483
гипотезу 3,506558 0,000868
главным 0,967584 0,000240
глаголемая 3,912023 0,000969
глубокой 2,302585 0,000570
говорил 3,506558 0,000868
говорится 2,525729 0,001251
говоря 2,525729 0,001251
говорят 2,040221 0,000505
год 0,235722 0,000117
года -0,009950 -0,000020
годавикипедия 0,616186 0,000305
годах 0,385662 0,000191
годов 0,356675 0,000177
годом 0,941609 0,000233
году 0,072571 0,000144
годы 0,356675 0,000088
головка 3,912023 0,000969
головку 3,912023 0,001937
города 0,430783 0,000107
готфрид 3,506558 0,000868
готье 3,506558 0,000868
гранат 1,386294 0,000686
граница 1,139434 0,000282
граф 2,525729 0,000625
граф-схема 3,912023 0,000969
графа 3,218876 0,000797
графах 3,912023 0,000969
графики 2,120264 0,000525
графическая 3,912023 0,000969
графических 2,659260 0,000658
графическое 3,912023 0,001937
греции 1,560648 0,000386
греческий 2,813411 0,000697
греческого 2,995732 0,001483
греческом 3,218876 0,000797
грубо 3,912023 0,000969
гуманитарная 2,659260 0,000658
гэри 3,912023 0,000969
давать 2,525729 0,000625
давид 3,912023 0,000969
дает 1,203973 0,001192
дается 2,995732 0,001483
дал 1,714798 0,001274
далее 0,693147 0,000172
далеких 3,506558 0,000868
далекого 3,506558 0,000868
даля 2,207275 0,000546
данные 0,510826 0,000759
данным 0,415515 0,000103
данными 1,514128 0,000375
данных 0,616186 0,002746
дано 2,302585 0,000570
даст 2,525729 0,000625
датируют 3,912023 0,000969
датская 0,342490 0,000085
дают 2,040221 0,001010
двигателя 2,995732 0,000742
двигаться 3,912023 0,000969
двоичный 3,506558 0,000868
двух 0,462035 0,000114
деи 3,912023 0,000969
действий 1,560648 0,002318
действия 1,427116 0,001767
действовать -0,009950 -0,000002
делает 1,771957 0,000877
деления 2,120264 0,000525
делимое 3,912023 0,000969
делитель 3,912023 0,000969
делителя 3,912023 0,001937
десятилетия 2,120264 0,000525
десятитомной 3,912023 0,000969
десятичной 2,995732 0,002225
десятой 2,995732 0,000742
десять 1,514128 0,000375
деталей 2,813411 0,000697
детерминированность 3,506558 0,001736
детерминированные 3,912023 0,000969
детерминированный 3,912023 0,000969
детерминированных 3,912023 0,000969
детской 2,040221 0,000505
деятельности 0,446287 0,000110
деятельность 0,653926 0,000162
джефри 3,912023 0,000969
джонсон 3,506558 0,000868
диаграммы 3,218876 0,000797
диапазона 2,659260 0,000658
диапазону 3,912023 0,000969
диковинкой 3,912023 0,000969
дискретно 3,506558 0,000868
дискретность 3,912023 0,000969
дискретный 3,912023 0,000969
дифференциального 3,506558 0,000868
длин 3,506558 0,000868
длительному 3,506558 0,000868
дни 1,237874 0,000306
дня 0,478036 0,000118
довольно 0,891598 0,000221
доказав 3,912023 0,000969
доказан 3,912023 0,001937
доказана 3,506558 0,001736
доказательств 2,525729 0,000625
доказательства 2,207275 0,001639
доказательство 2,302585 0,002280
доказывают 3,912023 0,000969
документации 2,207275 0,000546
должен 1,078810 0,001335
должна 0,544727 0,000135
должные 3,912023 0,000969
дональд 2,525729 0,001251
дополнительные -0,009950 -0,000002
допускают 2,995732 0,000742
допустимое 3,218876 0,000797
допустимые 2,813411 0,000697
допустимых 2,659260 0,001317
дореволюционном 2,813411 0,000697
дороге 1,427116 0,000353
дорогу 1,609438 0,000398
доске 3,912023 0,000969
достаточно 0,820981 0,000407
достаточным 3,506558 0,000868
достижение 2,302585 0,000570
достижению 3,506558 0,000868
достижения 1,514128 0,000375
достоверного 3,912023 0,000969
достоверной 3,218876 0,000797
достоинства 3,912023 0,000969
доступен -0,009950 -0,000002
доступны 2,302585 0,000570
дошло 2,813411 0,000697
дракон-схемы 3,912023 0,000969
древнегреческой 2,813411 0,000697
древнейших 1,609438 0,000398
древнерусского 2,207275 0,000546
древним 3,218876 0,000797
древности 1,469676 0,000364
дробными 3,912023 0,000969
друг 1,108663 0,000274
другие 0,030459 0,000068
другим 0,733969 0,000182
другими 0,616186 0,000153
других -0,009950 -0,000010
другого 2,407946 0,000596
другом 1,514128 0,000375
дуранте 3,912023 0,000969
евклида 3,912023 0,004843
евклидом 3,912023 0,000969
европе 0,916291 0,000454
европейские 2,525729 0,001251
европейских 1,771957 0,000439
европейского 1,966113 0,000487
европу 1,714798 0,000425
единственной 2,040221 0,000505
единственным 1,347074 0,001001
естественном 3,912023 0,000969
естественных 1,771957 0,000439
ефрона 0,328504 0,000244
жак 3,506558 0,000868
жана 3,506558 0,000868
желаемого 3,506558 0,000868
железной 0,755023 0,000187
жесткие 2,525729 0,000625
живет 2,207275 0,000546
жизни 0,562119 0,000139
жизнь 0,693147 0,000172
журнал 0,510826 0,000126
завершаемость 3,912023 0,002906
завершает 3,218876 0,001594
завершается 3,912023 0,000969
завершать 3,506558 0,000868
завершение 2,995732 0,000742
завершения 2,120264 0,000525
завершит 3,912023 0,000969
завершиться 3,912023 0,000969
зависимости 0,798508 0,000791
зависит 1,560648 0,000773
заглавие 3,912023 0,000969
заглавная -0,009950 -0,000002
заданной 3,218876 0,002391
заданные 3,218876 0,000797
заданным 3,506558 0,000868
заданных 3,912023 0,002906
заданы 3,506558 0,000868
задать 3,912023 0,000969
задач 1,386294 0,005148
задача 1,660731 0,000822
задаче 3,218876 0,000797
задачей 2,407946 0,000596
задачи 1,469676 0,011280
задачскрытые 3,912023 0,000969
задачу 2,407946 0,000596
задают 3,506558 0,000868
замены 2,995732 0,001483
заменять 3,912023 0,000969
занимали 2,302585 0,000570
заняло 3,506558 0,000868
западной 0,994252 0,000492
записан 3,506558 0,000868
записанный 3,912023 0,000969
записаны 2,995732 0,000742
записать 2,995732 0,000742
записи 1,560648 0,001932
записывается 3,218876 0,000797
записывают 2,995732 0,000742
записьвойти -0,009950 -0,000002
запуском 3,912023 0,000969
запущенной 3,218876 0,000797
заранее 2,659260 0,000658
зарегистрированный -0,009950 -0,000002
затем 0,527633 0,000261
зато 1,560648 0,001159
затруднять 3,912023 0,000969
заходит 3,506558 0,000868
заявление -0,009950 -0,000002
збекча 0,000000 0,000000
звали 3,506558 0,000868
здоровья 1,771957 0,000439
знак -0,009950 -0,000002
знали 3,506558 0,000868
знаменитом 3,912023 0,000969
знаменитый 2,207275 0,000546
знание 2,120264 0,000525
значение 0,314711 0,000390
значении 1,714798 0,000425
значений 1,609438 0,000797
значения 0,105361 0,000104
значениями 2,995732 0,001483
зрительное 3,912023 0,000969
игошин 3,912023 0,004843
играет 1,386294 0,000343
идее 3,506558 0,000868
идеи 1,714798 0,000425
идет 1,078810 0,000267
идея 1,609438 0,000398
избежание 3,218876 0,000797
избежания 3,506558 0,000868
избежать 2,207275 0,000546
известна 1,897120 0,000470
известно 1,237874 0,000613
известного 1,609438 0,000398
известной 1,966113 0,001460
известность 2,302585 0,000570
известны 1,309333 0,000324
известный 0,941609 0,000466
изд 0,314711 0,000156
изданием 2,659260 0,000658
издании 2,525729 0,001251
издания 1,049822 0,000260
изданиях 2,525729 0,001251
изданном 3,912023 0,002906
изменить 2,207275 0,001093
изображение 1,427116 0,000707
изоморфный 3,912023 0,000969
иллюстрация 3,506558 0,001736
имеет 0,235722 0,000175
имели 1,386294 0,000343
именем 1,272966 0,000630
имени 0,462035 0,000572
именно 0,544727 0,001079
иметь 1,272966 0,000315
имеются 0,843970 0,000209
имея 2,207275 0,000546
имя 0,891598 0,000662
иначе 0,733969 0,000363
индии 2,040221 0,000505
индийские 2,995732 0,000742
индийское 3,506558 0,000868
индийском 3,218876 0,000797
иное 2,659260 0,000658
инструкции 2,207275 0,000546
инструкций 3,506558 0,001736
инструкция 3,218876 0,000797
инструментов 1,771957 0,000439
инструменты -0,009950 -0,000005
интеграле 3,912023 0,000969
интеллекта 2,302585 0,000570
интерактивными 3,506558 0,000868
интересно 3,218876 0,000797
интерполирующего 3,912023 0,000969
информатики 1,714798 0,000849
информации 0,446287 0,000221
информационных 1,139434 0,000282
иоанн 2,995732 0,000742
искажению 3,912023 0,000969
исключение 2,525729 0,000625
искомого 3,506558 0,000868
искомому 3,912023 0,000969
искомый 3,912023 0,000969
искусства 0,733969 0,000182
искусственного 2,120264 0,000525
искусство 0,994252 0,000492
искусству 2,995732 0,001483
исполнителем 3,912023 0,000969
исполнители 2,813411 0,000697
исполнителю 3,506558 0,002605
исполнителя 2,995732 0,001483
использовал 2,120264 0,002100
использовалось 2,659260 0,001317
использование 0,891598 0,000662
использовании 1,560648 0,000773
использования -0,009950 -0,000005
используемые 2,407946 0,000596
используемый 2,407946 0,000596
используется 0,616186 0,000610
используют 1,309333 0,000973
использующие 0,040822 0,000010
использующий 3,506558 0,000868
исправить 1,832581 0,000907
исправления 2,813411 0,000697
исследовании 2,659260 0,001317
исследований 0,941609 0,000233
исследования 0,733969 0,000545
исследователи 1,469676 0,000364
исследовать 2,525729 0,000625
истина 3,218876 0,000797
истинные 2,813411 0,000697
истории 0,248461 0,000062
историки 2,407946 0,000596
исторических 1,139434 0,000282
историю 0,843970 0,000209
история 0,051293 0,000038
источник -0,009950 -0,000005
исходным 2,659260 0,000658
исходными 3,912023 0,000969
исходных 2,995732 0,004450
исчисление 3,506558 0,000868
исчисления 3,218876 0,000797
исчисляемая 3,912023 0,000969
исчисляемыми 3,912023 0,000969
исчисляемых 3,912023 0,000969
исчисляется 3,506558 0,001736
итак 3,218876 0,000797
итальянская 1,609438 0,000398
итальянской 2,813411 0,000697
каждая 1,560648 0,000386
каждого 1,427116 0,000707
каждое 1,714798 0,000425
каждой 1,966113 0,000974
каждом 1,660731 0,000411
каждому 1,966113 0,000974
каждый 0,733969 0,000363
каждым 2,302585 0,000570
каких 2,120264 0,000525
какое-то 2,813411 0,000697
касается 2,207275 0,000546
каталанская 0,527633 0,000131
каталогах 0,094311 0,000023
категории -0,009950 -0,000005
категорий 1,966113 0,000487
качестве 0,478036 0,000355
квадрат 2,995732 0,000742
квадратичный 3,912023 0,000969
кибернетики 3,506558 0,001736
китаб 3,912023 0,000969
китайская 0,776529 0,000192
класс 1,514128 0,001500
класса 1,203973 0,000894
классических 1,897120 0,000470
классической 1,609438 0,000398
клеточные 3,506558 0,000868
клини 3,912023 0,000969
клиффорд 3,912023 0,000969
ключевых 2,207275 0,000546
книга 0,843970 0,000836
книгах 2,659260 0,000658
книге 1,309333 0,000648
книги 0,916291 0,000907
книгу 1,514128 0,000750
кнут 2,995732 0,002225
код -0,009950 -0,000059
коде 2,525729 0,000625
кодекс -0,009950 -0,000002
кодистория 0,116534 0,000029
количество 0,328504 0,000244
команд 1,660731 0,001645
команды 1,560648 0,000386
комментарий 3,218876 0,000797
комментариями 3,506558 0,000868
коммивояжера 3,912023 0,000969
компоненты 1,609438 0,000398
компьютер 2,659260 0,001317
компьютерная 2,659260 0,000658
компьютерным 3,218876 0,000797
компьютеров 1,897120 0,001879
компьютеры 2,525729 0,000625
кон 3,218876 0,000797
конечного 3,506558 0,000868
конечное 3,912023 0,003874
конечной 2,525729 0,000625
конечном 2,659260 0,000658
конечности 3,912023 0,000969
конечность 3,912023 0,001937
конечные 3,218876 0,000797
конечный 2,813411 0,000697
конечных 3,218876 0,000797
конкретного 2,302585 0,001140
конкретной 2,407946 0,002385
константа 3,912023 0,000969
конфиденциальности -0,009950 -0,000002
копии 0,653926 0,000162
корабль 2,302585 0,000570
корабля 2,813411 0,000697
корень 2,995732 0,000742
кормен 3,912023 0,001937
короткий -0,009950 -0,000002
корректировки 3,506558 0,000868
корректности 3,218876 0,003985
корректность 3,912023 0,001937
корректную 3,912023 0,000969
корректные 3,912023 0,000969
корректный 3,506558 0,000868
корректным 3,912023 0,000969
которая 0,287682 0,000499
которого 0,301105 0,000373
которое 0,478036 0,000237
которой 0,174353 0,000043
котором 0,301105 0,000075
которому 0,843970 0,000418
которую 0,867501 0,001074
которые 0,162519 0,000402
который 0,105361 0,000157
которых 0,094311 0,000187
кошмарных 3,912023 0,000969
коэффициент 2,120264 0,000525
кратному 3,912023 0,000969
критерием 3,218876 0,000797
кроме 0,235722 0,000117
круга 2,525729 0,000625
кругосвет 1,560648 0,000773
куанси 3,912023 0,000969
кубичный 3,912023 0,000969
куки -0,009950 -0,000002
купцы 1,832581 0,000454
курс 1,347074 0,000334
курт 3,506558 0,000868
кучей 3,912023 0,000969
кыргызча 0,000000 0,000000
лавлейс 3,218876 0,000797
лагерей 2,995732 0,000742
ларусса 1,078810 0,000267
лас-вегас 3,912023 0,000969
лат 1,771957 0,000439
латинизированное 3,912023 0,000969
латинское 3,912023 0,000969
латинском 3,506558 0,000868
лежащая 3,506558 0,000868
лейбниц 2,995732 0,000742
лейзерсон 3,912023 0,000969
лейпциге 3,912023 0,000969
лексика 3,912023 0,000969
лентой 2,659260 0,000658
ленты 2,525729 0,000625
леонард 3,506558 0,000868
лет 0,223144 0,000276
либо 0,000000 0,000000
лингвистики 3,506558 0,000868
линеаритмичный 3,912023 0,000969
линейный 2,525729 0,001876
линий 1,309333 0,000324
линиях 2,659260 0,001317
лиона 3,912023 0,000969
литература 0,061875 0,000031
литературе 1,514128 0,000375
литовская 1,309333 0,000324
лицензии -0,009950 -0,000002
лишь 0,478036 0,000355
логарифмический 3,506558 0,000868
логарифмов 3,912023 0,000969
логика 2,207275 0,000546
логико-математических 3,912023 0,000969
логическое 3,506558 0,000868
ложь 3,506558 0,000868
любая 2,525729 0,000625
любой 1,514128 0,001500
любом 2,120264 0,000525
любым 2,525729 0,000625
любых 2,120264 0,000525
людей 0,693147 0,000172
магистрами 3,912023 0,000969
малой 1,514128 0,000375
малый 0,371064 0,000092
малыми 2,302585 0,000570
мариймакедонски 0,000000 0,000000
марке 2,995732 0,000742
марков 2,995732 0,001483
маркова 2,407946 0,004769
марта 0,139262 0,000034
массиве 3,506558 0,001736
массовости 3,912023 0,000969
массовость 3,912023 0,001937
мастер 2,040221 0,000505
мастером 3,912023 0,000969
математик 2,659260 0,001975
математика 2,120264 0,002625
математиками 3,218876 0,000797
математике 2,659260 0,000658
математики 1,660731 0,003289
математиков 2,995732 0,001483
математическая 2,813411 0,001393
математический 2,995732 0,000742
математическим 3,506558 0,001736
математическими 2,995732 0,002225
математических 2,302585 0,001710
математического 2,813411 0,000697
математической 2,525729 0,001876
материал -0,009950 -0,000002
матриц 3,506558 0,001736
матриц-множителей 3,912023 0,000969
машин 1,139434 0,000564
машина 2,040221 0,006062
машинах 3,218876 0,001594
машине 2,407946 0,001789
машинном 3,506558 0,000868
машинный 3,506558 0,000868
машину 2,813411 0,001393
машины 1,514128 0,004124
медленный 3,506558 0,000868
мейса 3,912023 0,000969
мена 3,912023 0,000969
менее 0,314711 0,000234
меньшую 2,525729 0,000625
менялы 3,506558 0,000868
мере 1,272966 0,000630
мест 0,713350 0,000177
место 0,371064 0,000092
метаалгоритм 3,912023 0,000969
метафору 3,912023 0,000969
метод 1,771957 0,001755
метода 2,302585 0,002280
методами 2,525729 0,001251
методов 1,832581 0,000454
методом 2,407946 0,000596
методы 1,714798 0,001698
механизм 1,660731 0,000411
механические 3,218876 0,000797
микропроцессоров 3,912023 0,000969
мир 0,342490 0,000170
мирятся 3,912023 0,000969
мифологии 2,525729 0,000625
многие 0,356675 0,000177
многих 0,494296 0,000367
многозначности 3,912023 0,000969
многократно 2,407946 0,001192
многократное 2,995732 0,000742
многоленточная 3,912023 0,000969
многочисленные 1,139434 0,000282
множества 2,120264 0,002100
множество 0,597837 0,001036
множеством 2,040221 0,001010
мобильная -0,009950 -0,000002
могли 1,514128 0,000375
могут -0,009950 -0,000010
модели 1,171183 0,000290
модификации 2,525729 0,000625
моисеев 2,995732 0,000742
момент 0,597837 0,000148
моменты 3,506558 0,000868
монгол 0,000000 0,000000
монте-карло 2,407946 0,000596
мудреца 3,912023 0,000969
мудрость 3,218876 0,001594
мультипликативный 3,912023 0,000969
мыслитель 3,506558 0,000868
набор 1,469676 0,001092
набора 2,995732 0,000742
наборам 3,912023 0,000969
навигации -0,009950 -0,000002
навигация -0,009950 -0,000005
наглядности 3,912023 0,000969
назвал 1,660731 0,001234
назван 1,078810 0,000267
название 0,198451 0,000197
названии 1,771957 0,000439
названия 0,342490 0,000085
названиях 1,897120 0,000470
названные 1,771957 0,000439
называемый 1,514128 0,000375
называемых 2,040221 0,000505
называет 2,659260 0,000658
называется 0,916291 0,000454
назывались 1,897120 0,000470
называть 1,966113 0,000974
называют 0,916291 0,002495
наибольшего 2,995732 0,001483
наибольший 1,966113 0,000487
наихудших 3,912023 0,000969
найти 1,771957 0,000439
наличие 1,108663 0,000549
наличии 2,040221 0,000505
налогоплательщиков 3,218876 0,000797
намеренно 2,995732 0,000742
нами -0,009950 -0,000002
написал 1,897120 0,001879
написала 2,995732 0,000742
написание 2,207275 0,001093
написании 2,995732 0,000742
написания 1,897120 0,001409
написанной 3,506558 0,001736
написанный 2,995732 0,000742
напоминающий 3,912023 0,000969
направленных 2,995732 0,000742
например 0,328504 0,001383
напрямую 1,660731 0,000411
насси-шнейдермана 3,912023 0,000969
натуральных 3,506558 0,001736
наука 0,301105 0,000075
науки 0,820981 0,000407
научно-образовательный 0,967584 0,000240
нахождение 3,218876 0,000797
нахождения 2,525729 0,001251
нач 2,995732 0,000742
начала 0,314711 0,000078
началась 0,967584 0,000240
началах 3,218876 0,000797
начале 0,314711 0,000156
начали 0,891598 0,000221
начало 0,415515 0,000103
началу 1,171183 0,000580
начальные 2,659260 0,001975
начальных 2,659260 0,003292
начинается 0,755023 0,000187
начинали 3,912023 0,000969
начиная 0,733969 0,000182
нашей 1,386294 0,000343
наши 1,609438 0,000398
невозможность 2,995732 0,000742
невозможным 2,995732 0,000742
невычислимой 3,912023 0,001937
недвусмысленного 3,912023 0,000969
недетерминированная 3,912023 0,000969
недостатков 0,653926 0,000162
недоступная 0,527633 0,000131
недоступны 3,218876 0,000797
недоступные 0,755023 0,000187
независимо 1,966113 0,000487
независимые 2,302585 0,000570
неизменно 3,218876 0,000797
некий 2,995732 0,000742
некоммерческой -0,009950 -0,000002
некоторая 3,218876 0,000797
некоторого 2,813411 0,004179
некоторое 1,771957 0,000877
некоторой 2,659260 0,001975
некотором 3,218876 0,001594
некоторые 0,301105 0,000373
некоторый 2,525729 0,001876
некоторым 1,966113 0,000487
некоторых 0,494296 0,000734
нем 0,356675 0,000088
немало 1,966113 0,000487
нему 1,203973 0,000298
необходимо 1,237874 0,000306
необходимого 2,995732 0,001483
необходимое 2,525729 0,003127
необходимы 3,218876 0,000797
необходимый 2,813411 0,000697
необходимых 2,407946 0,000596
необычные 2,659260 0,000658
необязательно 3,506558 0,000868
неотъемлемым 3,912023 0,000969
непосредственно 0,478036 0,000237
неправильные 3,912023 0,000969
неправильный 3,912023 0,000969
неразрешимая 3,912023 0,000969
неразрешимости 3,912023 0,000969
неразрешимость 3,912023 0,000969
неразрешимые 3,506558 0,001736
нередко 1,108663 0,000274
нерешаемой 3,912023 0,001937
нерешаемость 3,912023 0,000969
несколькими 1,660731 0,000411
нескольких 0,755023 0,000187
несколько 0,150823 0,000112
несмотря 0,755023 0,000374
неточности 3,912023 0,000969
неформально 2,995732 0,000742
неявной 3,506558 0,000868
ниже 0,693147 0,000343
нижняя 1,203973 0,000298
никколо 3,912023 0,000969
николай 0,867501 0,000215
николя 3,912023 0,000969
никчемного 3,912023 0,000969
ними 1,049822 0,000260
новая 0,634878 0,000157
нового 0,579818 0,000144
новое 0,755023 0,000187
новой 0,653926 0,000162
новую 1,171183 0,000290
новые 0,342490 0,000085
новый 0,446287 0,000110
новыми 1,560648 0,000386
новых 0,430783 0,000213
нод 3,506558 0,004341
номер 0,820981 0,000203
номеров 1,832581 0,000454
норвежская 0,248461 0,000062
нормализации 3,912023 0,001937
нормально 3,912023 0,001937
нормальные 3,912023 0,001937
нормальный 3,506558 0,004341
нормальным 3,912023 0,000969
нормальных 3,912023 0,000969
нотации 3,506558 0,000868
нотацию 3,912023 0,000969
ноября 0,127833 0,000095
нська 0,000000 0,000000
нуждается 2,302585 0,000570
нужно 1,049822 0,000260
нулю 3,218876 0,001594
нумерацией 3,218876 0,000797
нумерации 2,995732 0,000742
нумерация 2,525729 0,003127
ньскъ 0,000000 0,000000
обеспечивая 2,813411 0,000697
обеспечить 2,120264 0,000525
обиход 2,995732 0,000742
обладающих 2,407946 0,000596
области 0,223144 0,000055
облегчает 3,506558 0,000868
обогащаясь 3,912023 0,000969
обозначая 3,912023 0,000969
обозначения 1,660731 0,001234
обоснований 3,912023 0,000969
обрабатывает 3,506558 0,000868
обработать 3,912023 0,000969
обработки 1,897120 0,000470
образ 1,771957 0,000439
образа 2,302585 0,000570
образом 0,371064 0,000551
обратить 2,995732 0,000742
обрело 3,912023 0,001937
обретает 2,995732 0,000742
обучению 3,912023 0,000969
общего 0,713350 0,000353
общепризнанные 3,912023 0,000969
общим 1,427116 0,000353
общих 1,771957 0,000439
объекта 1,203973 0,000298
объектов 0,527633 0,000131
объектом 1,560648 0,000386
объема 1,237874 0,000306
объемных 3,506558 0,000868
объяснение 2,407946 0,000596
объяснения 2,207275 0,000546
объясняется 1,771957 0,000439
обычно 0,693147 0,000858
обычного 2,525729 0,000625
обычное 3,912023 0,000969
обязательным 2,407946 0,000596
ограничения 1,897120 0,000470
огромного 2,995732 0,000742
огромным 3,506558 0,000868
одинаково 3,218876 0,000797
одинаковых 2,995732 0,000742
одна 0,527633 0,000261
однако 0,174353 0,000432
одним 0,494296 0,000122
одних 2,207275 0,001093
одно 0,693147 0,000858
одновременно 0,776529 0,000385
одного 0,544727 0,000539
однозначно 2,995732 0,000742
однозначного 3,912023 0,000969
однозначность 3,912023 0,000969
однозначный 3,506558 0,000868
одной 0,371064 0,000184
одном 1,139434 0,000564
одному 1,514128 0,000375
однотомных 3,912023 0,000969
одну 1,237874 0,000613
ожидаемое 3,912023 0,001937
ожидания 3,218876 0,000797
ожидающая 3,912023 0,000969
означает 1,237874 0,001532
означали 3,912023 0,000969
означало 2,525729 0,000625
около 0,000000 0,000000
окончания 1,714798 0,000849
окончательно 1,203973 0,000298
октября 0,083382 0,000021
олицетворением 3,506558 0,000868
олык 0,000000 0,000000
онлайн 0,198451 0,000049
оно 0,000000 0,000000
операторов 1,347074 0,000667
операторы 1,514128 0,000375
операций 1,771957 0,001316
операциях 2,407946 0,000596
описан 2,813411 0,001393
описание -0,009950 -0,000010
описанный 3,506558 0,000868
описывается 2,407946 0,000596
описывающих 2,995732 0,000742
определение 1,660731 0,002467
определением 2,995732 0,000742
определении 2,407946 0,000596
определений 2,813411 0,000697
определения 1,560648 0,001932
определенная 3,218876 0,000797
определенное 3,218876 0,000797
определенной 1,832581 0,000454
определенном 2,659260 0,000658
определенность 3,912023 0,000969
определенные 2,525729 0,001251
определенным 2,120264 0,000525
определенными 2,525729 0,000625
определено 2,659260 0,000658
определить 2,207275 0,001639
определяет 1,714798 0,000849
определяется 1,609438 0,000797
определяют 2,120264 0,000525
определяющих 3,506558 0,000868
оптимизацией 3,506558 0,000868
опыта 2,659260 0,000658
организации -0,009950 -0,000002
орем 3,912023 0,000969
оригинал 2,995732 0,000742
оригинального 3,506558 0,000868
ортса 0,000000 0,000000
осипов 0,527633 0,000131
осмысливание 3,912023 0,000969
основе 0,494296 0,000490
основная 0,116534 0,000173
основном 0,510826 0,000126
основные 0,223144 0,000055
основным 0,616186 0,000305
основных 0,634878 0,000157
основоположник 3,218876 0,000797
особенно 0,562119 0,000139
оставаться 2,207275 0,000546
оставляю 3,912023 0,000969
остановится 3,506558 0,000868
остановки 2,302585 0,002280
осуществима 3,912023 0,000969
осуществить 2,407946 0,000596
осуществление 2,302585 0,000570
осуществляется 0,776529 0,000192
осуществляли 2,659260 0,000658
осуществлять 2,120264 0,000525
осуществляться 2,995732 0,000742
ответ 1,560648 0,000386
ответственности -0,009950 -0,000002
отдельная 2,813411 0,000697
отдельных -0,009950 -0,000007
отказ -0,009950 -0,000002
отличать 3,912023 0,000969
отличаться 1,560648 0,000386
отличие 0,891598 0,001104
относилось 3,506558 0,000868
относится 0,733969 0,000363
отношению 1,966113 0,000487
отображения 2,525729 0,001251
отражаемой 3,912023 0,000969
отражают 2,995732 0,000742
отредактирована -0,009950 -0,000002
отрезков 3,506558 0,000868
отрезок 2,995732 0,000742
отсутствием 2,207275 0,000546
отсюда 1,897120 0,000470
оттенками 3,912023 0,000969
оформлении 2,813411 0,001393
оформлениивикипедия 3,912023 0,000969
оценки 1,609438 0,000398
очевидно 3,506558 0,001736
очень 0,494296 0,000490
очередь 0,527633 0,000131
очертания 2,813411 0,000697
ошибках 2,995732 0,000742
ошибкекак -0,009950 -0,000002
ошибок 2,120264 0,001575
папой 3,912023 0,000969
параллельно 1,237874 0,000306
параллельности 3,912023 0,000969
паре 2,995732 0,000742
пелля 3,912023 0,000969
первой 0,462035 0,000229
первом 1,237874 0,000306
первоначальная 3,218876 0,000797
первоначальным 3,218876 0,000797
первые 0,494296 0,000122
первый 0,385662 0,000095
первым 0,597837 0,000296
первыми 1,609438 0,000398
первых 0,653926 0,000162
перебора 3,218876 0,000797
перебором 3,912023 0,000969
перевели 2,659260 0,000658
перевод 1,427116 0,000353
переводе 2,040221 0,000505
переводу 2,813411 0,000697
переводчик 3,218876 0,000797
передвинуть 3,912023 0,000969
перейти -0,009950 -0,000005
переработке 2,120264 0,001575
перестали 2,659260 0,000658
перехода 1,514128 0,000375
персидского 2,995732 0,000742
персональные -0,009950 -0,000002
печати -0,009950 -0,000002
печать -0,009950 -0,000005
писали 2,525729 0,000625
пишет 1,966113 0,000487
платоном 3,506558 0,000868
по-гречески 3,912023 0,000969
по-еллински 3,912023 0,000969
по-немецки 3,506558 0,000868
по-русски 3,912023 0,000969
поведения -0,009950 -0,000007
повестку 3,912023 0,000969
повторение 3,506558 0,000868
подверглось 2,995732 0,000742
подвидом 3,912023 0,000969
подготовки 1,309333 0,000648
поддерживает 1,609438 0,000398
подмножества 3,912023 0,000969
подобно 2,407946 0,001192
подошел 3,912023 0,000969
подробнее -0,009950 -0,000002
подстановок 3,912023 0,000969
подсчитать 3,506558 0,000868
подтверждается 2,302585 0,000570
подчеркивая 2,995732 0,000742
подчеркнуть 3,218876 0,000797
подчиненный 3,218876 0,000797
пожалуйста 1,469676 0,001455
позволила 2,995732 0,000742
позволяет 0,755023 0,000935
позволяют 1,469676 0,000364
позднее 0,798508 0,000198
позднейшие 3,912023 0,000969
позиции 1,832581 0,000454
позиционной 3,912023 0,001937
поиск -0,009950 -0,000010
поиска 1,966113 0,001947
поиску -0,009950 -0,000002
показателями 3,218876 0,000797
полезна 3,506558 0,000868
политика -0,009950 -0,000002
политиков 2,995732 0,000742
полная 2,040221 0,000505
полное 1,139434 0,000282
полностью 0,400478 0,000099
полным 2,040221 0,000505
половине 0,634878 0,000314
положило 2,995732 0,000742
полтора-два 3,506558 0,000868
получения 1,469676 0,000364
полученными 3,218876 0,000797
полученных 2,659260 0,000658
получив 2,407946 0,000596
получила 0,653926 0,000162
получить 1,427116 0,000707
пользовались 2,995732 0,000742
пользовался 2,995732 0,000742
пометкой 3,506558 0,000868
помогите 3,218876 0,001594
помощи 0,843970 0,000209
помощью 0,634878 0,000629
поначалу 3,218876 0,000797
понималось 3,912023 0,000969
понимание 2,207275 0,001093
понимании 1,897120 0,000470
понятие 1,469676 0,002911
понятием 3,912023 0,000969
понятий 2,407946 0,001192
понятия 1,560648 0,002705
понятиям 3,912023 0,000969
понятное 3,912023 0,000969
понятном 3,218876 0,000797
понятность 3,912023 0,000969
попало 2,302585 0,000570
популярной 2,659260 0,000658
популярном 3,218876 0,000797
попытки 1,660731 0,000411
попыток 2,407946 0,000596
пор 0,941609 0,000233
портал 0,342490 0,000085
порядке 1,309333 0,000324
порядок 1,966113 0,001947
посвященных 1,966113 0,000487
поскольку 0,941609 0,001166
последней 1,714798 0,000425
последние 0,755023 0,000374
последний -0,009950 -0,000002
последнюю 2,659260 0,000658
последовательно 1,832581 0,000907
последовательностей 3,912023 0,000969
последовательности 2,659260 0,001317
последовательность 2,659260 0,002634
последовательных 3,218876 0,000797
посредством 1,771957 0,000439
пост 1,514128 0,000375
поста 2,525729 0,001876
поставили 2,302585 0,000570
поставленных 3,218876 0,001594
постепенно 0,867501 0,000859
постоянную 2,525729 0,000625
построен 0,798508 0,000198
построение 2,525729 0,001876
построения 1,897120 0,000470
построенных 1,771957 0,000439
постулатом 3,912023 0,000969
поступающими 3,912023 0,000969
постусловия 3,912023 0,000969
постусловиями 3,912023 0,000969
потенциал 1,347074 0,000334
потеряла 2,525729 0,000625
потребность 2,995732 0,000742
потребовалось 3,218876 0,001594
поэме 2,813411 0,002090
поэт 1,897120 0,000470
появилось 1,171183 0,000580
появление 1,469676 0,000364
появляется 1,560648 0,000386
правил 1,771957 0,000877
правила 2,040221 0,001515
правилам 1,660731 0,000822
правилами 1,771957 0,000877
правило 0,891598 0,000883
правильно 2,302585 0,001140
правильность 3,218876 0,000797
правильный 2,995732 0,002225
правильным 3,218876 0,000797
править -0,009950 -0,000113
правкиновые -0,009950 -0,000002
правкипостоянная -0,009950 -0,000002
практике 1,660731 0,001645
практическую 3,218876 0,000797
практичных 3,912023 0,000969
превратился 2,407946 0,000596
превращает 2,995732 0,000742
предательства 3,912023 0,000969
предлагает 2,302585 0,000570
предметом 1,560648 0,000386
предназначены 2,813411 0,000697
предписание 3,506558 0,000868
представились -0,009950 -0,000002
представительном 3,912023 0,000969
представить 2,302585 0,000570
представление 1,514128 0,001125
представленные 2,995732 0,000742
представляет 0,446287 0,000110
представлять 2,525729 0,000625
предусловия 3,912023 0,000969
предусловиями 3,912023 0,000969
предусматривает 2,120264 0,000525
предусматривают 3,912023 0,000969
предусматривающий 2,659260 0,000658
предыдущих 2,407946 0,000596
прежде 1,049822 0,000260
преобразование 2,302585 0,001140
преобразуют 3,912023 0,000969
преобразующими 3,912023 0,000969
преодоления 2,813411 0,000697
препятствий 3,218876 0,000797
приближения 3,506558 0,000868
приблизительно 1,514128 0,000375
приведенное 3,912023 0,000969
приведенных 3,218876 0,000797
приведены 2,040221 0,000505
привели 1,560648 0,000386
приводит 1,171183 0,000580
приводящими 3,506558 0,000868
приводящих 3,912023 0,000969
привычной 3,912023 0,000969
привычным 3,912023 0,000969
приготовления 2,995732 0,000742
придуман 3,218876 0,001594
придуманной 3,912023 0,000969
призваны 3,912023 0,000969
признанием 3,218876 0,000797
прикладных 2,120264 0,001050
применение 1,469676 0,000364
применением 2,207275 0,000546
применений 3,218876 0,000797
применения 1,272966 0,000315
применены 3,218876 0,000797
применим 3,218876 0,001594
применялось 3,218876 0,000797
применять 2,407946 0,001789
применяя 3,506558 0,000868
пример 1,171183 0,000580
примере 1,771957 0,000439
примерно 0,634878 0,000157
примеры 2,407946 0,000596
примечания -0,009950 -0,000005
принцип 1,832581 0,000907
принципиально 2,813411 0,000697
принципиальную 3,506558 0,000868
приобрело 3,506558 0,000868
приписывалось 3,912023 0,000969
присвоить 2,995732 0,000742
приспособить 3,912023 0,000969
пристального 3,912023 0,000969
присутствовавшее 3,912023 0,000969
присутствует 1,714798 0,000849
причем 0,994252 0,000246
пришел 1,714798 0,000425
пробивало 3,912023 0,000969
проблем 0,798508 0,000198
проблема 1,237874 0,000306
проблемами 2,302585 0,001140
проблему 1,514128 0,001125
проблемы 0,544727 0,000809
проверки 0,994252 0,000246
программ 1,203973 0,002087
программа 0,994252 0,000738
программам 2,525729 0,000625
программированием 3,912023 0,000969
программирования 1,714798 0,000849
программистом 3,912023 0,000969
программных 2,525729 0,000625
программой 2,659260 0,000658
программу 1,609438 0,000398
программы 0,713350 0,001413
продолжали 2,407946 0,000596
продолжительной 2,813411 0,000697
продолжительности 2,525729 0,000625
проектах -0,009950 -0,000002
проектахзначения 1,237874 0,000306
произведения 1,427116 0,000353
производится 1,714798 0,000425
произвольной 3,218876 0,000797
произвольном 3,506558 0,000868
произношения 3,506558 0,000868
происходила 2,659260 0,000658
происходит 0,634878 0,000472
происхождение 1,427116 0,000353
происхождении 1,514128 0,000375
проникла 3,912023 0,000969
проникновения 2,302585 0,000570
пропагандировали 3,912023 0,000969
пропорций 3,912023 0,000969
пропущенной 3,912023 0,000969
проследить 3,218876 0,001594
просмотры -0,009950 -0,000002
проста 3,912023 0,000969
простейшие 3,506558 0,000868
простейших 3,218876 0,001594
просто 1,272966 0,000315
простроен 3,912023 0,000969
простую 3,218876 0,000797
простых 2,525729 0,001251
противостояние 2,813411 0,000697
прототип 2,525729 0,000625
процедура 2,525729 0,000625
процедурам 3,912023 0,000969
процедуру 3,912023 0,000969
процедуры 2,525729 0,000625
процесс 1,108663 0,001647
процесса 1,714798 0,000849
процессе 1,309333 0,000324
процессора 2,813411 0,000697
процессы 1,514128 0,000375
прошло 2,040221 0,000505
прошлого 1,609438 0,000398
прямоугольников 3,912023 0,000969
псевдокоде 3,912023 0,001937
псевдослучайных 3,912023 0,000969
птолемеем 3,912023 0,000969
пурбаха 3,912023 0,000969
пустой 2,995732 0,001483
путем 0,941609 0,000233
пути 0,693147 0,000172
путями 2,407946 0,000596
пытаются 2,995732 0,000742
работ 0,941609 0,000233
работа 0,891598 0,000221
работает 0,755023 0,000187
работать 1,108663 0,000549
работах 2,120264 0,000525
работающая 2,995732 0,000742
работающих 2,040221 0,000505
работе 1,237874 0,000306
работу 0,693147 0,000686
работы 0,314711 0,001169
равен 2,120264 0,000525
равна 2,525729 0,000625
раза 0,867501 0,000215
разветвляющийся 3,912023 0,000969
развитие 0,314711 0,000078
развитием 1,171183 0,000290
развития 0,287682 0,000214
разговорную 3,912023 0,000969
раздел 0,891598 0,001987
разделение 1,660731 0,000411
разделено 2,813411 0,000697
разделить 2,525729 0,001251
разительное 3,912023 0,000969
различные 0,693147 0,000343
различных 0,385662 0,000095
размер 1,832581 0,001361
размера 2,040221 0,005051
размером 2,659260 0,002634
размеру 2,407946 0,000596
разницу 3,218876 0,000797
разнообразные 2,207275 0,000546
разностной 3,506558 0,000868
разным 1,609438 0,000398
разных 0,510826 0,000126
разработан 1,347074 0,000334
разработанный 1,966113 0,000487
разработано 3,218876 0,000797
разработаны 2,525729 0,000625
разработке 1,560648 0,000386
разработки 1,203973 0,000894
разработчики -0,009950 -0,000002
разрешения 2,659260 0,000658
разу 2,525729 0,000625
разума 2,995732 0,000742
разумные 3,912023 0,000969
разъяснял 3,506558 0,000868
рам 3,912023 0,000969
рам-машина 3,912023 0,000969
рандомизированным 3,912023 0,000969
ранее 0,430783 0,000213
ранние 1,660731 0,000411
распространением 2,207275 0,000546
распространения 1,660731 0,000411
распространенной 2,659260 0,000658
распространенные 2,525729 0,000625
распространенным 2,525729 0,000625
распространялось 3,506558 0,000868
расширялось 3,912023 0,000969
реакции 3,218876 0,000797
реакция 2,995732 0,000742
реализацией 3,218876 0,000797
реализации 0,994252 0,000985
реализаций 3,218876 0,001594
реализациях 2,995732 0,000742
реализовать 2,407946 0,000596
реализуют 2,995732 0,000742
реализуя 3,912023 0,000969
реально 2,207275 0,000546
ребер 3,912023 0,000969
революции 0,693147 0,000172
регистровая 3,912023 0,000969
ред 0,235722 0,000058
редакцией 1,832581 0,000454
редко 1,832581 0,000454
реестр 1,469676 0,000364
результат 1,469676 0,003639
результата 3,218876 0,003985
результатами 2,813411 0,000697
результате 0,342490 0,000170
результативность 3,912023 0,001937
результатов 1,897120 0,000470
результатом 1,771957 0,000439
результату 3,506558 0,000868
результаты 1,237874 0,000919
рекурсивна 3,912023 0,000969
рекурсивная 3,912023 0,000969
рекурсивные 3,506558 0,003473
рекурсивный 3,912023 0,000969
рекурсивных 3,912023 0,000969
ресурсы 0,020203 0,000005
рецепт 3,506558 0,000868
речь 2,120264 0,001050
решаемой 3,506558 0,001736
решает 2,995732 0,000742
решение 0,755023 0,000374
решении 2,407946 0,000596
решений 1,660731 0,001234
решения 0,967584 0,003114
решить 2,120264 0,000525
ривест 3,912023 0,000969
римским 3,912023 0,000969
риск 2,659260 0,000658
ричарда 3,912023 0,000969
родственных 0,755023 0,000187
розе 3,218876 0,001594
роль 0,579818 0,000144
роман 1,771957 0,000439
романе 2,659260 0,000658
рональд 3,912023 0,000969
российская 0,186330 0,000138
российский 0,634878 0,000157
рост 0,967584 0,001677
роста 1,386294 0,000343
руководства 1,897120 0,000470
рукописи 3,218876 0,000797
рукописям 3,506558 0,000868
рус 0,162519 0,000080
руси 1,347074 0,000334
русиньскыйсаха 0,000000 0,000000
русский -0,009950 -0,000005
русскими 1,660731 0,000411
русского 0,494296 0,000245
русском 1,049822 0,000260
ряд 0,385662 0,000286
ряда 0,994252 0,000246
сайты 0,478036 0,000118
сакробоско 3,912023 0,001937
сами 1,560648 0,000386
самих 2,659260 0,000658
само 2,040221 0,000505
самой 0,916291 0,000227
самые 1,021651 0,000253
самым 0,653926 0,000324
сбоев 3,506558 0,000868
сведений 1,609438 0,000398
свести 3,912023 0,001937
светлого 3,506558 0,000868
свободной -0,009950 -0,000002
сводится 2,995732 0,000742
сводиться 3,912023 0,000969
свое 0,616186 0,000305
своих 0,776529 0,000192
свойств 1,966113 0,000487
свойства 1,660731 0,001645
свойствам 2,995732 0,000742
свойство 0,653926 0,000162
свяжитесь -0,009950 -0,000002
связана 1,078810 0,000267
связанному 3,912023 0,000969
связанных 1,171183 0,000290
связи 0,235722 0,000117
связывается 2,525729 0,000625
связывали 2,995732 0,000742
сделать 1,386294 0,000343
сегодня 0,616186 0,000305
сегодняшняя 3,912023 0,000969
седьмой 2,407946 0,000596
семантика 2,995732 0,000742
семенов 2,207275 0,000546
серия 1,237874 0,000306
сигналами 3,912023 0,000969
сильвестра 3,912023 0,000969
символ 1,203973 0,000596
символа 2,207275 0,000546
символов 1,560648 0,001932
символы 1,386294 0,000343
синонима 3,912023 0,000969
синтаксического 3,912023 0,000969
систем 0,798508 0,000395
система 0,235722 0,000117
систематический 3,218876 0,000797
систематического 2,813411 0,000697
системе 0,733969 0,000545
системеобсуждениевкладсоздать -0,009950 -0,000002
систему 0,673345 0,000333
системы 0,342490 0,000424
ситуации 1,347074 0,000334
сих 1,078810 0,000267
сия 3,506558 0,000868
сказать 2,813411 0,000697
скачать -0,009950 -0,000002
складывающейся 3,912023 0,000969
сколько 0,653926 0,000162
скорее 1,966113 0,000974
славный 2,995732 0,000742
следует 0,755023 0,000374
следующей 2,525729 0,000625
следующие 0,544727 0,000135
следующий 1,560648 0,001546
следующим 1,386294 0,000343
следующих 1,386294 0,000686
слишком 2,525729 0,000625
слиянием 2,813411 0,000697
слов 1,560648 0,001546
слова 0,562119 0,001392
словами 2,040221 0,001010
словаре 2,525729 0,003127
словарей 3,506558 0,000868
словари 0,116534 0,000058
словарь 0,274437 0,000068
словарях 3,218876 0,000797
словесная 3,912023 0,000969
слово 0,673345 0,003501
словом 1,897120 0,001409
сложен 2,995732 0,000742
сложение 3,506558 0,000868
сложении 3,218876 0,000797
сложения 3,218876 0,000797
сложности 1,347074 0,001001
сложность 2,040221 0,003031
сложностью 3,218876 0,001594
сложных 2,659260 0,000658
служат 2,525729 0,000625
служит 2,302585 0,000570
случае 0,843970 0,000627
случаев 1,469676 0,000728
случаи 1,714798 0,000425
случай 2,525729 0,000625
случайного 3,506558 0,000868
случайных 2,659260 0,002634
случаях -0,009950 -0,000015
слушателей 3,912023 0,000969
слышим 3,912023 0,000969
смену 1,966113 0,000487
сможет 2,407946 0,000596
смысле 1,832581 0,000907
смысловыми 3,912023 0,000969
сначала 1,386294 0,001030
собой 0,328504 0,000163
событий 1,386294 0,000343
события 1,108663 0,000274
событияпожертвовать -0,009950 -0,000002
совершить 3,218876 0,000797
советской 0,755023 0,000935
советском 2,120264 0,000525
совместимости 2,813411 0,000697
совокупности 2,120264 0,000525
совокупность 1,660731 0,000411
совпадает 2,659260 0,000658
современное 1,108663 0,000274
современной 0,579818 0,000431
современному 2,813411 0,000697
современных 0,713350 0,000177
согласно 0,301105 0,000075
содержание 0,010050 0,000002
содержат 1,966113 0,000487
содержащий 2,813411 0,000697
созданию 1,609438 0,000398
созданы 1,078810 0,000267
создатель 2,302585 0,000570
сокращения 1,714798 0,000425
соображения 3,506558 0,000868
сообщить -0,009950 -0,000002
соответственно 1,021651 0,000253
соответствии 0,446287 0,000221
соответствует 1,427116 0,000353
соответствующая 2,525729 0,000625
соответствующего 2,040221 0,000505
соответствующей 2,120264 0,000525
соответствующий 2,207275 0,000546
соответствующих 1,609438 0,000398
соотношения 2,995732 0,000742
сопоставить 3,506558 0,001736
сопоставлением 3,912023 0,000969
сорок 2,407946 0,000596
сороковых 3,912023 0,000969
сортировка 3,912023 0,000969
сортировки 3,912023 0,001937
составления 3,218876 0,000797
составляет 0,314711 0,000078
составляют 0,798508 0,000198
состоит 0,755023 0,000187
состояние 0,733969 0,000182
состоянием 2,302585 0,000570
состояния 1,203973 0,000596
сотен 2,040221 0,000505
сохранением -0,009950 -0,000002
сохранился 2,207275 0,000546
сочетании 2,525729 0,000625
сочинение 2,995732 0,002225
сочинении 3,506558 0,000868
сочинений 2,525729 0,000625
сочинения 2,120264 0,000525
сочинениях 2,813411 0,000697
союзе 2,525729 0,000625
специальный 1,832581 0,000454
спецификацией 3,912023 0,000969
спецификации 2,302585 0,001140
спецификаций 3,506558 0,001736
спецификация 2,525729 0,000625
списков 2,813411 0,000697
список 0,248461 0,000062
способ 1,966113 0,000974
способа 2,659260 0,001317
способам 3,218876 0,000797
способами 2,525729 0,000625
способен 2,407946 0,000596
способные 2,995732 0,000742
способов 2,525729 0,000625
способом 1,771957 0,000439
справочной 3,218876 0,000797
спустя 1,609438 0,001195
сравнивают 3,506558 0,000868
среди 0,198451 0,000049
среднеазиатского 3,506558 0,001736
средневековой 2,040221 0,001010
средней 0,867501 0,000215
средств 0,597837 0,000148
средства 0,415515 0,000103
средствами 1,771957 0,000877
средством 2,207275 0,000546
српски 0,000000 0,000000
српскохрватски 0,000000 0,000000
ссорятся 3,912023 0,000969
ссылка 0,274437 0,000136
ссылками 0,186330 0,000092
ссылкасведения -0,009950 -0,000002
ссылки -0,009950 -0,000017
ставится 2,813411 0,000697
ставший 1,832581 0,000907
стал 0,314711 0,000156
стали 0,430783 0,000320
стало 0,494296 0,000122
стандартов 2,525729 0,000625
становились 2,525729 0,000625
становится 0,527633 0,000261
станок 3,506558 0,000868
старинные 2,407946 0,000596
старой 1,514128 0,000375
старше 1,966113 0,000487
статей 0,967584 0,000719
статистика -0,009950 -0,000002
статистический 0,755023 0,000374
статье 0,941609 0,000699
статьестатьи 0,843970 0,000209
статьи 0,072571 0,000126
статьислучайная -0,009950 -0,000002
статьисообществофорумсправкасвежие -0,009950 -0,000002
статью 0,616186 0,000458
статья 0,105361 0,000157
статьяобсуждение -0,009950 -0,000002
статьятекущие -0,009950 -0,000002
степени 0,843970 0,000209
степенью 2,813411 0,000697
стер 2,207275 0,000546
стихах 3,218876 0,001594
стихи 2,407946 0,000596
стихотворений 3,506558 0,000868
сто 1,966113 0,000974
столетие 2,407946 0,000596
столетий 2,659260 0,000658
столетия 1,966113 0,001460
столько 1,832581 0,000454
стороне 1,139434 0,000282
стороны 0,430783 0,000107
стохастические 3,912023 0,005811
стохастический 3,912023 0,001937
стохастическим 3,912023 0,000969
страница -0,009950 -0,000005
страницасодержаниеизбранные -0,009950 -0,000002
страницах 2,659260 0,000658
странице 2,120264 0,000525
страницецитировать -0,009950 -0,000002
страницуполучить -0,009950 -0,000002
страницы -0,009950 -0,000005
страницыслужебные -0,009950 -0,000002
стрелок 3,218876 0,000797
стремительно 2,302585 0,000570
строгим 2,995732 0,000742
строгих 3,506558 0,000868
строго 2,525729 0,000625
строительство 0,510826 0,000126
строке 1,609438 0,000797
структурная 2,995732 0,000742
структурное 2,995732 0,000742
структурной 3,506558 0,000868
структурограммы 3,912023 0,000969
сугубо 2,525729 0,001251
сумеет 3,912023 0,000969
сути 2,120264 0,000525
суть 2,813411 0,000697
существенным 2,813411 0,000697
существование 1,049822 0,000780
существовать 2,120264 0,000525
существует 0,446287 0,000994
существуют 0,162519 0,000121
существующих 1,714798 0,000425
сферы 1,309333 0,000324
сформировалось 2,813411 0,000697
сформулировал 3,218876 0,001594
сформулированы 2,995732 0,000742
схем 2,407946 0,001192
схематическая 3,912023 0,001937
схему 2,407946 0,000596
схемы 1,771957 0,000439
счесть 3,912023 0,000969
счет 0,673345 0,000167
счета 2,813411 0,003483
счете 2,813411 0,001393
счетная 2,995732 0,001483
счетного 3,912023 0,000969
счетное 3,912023 0,001937
счетной 3,218876 0,000797
счетчик 3,912023 0,000969
счисления 2,995732 0,002967
считается 0,693147 0,000343
считал 2,407946 0,000596
считанного 3,506558 0,000868
считаться 2,407946 0,000596
считают 1,660731 0,000411
считывает 3,912023 0,000969
сюдасвязанные -0,009950 -0,000002
таблице 2,525729 0,001251
также 0,000000 0,000000
такие 0,261365 0,000259
таким 0,527633 0,000523
таких 0,510826 0,000126
такого 1,237874 0,000613
такое 1,108663 0,000823
таком 1,660731 0,000822
такую 2,525729 0,000625
тарашкев 0,000000 0,000000
тарталью 3,912023 0,000969
татарча 0,000000 0,000000
тезис 3,506558 0,004341
тезисам 3,912023 0,000969
тезису 3,912023 0,000969
текст -0,009950 -0,000005
текущего 2,120264 0,000525
тело 2,659260 0,000658
тематические 0,510826 0,000126
тенденции 1,832581 0,000454
теоретические 2,659260 0,000658
теории 1,514128 0,001500
теория 1,386294 0,000686
термин 1,049822 0,000780
термина 0,400478 0,000297
терминах 3,506558 0,000868
терминология 2,813411 0,000697
тех 0,798508 0,000593
техники 0,867501 0,000215
технологий 0,653926 0,000162
течение 0,527633 0,000131
типа 0,462035 0,000686
титульная 3,912023 0,000969
ткацкий 3,506558 0,000868
товарный -0,009950 -0,000002
токарный 3,912023 0,000969
толковом 3,912023 0,000969
томас 2,659260 0,001317
томе 3,506558 0,000868
тому 1,108663 0,000274
точно 2,207275 0,001639
точное 2,207275 0,001093
точность 2,659260 0,000658
точные 2,407946 0,000596
точным 3,912023 0,000969
традиционных 2,302585 0,000570
трактат 3,506558 0,001736
трактовке 3,506558 0,001736
трактовки 3,506558 0,000868
трактовку 3,912023 0,000969
трактуется 3,218876 0,000797
тратит 3,912023 0,000969
требовало 2,995732 0,000742
требований 2,659260 0,000658
требуемый 3,912023 0,000969
требуемых 3,506558 0,000868
требуется 1,714798 0,001274
третьем 2,302585 0,001140
троицкий 1,560648 0,000386
тройкой 3,506558 0,000868
трувер 3,912023 0,000969
труд 1,660731 0,000411
труднорешаемые 3,912023 0,000969
трудов 1,966113 0,000487
трудом 2,995732 0,000742
тупик 2,813411 0,000697
тыла 1,897120 0,000470
тьюринг 3,506558 0,000868
тьюринга 2,995732 0,017801
тьюрингу 3,218876 0,001594
увеличение 1,347074 0,000667
увеличении 2,525729 0,000625
увеличению 2,040221 0,000505
увеличивает 2,659260 0,002634
увеличился 1,832581 0,000454
увеличит 3,912023 0,000969
уверенно 3,506558 0,000868
удалите 3,506558 0,000868
удвоение 3,506558 0,005209
удвоит 3,912023 0,000969
удобное 3,506558 0,000868
удовлетворяет 2,813411 0,000697
узком 2,813411 0,000697
узнать 2,813411 0,000697
указан 0,139262 0,000034
указанием -0,009950 -0,000002
указаний 2,995732 0,001483
указанные 2,813411 0,000697
указывает 1,660731 0,000411
указывать 2,995732 0,000742
укра 0,000000 0,000000
украины 0,616186 0,000153
улучшите 1,897120 0,000470
улучшить 2,040221 0,000505
ульман 3,218876 0,000797
уменьшить 3,506558 0,000868
умножение 3,218876 0,000797
умножения 3,912023 0,000969
универсальная 0,891598 0,000221
универсальность 3,912023 0,000969
университетах 2,659260 0,000658
упоминавшемся 3,912023 0,000969
упоминаются 2,813411 0,000697
упомянутые 3,506558 0,000868
упорное 3,506558 0,000868
упорядоченное 3,912023 0,000969
употребления 2,995732 0,000742
управлением 1,427116 0,000353
управления 0,415515 0,000309
управляющие 2,659260 0,000658
управляющий 2,995732 0,000742
управляющих 3,218876 0,002391
уровне 0,916291 0,000227
ускорение 3,912023 0,000969
условие 2,995732 0,000742
условий -0,009950 -0,000005
условия -0,009950 -0,000007
услышать 2,995732 0,000742
усовершенствовать 3,218876 0,000797
успенский 1,514128 0,000750
успеха 2,525729 0,000625
успешно 1,832581 0,000454
установить 2,207275 0,000546
устар 2,525729 0,000625
устойчивое 2,813411 0,000697
устранения 2,995732 0,000742
устройстве 1,171183 0,000290
утвердился 3,912023 0,000969
утверждение 1,832581 0,000454
утверждений 2,995732 0,001483
утверждения 2,525729 0,000625
уточнения 1,514128 0,000375
уточните 2,813411 0,000697
участие -0,009950 -0,000002
учебник 1,771957 0,000439
учебника 3,506558 0,001736
учебники 2,813411 0,000697
учебником 3,218876 0,000797
учебы 3,912023 0,000969
ученого 2,207275 0,001093
ученые 1,427116 0,001060
ученых 1,203973 0,000298
учетную -0,009950 -0,000002
учителей 2,040221 0,000505
ушакова 2,207275 0,000546
фактически 0,916291 0,000454
фактором 2,040221 0,000505
февраля 0,051293 0,000025
физики 1,560648 0,000386
фиксируют 3,912023 0,000969
философ 2,813411 0,001393
фиту 3,912023 0,000969
фонд -0,009950 -0,000002
форма 1,514128 0,000375
формализацией 3,912023 0,000969
формализации 3,218876 0,003188
формализаций 3,912023 0,000969
формализация 3,912023 0,001937
формальное 3,218876 0,003188
формальные 2,995732 0,002225
формальным 2,995732 0,000742
формальными 3,912023 0,000969
формальных 2,995732 0,000742
форме 0,941609 0,000233
формировалась 3,506558 0,000868
формулировка 3,218876 0,000797
формулировку 3,506558 0,000868
формулируется 3,506558 0,000868
формы 0,941609 0,000233
фрагменты 2,302585 0,000570
французский 2,040221 0,001515
функции 1,049822 0,003899
функций 1,660731 0,004934
функцию 2,407946 0,002981
функция 1,832581 0,003176
характера 1,771957 0,000877
характеризуется 0,941609 0,000233
характеристики 1,660731 0,000411
характеристикой 3,506558 0,000868
хеш-таблице 3,912023 0,000969
хоара 3,912023 0,002906
хопкрофт 3,506558 0,000868
хорватская 1,897120 0,000470
хорезмийского 3,912023 0,000969
хотя 0,653926 0,000486
цветок 3,506558 0,000868
цели 1,660731 0,001234
целиком 1,897120 0,000470
целыми 3,218876 0,000797
целых 2,813411 0,000697
целью 0,733969 0,000182
центральных 1,427116 0,000353
цикл 2,207275 0,001093
цикла 1,832581 0,000454
циклический 3,506558 0,000868
циклическим 3,912023 0,000969
цифирная 3,218876 0,000797
цифр 2,659260 0,003950
цифра 2,659260 0,001317
цифру 3,218876 0,001594
цифры 1,714798 0,000425
чарльз 2,995732 0,000742
частичная 1,897120 0,000939
частично 0,653926 0,000162
частичную 3,506558 0,000868
частности 0,462035 0,000458
часто 0,415515 0,000412
часть 0,105361 0,000026
человек 0,400478 0,000099
человека 0,579818 0,000287
человеческой 1,897120 0,000470
человечеству 3,506558 0,000868
чем-то 3,912023 0,000969
черч 3,912023 0,000969
черча 3,912023 0,005811
честь 0,562119 0,000139
четко 1,897120 0,000939
четкую 3,912023 0,000969
четыре 0,713350 0,000177
четырех 1,203973 0,000596
чисел 2,525729 0,008129
числа 0,891598 0,000883
числами 3,912023 0,001937
число 0,478036 0,000355
числовая 3,912023 0,000969
числовым 3,912023 0,000969
чистой 2,659260 0,000658
читаем 3,912023 0,000969
читатьправитьправить 0,494296 0,000122
чосер 3,912023 0,000969
чтения 2,207275 0,000546
чудновского 3,912023 0,000969
чудовищ 3,912023 0,000969
шаблон 1,660731 0,000411
шаблона 2,040221 0,000505
шаблонами 0,634878 0,000157
шаг 2,525729 0,005003
шага 3,218876 0,001594
шаге 3,506558 0,000868
шагнуло 3,912023 0,000969
шагов 2,813411 0,003483
шагу 3,218876 0,000797
шилов 3,506558 0,000868
широко 0,673345 0,000333
широкого 2,040221 0,000505
широком 2,120264 0,000525
шифр 2,995732 0,000742
школе 2,040221 0,000505
школьные 3,506558 0,000868
штайн 3,218876 0,000797
шюке 3,912023 0,000969
эвм 2,659260 0,001975
эврика 3,506558 0,000868
эвристические 3,912023 0,000969
эвристический 3,912023 0,000969
эйлер 3,912023 0,000969
эйлером 3,506558 0,000868
экзотической 3,912023 0,000969
экспансия 2,995732 0,000742
экспоненциальный 3,912023 0,000969
экспорт -0,009950 -0,000002
электронных 1,897120 0,000470
элементарные 2,995732 0,000742
элементов 1,309333 0,002269
эмиль 2,813411 0,000697
эмиля 3,912023 0,001937
энциклопедии -0,009950 -0,000025
энциклопедические 3,912023 0,000969
энциклопедический 0,733969 0,000182
энциклопедических 3,912023 0,000969
энциклопедическом 3,912023 0,000969
энциклопедия 0,210721 0,000157
эрбран 3,912023 0,000969
эрбрана 3,912023 0,000969
эта 0,000000 0,000000
этапах 2,995732 0,000742
этапом 2,659260 0,000658
этапы 1,714798 0,000425
этим 0,693147 0,000343
этих 0,400478 0,000297
это 0,000000 0,000000
этому 0,755023 0,000374
эффективнее 3,506558 0,000868
эффективного 2,659260 0,000658
эффективности 1,609438 0,000398
эффективность 2,120264 0,001050
эффективный 3,506558 0,000868
эффективных 3,218876 0,001594
явившихся 3,912023 0,000969
является 0,094311 0,000257
являются 0,248461 0,000062
являясь 1,771957 0,000439
явной 2,995732 0,000742
явном 3,912023 0,000969
язык 0,116534 0,000058
языка 0,798508 0,000593
языках -0,009950 -0,000002
языке 0,867501 0,001074
языки 1,309333 0,000648
языков 1,203973 0,000298
января 0,116534 0,000029
ясоном 3,912023 0,000969
ячеек 3,506558 0,001736
ячейки 3,218876 0,000797
ячейку 3,912023 0,001937
