автор 0,462035 0,000277
авторитетный 0,891598 0,000535
авторские 1,966113 0,001179
авторство -0,009950 -0,000006
аз 2,302585 0,001381
акт 1,237874 0,000743
актуальный 1,347074 0,000808
алгебра 2,525729 0,001515
англ 0,174353 0,002824
антопольский 3,912023 0,002347
апрель 0,150823 0,000362
арх 0,544727 0,000327
архив 0,446287 0,000803
архивировать 0,020203 0,000061
архивный 0,248461 0,001043
архитектура 0,462035 0,000554
аспект 1,469676 0,001763
ассирийский 2,995732 0,001797
ася 3,506558 0,002104
баз 0,371064 0,018475
байт 2,813411 0,001688
банк 0,693147 0,000416
бахман 3,912023 0,002347
бегг 3,912023 0,004693
библиографический 0,083382 0,000050
библиотека 0,328504 0,000394
бизнес-аналитики 3,912023 0,002347
билл 2,995732 0,001797
бином 3,218876 0,003862
бит 2,995732 0,001797
благодаря 0,527633 0,000317
блок 1,347074 0,000808
большинство 0,342490 0,000411
большой 0,040822 0,000367
быстро 0,967584 0,000580
быстрый 0,916291 0,000550
быть -0,009950 -0,000018
важно 2,040221 0,001224
важный 0,494296 0,000297
вариант 0,634878 0,000762
введение 1,078810 0,001294
ввести 0,634878 0,000381
версия -0,009950 -0,000012
взаимоотношение 2,659260 0,001595
вид 0,061875 0,000148
викиданных -0,009950 -0,000006
викимедиа -0,009950 -0,000006
википедии -0,009950 -0,000012
википедия -0,009950 -0,000012
викисклад 1,897120 0,001138
викискладвикиновостивикиверситетэлемент 3,912023 0,002347
викискладе 0,174353 0,000105
вильямс 1,966113 0,004718
виртуальный 1,139434 0,000684
витрина 3,912023 0,002347
вклад 0,994252 0,000596
включать 0,235722 0,000707
вместо 0,798508 0,001437
внекомпьютерные 3,912023 0,002347
внешний 0,051293 0,000062
возможность 0,314711 0,000378
возможный 0,994252 0,001193
возникать 1,021651 0,000613
возникновение 0,941609 0,000565
войти 0,634878 0,000381
волшебный 0,030459 0,000018
время 0,020203 0,000061
вселить 2,407946 0,001444
вторичный 2,040221 0,001224
выделение 1,832581 0,001099
выделять 1,139434 0,000684
выделяться 0,941609 0,000565
выполнение 1,049822 0,000630
выполнять 0,867501 0,000520
выродить 3,912023 0,002347
вычислительный 1,514128 0,003633
гарсиа-молина 3,912023 0,002347
генератор 2,813411 0,001688
генетик 2,407946 0,001444
генетический 3,218876 0,001931
геном 3,218876 0,001931
географический 0,356675 0,000214
геоинформационных 3,912023 0,002347
год -0,009950 -0,000155
горина 3,912023 0,002347
гост 2,813411 0,005063
гражданский 0,733969 0,000440
графовая 3,506558 0,002104
графовые 3,912023 0,002347
грей 3,506558 0,002104
данныхпонятия 3,912023 0,004693
данныхскрытые 3,912023 0,002347
данныхсоздание 3,912023 0,002347
данныхтипы 3,218876 0,001931
дата 0,030459 0,000091
датский 0,328504 0,000197
дать 0,072571 0,005616
движка 2,813411 0,001688
действовать -0,009950 -0,000006
дейт 3,912023 0,007040
дело 0,562119 0,000337
диск 2,407946 0,001444
добавляться 2,659260 0,001595
довольно 0,891598 0,000535
документ 0,415515 0,000499
документоориентированная 3,506558 0,002104
должен 1,078810 0,000647
дополнительный -0,009950 -0,000006
допускать 2,302585 0,001381
допустимый 1,771957 0,001063
достижение 1,139434 0,000684
достичь 0,733969 0,000440
доступ 0,755023 0,000906
доступный -0,009950 -0,000006
древний 0,653926 0,000392
дробно -0,009950 -0,000006
другой -0,009950 -0,000024
единый 0,544727 0,000327
ежегодный 1,171183 0,000703
емкость 2,120264 0,001272
журнал 0,301105 0,000181
журнализация 3,506558 0,002104
заглавный -0,009950 -0,000006
задний 2,120264 0,001272
занимать 0,430783 0,000258
записывать 2,120264 0,002544
запись 1,237874 0,002970
записьвойти -0,009950 -0,000006
заполнение 2,813411 0,001688
запрос 1,021651 0,003677
зарегистрировать -0,009950 -0,000006
заявление -0,009950 -0,000006
звезда 0,916291 0,000550
зеттабайт 3,912023 0,002347
зеттабайта 3,912023 0,002347
знак -0,009950 -0,000006
знание 1,108663 0,001995
значение 0,061875 0,000074
играть 0,867501 0,000520
идентичный 3,218876 0,001931
иерархический 3,218876 0,003862
извлечение 2,407946 0,001444
изд 0,314711 0,000755
издание 0,415515 0,000249
измениться 1,021651 0,000613
измерение 1,771957 0,007441
измеряться 2,995732 0,001797
иначе 0,733969 0,000440
индекс 0,634878 0,000381
индексно-последовательные 3,912023 0,002347
индикатор 3,912023 0,002347
инк 3,506558 0,002104
инмон 3,912023 0,002347
иной 0,867501 0,001041
инструмент -0,009950 -0,000024
интеллект 2,040221 0,001224
интерактивный 1,560648 0,000936
интернет-порталы 3,912023 0,002347
интернет-университет 3,912023 0,004693
информатик 1,469676 0,000882
информационный 0,462035 0,001940
информация 0,162519 0,000195
исключение 0,891598 0,000535
искусственный 0,916291 0,000550
исо 3,912023 0,004693
исполнение 0,867501 0,000520
использование -0,009950 -0,000024
использовать 0,020203 0,000085
использоваться 0,223144 0,000937
испр 1,832581 0,001099
исследование 0,462035 0,000554
исторический 0,314711 0,000189
история 0,051293 0,000215
источник -0,009950 -0,000006
июль 0,116534 0,000210
каждый 0,261365 0,000314
казна 1,966113 0,001179
какой-либо 1,272966 0,002291
капитал 1,469676 0,000882
картотека 3,912023 0,004693
каталанский 0,527633 0,000950
каталог 0,094311 0,000113
категория -0,009950 -0,000012
кеш 2,995732 0,003594
кимболл 3,912023 0,002347
кип 3,506558 0,002104
класс 0,616186 0,000739
классификация 1,514128 0,001817
классифицироваться 2,659260 0,001595
кластер 2,120264 0,001272
клинопись 3,506558 0,002104
ключ 1,309333 0,002356
кобол 3,912023 0,002347
когаловский 3,912023 0,007040
код -0,009950 -0,000048
кодд 3,912023 0,002347
кодда 3,912023 0,004693
кодекс -0,009950 -0,000012
кодистория 0,116534 0,000070
количественный 1,966113 0,001179
количество 0,210721 0,000126
компания 0,371064 0,000890
компонент 0,967584 0,000580
компьютер 1,427116 0,001712
компьютерный 1,347074 0,000808
конгресс 2,302585 0,001381
конец 0,198451 0,000119
коннолли 3,912023 0,004693
контекст 1,427116 0,001712
конференция 0,941609 0,001130
конфиденциальность -0,009950 -0,000006
концептуальный 2,995732 0,001797
концепция 0,967584 0,001741
копие 0,223144 0,000937
короткий -0,009950 -0,000006
косвенный 2,995732 0,001797
который 0,000000 0,000000
критерий 1,386294 0,001663
крупный 0,210721 0,000126
куб 2,120264 0,001272
кузнец 1,560648 0,001872
куки -0,009950 -0,000006
курс 1,171183 0,000703
курсор 3,506558 0,002104
лаборатория 1,309333 0,001571
лента 1,203973 0,000722
литература 0,051293 0,000092
литовский 1,203973 0,000722
лицензия -0,009950 -0,000006
лишь 0,478036 0,000574
логика 3,218876 0,001931
логически 2,813411 0,003375
логический 1,832581 0,002199
любой 1,386294 0,001663
магнитный 2,207275 0,001324
максимально 2,525729 0,001515
малый 0,139262 0,000084
манипулирование 3,506558 0,004207
март 0,116534 0,000070
массовый 0,494296 0,000297
математика 3,218876 0,001931
материал -0,009950 -0,000036
материализовать 3,506558 0,002104
машина 0,713350 0,000856
медиафайлы 0,301105 0,000181
медленно 1,832581 0,001099
международный 0,385662 0,000231
меняться 1,272966 0,001527
мера 0,820981 0,000985
метаданные 2,659260 0,003190
метамоделью 3,912023 0,002347
миллиард 1,514128 0,000908
миллион 0,776529 0,000466
мир 0,094311 0,000113
мирошниченко 3,506558 0,002104
мнение 0,634878 0,000381
многие 0,356675 0,000214
множество 0,462035 0,000277
мобильный -0,009950 -0,000006
моделирование 2,659260 0,001595
модель 0,891598 0,006953
монография 2,040221 0,001224
мочь -0,009950 -0,000036
мощный 1,021651 0,000613
мультимедийный 2,120264 0,001272
мультимодельные 3,912023 0,002347
мэк 3,912023 0,004693
набор 1,237874 0,002970
навигация -0,009950 -0,000018
назначение 1,108663 0,000665
называть 0,174353 0,000105
наиболее 0,139262 0,000084
найти 0,733969 0,000440
налог 1,897120 0,001138
написать 0,867501 0,000520
например 0,328504 0,001182
настоящее 0,287682 0,000173
наука 0,235722 0,000141
научно-образовательный 0,967584 0,000580
научный 0,248461 0,000298
находиться 0,174353 0,000209
начало 0,116534 0,000140
начинаться 0,527633 0,000317
небольшой 0,494296 0,000297
недостаток 0,579818 0,000348
недостаточный 2,040221 0,001224
независимость 1,966113 0,001179
независимый 1,049822 0,000630
некоммерческий -0,009950 -0,000012
некорректный 1,514128 0,000908
некоторые 0,127833 0,000153
некоторый 1,237874 0,004455
необходимость 1,139434 0,000684
неоднородный 3,506558 0,002104
непрофессионал 3,912023 0,002347
несмотря 0,755023 0,000453
неявный 2,995732 0,001797
новый 0,083382 0,000050
норвежский 0,248461 0,000149
нормальный 2,302585 0,001381
нормативный 1,897120 0,002276
ноябрь 0,127833 0,000307
обеспечение 0,634878 0,001143
обеспечивать 0,415515 0,000249
обладать 0,843970 0,000506
область 0,150823 0,000543
облачный 1,771957 0,001063
обмен 1,309333 0,000785
обобщаться 3,506558 0,002104
оборудование 0,653926 0,000392
обрабатывать 1,049822 0,000630
обрабатываться 3,218876 0,003862
обработать 2,995732 0,001797
обработка 1,309333 0,003142
образ 0,287682 0,000345
обращение 0,030459 0,000110
общее 0,301105 0,000181
общепризнанный 2,407946 0,001444
общепринятый 2,995732 0,001797
объект 0,235722 0,000283
объективный 2,207275 0,001324
объектно-ориентированная 3,506558 0,002104
объектно-ориентированные 3,506558 0,002104
объектно-реляционная 3,506558 0,002104
объектно-реляционные 3,912023 0,002347
объектный 3,218876 0,001931
объем 0,400478 0,003123
обычно 0,693147 0,000416
ограничение 1,237874 0,000743
огромный 0,776529 0,000466
один 0,051293 0,000154
однако 0,174353 0,000105
октябрь 0,072571 0,000044
онлайн 0,198451 0,000119
оперативный 1,832581 0,004397
операционный 3,912023 0,002347
операция 0,776529 0,000932
оперирование 3,912023 0,002347
описание -0,009950 -0,000024
описывать 1,427116 0,001712
определение 0,967584 0,005224
определить 0,527633 0,000950
определять 0,867501 0,000520
определяться 1,078810 0,001294
оптимизатор 3,218876 0,001931
оптический 1,897120 0,001138
организация -0,009950 -0,000030
организовать 0,634878 0,001143
ориентировать 1,660731 0,000996
осипов 0,527633 0,000317
основа 0,210721 0,000632
острие 3,506558 0,002104
ответственность -0,009950 -0,000006
отдельный -0,009950 -0,000018
отказ -0,009950 -0,000006
открыть 0,150823 0,000090
отличительный 2,407946 0,001444
отметить 0,616186 0,000370
отношение 0,430783 0,000258
отражать 1,309333 0,000785
отредактировать -0,009950 -0,000006
отсоединять 3,912023 0,002347
отсутствовать 0,776529 0,000466
отчет 1,272966 0,000764
оцениваться 1,560648 0,000936
оценка 0,400478 0,000961
ошибка 0,994252 0,000596
ошибкекак -0,009950 -0,000006
ошибочно 2,813411 0,001688
памяти 1,078810 0,002589
память 0,820981 0,000492
панель 2,525729 0,001515
первичный 2,659260 0,001595
первый 0,162519 0,000097
перейти -0,009950 -0,000012
перенаправляться 1,560648 0,000936
перечислить 1,966113 0,001179
перманентный 3,912023 0,002347
персональный -0,009950 -0,000006
перфокарта 3,218876 0,001931
петабайт 3,912023 0,007040
петабайтами 3,912023 0,002347
печать -0,009950 -0,000012
письменность 2,407946 0,002889
план 0,527633 0,000633
планировщик 2,813411 0,001688
поведение -0,009950 -0,000006
поддерживать 0,994252 0,002982
поддерживаться 1,660731 0,000996
поддержка 0,653926 0,000392
подобное 1,832581 0,001099
подобный 0,994252 0,000596
подразделяться 2,207275 0,001324
подразумевать 2,302585 0,002763
подразумеваться 2,407946 0,001444
подход 0,994252 0,000596
поиск -0,009950 -0,000018
поисковый 2,525729 0,001515
политик -0,009950 -0,000006
полностью 0,400478 0,000240
полный 0,328504 0,000197
получить 0,150823 0,000181
пользователь 1,427116 0,001712
помнить 2,995732 0,001797
помощь 0,342490 0,000822
понимание 1,560648 0,001872
понимать 1,609438 0,000965
пониматься 1,966113 0,001179
понятие 0,967584 0,004063
портал 0,342490 0,000205
порядка 1,139434 0,000684
порядок 0,994252 0,000596
последний -0,009950 -0,000018
пособие 1,514128 0,000908
постоянная 0,843970 0,001519
постоянно 1,108663 0,000665
потенциальный 1,832581 0,001099
потоковый 2,995732 0,001797
потребность 1,514128 0,001817
потребоваться 2,302585 0,001381
появиться 0,248461 0,000447
появление 0,653926 0,000392
правило 0,478036 0,000860
править -0,009950 -0,000107
правкиновые -0,009950 -0,000006
правкипостоянная -0,009950 -0,000006
право 0,314711 0,000189
практик 1,049822 0,002519
предзаписи 3,912023 0,002347
предлагаться 1,966113 0,001179
предметный 2,659260 0,003190
предназначить 1,139434 0,000684
предосудительно 3,912023 0,002347
предприятие 0,527633 0,000317
представить 0,328504 0,000394
представиться -0,009950 -0,000006
представление 0,776529 0,000466
премия 1,272966 0,001527
признак 1,714798 0,003086
прикладной 1,078810 0,001294
применение 0,967584 0,000580
примечание -0,009950 -0,000012
принять 0,248461 0,000149
присутствовать 1,021651 0,000613
пробл 3,912023 0,002347
проблема 0,274437 0,000494
проводиться 0,653926 0,000392
программировать 3,218876 0,001931
программный 1,272966 0,002291
продвижение 2,040221 0,001224
продуктысравнение 3,912023 0,002347
проект -0,009950 -0,000006
проектирование 1,560648 0,001872
произвольный 2,120264 0,001272
проработать 2,525729 0,001515
просмотр -0,009950 -0,000006
простой 1,108663 0,000665
пространственный 2,040221 0,002448
пространство 0,634878 0,000381
проходить 0,462035 0,000277
процедура 1,714798 0,001029
прошлое 0,673345 0,000404
путаница 2,995732 0,001797
путь 0,261365 0,000157
работа 0,127833 0,000307
развитие 0,127833 0,000077
развиться 2,407946 0,001444
раздел 0,342490 0,000205
разделить 0,527633 0,000317
разделять 1,609438 0,000965
различать 1,966113 0,001179
различаться 2,040221 0,001224
различение 3,218876 0,001931
различный 0,116534 0,000350
размещать 2,813411 0,001688
размещаться 1,560648 0,000936
размывание 3,912023 0,002347
разнести 2,659260 0,001595
разновидность 2,407946 0,001444
разный 0,314711 0,000189
разработать 0,616186 0,000370
разработчик -0,009950 -0,000006
ральф 3,912023 0,002347
ранний 0,733969 0,000440
располагать 1,386294 0,000832
распределенность 3,506558 0,002104
распределить 0,693147 0,001663
распространить 0,616186 0,000370
рассматривать 1,237874 0,000743
рассматриваться 1,203973 0,000722
расчет 0,820981 0,000492
реализация 0,798508 0,000479
ред 0,235722 0,000141
режим 0,653926 0,000392
резидентный 3,506558 0,006311
реляционный 2,995732 0,005391
репликация 2,995732 0,001797
реплицированные 3,912023 0,002347
ресурс 0,020203 0,000012
решение 0,328504 0,000197
роль 0,494296 0,000297
российский 0,105361 0,000190
руководство 0,544727 0,000327
рус 0,162519 0,000097
русский -0,009950 -0,000006
сайт 0,210721 0,000253
сам 0,162519 0,000292
самостоятельный 0,820981 0,000492
самый 0,174353 0,000314
сверхбольшой 3,912023 0,016427
свободный -0,009950 -0,000006
свой 0,150823 0,000181
свойство 0,415515 0,000249
свыше 0,891598 0,000535
связать 0,174353 0,000314
связаться -0,009950 -0,000006
связь 0,174353 0,000418
сегмент 2,813411 0,001688
сегментирование 3,506558 0,004207
сегментировать 3,218876 0,001931
секционирование 3,506558 0,002104
семантика 2,659260 0,001595
сентябрь 0,072571 0,000261
сервер 1,714798 0,002057
серверовкатегория 3,912023 0,002347
середина 0,356675 0,000214
сетевой 1,049822 0,001889
сеть 0,356675 0,000428
симпозиум 2,659260 0,001595
система 0,051293 0,000431
систематизировать 3,218876 0,003862
системеобсуждениевкладсоздать -0,009950 -0,000006
ситуация 0,693147 0,000416
скачать -0,009950 -0,000006
скоро 1,560648 0,000936
следовать 0,235722 0,000424
следует 0,755023 0,000906
слияние 1,609438 0,000965
словарь 0,094311 0,000170
случай -0,009950 -0,000012
смежный 2,207275 0,001324
смешать 1,309333 0,000785
смысл 1,272966 0,002291
сначала 1,386294 0,000832
снежинка 3,506558 0,002104
событияпожертвовать -0,009950 -0,000006
совместно 1,427116 0,000856
совокупность 1,469676 0,005290
современный 0,150823 0,000271
содержание 0,010050 0,000018
содержать 0,634878 0,000762
создание 0,301105 0,000181
сокр 2,525729 0,001515
сообщество 1,514128 0,000908
сообщить -0,009950 -0,000006
соответствие 0,371064 0,002003
соотноситься 2,995732 0,001797
сопровождение 2,120264 0,001272
сосредоточить 1,171183 0,000703
составной 1,966113 0,002359
состояние 0,248461 0,000149
состоять 0,385662 0,000231
сотни 1,427116 0,000856
сохранение -0,009950 -0,000006
специализировать 0,994252 0,001193
специалист 0,755023 0,000453
способ 1,078810 0,000647
среда 0,385662 0,000694
среди 0,198451 0,000357
средство 0,287682 0,000690
ссылка -0,009950 -0,000042
ссылкасведения -0,009950 -0,000006
стадий 1,660731 0,000996
стандарт 0,867501 0,000520
стандартный 1,560648 0,000936
статистик -0,009950 -0,000018
стать 0,083382 0,000100
статьислучайная -0,009950 -0,000006
статьисообществофорумсправкасвежие -0,009950 -0,000006
статья 0,020203 0,000012
статьяобсуждение -0,009950 -0,000006
статьятекущие -0,009950 -0,000006
степень 0,673345 0,002020
столбец 3,506558 0,002104
столбцовая 3,506558 0,002104
столбцовое 3,506558 0,002104
стр 1,309333 0,002356
страница -0,009950 -0,000018
страницасодержаниеизбранные -0,009950 -0,000006
страницецитировать -0,009950 -0,000006
страницуполучить -0,009950 -0,000006
страницыслужебные -0,009950 -0,000006
строгий 1,897120 0,001138
строго 2,525729 0,001515
строиться 0,693147 0,000416
строка 1,078810 0,000647
структура 0,400478 0,000721
структурированность 3,912023 0,004693
структурировать 2,995732 0,001797
субд 2,995732 0,016174
субъективный 2,813411 0,001688
судебный 1,560648 0,000936
суммарный 1,386294 0,001663
суперключ 3,506558 0,002104
суррогатный 3,506558 0,004207
существовать 0,020203 0,000012
сущность 2,120264 0,001272
схема 0,916291 0,006046
считать 0,597837 0,000359
считаться 0,385662 0,000694
считая 2,207275 0,001324
сюда 1,108663 0,000665
сюдасвязанные -0,009950 -0,000006
таблица 0,544727 0,001961
табличный 1,237874 0,000743
таковой 1,514128 0,000908
такое 0,328504 0,000788
текст -0,009950 -0,000006
текстовой 2,207275 0,001324
тематический 0,510826 0,000306
темпоральный 3,912023 0,002347
темылюди 3,912023 0,002347
теория 1,049822 0,001889
терабайт 3,506558 0,010518
термин 0,198451 0,001310
терминал 1,347074 0,000808
тесный 2,995732 0,001797
технология 0,400478 0,002643
тип 0,072571 0,000044
типизация 2,813411 0,001688
тиражировать 3,506558 0,002104
товарный -0,009950 -0,000006
той 0,994252 0,000596
традиционный 0,941609 0,001695
трактовка 3,218876 0,001931
транзакция 2,407946 0,001444
трансформация 1,897120 0,001138
требование 0,967584 0,000580
третичный 2,995732 0,001797
триггер 3,218876 0,001931
тысяча 0,371064 0,000223
тысячелетие 1,427116 0,000856
тьюринга 2,995732 0,001797
тьюринговскую 3,912023 0,002347
увеличиваться 1,309333 0,000785
удваиваться 3,506558 0,002104
удовлетворение 2,659260 0,003190
узел 0,527633 0,001266
узелковый 3,912023 0,002347
узкий 1,171183 0,002108
уидом 3,912023 0,002347
указание -0,009950 -0,000006
указать 0,083382 0,000050
указывать 1,272966 0,001527
украина 0,527633 0,000317
ульман 3,218876 0,001931
универсальный 0,544727 0,000327
упоминаться 1,203973 0,000722
употребление 1,714798 0,002057
управление 0,248461 0,001192
управляться 2,407946 0,001444
упреждать 2,995732 0,001797
уровень 0,150823 0,000181
условие -0,009950 -0,000018
установить 0,328504 0,000197
устареть 0,941609 0,000565
устройство 0,527633 0,000633
участие -0,009950 -0,000006
учебный 0,673345 0,000404
учет 0,597837 0,000359
учетный -0,009950 -0,000006
файл 1,347074 0,000808
файловый 2,207275 0,001324
факт 0,634878 0,001523
фактический 1,660731 0,000996
физический 0,798508 0,001437
финансы 0,733969 0,000881
фонд -0,009950 -0,000012
форма 0,287682 0,000518
формальный 1,832581 0,002199
формулировка 2,659260 0,001595
фрагмент 1,469676 0,000882
функциональный 1,897120 0,001138
характеризовать 2,407946 0,001444
характеристика 0,415515 0,000249
хотя 0,653926 0,000785
хранение 1,309333 0,009425
хранилище 2,407946 0,013000
хранить 1,832581 0,008795
храниться 1,560648 0,000936
хронологический 2,659260 0,001595
царский 1,386294 0,000832
царство 1,237874 0,000743
целевой 1,771957 0,001063
целое 0,634878 0,000381
целостность 2,525729 0,001515
цель 0,371064 0,000223
центр 0,287682 0,000173
централизовать 1,427116 0,000856
цепочка 2,040221 0,001224
циклический 2,659260 0,001595
цифровой 0,562119 0,000337
чарльз 2,995732 0,001797
частность 0,462035 0,000277
часто 0,415515 0,000748
часть 0,061875 0,000074
человек 0,186330 0,000112
человечество 1,660731 0,000996
число 0,186330 0,000112
читатьправитьправить 0,494296 0,000297
чрезвычайно 2,120264 0,002544
шестой 1,660731 0,000996
широкий 0,494296 0,000890
шифрование 2,407946 0,001444
шумер 3,218876 0,001931
эвм 2,659260 0,001595
эгида 2,302585 0,001381
эдгар 3,912023 0,002347
эдгара 3,912023 0,002347
экземпляр 1,237874 0,001485
эксабайт 3,912023 0,004693
экспорт -0,009950 -0,000006
экстремальный 2,207275 0,001324
электронный 0,478036 0,000860
элемент 0,544727 0,001307
энциклопедия -0,009950 -0,000042
эталонный 3,506558 0,002104
этап 0,634878 0,000381
эффективный 1,609438 0,000965
являться 0,040822 0,000073
явно 2,659260 0,001595
явный 2,302585 0,001381
язык -0,009950 -0,000030
якорный 3,506558 0,002104
