абилин 3,912023 0,001866
абонент 2,120264 0,001011
абсолютно 2,302585 0,000549
август 0,072571 0,000138
авиарейс 3,218876 0,000767
автоматический 1,560648 0,000372
автономный 0,867501 0,000621
автор 0,462035 0,000110
авторитетный 0,891598 0,000213
авторские 1,966113 0,000469
авторство -0,009950 -0,000002
агентство 0,798508 0,000190
агрегаторы 3,506558 0,000836
адрес 1,078810 0,001286
адресация 3,218876 0,000767
аз 2,302585 0,001098
азимовым 3,912023 0,000933
айзеком 3,912023 0,000933
академический 0,916291 0,000218
активно 0,733969 0,000175
активность 1,309333 0,000312
активный 0,527633 0,000252
актуальность 2,659260 0,000634
алгоритм 1,771957 0,000422
алматы 3,218876 0,000767
алфавитный 2,995732 0,000714
альтернативный 1,203973 0,000287
амер 2,302585 0,001098
американский 0,994252 0,000711
аналитический 1,771957 0,000422
аналогичный 1,139434 0,000272
аналоговый 1,609438 0,000384
англ 0,174353 0,000998
англии 2,407946 0,000574
английский 1,309333 0,000624
андрей 0,967584 0,000231
андриссена 3,912023 0,001866
аниме 3,912023 0,000933
анонимайзеры 3,912023 0,000933
анонимный 2,407946 0,000574
апрель 0,150823 0,000252
армении 2,302585 0,000549
арх 0,544727 0,000260
архив 0,446287 0,000319
архивировать 0,020203 0,000125
архивный 0,248461 0,000355
архитектура 0,462035 0,000220
асадова 3,912023 0,000933
аспект 1,469676 0,000701
аст-пресс 3,506558 0,001672
атомный 1,660731 0,000396
аудитория 2,407946 0,001148
аукцион 2,995732 0,000714
баз 0,371064 0,000265
базироваться 1,272966 0,000304
базовый 1,171183 0,000559
банковский 1,427116 0,000681
батыр 3,506558 0,000836
баш 3,506558 0,000836
безвылазно 3,912023 0,000933
безграничный 3,506558 0,000836
белый 0,867501 0,000207
бельгийский 2,995732 0,000714
бернерс-ли 3,506558 0,002508
бернерса-ли 3,218876 0,000767
бесплатность 3,912023 0,000933
бесплатный 1,386294 0,000661
беспроводной 2,207275 0,000526
бетке 3,912023 0,000933
библиографический 0,083382 0,000040
библиотека 0,328504 0,000078
бизнес 0,820981 0,000979
бизнесмен 2,659260 0,000634
билл 2,995732 0,000714
благодаря 0,527633 0,000755
блог-платформ 3,912023 0,000933
блоги 2,995732 0,001429
блогов 3,912023 0,000933
бог 1,832581 0,000437
большее 1,309333 0,000624
большинство 0,342490 0,000327
большое 0,385662 0,000184
большой 0,040822 0,000146
борн 3,912023 0,000933
борьба 0,820981 0,000196
браковать 3,912023 0,000933
брат 1,272966 0,000304
браузер 2,207275 0,004210
британский 1,469676 0,000350
брюсом 3,912023 0,000933
буква 1,427116 0,001361
бумажный 2,302585 0,002196
бурно 3,506558 0,000836
быстрый 0,916291 0,000218
быть -0,009950 -0,000007
бэран 3,912023 0,000933
важно 2,040221 0,000486
важный 0,494296 0,000471
вариант 0,634878 0,000151
василий 1,078810 0,000257
вброс 3,912023 0,000933
ввести 0,634878 0,000303
вдобавок 3,218876 0,000767
веб 2,659260 0,001268
веб-браузер 3,218876 0,000767
веб-прокси 3,912023 0,000933
веб-протокола 3,912023 0,000933
веб-сайт 2,813411 0,000671
веб-сервисы 3,506558 0,000836
веб-сообществ 3,912023 0,000933
веб-страниц 2,813411 0,001342
веб-форумы 3,912023 0,000933
веб-чаты 3,912023 0,000933
везде 2,813411 0,000671
век 0,248461 0,000059
великий 0,356675 0,000085
великобритании 1,897120 0,000452
вернуть 1,897120 0,000452
вернуться 1,171183 0,000279
версия -0,009950 -0,000012
версияправитьправить 1,237874 0,000295
вестник 1,049822 0,000250
весь 0,301105 0,000144
взаимодействие 1,203973 0,000574
взаимодействовать 1,966113 0,001406
взгляд 1,309333 0,000312
взрыв 1,771957 0,000422
вид 0,061875 0,000044
видео 1,049822 0,000501
видеосвязь 3,912023 0,000933
видеохостинг 3,912023 0,000933
видеть 1,272966 0,000607
вики-проектах 3,912023 0,000933
вики-проекты 3,912023 0,000933
викиданных -0,009950 -0,000002
викимедиа -0,009950 -0,000002
википедии -0,009950 -0,000005
википедия -0,009950 -0,000021
викисклад 1,897120 0,000452
викискладвикиновостивикицитатникэлемент 2,525729 0,000602
викискладе 0,174353 0,000042
викисловарецитаты 1,108663 0,000264
викисловарьвикипедия 1,309333 0,000312
викицитатник 1,272966 0,000304
викицитатникемедиафайлы 1,469676 0,000350
виртуальный 1,139434 0,001087
вис 3,218876 0,003070
включать 0,235722 0,000112
включая 0,527633 0,000252
владелец 1,660731 0,000396
владимир 0,653926 0,000156
влияние 0,527633 0,000126
вместо 0,798508 0,000190
внедрение 1,609438 0,000384
внешний 0,051293 0,000024
внутренний 0,314711 0,000150
во-вторых 2,659260 0,000634
во-первых 2,659260 0,000634
вода 0,527633 0,000252
возводиться 2,120264 0,000506
воздействие 1,021651 0,000244
возможно 0,867501 0,000414
возможность 0,314711 0,000525
возникать 1,021651 0,000244
возникновение 0,941609 0,000225
возраст 1,078810 0,000514
войти 0,634878 0,000151
волшебный 0,030459 0,000015
вольно 3,506558 0,000836
вообще 1,560648 0,000372
вопрос 0,371064 0,000177
впервые 0,385662 0,000092
временной 0,967584 0,000231
время 0,020203 0,000077
вроде 2,302585 0,000549
все 0,040822 0,000049
всемирный 0,891598 0,005527
всепланетный 3,912023 0,000933
встреча 1,966113 0,000469
втора 0,274437 0,000131
второе 0,653926 0,000156
вход 0,755023 0,000180
входить 0,287682 0,000069
выбор 0,634878 0,000151
выглядеть 1,832581 0,000437
выделить 0,544727 0,000260
выдерживать 3,506558 0,000836
вызвать 1,049822 0,000250
выкладывание 3,912023 0,000933
выкладывать 3,912023 0,000933
выложить 3,218876 0,000767
выполнить 0,843970 0,000201
выпускать 1,237874 0,000590
выпускаться 1,469676 0,000350
вырасти 1,108663 0,000264
высокий 0,139262 0,000100
высокоскоростной 2,525729 0,000602
выставке-ярмарке 3,912023 0,000933
выступать 0,916291 0,000218
вытекать 2,525729 0,000602
вытеснять 3,218876 0,000767
вычисление 1,897120 0,000905
вычислительный 1,514128 0,000361
выше 0,616186 0,000147
гагарина 1,427116 0,000340
газета 0,579818 0,000415
галактика 3,218876 0,000767
гбит 3,506558 0,000836
где-либо 3,912023 0,000933
гера 1,272966 0,000304
гигаватт 3,912023 0,000933
гипермедиа 3,912023 0,000933
гипертекст 2,995732 0,000714
гипертекстовый 2,995732 0,000714
главный 0,210721 0,000201
гласить 2,407946 0,000574
глобальный 1,203973 0,001435
глубокий 1,078810 0,000514
говорить 1,049822 0,000501
год -0,009950 -0,000251
годавикипедия 0,616186 0,000147
голосовой 2,813411 0,000671
гораздо 1,714798 0,000818
государственный 0,261365 0,000187
государство 0,579818 0,000415
гражданский 0,733969 0,000350
грамматик 2,813411 0,000671
грамота 1,427116 0,000681
граница 0,356675 0,000170
грань 1,966113 0,000469
графический 1,897120 0,000452
гришин 3,506558 0,000836
группа 0,314711 0,000825
губительный 3,912023 0,000933
давать 0,820981 0,000196
даваться 2,407946 0,001148
давно 2,302585 0,001098
далее 0,693147 0,000165
далеко 1,347074 0,000642
дальний 0,446287 0,000106
даркнет 3,912023 0,000933
дата 0,030459 0,000240
датский 0,328504 0,000078
дать 0,072571 0,000260
два 0,150823 0,000216
деградировать 3,506558 0,000836
действовать -0,009950 -0,000002
декабрь 0,094311 0,000270
делать 0,867501 0,000414
делегировать 3,218876 0,001535
деление 0,579818 0,000276
делиться 1,078810 0,000257
дело 0,562119 0,000134
демократический 2,040221 0,000486
денис 2,040221 0,000486
день 0,210721 0,000402
десятка 1,139434 0,000272
деталь 1,714798 0,000409
детально 2,813411 0,000671
детская 0,653926 0,000156
децентрализовать 2,659260 0,000634
дешевый 2,302585 0,001098
деятель 1,108663 0,000264
деятельность 0,342490 0,000245
джо 3,506558 0,001672
джозеф 2,995732 0,000714
джон 2,120264 0,000506
диктовать 3,912023 0,000933
динамический 1,897120 0,000452
диск 2,407946 0,000574
дискретный 2,813411 0,000671
дискуссия 1,660731 0,000396
диспетчерская 3,506558 0,000836
дитя 0,867501 0,000207
длина 0,579818 0,000138
дмитрий 0,967584 0,000231
днейвикипедия 0,967584 0,000231
добавить 0,562119 0,000268
доброволец 2,525729 0,001807
довольно 0,891598 0,000213
доклад 1,237874 0,000590
документ 0,415515 0,000297
должен 1,078810 0,000257
должно 1,714798 0,000409
должный 0,356675 0,000425
доллар 1,714798 0,000409
дом 0,446287 0,000106
домашние 2,207275 0,000526
домен 2,407946 0,006890
доменный 2,525729 0,003613
дональд 2,525729 0,000602
дополнительный -0,009950 -0,000002
доска 1,897120 0,000452
досл 3,912023 0,000933
доставлять 2,995732 0,000714
достаточно 0,820981 0,000392
достигать 0,843970 0,000201
достижение 1,139434 0,000272
достичь 0,733969 0,000525
доступ 0,755023 0,002160
доступно 2,995732 0,000714
доступный -0,009950 -0,000021
досуг 2,407946 0,000574
дотком 3,912023 0,000933
дробно -0,009950 -0,000002
друг 0,916291 0,001092
другое 0,462035 0,000551
другой -0,009950 -0,000026
дэвис 3,912023 0,000933
дэвису 3,912023 0,000933
дювалль 3,912023 0,000933
европа 0,301105 0,000072
европейский 0,494296 0,000236
единственный 0,891598 0,000213
единый 0,544727 0,000260
ежегодный 1,171183 0,000279
жанр 2,207275 0,002105
желтый 1,609438 0,000384
женский 0,867501 0,000207
жестко 3,506558 0,000836
живое 2,659260 0,000634
жизненный 2,813411 0,000671
жизнь 0,342490 0,000408
житель 0,562119 0,000268
жить 0,820981 0,000587
журнал 0,301105 0,000072
заблокировать 3,218876 0,000767
завершить 0,867501 0,000207
зависимость 0,713350 0,000170
зависимый 2,813411 0,001342
заглавный -0,009950 -0,000009
задача 0,820981 0,001175
задержка 2,525729 0,000602
зайти 2,813411 0,000671
заказ 1,660731 0,000792
закрепить 1,771957 0,000422
закрепиться 1,966113 0,000469
закрыть 0,798508 0,000381
замена 1,660731 0,000792
заменить 0,494296 0,000118
занимать 0,430783 0,000103
заниматься 0,634878 0,000606
заново 1,897120 0,000452
занятость 2,207275 0,000526
запись 1,237874 0,000590
записьвойти -0,009950 -0,000002
запретить 1,309333 0,000312
запрос 1,021651 0,000731
запросный 3,912023 0,000933
зарегистрировать -0,009950 -0,000017
зарождение 1,832581 0,000437
зарплата 1,966113 0,000469
затем 0,527633 0,000126
затрата 2,407946 0,000574
зафиксировать 1,078810 0,000257
защита 0,616186 0,000147
защититься 3,218876 0,000767
заявление -0,009950 -0,000002
звонок 3,506558 0,000836
звуковой 2,407946 0,000574
зеленый 0,755023 0,000180
земля 0,400478 0,000382
знак -0,009950 -0,000005
знакомый 2,995732 0,001429
знаменитый 0,967584 0,000461
знание 1,108663 0,000264
знать 1,469676 0,000350
значение 0,061875 0,000015
значить 1,427116 0,000340
золотой 0,597837 0,000143
зона 0,400478 0,000382
ивуаре 3,506558 0,000836
игра 0,843970 0,000402
играть 0,867501 0,000414
идентификатор 0,693147 0,000165
идентифицироваться 3,506558 0,000836
идея 1,108663 0,000264
из-за 0,415515 0,000099
известно 1,237874 0,000295
известное 0,994252 0,000237
известный 0,287682 0,000274
издаваться 1,660731 0,000396
издание 0,415515 0,000396
изначально 1,309333 0,000312
изображение 0,693147 0,000165
изобразить 1,386294 0,000331
изобретение 2,302585 0,000549
израиле 3,912023 0,001866
имейл 3,912023 0,000933
именно 0,544727 0,000520
иметь 0,094311 0,000180
имя 0,274437 0,000720
иначе 0,733969 0,000350
индивидуальный 1,560648 0,000744
индий 1,609438 0,000384
иной 0,867501 0,000827
иностранный 0,916291 0,000218
институт 0,371064 0,000265
инструмент -0,009950 -0,000007
интеграция 1,966113 0,000469
интеллектуальный 1,897120 0,000452
интерактивный 1,560648 0,000372
интерес 1,021651 0,001218
интернат 3,218876 0,000767
интернет 0,755023 0,022863
интернет-аукционы 3,912023 0,000933
интернет-зависимость 3,912023 0,003731
интернет-издание 3,912023 0,000933
интернет-издания 3,506558 0,001672
интернет-канале 3,912023 0,000933
интернет-магазины 3,912023 0,000933
интернет-организаций 3,912023 0,000933
интернет-пейджеры 3,912023 0,000933
интернет-пользователей 3,218876 0,000767
интернет-пристанищем 3,912023 0,000933
интернет-провайдер 3,912023 0,000933
интернет-провайдеры 3,218876 0,000767
интернет-протокол 3,912023 0,000933
интернет-радио 3,912023 0,001866
интернет-реклама 3,912023 0,000933
интернет-серверов 3,912023 0,000933
интернет-сети 3,912023 0,000933
интернет-сми 2,995732 0,001429
интернет-сообщества 3,912023 0,002798
интернет-сообщество 3,912023 0,000933
интернет-телевидение 3,506558 0,001672
интернет-телефонии 3,912023 0,000933
интернет-трафика 3,912023 0,000933
интернет-трейдинг 3,912023 0,000933
интернет-троллями 3,912023 0,000933
интернет-фактор 3,912023 0,000933
интернет-форумы 3,912023 0,000933
интернет-цензура 3,912023 0,000933
интернетглобальные 3,912023 0,000933
интерфейс 1,771957 0,001267
информаторий 3,912023 0,000933
информационный 0,462035 0,000991
информация 0,162519 0,000659
инфраструктура 0,891598 0,000213
ипк 3,912023 0,000933
искусственный 0,916291 0,000218
искусство 0,478036 0,000114
исполнитель 1,714798 0,000409
исполняться 2,525729 0,000602
использование -0,009950 -0,000019
использовать 0,020203 0,000072
использоваться 0,223144 0,000266
исследование 0,462035 0,000551
исследователь 0,941609 0,000449
исследовательский 1,237874 0,002066
истечь 3,912023 0,000933
исток 0,755023 0,000360
исторический 0,314711 0,000075
история 0,051293 0,000122
источник -0,009950 -0,000024
источниквикипедия 2,525729 0,000602
ит-революции 3,912023 0,000933
итог 0,494296 0,000236
июль 0,116534 0,000083
июнь 0,116534 0,000195
кабель 3,218876 0,001535
кабельный 1,514128 0,001083
каждый 0,261365 0,000686
казахстан 1,469676 0,000350
кайо 3,506558 0,000836
калифорний 2,995732 0,000714
калифорнийский 3,506558 0,004180
канадский 1,897120 0,000452
канал 0,673345 0,000161
канальный 3,506558 0,000836
каррыев 3,912023 0,000933
карт 0,301105 0,000215
каталанский 0,527633 0,000126
каталог 0,094311 0,000045
категория -0,009950 -0,000005
качество 0,287682 0,000206
квартирах-сотах 3,912023 0,000933
киберпанк 3,506558 0,003344
киберпространство 3,912023 0,001866
кибертрэш 3,912023 0,000933
кинематограф 2,120264 0,000506
кино 0,994252 0,000474
кинофильм 2,659260 0,001268
кириллический 3,218876 0,000767
китай 0,776529 0,000370
китайский 0,653926 0,000624
клайн 3,506558 0,000836
класс 0,616186 0,000147
классификация 1,514128 0,000722
классический 0,755023 0,000360
клейнрока 3,912023 0,000933
клиент 1,714798 0,000818
клиентская 2,813411 0,000671
клиентский 3,506558 0,001672
ключевой 1,203973 0,000861
книга 0,415515 0,000396
книжный 0,798508 0,000190
когда-либо 2,995732 0,000714
код -0,009950 -0,000090
кодекс -0,009950 -0,000002
кодистория 0,116534 0,000028
количество 0,210721 0,000352
коллега 2,813411 0,000671
коллективный 2,040221 0,000486
ком 1,832581 0,000437
команда 0,798508 0,000190
коми 1,514128 0,000361
комиссия 0,967584 0,000231
комитет 0,653926 0,000156
коммерсантъ 1,139434 0,000272
коммерческий 1,021651 0,000731
коммуникационный 3,218876 0,000767
коммуникация 1,660731 0,001584
коммутатор 3,506558 0,000836
коммутация 3,912023 0,000933
компания 0,371064 0,000442
компонент 0,967584 0,000231
компьютер 1,427116 0,007146
компьютерный 1,347074 0,003854
компьютерра 2,813411 0,000671
конец 0,198451 0,000237
конкретный 1,171183 0,000559
конкуренция 2,120264 0,000506
консорциум 2,407946 0,002297
консультативный 2,995732 0,000714
контекст 1,427116 0,000340
контент 2,995732 0,002857
конфиденциальность -0,009950 -0,000002
конфликт 1,347074 0,000642
концепция 0,967584 0,001384
координационный 3,912023 0,000933
координировать 2,659260 0,000634
копие 0,223144 0,000372
копирование 2,995732 0,000714
копия 3,912023 0,000933
корневой 2,813411 0,000671
короткий -0,009950 -0,000002
корпоративный 2,813411 0,000671
корпорация 1,347074 0,000321
космический 1,309333 0,000312
который 0,000000 0,000000
крайний 1,514128 0,000361
красный 0,597837 0,000143
краткий 0,653926 0,000156
краудсорсинг 3,912023 0,002798
кром 0,235722 0,000112
кругосвет 1,560648 0,001116
крупный 0,210721 0,000050
куки -0,009950 -0,000002
культурный 0,597837 0,000143
курс 1,171183 0,000559
курчатова 3,218876 0,000767
лазерный 2,813411 0,000671
ламповый 3,912023 0,000933
ларри 3,506558 0,000836
ларусса 1,078810 0,001029
латвия 2,302585 0,000549
легко 1,771957 0,000845
легкость 2,813411 0,000671
лейнстера 3,912023 0,000933
лекция 1,714798 0,000409
леонарда 3,218876 0,000767
лидировать 1,832581 0,000437
ликлайдер 3,912023 0,000933
ликлайдеру 3,912023 0,000933
линия 0,462035 0,000661
литература 0,051293 0,000073
литературный 0,867501 0,000414
литовский 1,203973 0,000287
лицензия -0,009950 -0,000002
лицо 0,673345 0,000161
личной 1,469676 0,000350
лишь 0,478036 0,000228
логик 2,040221 0,000973
логический 1,832581 0,000437
лондоне 2,995732 0,000714
лопатина 3,506558 0,001672
лос-анджелес 3,506558 0,000836
лос-анджелеса 3,912023 0,001866
лос-анджелесе 3,912023 0,001866
лучший 0,776529 0,000185
люба 1,469676 0,001051
любое 1,139434 0,000815
любой 1,386294 0,000331
люди 0,755023 0,000360
магнетический 3,912023 0,000933
май 0,127833 0,000244
макаров 1,660731 0,000396
максимальный 0,867501 0,000207
мало 0,579818 0,000138
малый 0,139262 0,000133
марий 2,525729 0,000602
марка 0,733969 0,000525
маркетинговый 3,218876 0,000767
март 0,116534 0,000222
маршрутизатор 3,506558 0,000836
маршрутизация 3,218876 0,004605
массовый 0,494296 0,000589
масштаб 1,108663 0,000529
материал -0,009950 -0,000005
машина 0,713350 0,000340
медиа 1,966113 0,000469
международный 0,385662 0,000644
межсетевой 3,506558 0,000836
межуниверситетский 3,912023 0,000933
мелкий 1,309333 0,000624
менять 1,714798 0,000409
мера 0,820981 0,000392
мессенджеров 3,912023 0,000933
мессенджеры 3,912023 0,002798
место 0,139262 0,000199
местоположение 1,660731 0,000396
месяц 0,415515 0,000198
механик 1,832581 0,000437
мешать 1,897120 0,000452
миллиард 1,514128 0,000361
миллион 0,776529 0,000741
минавтопрома 3,912023 0,000933
миниатюрный 3,506558 0,000836
министерство 0,653926 0,000156
минута 1,272966 0,000304
мир 0,094311 0,000225
мировая 0,527633 0,000377
мкс 3,218876 0,000767
млн 0,462035 0,000441
млрд 0,820981 0,000587
мнемонический 3,506558 0,000836
мнение 0,634878 0,000151
многие 0,356675 0,000340
многий 1,237874 0,001181
много 0,150823 0,000180
многомиллионный 3,506558 0,000836
многопользовательский 3,506558 0,000836
множество 0,462035 0,000441
мобильный -0,009950 -0,000007
могущественный 3,506558 0,000836
модель 0,891598 0,000213
модерировать 3,912023 0,000933
молодежь 1,386294 0,000331
молодой 1,021651 0,000244
момент 0,527633 0,000126
монитор 1,897120 0,000452
монополия 2,525729 0,000602
морган 3,506558 0,000836
москве 1,171183 0,000279
московский 0,527633 0,000377
мочь -0,009950 -0,000017
мужской 1,108663 0,000264
музыка 0,941609 0,001347
мультивак 3,912023 0,000933
мультимедиа 3,506558 0,001672
мыслить 3,506558 0,000836
мэйнфреймов 3,912023 0,000933
мюррея 3,912023 0,000933
набирать 2,813411 0,000671
наблюдать 2,040221 0,000973
навигация -0,009950 -0,000007
назад 1,108663 0,000264
название 0,105361 0,000151
назвать 0,371064 0,000177
назначение 1,108663 0,000264
называть 0,174353 0,000208
называться 0,328504 0,000078
наиболее 0,139262 0,000266
наименее 2,207275 0,000526
найти 0,733969 0,000700
накопление 2,120264 0,000506
намеренно 2,995732 0,000714
нанопанк 3,912023 0,000933
написание 1,514128 0,001444
написать 0,867501 0,000207
направление 0,385662 0,000092
направлять 2,525729 0,000602
например 0,328504 0,000078
наработка 3,506558 0,000836
нарисовать 3,218876 0,000767
нарушение 1,560648 0,000372
наряд 1,049822 0,000501
наса 2,995732 0,000714
население 0,462035 0,000220
наслоение 3,912023 0,000933
настоящее 0,287682 0,000412
насчитываться 0,967584 0,000461
наука 0,235722 0,000169
научиться 3,218876 0,000767
научно-популярный 1,966113 0,001406
научный 0,248461 0,000474
находить 1,560648 0,000372
находиться 0,174353 0,000083
национальный 0,342490 0,000653
начало 0,116534 0,000195
началось 0,616186 0,000147
начать 0,510826 0,000487
начинать 1,049822 0,000501
начинаться 0,527633 0,000252
небольшой 0,494296 0,000118
негативный 1,347074 0,000321
неделя 1,309333 0,000312
недоступный 0,446287 0,000106
недра 2,525729 0,000602
нежелательный 2,813411 0,001342
независимо 1,966113 0,000469
независимый 1,049822 0,000250
незаконченный 3,506558 0,000836
неизвестность 3,912023 0,000933
неизвестный 1,609438 0,000384
неизменный 2,302585 0,000549
нейтралитет 3,912023 0,000933
некоммерческий -0,009950 -0,000005
некоторые 0,127833 0,000183
нелегально 3,912023 0,000933
немедленно 3,218876 0,000767
неотъемлемый 2,407946 0,000574
непосредственно 0,478036 0,000114
непосредственный 1,966113 0,000469
несколько 0,116534 0,000083
нестандартный 2,659260 0,000634
неуничтожимость 3,912023 0,000933
никола 3,506558 0,000836
ничем 3,506558 0,000836
новое 0,287682 0,000274
новостной 2,040221 0,000973
новость 0,544727 0,000520
номер 0,634878 0,000454
норвегии 2,659260 0,000634
норвежский 0,248461 0,000059
нормальный 2,302585 0,000549
ноутбук 3,218876 0,000767
ноябрь 0,127833 0,000183
нужно 1,049822 0,000250
нужный 1,771957 0,000422
нью-йорке 3,218876 0,000767
обеспечение 0,634878 0,000757
обеспечивать 0,415515 0,000694
обладатель 1,514128 0,000361
область 0,150823 0,000180
облачный 1,771957 0,000422
облик 1,203973 0,000287
обмен 1,309333 0,001873
обновление 1,203973 0,000287
обновляться 2,207275 0,000526
обогнать 2,407946 0,000574
обозначение 1,386294 0,000331
оборона 1,108663 0,000264
оборудование 0,653926 0,000156
обособить 2,302585 0,000549
обработка 1,309333 0,000312
образ 0,287682 0,000137
образно 3,912023 0,000933
образование 0,356675 0,000085
образовать 0,385662 0,000184
обратиться 2,120264 0,000506
обращение 0,030459 0,000240
обременительный 3,912023 0,000933
обрести 2,407946 0,000574
обслуживать 1,469676 0,000350
обстоятельство 2,040221 0,000486
обсуждение 2,120264 0,000506
обусловить 1,237874 0,000295
обусловливать 2,659260 0,000634
обучение 1,309333 0,000312
обширный 1,078810 0,000257
общаться 3,506558 0,003344
общедоступный 1,347074 0,000642
общенациональный 2,813411 0,000671
общение 2,813411 0,006037
общепланетные 3,912023 0,000933
общественно 3,912023 0,000933
общественный 0,494296 0,000236
общество 0,415515 0,000495
общеупотребительный 3,506558 0,000836
общий 0,186330 0,000178
объединение 0,776529 0,000555
объединить 0,867501 0,001241
объединять 1,108663 0,000529
объединяться 2,995732 0,000714
объем 0,400478 0,000191
объявить 0,798508 0,000190
объявление 1,966113 0,000469
объяснение 1,897120 0,000905
объясняться 1,560648 0,000744
обязать 1,609438 0,000384
ограничение 1,237874 0,000590
ограничиваться 2,813411 0,000671
ограничить 0,653926 0,000156
огромный 0,776529 0,000185
один 0,051293 0,000135
одиноко 3,912023 0,000933
однако 0,174353 0,000125
одновременно 0,776529 0,000185
однозначно 2,995732 0,000714
одноименный 0,967584 0,000231
одноранговая 3,912023 0,000933
одоевский 3,506558 0,000836
ожидать 1,272966 0,000304
означать 0,798508 0,000190
оказать 1,427116 0,000340
оказаться 0,820981 0,000587
оказываться 1,966113 0,000469
октябрь 0,072571 0,000208
онлайн 0,198451 0,000142
онлайн-казино 3,912023 0,000933
онлайн-энциклопедия 3,912023 0,001866
оон 1,560648 0,001488
оперативный 1,832581 0,000437
описание -0,009950 -0,000002
описать 1,347074 0,000321
описывать 1,427116 0,000340
опорный 1,560648 0,000372
определение 0,967584 0,000231
опрос 1,832581 0,000437
оптико-волоконные 3,912023 0,000933
опубликовать 0,891598 0,000850
организационный 2,813411 0,000671
организация -0,009950 -0,000017
оригинал 0,139262 0,000033
оригинальный 1,771957 0,000845
оружие 1,203973 0,000287
орфографический 2,813411 0,002683
осипов 0,527633 0,000126
оскорбление 3,912023 0,000933
основа 0,210721 0,000100
основать 0,274437 0,000131
основное 0,235722 0,000225
основной 0,040822 0,000156
особенно 0,562119 0,000134
особенность 0,693147 0,000496
особый 0,776529 0,000370
оставаться 0,544727 0,000130
остальной 0,616186 0,000147
останавливаться 2,407946 0,001148
остаться 0,867501 0,000207
осуществление 1,427116 0,000340
осуществляться 0,616186 0,000147
ответвление 2,407946 0,000574
ответить 2,659260 0,000634
ответственность -0,009950 -0,000002
отделение 0,713350 0,000170
отдельный -0,009950 -0,000012
отказ -0,009950 -0,000002
отключение 3,506558 0,000836
отключить 2,407946 0,000574
открытие 0,616186 0,000147
открытость 2,995732 0,000714
открыть 0,150823 0,000036
отличаться 0,342490 0,000163
отличие 0,798508 0,000381
отметить 0,616186 0,000147
относиться 0,328504 0,000078
отправить 1,560648 0,000744
отправка 2,302585 0,000549
отражение 1,714798 0,000409
отредактировать -0,009950 -0,000005
отсутствие 0,891598 0,000425
отталкиваться 3,506558 0,000836
офис 1,560648 0,000372
официально 0,693147 0,000165
офлайновый 3,506558 0,001672
оценивать 2,207275 0,000526
оцениваться 1,560648 0,000372
оценка 0,400478 0,000191
очень 0,494296 0,000354
ошибкекак -0,009950 -0,000002
ощутимый 2,302585 0,000549
пакет 1,427116 0,002042
памяти 1,078810 0,000257
параллельно 1,237874 0,000295
париж 2,302585 0,000549
паутина 2,407946 0,008612
первое 0,150823 0,000396
первый 0,162519 0,000271
перевести 0,994252 0,000237
перевод 0,941609 0,000225
переводчик 2,995732 0,000714
передавать 1,560648 0,001488
передать 0,798508 0,000571
передача 1,078810 0,003344
передовая 2,659260 0,000634
перейти -0,009950 -0,000007
перенаправляться 1,560648 0,000372
перестать 1,714798 0,000409
пересылать 3,912023 0,000933
пересылка 3,506558 0,002508
переходить 1,237874 0,000295
перечислить 1,966113 0,000469
периодически 1,897120 0,000452
периодический 1,560648 0,000372
персонаж 2,407946 0,000574
персональный -0,009950 -0,000005
перспектива 1,049822 0,000751
песнь 1,469676 0,000350
песня 1,427116 0,000340
печатный 1,021651 0,000244
печать -0,009950 -0,000005
пинг 3,912023 0,000933
пиринговых 3,506558 0,000836
писатели-фантасты 3,912023 0,001866
писатель 0,916291 0,000874
писать 0,820981 0,000392
письмо 1,237874 0,000590
плавно 2,407946 0,000574
планета 1,309333 0,000624
платеж 2,525729 0,000602
платежный 2,525729 0,000602
платный 1,469676 0,000350
плести 3,506558 0,000836
плод 2,407946 0,001148
поведение -0,009950 -0,000002
повести-антиутопии 3,912023 0,000933
повседневный 2,302585 0,000549
повышать 2,659260 0,000634
погибать 3,218876 0,000767
подавлять 1,771957 0,000422
подвергать 3,506558 0,000836
подвести 2,525729 0,000602
подготовить 1,386294 0,000331
поддерживать 0,994252 0,000237
поддержка 0,653926 0,000156
поджанр 3,506558 0,000836
подключаться 3,506558 0,000836
подключение 2,407946 0,002297
подключить 1,966113 0,000469
подключиться 2,995732 0,002143
подкрепить 3,218876 0,000767
подобно 2,407946 0,000574
подобный 0,994252 0,000711
подряд 2,525729 0,000602
подсети 3,912023 0,000933
подтверждать 1,560648 0,000372
позволить 0,967584 0,000461
позволять 0,462035 0,000220
позвонить 3,506558 0,000836
поздно 0,713350 0,000340
поиск -0,009950 -0,000007
поисковый 2,525729 0,000602
пока 0,843970 0,000201
показатель 0,494296 0,000118
показывать 1,237874 0,000885
пол 0,446287 0,000106
полвека 2,525729 0,001204
политик -0,009950 -0,000007
полномасштабный 3,218876 0,000767
полностью 0,400478 0,000286
полноценный 1,771957 0,000422
полный 0,328504 0,000157
половина 0,430783 0,000308
положить 1,514128 0,000361
получать 0,916291 0,000218
получение 1,203973 0,000574
получить 0,150823 0,000180
пользователь 1,427116 0,003403
пользовательский 2,040221 0,000973
помощь 0,342490 0,000082
понимание 1,560648 0,000372
пониматься 1,966113 0,000469
популярность 1,609438 0,001151
популярный 0,891598 0,001913
попытка 1,272966 0,000304
пора 0,776529 0,000185
порнографический 3,912023 0,001866
порт 0,733969 0,000700
поручить 2,407946 0,000574
порция 3,218876 0,000767
порядок 0,994252 0,000237
поскольку 0,941609 0,000449
последнее 0,843970 0,000201
последний -0,009950 -0,000007
посредство 1,660731 0,000792
поставщик 1,897120 0,000452
постел 3,912023 0,000933
постепенно 0,867501 0,000414
построение 1,560648 0,000372
построить 0,301105 0,000215
поступить 2,302585 0,000549
поток 0,967584 0,000231
потоковый 2,995732 0,001429
похоже 3,912023 0,000933
почасовой 3,506558 0,000836
почта 1,309333 0,001561
почтовый 0,653926 0,000156
поэт 1,049822 0,000250
поэтому 0,616186 0,000147
появиться 0,248461 0,000296
появление 0,653926 0,001091
появляться 0,733969 0,000175
правило 0,478036 0,000342
правительственный 1,832581 0,000437
правительство 0,510826 0,000122
править -0,009950 -0,000180
правка 0,274437 0,000065
правкиновые -0,009950 -0,000002
правкипостоянная -0,009950 -0,000002
право 0,314711 0,000300
практика 3,218876 0,000767
практический 1,560648 0,000372
превысить 1,427116 0,000681
предел 0,400478 0,000191
предисловие 2,995732 0,000714
предлагаться 1,966113 0,000938
предложить 0,820981 0,000783
предназначить 1,139434 0,000815
предоставить 1,714798 0,000409
предоставлять 0,713350 0,000510
предполагать 1,171183 0,000279
предполагаться 1,078810 0,000257
предпочитать 2,407946 0,000574
предсказание 2,525729 0,001204
предсказать 2,995732 0,002143
представиться -0,009950 -0,000002
представление 0,776529 0,000185
представлять 0,328504 0,000313
предшествовать 1,771957 0,000422
прежде 1,049822 0,000250
преимущественно 0,776529 0,000185
прекратить 0,916291 0,000218
преобладать 0,713350 0,000170
преобразить 3,506558 0,000836
преодоление 2,407946 0,000574
пресс 1,272966 0,000911
привести 0,356675 0,000170
привет 3,506558 0,000836
привлекательное 3,912023 0,000933
приводить 0,776529 0,000185
привычный 2,995732 0,000714
пригодный 1,966113 0,000469
придумать 2,207275 0,001579
приемники-передатчики 3,912023 0,000933
призвать 1,560648 0,000372
признавать 2,659260 0,000634
признак 1,714798 0,000818
признать 0,494296 0,000118
прикладной 1,078810 0,000257
приложение 0,733969 0,000175
применение 0,967584 0,000692
применить 1,609438 0,000384
применяться 1,139434 0,000272
пример 0,527633 0,000377
примерно 0,634878 0,000303
примерный 2,813411 0,000671
примечание -0,009950 -0,000005
принадлежать 0,755023 0,000540
принцип 0,867501 0,001241
принять 0,248461 0,000118
приобрести 1,139434 0,000272
приоритетный 2,040221 0,000486
приступить 2,302585 0,000549
причина 0,562119 0,000134
проблема 0,274437 0,000262
провайдер 2,120264 0,001011
проверить 0,478036 0,000114
проверка 0,843970 0,000201
проверять 0,820981 0,000196
провести 0,579818 0,000138
проводить 0,843970 0,000201
провокационный 3,912023 0,000933
программа 0,415515 0,000694
программист 2,407946 0,000574
программный 1,272966 0,001518
прогресс 1,309333 0,000312
продажа 1,514128 0,001083
продвижение 2,040221 0,000486
продукт 0,634878 0,000151
проект -0,009950 -0,000026
проектирование 1,560648 0,000372
проиграть 3,912023 0,000933
произведение 1,021651 0,000731
происходить 0,328504 0,000078
пройти 0,544727 0,000130
прокладываться 2,813411 0,000671
прокси-серверы 3,506558 0,000836
прообраз 2,659260 0,000634
прописной 3,912023 0,000933
проповедь 2,995732 0,000714
проприетарное 3,218876 0,000767
пропускной 2,040221 0,000486
просматривать 2,995732 0,000714
просмотр -0,009950 -0,000005
просто 1,171183 0,001676
пространство 0,634878 0,000151
противоречить 2,813411 0,000671
протокол 1,139434 0,007879
профессиональный 0,733969 0,000175
профиль 1,427116 0,000340
процент 1,427116 0,000340
процесс 0,415515 0,000198
прошлый 2,813411 0,000671
проявлять 2,407946 0,000574
прямая 0,867501 0,000414
психологически 3,912023 0,000933
психологический 2,659260 0,000634
публиковать 2,207275 0,001579
публичный 1,078810 0,000257
пункт 0,494296 0,000118
путь 0,261365 0,000125
пытаться 1,237874 0,000590
пять 0,693147 0,000165
работа 0,127833 0,000274
работать 0,314711 0,000075
работоспособность 3,218876 0,000767
работоспособный 3,912023 0,000933
рабочий 0,597837 0,000428
равноправный 2,813411 0,000671
равный 1,203973 0,000287
радио 0,891598 0,000638
радиоканал 1,897120 0,000452
радиопередатчик 3,506558 0,000836
радиоприемник 2,995732 0,001429
разбивать 2,995732 0,000714
разбросать 3,218876 0,000767
развиваться 0,597837 0,000570
развитие 0,127833 0,000396
развить 0,616186 0,000147
развиться 2,407946 0,000574
разговаривать 3,506558 0,000836
раздел 0,342490 0,000163
раздельно 3,912023 0,000933
разжечь 3,912023 0,000933
различимый 3,506558 0,000836
различный 0,116534 0,000195
размер 0,755023 0,000360
разнести 2,659260 0,000634
разный 0,314711 0,000300
разработать 0,616186 0,000882
разработка 0,653926 0,000936
разработчик -0,009950 -0,000005
разрешить 1,560648 0,000372
разрушение 1,560648 0,000372
разъяснять 3,218876 0,000767
рамка 0,478036 0,000114
рана 0,776529 0,000370
рано 0,261365 0,000062
расположиться 2,040221 0,000486
распределить 0,693147 0,000496
распространение 0,891598 0,001063
распространенность 3,506558 0,000836
распространить 0,616186 0,000294
рассказ 1,514128 0,000722
рассматривать 1,237874 0,000295
расстояние 0,713350 0,000510
рассылка 3,506558 0,001672
расти 0,941609 0,000225
реализация 0,798508 0,000381
реализовать 0,673345 0,000321
реальность 2,207275 0,001053
реальный 0,967584 0,000461
революция 0,562119 0,000134
регион 0,385662 0,000184
регистрация 1,832581 0,000437
регламентация 3,218876 0,000767
регламентироваться 3,912023 0,000933
ред 0,235722 0,000169
редкость 3,218876 0,000767
режим 0,653926 0,000156
резервироваться 3,506558 0,000836
резолюция 2,995732 0,000714
результат 0,174353 0,000083
рейтинг 0,967584 0,000231
реклама 1,832581 0,000874
рекомендация 0,776529 0,000185
ресурс 0,020203 0,000058
рецепт 2,995732 0,000714
речь 1,514128 0,000722
решаться 2,813411 0,000671
решение 0,328504 0,000392
решиться 3,912023 0,000933
риа 1,049822 0,000250
рисунок 1,560648 0,000372
роберт 2,302585 0,000549
робертс 3,912023 0,000933
род 0,843970 0,000604
родить 2,525729 0,000602
родиться 1,237874 0,000295
рождение 1,078810 0,000257
роль 0,494296 0,000354
роман 1,237874 0,000885
российский 0,105361 0,000151
россия 0,174353 0,000208
руководить 1,309333 0,000312
руководство 0,544727 0,000130
рунет 3,506558 0,005017
рус 0,162519 0,000310
русский -0,009950 -0,000024
русскоязычный 1,966113 0,001406
рынок 0,713350 0,000170
ряд 0,223144 0,000106
сайт 0,210721 0,000251
сам 0,162519 0,000155
самый 0,174353 0,000166
санкт-петербург 0,616186 0,000147
санта-барбаре 3,912023 0,001866
саха 2,813411 0,000671
сахар 2,525729 0,001204
сбой 2,813411 0,000671
сбор 1,347074 0,000321
свобода 1,108663 0,000793
свободный -0,009950 -0,000005
свое 0,287682 0,000549
своеобразный 1,966113 0,000469
свой 0,150823 0,000216
свыше 0,891598 0,000213
связать 0,174353 0,000166
связаться -0,009950 -0,000002
связывать 0,916291 0,000218
связь 0,174353 0,000873
священник 2,813411 0,000671
сгруппировать 3,506558 0,000836
сделать 0,616186 0,000294
сеанс 2,659260 0,000634
сеансовый 3,506558 0,000836
себя 0,198451 0,000237
сегодняшний 1,560648 0,000372
седьмой 1,139434 0,000272
сей 0,693147 0,000331
семантический 2,525729 0,000602
сентябрь 0,072571 0,000242
сервер 1,714798 0,002453
серверный 2,813411 0,000671
сервис 1,108663 0,001057
сергей 0,967584 0,000231
сергея 1,469676 0,000350
середина 0,356675 0,000255
серьезный 1,386294 0,000661
сетевой 1,049822 0,001752
сетискрытые 3,912023 0,000933
сеть 0,356675 0,008249
сжимать 3,506558 0,000836
сила 0,494296 0,000354
символ 0,733969 0,000700
синий 1,771957 0,000422
система 0,051293 0,000318
системеобсуждениевкладсоздать -0,009950 -0,000002
сказать 1,714798 0,000409
скачать -0,009950 -0,000002
склонение 3,506558 0,002508
склоняться 3,506558 0,000836
скорость 0,755023 0,000360
следовательно 2,207275 0,000526
следовать 0,235722 0,000281
следует 0,755023 0,000180
словарь 0,094311 0,000112
слово 0,210721 0,000402
служба 0,527633 0,001384
служить 0,820981 0,000196
случай -0,009950 -0,000009
слушать 2,659260 0,000634
смартфонов 2,995732 0,000714
сми 0,867501 0,000414
смочь 1,203973 0,000861
сначала 1,386294 0,000331
снегов 3,506558 0,000836
сноска 0,733969 0,000175
соавтор 3,506558 0,000836
собираться 1,966113 0,000469
собственно 1,386294 0,000331
собственный 0,446287 0,000106
событияпожертвовать -0,009950 -0,000002
совершенствование 2,040221 0,000486
совершить 0,994252 0,000237
совет 0,462035 0,000220
советский 0,261365 0,000062
совокупность 1,469676 0,000350
современник 1,609438 0,000384
современный 0,150823 0,000324
согласно 0,301105 0,000215
содержание 0,010050 0,000010
содержать 0,634878 0,000454
соединиться 2,813411 0,000671
соединять 1,108663 0,000793
соединяться 2,120264 0,000506
создавать 0,798508 0,000190
создание 0,301105 0,000503
создать 0,210721 0,000301
сократиться 1,386294 0,000331
сокращаться 1,897120 0,000452
сокращенно 2,995732 0,000714
сообщение 0,478036 0,001482
сообщить -0,009950 -0,000005
соответствие 0,371064 0,000177
соответствовать 0,371064 0,000177
соотношение 1,560648 0,000372
соперник 3,912023 0,000933
составить 0,400478 0,000095
составлять 0,198451 0,000095
состояние 0,248461 0,000118
состоять 0,385662 0,000092
сотовый 1,309333 0,001561
сохранение -0,009950 -0,000005
сохранить 1,171183 0,000279
сохранять 1,427116 0,000340
сохраняться 1,108663 0,000264
социальный 0,527633 0,001132
соцсети 3,912023 0,000933
сочетание 1,771957 0,000422
союз 0,579818 0,000138
спектр 1,609438 0,000384
специалист 0,755023 0,000720
специальный 0,415515 0,000198
спецификация 2,207275 0,000526
список 0,210721 0,000151
способ 1,078810 0,000257
способность 1,139434 0,000272
справка 1,203973 0,000287
спутник 1,560648 0,000744
сравнительно 1,897120 0,000452
сразу 0,994252 0,000237
среда 0,385662 0,000184
среди 0,198451 0,000142
средний 0,371064 0,000177
средство 0,287682 0,000686
ссылка -0,009950 -0,000031
ссылкасведения -0,009950 -0,000002
стабильный 0,820981 0,000196
стадий 1,660731 0,000396
сталь 0,415515 0,000396
стандарт 0,867501 0,001241
стандартизация 2,120264 0,000506
стандартизировать 2,659260 0,001268
стандартизироваться 3,912023 0,000933
стандартный 1,560648 0,001488
становиться 0,415515 0,000396
станция 0,579818 0,000415
старый 0,314711 0,000075
статистик -0,009950 -0,000007
статус 0,430783 0,000103
стать 0,083382 0,000338
статьестатьи 0,843970 0,000201
статьислучайная -0,009950 -0,000002
статьисообществофорумсправкасвежие -0,009950 -0,000002
статья 0,020203 0,000111
статьяобсуждение -0,009950 -0,000002
статьятекущие -0,009950 -0,000002
стационарный 1,108663 0,000264
стек 3,218876 0,001535
стен 0,967584 0,000231
стихийно 2,995732 0,000714
страна 0,235722 0,000337
страница -0,009950 -0,000012
страницасодержаниеизбранные -0,009950 -0,000002
страницецитировать -0,009950 -0,000002
страницуполучить -0,009950 -0,000002
страницыслужебные -0,009950 -0,000002
стремительный 2,525729 0,000602
строиться 0,693147 0,000165
строка 1,078810 0,000257
строчка 2,525729 0,000602
строчной 3,506558 0,002508
стругацких 3,912023 0,000933
структура 0,400478 0,000286
стэнфорда 3,912023 0,000933
стэнфорде 3,912023 0,000933
стэнфордским 3,912023 0,000933
стэнфордском 3,912023 0,000933
стэнфордскому 3,912023 0,000933
субкультура 3,218876 0,001535
суперкомпьютеры 3,506558 0,000836
суперуспешное 3,912023 0,000933
суша 1,609438 0,000384
существенно 1,108663 0,000264
существенный 1,237874 0,000295
существительное 3,218876 0,000767
существование 0,693147 0,000165
существовать 0,020203 0,000058
сфера 0,562119 0,000268
сформироваться 1,347074 0,000321
сформулировать 2,659260 0,000634
схожий 1,966113 0,000469
счет 0,562119 0,000134
считать 0,597837 0,000428
сша 0,562119 0,001206
сюда 1,108663 0,000264
сюдасвязанные -0,009950 -0,000002
сюжет 2,302585 0,000549
таковой 1,514128 0,000361
такое 0,328504 0,000313
такой 0,162519 0,000310
тариф 2,120264 0,000506
творение 3,506558 0,000836
творить 3,506558 0,000836
творчество 1,021651 0,000244
текст -0,009950 -0,000009
текстовой 2,207275 0,001053
телевидение 0,820981 0,001175
телевизор 3,218876 0,000767
телеграф 2,120264 0,000506
телеканал 0,916291 0,000218
телеконференция 3,912023 0,000933
телереклама 3,912023 0,000933
телефон 1,347074 0,000964
телефония 2,813411 0,001342
телефонный 0,776529 0,000555
тема 0,693147 0,000165
теоретически 3,218876 0,000767
теория 1,049822 0,000250
теплый 1,171183 0,000279
термин 0,198451 0,000142
терминал 1,347074 0,000321
терминальный 3,506558 0,000836
тесла 3,912023 0,000933
технический 0,462035 0,001212
технология 0,400478 0,000573
течение 0,314711 0,000150
тим 3,218876 0,001535
тима 3,218876 0,001535
тип 0,072571 0,000087
тираж 1,560648 0,000372
товар 0,916291 0,000437
товарный -0,009950 -0,000005
тогдашний 2,407946 0,000574
той 0,994252 0,000711
топ 1,347074 0,000321
топология 3,218876 0,000767
торговля 0,579818 0,000138
точка 0,478036 0,000114
точный 1,347074 0,000321
традиционный 0,941609 0,000225
транзисторный 3,912023 0,000933
трансатлантический 3,506558 0,000836
трансляция 1,897120 0,000452
транспортный 0,616186 0,000588
трансформация 1,897120 0,000452
трафик 2,207275 0,002105
требование 0,967584 0,000231
требовать 0,562119 0,000134
требоваться 1,386294 0,000331
третий 0,616186 0,000147
триллион 2,525729 0,000602
троллинг 3,912023 0,004664
тролль 3,506558 0,001672
тыл 1,771957 0,000422
тыс 0,430783 0,000308
тысяча 0,371064 0,000177
увеличивать 2,407946 0,000574
увеличиться 0,843970 0,000201
удалить 0,579818 0,000829
удаться 1,203973 0,000287
удешевление 3,912023 0,000933
узел 0,527633 0,000881
узкий 1,171183 0,000559
узнать 1,771957 0,000422
указание -0,009950 -0,000007
указать 0,083382 0,000060
украина 0,527633 0,000126
умереть 1,309333 0,000312
универсальный 0,544727 0,000390
университет 0,328504 0,000783
уникальный 0,776529 0,000370
упоминать 2,207275 0,000526
упоминаться 1,203973 0,000287
употребление 1,714798 0,000409
управление 0,248461 0,000237
управлять 0,967584 0,000231
управляться 2,407946 0,000574
уровень 0,150823 0,000288
условие -0,009950 -0,000009
услуга 0,755023 0,001440
успех 1,021651 0,000244
успешно 1,771957 0,000422
успешный 1,309333 0,000624
установить 0,328504 0,000078
установка 1,272966 0,000304
устроить 1,609438 0,000767
устройство 0,527633 0,000252
утверждение 0,400478 0,000095
утопический 2,995732 0,000714
участие -0,009950 -0,000005
участник 0,510826 0,000122
ученый 0,653926 0,000624
ученых-физиков 3,912023 0,000933
учетный -0,009950 -0,000002
учитываться 2,659260 0,000634
учреждение 0,653926 0,000312
файл 1,347074 0,001606
файловый 2,207275 0,000526
файлообменные 3,912023 0,002798
фактически 0,916291 0,000218
фактор 0,994252 0,000474
фантаст 3,506558 0,000836
фантастика 2,407946 0,000574
фантастический 2,813411 0,000671
февраль 0,051293 0,000012
федерация 0,510826 0,000122
фидонет 3,506558 0,000836
физически 3,506558 0,000836
фиксировать 1,427116 0,000340
филон 3,912023 0,000933
философ 2,120264 0,000506
фильтр 2,659260 0,000634
фильтрация 3,506558 0,000836
финансироваться 3,912023 0,000933
фиолетовый 2,995732 0,000714
фирменный 2,040221 0,000486
флейм 3,912023 0,000933
фокусироваться 3,506558 0,000836
фонд -0,009950 -0,000009
форма 0,287682 0,000137
формат 0,843970 0,000604
формулировка 2,659260 0,000634
форстер 3,912023 0,000933
форум 1,203973 0,000287
фрагмент 1,469676 0,000350
фрэнка 3,912023 0,000933
функционально 3,218876 0,000767
функционирование 1,714798 0,000409
функционировать 0,798508 0,000381
хабр 3,506558 0,000836
хакер 2,813411 0,000671
харта 3,912023 0,000933
хватать 0,820981 0,000196
хвыля-олинтер 3,912023 0,000933
хорватский 1,897120 0,000452
хорошее 2,407946 0,000574
хороший 1,660731 0,000396
хостинг 3,506558 0,000836
хотя 0,653926 0,000312
хранение 1,309333 0,000937
хроник 1,832581 0,000437
художественный 0,653926 0,000156
цвет 0,941609 0,000449
целое 0,634878 0,000151
целый 1,108663 0,000529
цель 0,371064 0,000177
цензура 2,995732 0,003571
ценностный 3,218876 0,000767
центр 0,287682 0,000480
церн 3,912023 0,001866
цифра 1,272966 0,000304
цифровой 0,562119 0,000402
чарли 3,218876 0,000767
час 0,867501 0,000207
частичный 1,514128 0,000722
частность 0,462035 0,000441
часто 0,415515 0,000297
часть 0,061875 0,000074
чат 3,506558 0,000836
чей 1,386294 0,000331
человек 0,186330 0,000755
человечество 1,660731 0,000792
четыре 0,597837 0,000143
число 0,186330 0,000267
числовой 2,040221 0,000486
читатель 2,407946 0,000574
читать 1,832581 0,000437
читаться 2,995732 0,000714
читатьтекущая 1,237874 0,000295
шаблон 0,462035 0,000220
шаг 1,714798 0,000409
швейцарский 2,120264 0,000506
шестой 1,660731 0,000396
широкий 0,494296 0,000354
широко 0,653926 0,000156
широкополосный 2,407946 0,001148
шифровать 2,995732 0,000714
школа 0,478036 0,000114
штамп 2,995732 0,000714
штат 1,560648 0,000744
эгида 2,302585 0,000549
эдвард 2,813411 0,000671
экземпляр 1,237874 0,000295
экипаж 2,525729 0,001204
экспериментальный 1,660731 0,000396
эксплуатация 0,776529 0,000185
экспорт -0,009950 -0,000002
электрический 1,309333 0,000312
электронный 0,478036 0,001482
электропровод 3,912023 0,000933
электроэнергия 1,609438 0,000384
энергия 1,021651 0,001218
энергопотребление 3,506558 0,001672
энциклопедия -0,009950 -0,000017
энциклопедиясы 3,218876 0,000767
эра 1,514128 0,000361
этап 0,634878 0,000151
этимология 0,616186 0,000588
эфир 1,427116 0,000340
эффективно 2,525729 0,000602
юридический 0,994252 0,000474
ют 3,912023 0,001866
явление 1,021651 0,000244
являться 0,040822 0,000156
ядерный 1,771957 0,000422
язык -0,009950 -0,000038
языковой 1,660731 0,000792
январь 0,105361 0,000352
ясно 2,407946 0,000574
