аббревиатура 2,995732 0,001306
август 0,072571 0,000095
автор 0,462035 0,000201
авторство -0,009950 -0,000004
агентство 0,798508 0,000348
адрес 1,078810 0,001411
адресный 2,407946 0,001050
аз 2,302585 0,001004
активно 0,733969 0,000640
активность 1,309333 0,000571
активный 0,527633 0,000920
алфавитувикипедия 0,776529 0,000339
альперт 3,912023 0,001706
амер 2,302585 0,001004
аналогичный 1,139434 0,000497
англ 0,174353 0,002433
английский 1,309333 0,000571
аннотирование 3,506558 0,001529
антивирусный 3,912023 0,001706
аппаратура 2,120264 0,000925
апрель 0,150823 0,001316
архив 0,446287 0,000389
архивировать 0,020203 0,000273
архивный 0,248461 0,000433
архитектура 0,462035 0,000201
ассоциация 1,309333 0,000571
ассоциировать 2,995732 0,001306
атака 2,120264 0,000925
атлас 1,108663 0,000483
аутентификация 2,995732 0,001306
баз 0,371064 0,000324
баш 3,506558 0,001529
безопасность 0,916291 0,001598
бернерс-ли 3,506558 0,015292
бернерса-ли 3,218876 0,002808
бернерсом-ли 3,218876 0,005615
библиографический 0,083382 0,000036
библиотека 0,328504 0,000143
бизнес 0,820981 0,000358
бизнес-правил 3,506558 0,001529
благодаря 0,527633 0,000230
блог 2,302585 0,001004
блоги 2,995732 0,001306
блокчейна 2,813411 0,001227
большинство 0,342490 0,000747
большой 0,040822 0,000107
браузер 2,207275 0,008664
британский 1,469676 0,000641
брэй 3,912023 0,001706
буш 3,506558 0,001529
бушем 3,506558 0,001529
быстрый 0,916291 0,000799
быть -0,009950 -0,000004
важно 2,040221 0,000890
важный 0,494296 0,000216
варьироваться 2,525729 0,001101
введение 1,078810 0,000941
ввести 0,634878 0,000277
ввод 1,347074 0,000587
веб 2,659260 0,003479
веб-браузер 3,218876 0,002808
веб-браузера 3,506558 0,001529
веб-дизайна 3,912023 0,001706
веб-документов 3,506558 0,001529
веб-каналы 3,912023 0,001706
веб-мастером 3,912023 0,001706
веб-пользователей 3,912023 0,001706
веб-пространстве 3,912023 0,001706
веб-сайт 2,813411 0,004908
веб-сайтов 3,218876 0,002808
веб-сайтом 3,506558 0,001529
веб-сервер 3,218876 0,004211
веб-сервера 3,506558 0,004588
веб-сервере 3,912023 0,003412
веб-серверов 3,506558 0,003058
веб-серверу 3,506558 0,001529
веб-серверы 3,912023 0,001706
веб-сеть 3,912023 0,001706
веб-страниц 2,813411 0,007362
веб-страница 3,506558 0,001529
веб-страницами 3,912023 0,001706
веб-страницей 3,912023 0,001706
веб-страницу 3,506558 0,001529
веб-уязвимости 3,912023 0,001706
веба 3,506558 0,004588
вебе 3,912023 0,001706
венчурный 3,912023 0,001706
вера 1,049822 0,000458
версия -0,009950 -0,000013
верстальщик 3,506558 0,001529
верстка 2,995732 0,001306
вести 0,356675 0,000156
весьма 1,514128 0,000660
взаимодействие 1,203973 0,000525
взаимосвязь 2,525729 0,001101
взять 0,755023 0,000329
вид 0,061875 0,000081
видеть 1,272966 0,000555
визит 1,897120 0,000827
визуальный 2,302585 0,001004
вика 2,813411 0,001227
викиданных -0,009950 -0,000004
викимедиа -0,009950 -0,000004
википедии -0,009950 -0,000022
википедия -0,009950 -0,000017
викисклад 1,897120 0,000827
викискладвикиновостиэлемент 1,897120 0,000827
викискладе 0,174353 0,000076
викисловаремедиафайлы 2,120264 0,000925
викисловарьстатьи 1,347074 0,000587
включать 0,235722 0,000206
вне 1,560648 0,001361
внедрение 1,609438 0,000702
внедрять 2,995732 0,001306
внедряться 2,659260 0,002319
внешний 0,051293 0,000022
внимание 1,108663 0,000967
внутренний 0,314711 0,000137
возглавлять 1,203973 0,000525
возможное 1,832581 0,001598
возможность 0,314711 0,000961
война 0,430783 0,000188
вокруг 0,693147 0,000302
волшебный 0,030459 0,000013
вольно 3,506558 0,001529
вообще 1,560648 0,000681
воспринимать 2,302585 0,001004
восприятие 2,659260 0,001160
впечатлять 3,506558 0,001529
вплоть 1,108663 0,000483
вредоносный 2,813411 0,002454
временивикипедия 2,407946 0,001050
время 0,020203 0,000035
вроде 2,302585 0,001004
все 0,040822 0,000036
всемирный 0,891598 0,018275
всеобъемлющий 3,912023 0,001706
вспомогательный 2,207275 0,000963
всякий 1,832581 0,000799
второе 0,653926 0,000285
вудом 3,506558 0,001529
вывод 1,386294 0,001209
выглядеть 1,832581 0,001598
выдавать 2,302585 0,001004
вызвать 1,049822 0,000916
выполнение 1,049822 0,000458
выполнять 0,867501 0,000378
вычисление 1,897120 0,000827
выявлять 2,995732 0,001306
гарантировать 2,302585 0,001004
генерировать 2,207275 0,000963
геотегинг 3,506558 0,001529
геттис 3,912023 0,001706
гибкость 2,659260 0,001160
гиперссылками 3,912023 0,001706
гиперссылки 3,218876 0,004211
гипертекст 2,995732 0,011758
гипертекстовый 2,995732 0,007839
главный 0,210721 0,000092
глобальный 1,203973 0,000525
говорить 1,049822 0,000458
год -0,009950 -0,000200
годавикипедия 0,616186 0,000537
голосовой 2,813411 0,001227
гораздо 1,714798 0,000748
гостевой 2,659260 0,002319
грамотный 3,506558 0,001529
греческий 1,469676 0,000641
группа 0,314711 0,000549
гэвином 3,506558 0,001529
давать 0,820981 0,000358
дата 0,030459 0,000306
датский 0,328504 0,000143
дать 0,072571 0,000601
два 0,150823 0,000132
деанонимизирован 3,912023 0,001706
действовать -0,009950 -0,000004
декабрь 0,094311 0,000247
делать 0,867501 0,001135
делаться 2,120264 0,000925
деление 0,579818 0,000253
демографический 1,609438 0,000702
дерево 0,867501 0,000378
дескрипционная 3,506558 0,001529
десять 1,078810 0,000470
децентрализация 2,813411 0,001227
джекл 3,912023 0,001706
джессе 3,912023 0,001706
дизайн 1,832581 0,000799
динамически 3,218876 0,001404
диск 2,407946 0,001050
дискуссия 1,660731 0,000724
добавление 2,302585 0,001004
довольно 0,891598 0,000389
дознаватель 3,912023 0,001706
документ 0,415515 0,001087
долгосрочный 1,966113 0,000857
должный 0,356675 0,000311
доменный 2,525729 0,003304
дополнение 1,771957 0,000773
дополнительный -0,009950 -0,000004
достаточный 1,966113 0,000857
достигаться 2,207275 0,000963
достичь 0,733969 0,000320
достоверность 2,207275 0,004813
доступ 0,755023 0,001317
доступный -0,009950 -0,000030
дробно -0,009950 -0,000004
друг 0,916291 0,000799
другой -0,009950 -0,000043
дублинский 3,506558 0,001529
дэвид 2,407946 0,001050
дэн 3,506558 0,001529
европейский 0,494296 0,000216
единообразный 3,506558 0,003058
единственное 1,021651 0,000446
единый 0,544727 0,000475
женеве 3,506558 0,001529
жесткий 1,966113 0,000857
журнал 0,301105 0,000131
журналист 1,660731 0,000724
зависимость 0,713350 0,000933
заглавный -0,009950 -0,000009
загрузить 2,207275 0,000963
загрузка 2,302585 0,001004
задавать 2,040221 0,000890
задача 0,820981 0,000358
заинтересоваться 2,995732 0,001306
закон 0,462035 0,000201
закончить 1,897120 0,000827
заложить 0,843970 0,000736
заменить 0,494296 0,000216
занятие 1,469676 0,000641
записать 1,609438 0,000702
записывать 2,120264 0,000925
запись 1,237874 0,001080
записьвойти -0,009950 -0,000004
запрашивать 2,995732 0,002613
запрос 1,021651 0,002673
запросить 3,506558 0,001529
запускать 2,302585 0,001004
зарегистрировать -0,009950 -0,000004
засека 3,218876 0,001404
затем 0,527633 0,000690
зашифровать 3,218876 0,001404
защита 0,616186 0,000269
защитить 1,139434 0,000497
защитный 2,407946 0,001050
защищенность 3,218876 0,001404
заявление -0,009950 -0,000004
злонамеренный 3,218876 0,001404
знак -0,009950 -0,000004
знание 1,108663 0,001450
значительный 0,328504 0,000143
игрок 2,207275 0,000963
идеал 3,218876 0,001404
идентификатор 0,693147 0,001209
идентификация 2,659260 0,001160
идея 1,108663 0,000483
идти 0,820981 0,000358
известный 0,287682 0,000125
извлечь 3,218876 0,001404
излишне 3,912023 0,001706
изложить 2,407946 0,002100
изменение 0,301105 0,000131
изобразить 1,386294 0,000605
изобрести 2,995732 0,001306
изобретатель 2,525729 0,001101
иллюстрировать 2,040221 0,000890
именно 0,544727 0,000713
иметь 0,094311 0,000082
иметься 0,385662 0,000168
имя 0,274437 0,000479
индексирование 3,912023 0,001706
индексировать 3,506558 0,001529
индексироваться 3,912023 0,001706
индий 1,609438 0,000702
инженер 1,139434 0,000497
иное 1,714798 0,000748
иной 0,867501 0,000378
инструкция 1,714798 0,000748
инструмент -0,009950 -0,000013
интеграция 1,966113 0,000857
интеллект 2,040221 0,000890
интерактивный 1,560648 0,001361
интерес 1,021651 0,001337
интернет 0,755023 0,005268
интернет-каталогом 3,912023 0,001706
интернет-содержимого 3,912023 0,001706
интерфейс 1,771957 0,000773
информационный 0,462035 0,000806
информация 0,162519 0,001276
инфраструктурный 2,207275 0,000963
инъекция 3,506558 0,001529
исполнение 0,867501 0,000757
исполнять 1,108663 0,000483
использование -0,009950 -0,000017
использовать 0,020203 0,000062
использоваться 0,223144 0,000681
исследование 0,462035 0,000806
исток 0,755023 0,000329
исторический 0,314711 0,000137
история 0,051293 0,000089
источник -0,009950 -0,000013
июль 0,116534 0,000457
июнь 0,116534 0,000610
каждый 0,261365 0,000228
кайо 3,506558 0,001529
карт 0,301105 0,000131
каталог 0,094311 0,000041
категория -0,009950 -0,000013
кафетерий 3,506558 0,001529
качество 0,287682 0,000125
кибератак 3,506558 0,001529
киберпреступников 3,912023 0,003412
китай 0,776529 0,000339
китайский 0,653926 0,000570
классифицировать 2,407946 0,001050
клиент 1,714798 0,000748
клиентский 3,506558 0,001529
ключевой 1,203973 0,000525
книга 0,415515 0,000544
код -0,009950 -0,000065
кодекс -0,009950 -0,000004
кодистория 0,116534 0,000051
количество 0,210721 0,000276
коллективный 2,040221 0,000890
компания 0,371064 0,000971
компьютер 1,427116 0,007469
компьютерный 1,347074 0,001175
конец 0,198451 0,000087
конкретизациивикипедия 1,714798 0,000748
конкретный 1,171183 0,002043
конноли 3,912023 0,001706
консолидация 3,506558 0,001529
консорциум 2,407946 0,006301
консультант 2,995732 0,001306
контент 2,995732 0,003919
конфиденциальность -0,009950 -0,000017
концептуальный 2,995732 0,001306
концепция 0,967584 0,001688
копие 0,223144 0,000487
короткий -0,009950 -0,000004
корректно 2,659260 0,001160
который 0,000000 0,000000
коттон 3,912023 0,001706
кража 2,207275 0,000963
криптовалютные 3,218876 0,001404
крис 3,506558 0,001529
кром 0,235722 0,000206
крупно 3,218876 0,001404
крупный 0,210721 0,000184
куки -0,009950 -0,000004
кэшируют 3,912023 0,001706
легитимный 3,912023 0,001706
легко 1,771957 0,000773
лет 0,597837 0,000261
лидер 1,237874 0,000540
лилли 3,912023 0,001706
литература 0,051293 0,000045
лицензия -0,009950 -0,000004
лич 3,912023 0,001706
личной 1,469676 0,001923
лишь 0,478036 0,000208
логик 2,040221 0,000890
логический 1,832581 0,000799
локальный 0,673345 0,000587
локатор 3,506558 0,003058
лучано 3,912023 0,001706
любое 1,139434 0,000497
любой 1,386294 0,001209
мазинтер 3,912023 0,001706
май 0,127833 0,000502
майк 3,218876 0,001404
малый 0,139262 0,000061
марио 3,506558 0,001529
маркетолог 3,506558 0,001529
март 0,116534 0,000152
материал -0,009950 -0,000004
межсайтовое 3,912023 0,001706
мендельсон 3,912023 0,001706
местный 0,478036 0,000208
местонахождение 2,995732 0,001306
месяц 0,415515 0,000181
метаданные 2,659260 0,002319
механизм 1,347074 0,000587
механический 1,660731 0,000724
микроданные 3,506558 0,001529
микроформаты 3,506558 0,003058
миллиард 1,514128 0,003302
миллион 0,776529 0,001016
мир 0,094311 0,000288
миссия 2,302585 0,001004
мифология 2,302585 0,001004
мнение 0,634878 0,000554
многие 0,356675 0,000156
множество 0,462035 0,000201
мобильный -0,009950 -0,000004
могул 3,912023 0,001706
мочь -0,009950 -0,000026
мошенничество 2,207275 0,000963
мощный 1,021651 0,000446
музыкальный 0,867501 0,000378
мультимедийный 2,120264 0,000925
мягкий 1,714798 0,000748
набор 1,237874 0,000540
набрать 2,407946 0,001050
навигация -0,009950 -0,000013
надеяться 3,506558 0,001529
надстройка 3,218876 0,001404
название 0,105361 0,000138
назначение 1,108663 0,000483
называть 0,174353 0,000228
называться 0,328504 0,000716
наиболее 0,139262 0,000061
найти 0,733969 0,000320
наметиться 2,525729 0,001101
нападение 1,832581 0,000799
написание 1,514128 0,000660
написать 0,867501 0,001135
направление 0,385662 0,000505
например 0,328504 0,000287
наработка 3,506558 0,001529
настаивать 2,995732 0,001306
настоящее 0,287682 0,000251
настоящий 1,272966 0,000555
настройка 2,302585 0,002008
находить 1,560648 0,001361
находиться 0,174353 0,000228
начало 0,116534 0,000051
началось 0,616186 0,000269
начать 0,510826 0,000223
начинать 1,049822 0,000458
небольшой 0,494296 0,000216
невидимый 3,218876 0,001404
недостаток 0,579818 0,000253
недостаточный 2,040221 0,000890
независимо 1,966113 0,001715
незаконный 1,714798 0,000748
некоммерческий -0,009950 -0,000004
некоторые 0,127833 0,000111
нельсоном 3,912023 0,001706
немецкий 0,798508 0,000348
немногочисленный 2,302585 0,001004
необходимо 1,237874 0,000540
необходимый 1,078810 0,000470
неопытный 3,912023 0,001706
неосторожный 3,506558 0,001529
неразрывно 2,995732 0,001306
несколько 0,116534 0,000152
ниссан 3,912023 0,001706
новинка 2,813411 0,001227
нововведение 2,525729 0,001101
новый 0,083382 0,000109
норвежский 0,248461 0,000108
норман 3,912023 0,001706
нотация 2,659260 0,001160
ноябрь 0,127833 0,000446
нужда 1,237874 0,000540
нуждаться 1,660731 0,000724
нужно 1,049822 0,000458
нужное 2,813411 0,001227
нужный 1,771957 0,001546
ныть 2,407946 0,001050
обеспечение 0,634878 0,000831
обеспечивать 0,415515 0,000181
обеспечить 1,386294 0,000605
область 0,150823 0,000066
облегчить 3,218876 0,001404
обобщать 2,525729 0,001101
обозначать 1,609438 0,000702
обозначение 1,386294 0,001814
обозреватель 3,218876 0,001404
оборот 1,139434 0,000497
оборудование 0,653926 0,000285
обрабатывать 1,049822 0,000458
образ 0,287682 0,000376
образовать 0,385662 0,000505
обратить 1,966113 0,000857
обращение 0,030459 0,000319
обслуживание 0,941609 0,000411
обсуждение 2,120264 0,001849
общий 0,186330 0,000081
объединить 0,867501 0,000378
объект 0,235722 0,000103
объем 0,400478 0,000349
объявить 0,798508 0,000348
обычно 0,693147 0,000907
ограничить 0,653926 0,000285
один 0,051293 0,000112
однако 0,174353 0,000304
одновременно 0,776529 0,000339
ожидаться 2,302585 0,001004
оказаться 0,820981 0,000358
октябрь 0,072571 0,000127
онлайн 0,198451 0,000087
онтология 2,995732 0,002613
описание -0,009950 -0,000017
определение 0,967584 0,000422
определить 0,527633 0,001151
определять 0,867501 0,000757
опубликовать 0,891598 0,000389
организация -0,009950 -0,000022
оригинал 0,139262 0,000121
оркард 3,912023 0,001706
основа 0,210721 0,000459
основание 0,494296 0,000216
основать 0,274437 0,000359
основное 0,235722 0,000103
основной 0,040822 0,000071
особенность 0,693147 0,000605
осознанно 3,912023 0,001706
осуществление 1,427116 0,000622
ответ 0,941609 0,000821
ответственность -0,009950 -0,000004
отдавать 2,525729 0,001101
отдельный -0,009950 -0,000009
отдых 0,941609 0,000411
отказ -0,009950 -0,000004
открывать 1,771957 0,000773
открыть 0,150823 0,000263
отметка 1,386294 0,000605
относиться 0,328504 0,000143
отображение 2,120264 0,004623
отправлять 2,040221 0,000890
отредактировать -0,009950 -0,000004
отсканированные 3,912023 0,001706
отслеживание 2,995732 0,001306
отчасти 2,302585 0,001004
отчисление 3,912023 0,001706
официально 0,693147 0,000302
официальный 0,356675 0,000156
оформление 1,609438 0,000702
оценка 0,400478 0,000524
очень 0,494296 0,000431
очередной 1,560648 0,000681
очередь 0,510826 0,000223
ошибкекак -0,009950 -0,000004
памяти 1,078810 0,000941
пародийный 3,912023 0,001706
пассивно 3,912023 0,001706
патент 2,813411 0,001227
паутина 2,407946 0,060907
паутинавсемирная 3,912023 0,001706
паутинаинтернетинформационная 3,912023 0,001706
паутинаосновы 3,506558 0,001529
первое 0,150823 0,000132
первый 0,162519 0,000496
перевести 0,994252 0,000434
передаваться 2,207275 0,001925
передача 1,078810 0,000470
перейти -0,009950 -0,000009
перемещаться 2,407946 0,002100
переработка 1,469676 0,001282
переработкестатьи 3,506558 0,001529
период 0,274437 0,000239
персональный -0,009950 -0,000009
перспектива 1,049822 0,000916
печать -0,009950 -0,000009
писать 0,820981 0,000358
платформа 1,049822 0,000458
плести 3,506558 0,001529
по-французски 3,912023 0,001706
поведение -0,009950 -0,000004
повседневный 2,302585 0,001004
повсеместный 2,040221 0,000890
повторный 2,120264 0,000925
поддаваться 2,659260 0,001160
поддерживать 0,994252 0,000867
подкатегория 3,912023 0,001706
подключить 1,966113 0,001715
подобное 1,832581 0,000799
подобный 0,994252 0,000867
подобрать 3,218876 0,001404
подпадать 3,912023 0,001706
подраздел 2,995732 0,001306
подразумевать 2,302585 0,001004
подход 0,994252 0,000434
пожалуйста 1,469676 0,001282
позволять 0,462035 0,000201
позже 0,733969 0,000320
позиционирование 2,995732 0,001306
поиск -0,009950 -0,000022
поисковик 3,506558 0,001529
поисковый 2,525729 0,001101
показатель 0,494296 0,000216
показывать 1,237874 0,000540
покупать 2,525729 0,001101
пол 0,446287 0,000195
полагаться 2,659260 0,001160
поле 1,049822 0,000458
политик -0,009950 -0,000009
полностью 0,400478 0,000175
полный 0,328504 0,000430
поло 2,995732 0,001306
положение 0,415515 0,000181
получать 0,916291 0,000400
получить 0,150823 0,000132
получиться 2,407946 0,001050
пользователь 1,427116 0,006224
пользовательский 2,040221 0,000890
пользоваться 1,139434 0,000497
помимо 0,562119 0,000245
помогать 1,897120 0,001655
помощник 2,302585 0,001004
помощь 0,342490 0,000299
понимать 1,609438 0,000702
понравиться 2,813411 0,001227
понятие 0,967584 0,001688
понятное 2,659260 0,002319
понятный 3,218876 0,001404
понять 2,407946 0,001050
поощрять 3,506558 0,001529
попадание 2,659260 0,001160
пополнять 3,506558 0,001529
попросить 2,995732 0,001306
популярный 0,891598 0,000778
попытаться 2,407946 0,001050
попытка 1,272966 0,000555
пора 0,776529 0,000339
посетитель 1,771957 0,000773
посетить 1,203973 0,000525
последний -0,009950 -0,000004
последующий 1,272966 0,000555
поставить 1,021651 0,000446
поставщик 1,897120 0,000827
постоянный 0,579818 0,000253
поступить 2,302585 0,001004
потенциал 0,967584 0,000422
поток 0,967584 0,000422
потребительский 1,832581 0,000799
почта 1,309333 0,000571
появиться 0,248461 0,000108
пояснение 2,995732 0,001306
правило 0,478036 0,000417
править -0,009950 -0,000113
правкиновые -0,009950 -0,000004
правкипостоянная -0,009950 -0,000004
право 0,314711 0,000137
превосходить 2,040221 0,000890
предел 0,400478 0,000175
предлагать 1,514128 0,001981
предложение 1,609438 0,000702
предложить 0,820981 0,000716
предмет 0,713350 0,000622
предоставлять 0,713350 0,000933
предполагать 1,171183 0,000511
предпочесть 3,912023 0,001706
предпочитать 2,407946 0,002100
предприятие 0,527633 0,000230
предсказать 2,995732 0,001306
представить 0,328504 0,000287
представиться -0,009950 -0,000004
представление 0,776529 0,000339
представлять 0,328504 0,000430
предыдущий 1,609438 0,000702
преимущество 1,514128 0,000660
преступность 1,771957 0,000773
привести 0,356675 0,000156
приводить 0,776529 0,000677
придумать 2,207275 0,000963
призвать 1,560648 0,000681
прийти 3,506558 0,001529
приложение 0,733969 0,000640
применяться 1,139434 0,000497
пример 0,527633 0,000460
примерно 0,634878 0,000277
примечание -0,009950 -0,000009
принимать 0,634878 0,000277
принцип 0,867501 0,001513
проблема 0,274437 0,000359
проверить 0,478036 0,000208
проверка 0,843970 0,000736
проверкивикипедия 3,506558 0,001529
проводить 0,843970 0,000736
программа 0,415515 0,001450
программирование 1,609438 0,000702
программный 1,272966 0,003331
продаваться 2,525729 0,001101
продукт 0,634878 0,000831
проект -0,009950 -0,000039
проектахзначения 1,237874 0,000540
производитель 1,309333 0,001142
произноситься 3,506558 0,003058
промежуточный 1,771957 0,000773
просмотр -0,009950 -0,000013
просмотреть 3,912023 0,003412
простой 1,108663 0,000483
пространство 0,634878 0,000277
против 0,798508 0,000348
противопоставлять 3,218876 0,001404
противоречие 2,813411 0,001227
протокол 1,139434 0,001491
протоколировать 3,912023 0,001706
прототип 2,040221 0,001780
профиль 1,427116 0,003112
прочее 0,544727 0,000475
проявление 1,897120 0,000827
проявляться 2,525729 0,001101
прямая 0,867501 0,000378
публикация 1,272966 0,001110
путь 0,261365 0,000228
работа 0,127833 0,000111
работать 0,314711 0,000549
развитие 0,127833 0,000613
развить 0,616186 0,000269
развлечение 2,120264 0,000925
раздел 0,342490 0,000448
различный 0,116534 0,000102
разместить 1,108663 0,001934
разметка 2,407946 0,004201
размещать 2,813411 0,001227
разница 1,897120 0,000827
разный 0,314711 0,000137
разрабатывать 1,609438 0,002106
разработать 0,616186 0,000806
разработка 0,653926 0,000285
разработчик -0,009950 -0,000004
рамка 0,478036 0,000417
ранний 0,733969 0,000640
рано 0,261365 0,000114
раскрытие 3,218876 0,002808
раскрыть 2,302585 0,001004
расположить 0,385662 0,000336
распределить 0,693147 0,000302
распространение 0,891598 0,001555
распространить 0,616186 0,000537
распространяться 1,272966 0,000555
рассматривать 1,237874 0,000540
рассуждение 2,525729 0,001101
расход 1,347074 0,000587
расширение 0,415515 0,000544
реальный 0,967584 0,000844
революция 0,562119 0,000735
редактор 1,427116 0,000622
режим 0,653926 0,000285
результат 0,174353 0,000076
рекламный 1,966113 0,000857
рекомендация 0,776529 0,000677
рекомендовать 1,966113 0,000857
релевантность 3,912023 0,001706
ресурс 0,020203 0,000176
речь 1,514128 0,001321
решение 0,328504 0,000573
роберт 2,302585 0,001004
род 0,843970 0,000736
родственный 0,579818 0,000253
рождение 1,078810 0,000470
рой 3,218876 0,001404
российский 0,105361 0,000046
россия 0,174353 0,000076
русский -0,009950 -0,000009
рынок 0,713350 0,000311
сайт 0,210721 0,000827
сам 0,162519 0,000142
самостоятельно 2,120264 0,000925
самый 0,174353 0,000076
сбор 1,347074 0,000587
сведение 0,579818 0,001770
свободный -0,009950 -0,000004
свое 0,287682 0,000125
свой 0,150823 0,000132
связать 0,174353 0,000380
связаться -0,009950 -0,000004
связность 3,506558 0,001529
связь 0,174353 0,000228
сделать 0,616186 0,000537
себя 0,198451 0,000346
сегодня 0,616186 0,000269
сей 0,693147 0,000302
семантизированные 3,912023 0,001706
семантический 2,525729 0,018725
сендал 3,912023 0,001706
сентябрь 0,072571 0,000095
сервер 1,714798 0,003739
сервис 1,108663 0,000483
сессия 2,207275 0,000963
сетевой 1,049822 0,000916
сеть 0,356675 0,003267
синтаксис 2,407946 0,002100
система 0,051293 0,000224
системеобсуждениевкладсоздать -0,009950 -0,000004
скажем 3,506558 0,001529
скачать -0,009950 -0,000004
скорость 0,755023 0,000329
скрыть 2,207275 0,000963
следовать 0,235722 0,000206
словарь 0,094311 0,000082
слово 0,210721 0,000092
сложный 0,446287 0,000389
случай -0,009950 -0,000017
случайный 2,302585 0,001004
смена 1,272966 0,000555
смочь 1,203973 0,000525
снабдить 2,995732 0,001306
собственный 0,446287 0,000195
событияпожертвовать -0,009950 -0,000004
совершаться 2,120264 0,000925
совершенство 2,813411 0,001227
совершить 0,994252 0,000434
совет 0,462035 0,000201
совместимость 2,407946 0,001050
совместно 1,427116 0,000622
совместный 1,514128 0,000660
современный 0,150823 0,000197
согласно 0,301105 0,000394
содержание 0,010050 0,000004
содержать 0,634878 0,001938
соединение 1,237874 0,000540
создавать 0,798508 0,000696
создание 0,301105 0,000788
создать 0,210721 0,000184
сокр 2,525729 0,001101
сократить 1,560648 0,000681
сомнение 2,040221 0,000890
сообщить -0,009950 -0,000004
соответствие 0,371064 0,000324
соответствовать 0,371064 0,000485
состав 0,248461 0,000108
составление 2,207275 0,000963
состоять 0,385662 0,000168
сотни 1,427116 0,000622
сотня 1,609438 0,000702
сотрудник 1,386294 0,000605
соучредитель 3,218876 0,001404
сохранение -0,009950 -0,000004
сохраняться 1,108663 0,000483
социальный 0,527633 0,001151
сочетать 2,040221 0,000890
спектр 1,609438 0,000702
специалист 0,755023 0,000988
специальный 0,415515 0,000362
спецификация 2,207275 0,000963
список 0,210721 0,000092
способ 1,078810 0,001882
способный 1,309333 0,000571
способствовать 0,867501 0,000378
сразу 0,994252 0,000867
среда 0,385662 0,000168
средство 0,287682 0,000125
ссылка -0,009950 -0,000052
ссылкасведения -0,009950 -0,000004
стандарт 0,867501 0,001892
становиться 0,415515 0,000362
старый 0,314711 0,000137
статистик -0,009950 -0,000004
стать 0,083382 0,000182
статьислучайная -0,009950 -0,000004
статьисообществофорумсправкасвежие -0,009950 -0,000004
статья 0,020203 0,000115
статьяобсуждение -0,009950 -0,000004
статьятекущие -0,009950 -0,000004
степень 0,673345 0,000294
стиль 0,673345 0,000294
стоить 0,891598 0,000389
сторона 0,235722 0,000206
страница -0,009950 -0,000056
страницасодержаниеизбранные -0,009950 -0,000004
страницецитировать -0,009950 -0,000004
страницуполучить -0,009950 -0,000004
страницыслужебные -0,009950 -0,000004
строка 1,078810 0,000470
структура 0,400478 0,000349
структурировать 2,995732 0,001306
стюарт 3,912023 0,001706
субъект 0,597837 0,000261
существенно 1,108663 0,000483
существенный 1,237874 0,000540
существовать 0,020203 0,000026
схема 0,916291 0,000400
сценарий 2,525729 0,003304
считать 0,597837 0,000521
считаться 0,385662 0,000168
сша 0,562119 0,000245
сюдасвязанные -0,009950 -0,000004
такое 0,328504 0,000287
такой 0,162519 0,000709
тедом 3,912023 0,001706
текст -0,009950 -0,000013
текстовой 2,207275 0,001925
тема 0,693147 0,000605
тематический 0,510826 0,000223
теоретический 1,609438 0,000702
термин 0,198451 0,000173
тестирование 2,040221 0,000890
технический 0,462035 0,000201
технологический 1,272966 0,001110
технология 0,400478 0,001921
течение 0,314711 0,000137
течь 0,274437 0,000239
тим 3,218876 0,012634
тима 3,218876 0,001404
тимом 3,218876 0,005615
тиму 3,912023 0,001706
тип 0,072571 0,000032
товарный -0,009950 -0,000004
той 0,994252 0,000867
токенов 3,506558 0,001529
толчок 2,040221 0,000890
точно 1,966113 0,000857
точность 2,302585 0,001004
традиционно 1,347074 0,000587
традиционный 0,941609 0,000411
требование 0,967584 0,000844
требовать 0,562119 0,001226
третий 0,616186 0,000269
трудно 2,207275 0,000963
тыл 1,771957 0,000773
увеличиться 0,843970 0,000368
увидеть 1,560648 0,000681
угроза 1,469676 0,000641
удалить 0,579818 0,000253
удачный 2,207275 0,000963
удвоиться 3,218876 0,001404
удобный 1,427116 0,000622
узел 0,527633 0,000230
уиллиамс 3,912023 0,001706
указание -0,009950 -0,000004
указать 0,083382 0,000036
улучшение 1,309333 0,001142
улучшить 1,049822 0,000458
уметь 2,813411 0,001227
умолчание 2,525729 0,001101
универсальный 0,544727 0,000238
уникальный 0,776529 0,000677
уолш 3,912023 0,001706
упорядочивание 3,506558 0,001529
управление 0,248461 0,000433
уровень 0,150823 0,000066
условие -0,009950 -0,000017
условно 2,040221 0,000890
усовершенствовать 2,659260 0,001160
установить 0,328504 0,000143
установка 1,272966 0,000555
устройство 0,527633 0,000230
уточнение 1,469676 0,000641
уточнить 1,714798 0,000748
участие -0,009950 -0,000004
участник 0,510826 0,000446
участок 0,616186 0,000537
ученый 0,653926 0,000285
учетный -0,009950 -0,000004
уязвимый 2,995732 0,001306
файл 1,347074 0,003525
факт 0,634878 0,000277
фамилия 2,407946 0,001050
февраль 0,051293 0,000112
фестиваль 1,021651 0,000446
филдинг 3,912023 0,003412
филк-группа 3,912023 0,001706
финансовый 0,733969 0,000320
фирма 1,386294 0,000605
фолксономия 3,506558 0,001529
фонд -0,009950 -0,000004
формальный 1,832581 0,000799
формат 0,843970 0,001104
форум 1,203973 0,001050
фотография 1,108663 0,001450
французский 1,309333 0,000571
фристик 3,912023 0,001706
функция 0,693147 0,000302
хайай 3,912023 0,001706
хотя 0,653926 0,000285
хранение 1,309333 0,001142
хранить 1,832581 0,000799
хулиган 3,912023 0,001706
централизовать 1,427116 0,000622
цеплять 3,912023 0,001706
церна 3,506558 0,001529
цифровой 0,562119 0,000245
частично 0,653926 0,000285
частное 1,514128 0,000660
частный 0,634878 0,000277
часто 0,415515 0,000181
часть 0,061875 0,000054
чат 3,506558 0,001529
человек 0,186330 0,000488
человеческий 1,309333 0,001142
четко 1,897120 0,000827
читать 1,832581 0,000799
читатьправитьправить 0,494296 0,000216
чтение 1,714798 0,001496
шаблон 0,462035 0,000604
шаблоневикипедия 3,912023 0,001706
шаг 1,714798 0,001496
швейцария 2,302585 0,001004
широкий 0,494296 0,000431
широко 0,653926 0,000285
шпионаж 3,506558 0,001529
эволюция 1,560648 0,000681
экономика 0,400478 0,000175
экспорт -0,009950 -0,000004
электронный 0,478036 0,000417
энквайр 3,912023 0,001706
энтузиаст 2,659260 0,001160
энциклопедия -0,009950 -0,000009
эраскрытые 3,912023 0,001706
являться 0,040822 0,000142
ядерный 1,771957 0,000773
ядро 1,171183 0,000511
язык -0,009950 -0,000043
январь 0,105361 0,000184
японский 1,469676 0,000641
