аббревиатуру 3,912023 0,001706
августа 0,072571 0,000095
автором 1,966113 0,000857
авторства -0,009950 -0,000004
агентств 2,525729 0,001101
адрес 1,609438 0,001404
адресной 3,912023 0,001706
адресу 1,966113 0,000857
аза 3,912023 0,001706
активно 0,755023 0,000659
активного 2,040221 0,002669
активное 1,469676 0,000641
активности 1,560648 0,000681
алфавитувикипедия 0,776529 0,000339
альперт 3,912023 0,001706
амер 2,302585 0,001004
аналогичным 2,813411 0,001227
англ 0,174353 0,002433
английском 2,659260 0,001160
аннотирование 3,506558 0,001529
антивирусных 3,912023 0,001706
аппаратурой 3,506558 0,001529
апреля 0,174353 0,001521
архив 0,462035 0,000403
архивированная 1,560648 0,000681
архивировано 0,020203 0,000264
архивная 0,400478 0,000699
архитектуры 0,755023 0,000329
ассоциации 1,771957 0,000773
ассоциирован 3,912023 0,001706
атак 2,813411 0,001227
атласов 3,912023 0,001706
аутентификацию 3,912023 0,001706
базе 0,776529 0,000339
базы 1,108663 0,000483
баш 3,506558 0,001529
безопасности 1,139434 0,000497
безопасность 1,469676 0,001923
беларуская 0,000000 0,000000
бернерс-ли 3,506558 0,015292
бернерса-ли 3,218876 0,002808
бернерсом-ли 3,218876 0,005615
библиографических 0,094311 0,000041
библиотека 0,462035 0,000201
бизнес-правил 3,506558 0,001529
бизнеса 0,967584 0,000422
благодаря 0,527633 0,000230
блог 2,302585 0,001004
блоги 2,995732 0,001306
блокчейна 2,813411 0,001227
большая 0,072571 0,000190
большинство 0,597837 0,001304
браузер 2,525729 0,001101
браузера 2,659260 0,003479
браузере 2,995732 0,001306
браузеров 2,813411 0,001227
браузеры 2,525729 0,003304
британского 2,525729 0,001101
брэй 3,912023 0,001706
будущее 1,386294 0,000605
буш 3,506558 0,001529
бушем 3,506558 0,001529
български 0,000000 0,000000
быстрого 1,966113 0,001715
важнейшие 2,302585 0,001004
важно 2,120264 0,000925
ванна 0,000000 0,000000
варьируются 3,218876 0,001404
введен 1,427116 0,000622
введение 1,609438 0,000702
введением 2,302585 0,001004
ввод 1,897120 0,000827
веб 2,659260 0,003479
веб-браузер 3,218876 0,002808
веб-браузера 3,506558 0,001529
веб-дизайна 3,912023 0,001706
веб-документов 3,506558 0,001529
веб-каналы 3,912023 0,001706
веб-мастером 3,912023 0,001706
веб-пользователей 3,912023 0,001706
веб-пространстве 3,912023 0,001706
веб-сайт 2,813411 0,004908
веб-сайтов 3,218876 0,002808
веб-сайтом 3,506558 0,001529
веб-сервер 3,218876 0,004211
веб-сервера 3,506558 0,004588
веб-сервере 3,912023 0,003412
веб-серверов 3,506558 0,003058
веб-серверу 3,506558 0,001529
веб-серверы 3,912023 0,001706
веб-сеть 3,912023 0,001706
веб-страниц 2,813411 0,007362
веб-страница 3,506558 0,001529
веб-страницами 3,912023 0,001706
веб-страницей 3,912023 0,001706
веб-страницу 3,506558 0,001529
веб-уязвимости 3,912023 0,001706
веба 3,506558 0,004588
вебе 3,912023 0,001706
ведома 3,912023 0,001706
венчурные 3,912023 0,001706
вер 3,506558 0,001529
версия -0,009950 -0,000013
верстальщиком 3,912023 0,001706
версткой 3,912023 0,001706
весьма 1,514128 0,000660
взаимодействии 3,912023 0,001706
взаимосвязь 2,659260 0,001160
взял 2,659260 0,001160
виде 0,235722 0,000103
видишь 3,506558 0,001529
видом 1,514128 0,000660
виду 1,966113 0,000857
визитами 3,912023 0,001706
визуального 2,995732 0,001306
вики 2,995732 0,001306
викиданных -0,009950 -0,000004
викимедиа -0,009950 -0,000004
википедии -0,009950 -0,000022
википедия -0,009950 -0,000017
викисклад 1,897120 0,000827
викискладвикиновостиэлемент 1,897120 0,000827
викискладе 0,174353 0,000076
викисловаремедиафайлы 2,120264 0,000925
викисловарьстатьи 1,347074 0,000587
включает 0,462035 0,000201
включать 1,897120 0,000827
вне 1,560648 0,001361
внедрении 3,218876 0,001404
внедряться 3,506558 0,001529
внедряются 2,995732 0,001306
внедряющая 3,912023 0,001706
внешние 0,051293 0,000022
внимание 1,347074 0,000587
внимания 1,897120 0,000827
внутренней 2,040221 0,000890
возглавляемый 3,912023 0,001706
возможного 2,659260 0,001160
возможности 0,891598 0,000778
возможность 0,616186 0,000537
возможностью 2,207275 0,000963
возможностями 2,040221 0,001780
возможным 2,207275 0,000963
война 1,171183 0,000511
вокруг 0,693147 0,000302
волшебные 0,040822 0,000018
вольно 3,506558 0,001529
вообще 1,560648 0,000681
воспринимать 3,912023 0,001706
восприятия 3,218876 0,001404
впечатляющий 3,912023 0,001706
вплоть 1,108663 0,000483
вредоносного 3,218876 0,001404
вредоносный 3,912023 0,001706
времени 0,186330 0,000081
временивикипедия 2,407946 0,001050
время 0,030459 0,000040
вроде 2,302585 0,001004
всеми 1,386294 0,000605
всемирная 1,714798 0,008226
всемирной 1,897120 0,026475
всемирную 2,659260 0,004639
всему 1,272966 0,000555
всеобъемлющее 3,912023 0,001706
вспомогательных 2,995732 0,001306
всяких 3,218876 0,001404
второго 1,139434 0,000497
вудом 3,506558 0,001529
выводов 3,506558 0,001529
выводы 2,659260 0,001160
выглядит 2,659260 0,002319
выдает 3,506558 0,001529
вызвала 2,207275 0,000963
вызвать 2,995732 0,001306
выполнение 2,040221 0,000890
выполняющих 3,506558 0,001529
вычисления 2,040221 0,000890
выявлять 3,218876 0,001404
гарантирующих 3,912023 0,001706
генерировать 3,506558 0,001529
геотегинг 3,506558 0,001529
геттис 3,912023 0,001706
гибкостью 3,218876 0,001404
гиперссылками 3,912023 0,001706
гиперссылки 3,218876 0,004211
гипертекст 3,506558 0,004588
гипертекста 2,995732 0,007839
гипертекстовом 3,912023 0,001706
гипертекстовые 3,912023 0,001706
гипертекстовый 3,912023 0,003412
гипертекстовых 3,506558 0,003058
главной 0,941609 0,000411
глобальный 2,302585 0,001004
говоря 2,525729 0,001101
год 0,235722 0,000514
года -0,009950 -0,000143
годавикипедия 0,616186 0,000537
годов 0,356675 0,000156
годом 0,941609 0,000411
году 0,072571 0,000190
голосовой 3,912023 0,001706
гораздо 1,714798 0,000748
гостевую 3,912023 0,001706
гостевые 3,506558 0,001529
грамотном 3,912023 0,001706
греческой 2,659260 0,001160
группа 0,693147 0,000605
группе 1,832581 0,000799
группы 0,634878 0,000277
гэвином 3,506558 0,001529
дала 2,525729 0,001101
данном 2,040221 0,000890
данные 0,510826 0,000446
данный 0,713350 0,000311
данным 0,415515 0,001087
данных 0,616186 0,002150
дата 0,030459 0,000306
датская 0,342490 0,000149
дают 2,040221 0,000890
две 0,527633 0,000230
двух 0,462035 0,000201
деанонимизирован 3,912023 0,001706
действовать -0,009950 -0,000004
декабре 0,798508 0,000348
декабря 0,105361 0,000230
делает 1,771957 0,000773
делается 2,525729 0,001101
делать 1,832581 0,000799
делающей 3,912023 0,001706
деление 0,673345 0,000294
демографических 3,218876 0,001404
дерева 2,302585 0,001004
дескрипционная 3,506558 0,001529
десяти 1,560648 0,000681
децентрализация 3,218876 0,001404
джекл 3,912023 0,001706
джессе 3,912023 0,001706
дизайном 3,912023 0,001706
динамически 3,218876 0,001404
диске 3,506558 0,001529
дискуссию 3,912023 0,001706
добавления 2,659260 0,001160
довольно 0,891598 0,000389
дознаватель 3,912023 0,001706
документ 2,525729 0,001101
документам 3,218876 0,001404
документов 0,653926 0,000570
документы 1,386294 0,001209
долгосрочное 3,506558 0,001529
должна 0,544727 0,000238
должны 1,021651 0,000446
доменное 3,218876 0,002808
доменных 3,218876 0,001404
дополнением 2,995732 0,001306
дополнительные -0,009950 -0,000004
достаточной 3,506558 0,001529
достигается 2,659260 0,001160
достигло 1,966113 0,000857
достоверность 2,659260 0,005799
доступ 1,203973 0,001575
доступа 1,309333 0,000571
доступен -0,009950 -0,000009
доступна 2,302585 0,002008
доступной 2,525729 0,001101
доступном 3,912023 0,001706
доступным 2,813411 0,001227
друг 1,108663 0,000483
другие 0,030459 0,000080
других -0,009950 -0,000017
другу 2,659260 0,001160
дублинское 3,506558 0,001529
дэвид 2,407946 0,001050
дэн 3,506558 0,001529
европейском 3,218876 0,001404
единообразные 3,912023 0,001706
единообразный 3,912023 0,001706
единственное 2,302585 0,001004
единые 3,506558 0,003058
женеве 3,506558 0,001529
жестком 3,506558 0,001529
журнале 2,813411 0,001227
журналисты 2,813411 0,001227
зависимости 0,798508 0,001045
заглавная -0,009950 -0,000009
загруженное 3,912023 0,001706
загрузки 2,995732 0,001306
задавать 2,995732 0,001306
задачи 1,469676 0,000641
заинтересовались 3,506558 0,001529
законов 1,660731 0,000724
закончена 3,218876 0,001404
заложены 2,995732 0,001306
заложила 3,506558 0,001529
заменить 0,562119 0,000245
занятий 2,525729 0,001101
записаны 2,995732 0,001306
записи 1,560648 0,001361
записывают 2,995732 0,001306
записьвойти -0,009950 -0,000004
запрашивает 3,912023 0,003412
запрос 1,514128 0,001981
запросившему 3,912023 0,001706
запросов 2,407946 0,002100
запросы 1,897120 0,000827
запускаемая 3,912023 0,001706
зарегистрированный -0,009950 -0,000004
засек 3,506558 0,001529
затем 0,527633 0,000690
зашифрованное 3,912023 0,001706
защитных 3,218876 0,001404
защиту 1,897120 0,000827
защищенности 3,218876 0,001404
защищены 3,218876 0,001404
заявление -0,009950 -0,000004
збекча 0,000000 0,000000
злонамеренный 3,912023 0,001706
знак -0,009950 -0,000004
знания 1,832581 0,001598
знаниями 3,506558 0,001529
значительным 2,040221 0,000890
игроки 2,813411 0,001227
идеале 3,218876 0,001404
идеей 3,506558 0,001529
идентификатор 3,506558 0,001529
идентификаторов 3,506558 0,001529
идентификаторы 0,693147 0,000605
идентификации 2,995732 0,001306
известный 0,941609 0,000411
извлечено 3,912023 0,001706
излишне 3,912023 0,001706
изложенных 3,218876 0,001404
изложить 3,506558 0,001529
изменения 0,562119 0,000245
изображена 2,659260 0,001160
изобретателями 3,506558 0,001529
изобретены 3,506558 0,001529
иллюстрирующий 3,912023 0,001706
имеет 0,235722 0,000103
имен 1,771957 0,000773
именно 0,544727 0,000713
имеют 0,371064 0,000162
имеющейся 3,506558 0,001529
имя 0,891598 0,001167
индексировалось 3,912023 0,001706
индексирование 3,912023 0,001706
индексированы 3,912023 0,001706
индии 2,040221 0,000890
инженеры 2,659260 0,001160
иного 2,525729 0,001101
инструкции 2,207275 0,000963
инструментов 1,771957 0,000773
инструменты -0,009950 -0,000009
интеграции 2,207275 0,000963
интеллект 2,659260 0,001160
интерактивное 3,912023 0,001706
интерактивных 3,218876 0,001404
интерес 1,714798 0,001496
интересах 2,813411 0,001227
интернационализа 0,000000 0,000000
интернет 0,916291 0,002797
интернет-каталогом 3,912023 0,001706
интернет-содержимого 3,912023 0,001706
интернета 1,771957 0,003864
интернете 1,771957 0,002318
интернету 2,525729 0,001101
интерфейсов 2,813411 0,001227
информации 0,446287 0,002141
информационном 3,218876 0,001404
информационных 1,139434 0,001491
информацию 1,237874 0,002159
информация 0,446287 0,000584
инфраструктурную 3,506558 0,001529
инъекция 3,912023 0,001706
иных 1,469676 0,000641
исполнение 1,966113 0,000857
исполнения 1,469676 0,000641
исполняет 2,407946 0,001050
использовала 2,659260 0,001160
использование 0,891598 0,000389
использования -0,009950 -0,000013
использоваться 1,714798 0,000748
использует 1,514128 0,001321
используется 0,616186 0,000806
используют 1,309333 0,000571
используются 0,916291 0,001199
использующая 3,218876 0,001404
использующей 3,912023 0,001706
использующие 0,040822 0,000018
исследование 1,427116 0,000622
исследованиям 2,040221 0,002669
истоки 2,040221 0,000890
историческое 1,660731 0,000724
история 0,051293 0,000089
источник -0,009950 -0,000009
источника 1,832581 0,000799
июль 0,579818 0,000506
июля 0,116534 0,000356
июнь 0,544727 0,000238
июня 0,116534 0,000559
каждый 0,733969 0,000640
кайо 3,506558 0,001529
карты 0,941609 0,000411
каталогах 0,094311 0,000041
категории -0,009950 -0,000009
категорий 1,966113 0,000857
кафетерии 3,506558 0,001529
качестве 0,478036 0,000208
кибератак 3,506558 0,001529
киберпреступников 3,912023 0,003412
китае 2,040221 0,000890
китайская 0,776529 0,000677
классифицировать 3,506558 0,001529
клиента 2,995732 0,001306
клиентском 3,912023 0,001706
ключевым 2,813411 0,001227
книги 0,916291 0,000799
книгу 1,514128 0,000660
код -0,009950 -0,000061
кода 0,798508 0,000348
кодекс -0,009950 -0,000004
кодистория 0,116534 0,000051
количество 0,328504 0,000287
количеству 1,309333 0,000571
коллективный 3,218876 0,001404
компании 0,579818 0,000759
компаний 0,967584 0,001266
компьютер 2,659260 0,003479
компьютерах 2,995732 0,001306
компьютере 2,120264 0,002774
компьютерная 2,659260 0,001160
компьютерной 2,207275 0,000963
компьютеров 1,897120 0,001655
компьютеру 3,506558 0,004588
конкретизациивикипедия 1,714798 0,000748
конкретного 2,302585 0,002008
конкретным 2,813411 0,001227
конкретных 2,407946 0,001050
конноли 3,912023 0,001706
консолидацию 3,912023 0,001706
консорциум 2,659260 0,002319
консорциума 2,525729 0,003304
консорциуму 3,912023 0,001706
консультантом 3,912023 0,001706
контент 3,218876 0,001404
контентом 3,912023 0,003412
конфиденциальности -0,009950 -0,000009
конфиденциальность 3,218876 0,002808
конце 0,430783 0,000188
концептуальную 3,912023 0,001706
концепции 1,347074 0,000587
концепцию 2,207275 0,000963
концепция 1,966113 0,001715
копия 0,328504 0,000716
короткий -0,009950 -0,000004
корректно 2,659260 0,001160
которая 0,287682 0,000627
которого 0,301105 0,000131
которое 0,478036 0,000625
которой 0,174353 0,000076
котором 0,301105 0,000131
которые 0,162519 0,000284
который 0,105361 0,000138
которым 0,798508 0,000348
которых 0,094311 0,000206
коттон 3,912023 0,001706
кража 3,506558 0,001529
криптовалютные 3,218876 0,001404
крис 3,506558 0,001529
кроме 0,235722 0,000206
крупнее 3,506558 0,001529
крупные 0,579818 0,000506
куки -0,009950 -0,000004
кыргызча 0,000000 0,000000
кэшируют 3,912023 0,001706
легитимных 3,912023 0,001706
легко 1,966113 0,000857
летом 0,597837 0,000261
либо 0,000000 0,000000
лидера 3,506558 0,001529
лилли 3,912023 0,001706
литература 0,061875 0,000054
лицензии -0,009950 -0,000004
лич 3,912023 0,001706
личных 2,525729 0,003304
лишь 0,478036 0,000208
логика 2,207275 0,000963
логические 2,659260 0,001160
локальном 3,506558 0,003058
локаторы 3,912023 0,003412
лучано 3,912023 0,001706
любые 2,207275 0,000963
любым 2,525729 0,001101
любых 2,120264 0,000925
людей 0,693147 0,000605
мазинтер 3,912023 0,001706
майк 3,218876 0,001404
мариймакедонски 0,000000 0,000000
марио 3,506558 0,001529
маркетологов 3,912023 0,001706
март 0,616186 0,000537
марта 0,139262 0,000061
материал -0,009950 -0,000004
мая 0,139262 0,000547
межсайтовое 3,912023 0,001706
мендельсон 3,912023 0,001706
меньшей 2,207275 0,000963
местных 1,108663 0,000483
местонахождения 3,506558 0,001529
месяцев 1,171183 0,000511
метаданные 2,659260 0,001160
метаданных 3,506558 0,001529
механизм 1,660731 0,000724
механических 2,659260 0,001160
микроданные 3,506558 0,001529
микроформаты 3,506558 0,003058
миллиарда 1,966113 0,002572
миллиардов 2,302585 0,002008
миллионов 1,078810 0,000941
миллионы 2,995732 0,001306
мире 0,494296 0,001293
миру 1,560648 0,000681
миссия 2,525729 0,001101
мифологии 2,525729 0,001101
мнению 0,967584 0,000422
мнения 2,120264 0,000925
многие 0,356675 0,000156
множества 2,120264 0,000925
мобильная -0,009950 -0,000004
могул 3,912023 0,001706
могут -0,009950 -0,000026
монгол 0,000000 0,000000
мошенничество 2,813411 0,001227
мощный 2,207275 0,000963
музыкального 2,525729 0,001101
мультимедийных 3,506558 0,001529
мягкие 3,506558 0,001529
набор 1,469676 0,000641
набрало 3,912023 0,001706
навигации -0,009950 -0,000004
навигация -0,009950 -0,000009
надеяться 3,912023 0,001706
надстройка 3,912023 0,001706
название 0,198451 0,000173
названии 1,771957 0,000773
назначении 3,218876 0,001404
называвшийся 2,995732 0,002613
называемые 1,660731 0,000724
называемых 2,040221 0,000890
называется 0,916291 0,000400
называть 1,966113 0,000857
называются 1,832581 0,001598
наиболее 0,139262 0,000061
найти 1,771957 0,000773
наметились 3,912023 0,001706
нами -0,009950 -0,000004
нападений 2,659260 0,001160
написал 1,897120 0,002482
написания 1,897120 0,000827
направлений 1,108663 0,000483
направления 0,755023 0,000659
например 0,328504 0,000287
наработки 3,506558 0,001529
настаивал 3,912023 0,001706
настоящее 0,328504 0,000287
настоящую 3,912023 0,001706
настроек 3,506558 0,001529
настройки 2,813411 0,001227
находилось 1,771957 0,000773
находит 2,207275 0,000963
находить 2,813411 0,001227
находятся 0,527633 0,000230
находящихся 2,207275 0,000963
начала 0,314711 0,000137
началось 0,616186 0,000269
начата 2,659260 0,001160
начинают 1,771957 0,000773
небольшой 1,427116 0,000622
невидимой 3,506558 0,001529
недостатков 0,653926 0,000285
недостаточном 3,912023 0,001706
независимо 1,966113 0,001715
незаконный 2,995732 0,001306
некоммерческой -0,009950 -0,000004
некоторые 0,301105 0,000131
некоторым 1,966113 0,000857
нельсоном 3,912023 0,001706
немецкий 1,427116 0,000622
немногочисленная 3,506558 0,001529
необходимо 1,237874 0,000540
необходимой 2,407946 0,001050
неопытных 3,912023 0,001706
неосторожное 3,506558 0,001529
неразрывно 2,995732 0,001306
несколько 0,150823 0,000197
ниссан 3,912023 0,001706
новинки 3,218876 0,001404
нововведение 3,218876 0,001404
новые 0,342490 0,000149
новый 0,446287 0,000195
новых 0,430783 0,000188
ной 3,506558 0,001529
норвежская 0,248461 0,000108
норман 3,912023 0,001706
нотация 2,995732 0,001306
ноября 0,127833 0,000446
нська 0,000000 0,000000
нужд 1,660731 0,000724
нуждается 2,302585 0,001004
нужно 1,049822 0,000458
нужного 2,995732 0,001306
нужную 3,912023 0,001706
нужные 3,912023 0,001706
обеспечению 2,407946 0,001050
обеспечения 0,867501 0,000757
обеспечивающих 2,207275 0,000963
обеспечить 2,120264 0,000925
области 0,223144 0,000097
облегчило 3,506558 0,001529
обобщающее 3,912023 0,001706
обозначает 2,813411 0,001227
обозначения 1,660731 0,002173
обозревателей 3,912023 0,001706
обороты 2,995732 0,001306
оборудования 1,049822 0,000458
обрабатывать 2,813411 0,001227
образом 0,371064 0,000485
образует 0,994252 0,000434
образуют 1,771957 0,001546
обратить 2,995732 0,001306
обращение 1,832581 0,000799
обращения 0,030459 0,000306
обслуживания 1,469676 0,000641
обсуждений 3,506558 0,001529
обсуждения 2,525729 0,001101
общей 0,597837 0,000261
объединенных 2,120264 0,000925
объектах 2,525729 0,001101
объем 0,616186 0,000537
объявили 2,659260 0,001160
обычно 0,693147 0,000907
ограниченными 2,040221 0,000890
одна 0,527633 0,000230
однако 0,174353 0,000304
одно 0,693147 0,000605
одновременно 0,776529 0,000339
одной 0,371064 0,000162
одном 1,139434 0,000497
ожидалось 3,506558 0,001529
оказалась 1,771957 0,000773
октябре 0,967584 0,000422
октября 0,083382 0,000109
олык 0,000000 0,000000
онлайн 0,198451 0,000087
оно 0,000000 0,000000
онтологии 3,218876 0,002808
описание -0,009950 -0,000004
описанием 2,813411 0,001227
описанию 2,659260 0,001160
описания 1,832581 0,000799
определения 1,560648 0,000681
определенный 2,120264 0,002774
определенным 2,120264 0,000925
определено 2,659260 0,001160
определяет 1,714798 0,000748
определял 2,995732 0,001306
опубликовал 2,302585 0,001004
организации -0,009950 -0,000009
организаций 0,776529 0,000339
организация 0,891598 0,000778
оригинала 0,162519 0,000142
оркард 3,912023 0,001706
ортса 0,000000 0,000000
основан 0,579818 0,000253
основания 0,713350 0,000311
основанный 1,386294 0,000605
основано 1,966113 0,000857
основе 0,494296 0,000647
основная 0,116534 0,000051
основную 1,832581 0,000799
основные 0,223144 0,000195
основным 0,616186 0,000269
основу 1,203973 0,000525
основы 1,560648 0,000681
особенности 0,994252 0,000867
осознанно 3,912023 0,001706
осуществления 1,832581 0,000799
ответ 1,560648 0,000681
ответственности -0,009950 -0,000004
ответы 1,514128 0,000660
отдает 3,506558 0,001529
отдельным 2,207275 0,000963
отдельных -0,009950 -0,000004
отдыхе 3,506558 0,001529
отказ -0,009950 -0,000004
открывает 2,120264 0,000925
открытой 2,207275 0,000963
открыты 1,049822 0,000458
открытый 1,049822 0,000458
открытым 1,309333 0,000571
отметки 1,966113 0,000857
относятся 0,713350 0,000311
отображение 2,525729 0,001101
отображения 2,525729 0,004406
отправляет 2,813411 0,001227
отредактирована -0,009950 -0,000004
отсканированные 3,912023 0,001706
отслеживания 3,506558 0,001529
отчасти 2,302585 0,001004
отчислений 3,912023 0,001706
официально 0,693147 0,000302
официальный 0,510826 0,000223
оформления 2,407946 0,001050
оценкам 1,609438 0,001404
оценки 1,609438 0,000702
очень 0,494296 0,000431
очередной 2,040221 0,000890
очередь 0,527633 0,000230
ошибкекак -0,009950 -0,000004
памяти 1,078810 0,000941
пародийная 3,912023 0,001706
пассивно 3,912023 0,001706
патентами 3,912023 0,001706
паути 0,000000 0,000000
паутина 3,218876 0,026672
паутинавсемирная 3,912023 0,001706
паутинаинтернетинформационная 3,912023 0,001706
паутинаосновы 3,506558 0,001529
паутине 3,218876 0,015442
паутиной 3,912023 0,001706
паутину 3,506558 0,006117
паутины 2,407946 0,024153
первая 0,430783 0,000188
первой 0,462035 0,000201
первом 1,237874 0,000540
первый 0,385662 0,000841
первым 0,597837 0,000261
перевести 2,302585 0,001004
передаваться 3,506558 0,001529
передачи 1,560648 0,000681
передаются 3,506558 0,001529
перейти -0,009950 -0,000009
перемещаться 2,995732 0,002613
переработке 2,120264 0,001849
переработкестатьи 3,506558 0,001529
период 0,342490 0,000299
персональные -0,009950 -0,000004
персональных 2,525729 0,001101
перспективы 1,347074 0,001175
печати -0,009950 -0,000004
печать -0,009950 -0,000004
писать 2,407946 0,001050
платформы 1,272966 0,000555
плетя 3,506558 0,001529
по-французски 3,912023 0,001706
поведения -0,009950 -0,000004
повседневной 2,995732 0,001306
повсеместного 3,506558 0,001529
повторного 3,218876 0,001404
поддающиеся 3,506558 0,001529
поддерживает 1,609438 0,000702
поддерживал 2,995732 0,001306
подкатегориям 3,912023 0,001706
подключенном 3,506558 0,001529
подключенных 3,506558 0,001529
подобного 2,407946 0,001050
подобные 1,609438 0,000702
подобных 2,040221 0,000890
подобрать 3,506558 0,001529
подпадают 3,912023 0,001706
подразделы 3,506558 0,001529
подразумевал 3,506558 0,001529
подробнее -0,009950 -0,000004
подходе 2,659260 0,001160
пожалуйста 1,469676 0,001282
позволяет 0,755023 0,000329
позже 0,733969 0,000320
позиционировании 3,912023 0,001706
поиск -0,009950 -0,000013
поиска 1,966113 0,000857
поисковик 3,912023 0,001706
поисковыми 3,912023 0,001706
поиску -0,009950 -0,000004
показателях 3,506558 0,001529
показывать 2,995732 0,001306
покупает 3,506558 0,001529
пол 1,897120 0,000827
полагается 2,813411 0,001227
политика -0,009950 -0,000004
политику 2,302585 0,001004
полного 1,660731 0,000724
полностью 0,400478 0,000175
полную 2,207275 0,000963
полный 1,272966 0,000555
поло 2,995732 0,001306
положения 1,309333 0,000571
получает 1,660731 0,000724
полученной 2,995732 0,001306
получившийся 3,912023 0,001706
получишь 3,506558 0,001529
пользователей 1,714798 0,002244
пользователь 2,813411 0,002454
пользовательский 2,659260 0,001160
пользователя 1,966113 0,001715
пользователям 2,995732 0,003919
пользующегося 3,912023 0,001706
поля 1,427116 0,000622
помимо 0,562119 0,000245
помогают 2,995732 0,002613
помощниками 3,506558 0,001529
помощью 0,634878 0,000554
понимать 2,659260 0,001160
понравилось 2,995732 0,001306
понятие 1,469676 0,001923
понятиями 2,659260 0,001160
понятного 3,912023 0,001706
понятной 3,912023 0,001706
понятным 3,218876 0,001404
понять 2,995732 0,001306
поощряли 3,912023 0,001706
попаданию 3,912023 0,001706
пополнять 3,506558 0,001529
попросил 3,912023 0,001706
популярная 2,407946 0,001050
популярное 2,995732 0,001306
попытались 2,813411 0,001227
попытки 1,660731 0,000724
пор 0,941609 0,000411
посетителей 1,966113 0,000857
посещенных 3,912023 0,001706
последний -0,009950 -0,000004
последующими 2,995732 0,001306
поставлена 2,407946 0,001050
поставщики 3,218876 0,001404
постоянного 0,693147 0,000302
поступил 3,218876 0,001404
потенциал 1,347074 0,000587
поток 1,660731 0,000724
потребительских 2,525729 0,001101
почта 1,609438 0,000702
появившейся 3,506558 0,001529
пояснений 3,506558 0,001529
правами 2,659260 0,001160
правилами 1,771957 0,000773
правило 0,891598 0,000389
править -0,009950 -0,000113
правкиновые -0,009950 -0,000004
правкипостоянная -0,009950 -0,000004
превосходят 2,813411 0,001227
пределах 0,510826 0,000223
предлагаемые 3,912023 0,001706
предлагал 3,506558 0,001529
предлагающие 3,218876 0,001404
предложение 2,525729 0,001101
предложил 1,832581 0,001598
предмет 2,120264 0,000925
предметом 1,560648 0,000681
предоставляет 1,347074 0,000587
предоставляют 1,427116 0,000622
предоставляющая 2,995732 0,001306
предполагает 1,832581 0,000799
предпочел 3,912023 0,001706
предпочитаемом 3,912023 0,001706
предпочитают 3,218876 0,001404
предприятия 0,713350 0,000311
предсказано 3,506558 0,001529
представились -0,009950 -0,000004
представить 2,302585 0,001004
представление 1,514128 0,000660
представленная 2,525729 0,001101
представляет 0,446287 0,000195
представлять 2,525729 0,001101
представляют 1,237874 0,000540
предыдущими 3,218876 0,001404
преимуществу 3,912023 0,001706
преступности 2,120264 0,000925
привести 1,832581 0,000799
приводила 3,218876 0,001404
приводить 2,813411 0,001227
придуман 3,218876 0,001404
призвана 3,218876 0,001404
прийти 3,506558 0,001529
приложений 1,832581 0,000799
приложения 1,514128 0,000660
применяется 1,714798 0,000748
примерно 0,634878 0,000277
примеру 2,040221 0,001780
примечания -0,009950 -0,000009
принимать 1,660731 0,000724
принципов 2,302585 0,001004
принципы 1,771957 0,002318
проблем 0,798508 0,000696
проблему 1,514128 0,000660
проверить 2,207275 0,000963
проверки 0,994252 0,000867
проверкивикипедия 3,506558 0,001529
проводимым 3,912023 0,001706
проводить 2,302585 0,001004
программ 1,203973 0,000525
программа 0,994252 0,001734
программирования 1,714798 0,000748
программного 1,660731 0,002173
программной 2,995732 0,001306
программному 3,506558 0,001529
программными 2,813411 0,001227
программу 1,609438 0,000702
программы 0,713350 0,000622
продаваться 3,912023 0,001706
продукта 2,207275 0,000963
продуктами 3,218876 0,001404
продукты 1,832581 0,000799
проект 0,400478 0,000524
проекта 0,616186 0,001075
проектах -0,009950 -0,000004
проектахзначения 1,237874 0,000540
проекты 1,108663 0,000483
производителя 2,995732 0,001306
производителями 3,912023 0,001706
произносится 3,506558 0,003058
промежуточных 2,813411 0,001227
просмотра 2,040221 0,001780
просмотрены 3,912023 0,001706
просмотреть 3,912023 0,001706
просмотры -0,009950 -0,000004
простейшем 3,506558 0,001529
пространстве 1,897120 0,000827
против 0,798508 0,000348
противопоставляют 3,912023 0,001706
противоречия 3,912023 0,001706
протокол 1,560648 0,001361
протоколирует 3,912023 0,001706
протоколов 2,207275 0,000963
прототип 2,525729 0,002203
профили 3,218876 0,002808
профиль 2,525729 0,002203
профиля 1,966113 0,000857
прочего 2,120264 0,001849
проявления 2,995732 0,001306
проявляется 2,995732 0,001306
прямых 2,407946 0,001050
публикацию 3,506558 0,001529
публикация 2,659260 0,001160
путем 0,941609 0,000411
пути 0,693147 0,000302
работа 0,891598 0,000389
работал 1,309333 0,000571
работала 2,525729 0,001101
работающая 2,995732 0,001306
работая 3,506558 0,001529
работу 0,693147 0,000302
развитие 0,314711 0,000274
развитием 1,171183 0,000511
развитии 1,078810 0,000470
развитию 0,843970 0,000736
развития 0,287682 0,000627
развитые 2,525729 0,001101
развлечениях 3,506558 0,001529
раздел 0,891598 0,000389
раздела 1,514128 0,000660
разделе 0,776529 0,000339
различных 0,385662 0,000336
разместил 3,912023 0,001706
разметке 3,912023 0,003412
разметки 2,659260 0,002319
размещаемые 3,912023 0,001706
размещен 2,302585 0,001004
размещенную 3,912023 0,001706
размещенных 3,506558 0,001529
разница 2,207275 0,000963
разных 0,510826 0,000223
разрабатывает 2,302585 0,001004
разрабатывают 3,912023 0,001706
разрабатывающая 3,912023 0,001706
разработал 2,525729 0,001101
разработала 3,218876 0,001404
разработанный 1,966113 0,000857
разработка 1,347074 0,000587
разработчики -0,009950 -0,000004
рамках 0,544727 0,000475
ранние 1,660731 0,000724
ранним 3,506558 0,001529
раньше 1,171183 0,000511
раскрытию 3,912023 0,003412
раскрыть 3,912023 0,001706
расположенным 3,506558 0,001529
расположенных 1,427116 0,000622
распределенная 2,813411 0,001227
распространение 1,237874 0,001080
распространении 3,912023 0,001706
распространения 1,660731 0,000724
распространенной 2,659260 0,001160
распространенным 2,525729 0,001101
распространяться 3,506558 0,001529
рассматривать 1,966113 0,000857
рассуждений 2,995732 0,001306
расходов 2,407946 0,001050
расширение 0,527633 0,000230
расширением 2,813411 0,001227
расширения 1,514128 0,000660
реального 2,120264 0,000925
реальный 1,897120 0,000827
революции 0,693147 0,000302
революцию 2,659260 0,002319
редактором 3,506558 0,001529
режиме 1,514128 0,000660
результат 1,469676 0,000641
рекламных 2,995732 0,001306
рекомендации 0,843970 0,000368
рекомендациями 3,506558 0,001529
рекомендуют 3,506558 0,001529
релевантности 3,912023 0,001706
ресурс 1,514128 0,001981
ресурса 3,218876 0,004211
ресурсами 2,040221 0,000890
ресурсов 0,798508 0,003482
ресурсы 0,020203 0,000026
речи 2,040221 0,000890
речь 2,120264 0,000925
решений 1,660731 0,001449
решения 0,967584 0,000844
ркл 0,000000 0,000000
рная 0,000000 0,000000
роберт 2,302585 0,001004
рода 1,560648 0,000681
роде 2,995732 0,001306
родственных 0,755023 0,000329
рождения 1,514128 0,000660
рой 3,912023 0,001706
россии 0,186330 0,000081
российская 0,186330 0,000081
русиньскыйсаха 0,000000 0,000000
русский -0,009950 -0,000004
русского 0,494296 0,000216
рынка 1,237874 0,000540
сайт 0,371064 0,000485
сайта 1,771957 0,000773
сайтами 3,912023 0,001706
сайтов 2,659260 0,002319
сайтом 3,506558 0,001529
сайты 0,478036 0,000208
сама 1,469676 0,000641
сами 1,560648 0,000681
самостоятельно 2,120264 0,000925
самый 0,579818 0,000253
сбор 2,407946 0,001050
сведений 1,609438 0,003509
сведения 0,867501 0,000378
сведениям 1,966113 0,000857
свободной -0,009950 -0,000004
свои 0,755023 0,000659
своим 0,967584 0,000422
свяжитесь -0,009950 -0,000004
связана 1,078810 0,000470
связанные 1,021651 0,000446
связанным 2,659260 0,001160
связанных 1,171183 0,001022
связи 0,235722 0,000308
связности 3,506558 0,001529
сделать 1,386294 0,001209
сегодня 0,616186 0,000269
семантизированные 3,912023 0,001706
семантическая 3,218876 0,012634
семантические 3,218876 0,002808
семантический 3,218876 0,002808
семантическое 3,506558 0,001529
семантической 3,218876 0,004211
сендал 3,912023 0,001706
сентября 0,072571 0,000095
сервер 2,120264 0,001849
сервера 2,207275 0,000963
сервере 3,506558 0,001529
сервером 2,525729 0,001101
сервисов 2,525729 0,001101
сессий 3,912023 0,001706
сетевой 2,813411 0,001227
сетевых 2,302585 0,001004
сети 0,494296 0,003880
сеть 0,616186 0,000537
сетью 1,714798 0,000748
синтаксис 2,525729 0,001101
синтаксисе 3,912023 0,001706
систем 0,798508 0,000348
система 0,235722 0,000206
системами 1,832581 0,000799
системеобсуждениевкладсоздать -0,009950 -0,000004
систему 0,673345 0,000294
системы 0,342490 0,000747
сих 1,078810 0,000470
скажем 3,506558 0,001529
скачать -0,009950 -0,000004
скоростью 2,302585 0,001004
скрыть 3,218876 0,001404
следующий 1,560648 0,000681
следующим 1,386294 0,000605
словари 0,116534 0,000102
слово 0,673345 0,000294
сложны 3,912023 0,001706
сложные 2,407946 0,001050
случае 0,843970 0,000368
случаем 3,506558 0,001529
случай 2,525729 0,001101
случайные 3,506558 0,001529
случаях -0,009950 -0,000004
смену 1,966113 0,000857
смогут 2,525729 0,001101
снабжен 3,506558 0,001529
собой 0,328504 0,000573
собственных 1,771957 0,000773
событияпожертвовать -0,009950 -0,000004
совершается 3,506558 0,001529
совершенной 3,506558 0,001529
совершенству 3,912023 0,001706
совете 2,525729 0,001101
совместимость 2,813411 0,001227
совместно 1,427116 0,000622
совместных 2,995732 0,001306
современные 0,916291 0,000799
современный 0,967584 0,000422
согласно 0,301105 0,000394
содержал 3,218876 0,001404
содержание 0,010050 0,000004
содержать 2,525729 0,001101
содержимого 2,407946 0,002100
содержимое 2,302585 0,002008
содержит 1,386294 0,000605
соединение 2,302585 0,001004
создаваемой 3,218876 0,001404
создавать 1,832581 0,000799
создание 0,733969 0,000640
созданию 1,609438 0,000702
создания 0,653926 0,000856
создано 1,347074 0,001175
сокр 2,525729 0,001101
сокращенной 2,995732 0,001306
сомнение 2,407946 0,001050
сообщить -0,009950 -0,000004
соответствии 0,446287 0,000195
соответствия 3,506558 0,001529
соответствующий 2,207275 0,000963
соответствующих 1,609438 0,000702
соответствующую 2,813411 0,001227
составе 0,616186 0,000269
составления 3,218876 0,001404
состоят 2,207275 0,000963
сотни 1,427116 0,000622
сотням 3,506558 0,001529
сотрудников 1,966113 0,000857
соучредителем 3,912023 0,001706
сохранением -0,009950 -0,000004
сохраняется 1,560648 0,000681
социальная 1,514128 0,001321
социальные 1,660731 0,002173
сочетают 3,506558 0,001529
спа 0,000000 0,000000
спектр 1,897120 0,000827
специалистов 1,078810 0,000470
специалистом 3,218876 0,001404
специалисты 1,714798 0,000748
специальная 1,771957 0,000773
специальные 1,660731 0,000724
спецификации 2,302585 0,001004
список 0,248461 0,000108
способам 3,218876 0,001404
способны 2,207275 0,000963
способом 1,771957 0,000773
способствуют 2,207275 0,000963
способы 2,659260 0,002319
сразу 0,994252 0,000867
среде 1,660731 0,000724
средств 0,597837 0,000261
српски 0,000000 0,000000
српскохрватски 0,000000 0,000000
ссылками 0,186330 0,000244
ссылкасведения -0,009950 -0,000004
ссылки -0,009950 -0,000030
ссылок 0,693147 0,000605
стала 0,462035 0,000403
стало 0,494296 0,000216
стандартов 2,525729 0,001101
стандарты 1,966113 0,003430
становится 0,527633 0,000230
становиться 3,218876 0,001404
старая 0,430783 0,000188
статей 0,967584 0,000422
статистика -0,009950 -0,000004
статье 0,941609 0,000411
статьи 0,072571 0,000316
статьислучайная -0,009950 -0,000004
статьисообществофорумсправкасвежие -0,009950 -0,000004
статью 0,616186 0,000269
статья 0,105361 0,000092
статьяобсуждение -0,009950 -0,000004
статьятекущие -0,009950 -0,000004
степени 0,843970 0,000368
стили 2,302585 0,001004
стоит 1,237874 0,000540
сторонам 2,302585 0,001004
стороны 0,430783 0,000188
страниц 2,407946 0,004201
страница -0,009950 -0,000009
страницасодержаниеизбранные -0,009950 -0,000004
страницах 2,659260 0,002319
странице 2,120264 0,000925
страницецитировать -0,009950 -0,000004
страницуполучить -0,009950 -0,000004
страницы -0,009950 -0,000017
страницыслужебные -0,009950 -0,000004
строке 1,609438 0,000702
структура 0,967584 0,000844
структурированной 3,912023 0,001706
стюарт 3,912023 0,001706
субъектах 3,506558 0,001529
существенно 1,108663 0,000483
существенный 2,407946 0,001050
существует 0,446287 0,000195
существующей 2,302585 0,001004
существующих 1,714798 0,000748
схемы 1,771957 0,000773
сценариев 3,218876 0,004211
считаны 3,912023 0,001706
считать 0,994252 0,000434
считаются 1,897120 0,000827
сша 0,562119 0,000245
сюдасвязанные -0,009950 -0,000004
такая 1,386294 0,001209
также 0,000000 0,000000
такие 0,261365 0,000570
таким 0,527633 0,000460
таких 0,510826 0,000668
тарашкев 0,000000 0,000000
татарча 0,000000 0,000000
тедом 3,912023 0,001706
текст -0,009950 -0,000004
текстов 1,966113 0,000857
текстовое 3,506558 0,001529
текстовые 2,813411 0,001227
текстом 2,659260 0,001160
текущего 2,120264 0,000925
текущей 2,407946 0,001050
тематические 0,510826 0,000223
темой 2,813411 0,001227
темы 1,714798 0,000748
теоретические 2,659260 0,001160
термин 1,049822 0,000916
тестирование 2,525729 0,001101
тех 0,798508 0,000348
технические 1,897120 0,000827
технологии 0,798508 0,002089
технологий 0,653926 0,000570
технологические 3,218876 0,002808
технологию 2,302585 0,001004
технология 1,966113 0,000857
технологиях 2,813411 0,001227
течение 0,527633 0,000230
тим 3,218876 0,012634
тима 3,218876 0,001404
тимом 3,218876 0,005615
тиму 3,912023 0,001706
типом 2,407946 0,001050
товарный -0,009950 -0,000004
той 1,049822 0,000916
токенов 3,506558 0,001529
толчок 2,813411 0,001227
точнее 2,995732 0,001306
точность 2,659260 0,001160
традиционно 1,347074 0,000587
традиционные 1,966113 0,000857
требования 1,832581 0,000799
требованиям 2,525729 0,001101
требует 1,427116 0,001867
требующие 1,347074 0,001175
третьим 2,120264 0,000925
трудно 2,407946 0,001050
тыла 1,897120 0,000827
увеличилось 1,309333 0,000571
увидеть 1,714798 0,000748
угрозой 2,407946 0,001050
удаленном 3,506558 0,001529
удачную 3,912023 0,001706
удвоилось 3,506558 0,001529
удобной 3,506558 0,001529
узлах 2,813411 0,001227
уиллиамс 3,912023 0,001706
указан 0,139262 0,000061
указанием -0,009950 -0,000004
укра 0,000000 0,000000
улучшение 2,525729 0,001101
улучшения 1,966113 0,000857
улучшите 1,897120 0,000827
умеющих 3,912023 0,001706
умолчанию 2,525729 0,001101
универсальной 2,207275 0,000963
уникальных 2,040221 0,001780
уолш 3,912023 0,001706
упорядочивание 3,506558 0,001529
управление 0,527633 0,000230
управления 0,415515 0,000544
уровне 0,916291 0,000400
условий -0,009950 -0,000009
условия -0,009950 -0,000009
условно 2,040221 0,000890
усовершенствовал 3,912023 0,001706
установке 2,813411 0,001227
установлена 1,237874 0,000540
устройство 1,021651 0,000446
уточнения 1,514128 0,000660
уточните 2,813411 0,001227
участие -0,009950 -0,000004
участки 1,514128 0,000660
участков 1,897120 0,000827
участникам 2,813411 0,002454
ученых 1,203973 0,000525
учетную -0,009950 -0,000004
уязвимы 3,506558 0,001529
файл 2,040221 0,002669
файлами 3,218876 0,001404
файлы 2,525729 0,002203
фактов 1,386294 0,000605
фамилия 2,995732 0,001306
февраля 0,051293 0,000112
фестиваля 1,714798 0,000748
филдинг 3,912023 0,003412
филк-группа 3,912023 0,001706
финансовых 1,560648 0,000681
фирмы 2,120264 0,000925
фолксономия 3,506558 0,001529
фонд -0,009950 -0,000004
формальному 3,218876 0,001404
формат 1,714798 0,000748
форматов 2,525729 0,001101
форматы 2,407946 0,001050
форума 2,120264 0,000925
форумы 2,813411 0,001227
фотографии 1,203973 0,001050
фотография 3,506558 0,001529
французский 2,040221 0,000890
фристик 3,912023 0,001706
функция 1,832581 0,000799
хайай 3,912023 0,001706
хотя 0,653926 0,000285
хранения 1,427116 0,001245
хранит 3,218876 0,001404
хулиганов 3,912023 0,001706
централизованы 3,506558 0,001529
цепляющее 3,912023 0,001706
церна 3,506558 0,001529
цифровыми 3,506558 0,001529
цию 0,000000 0,000000
частично 0,653926 0,000285
частный 1,832581 0,000799
частным 2,525729 0,001101
часто 0,415515 0,000181
часть 0,105361 0,000046
частью 0,755023 0,000329
чаты 3,912023 0,001706
человек 0,400478 0,000175
человека 0,579818 0,000253
человеком 2,040221 0,001780
человеческой 1,897120 0,000827
человеческом 3,218876 0,001404
четко 1,897120 0,000827
читать 2,302585 0,001004
читатьправитьправить 0,494296 0,000216
чтения 2,207275 0,001925
шаблона 2,040221 0,000890
шаблонами 0,634878 0,000277
шаблоневикипедия 3,912023 0,001706
шаблонов 2,302585 0,001004
шаг 2,525729 0,001101
шагом 3,218876 0,001404
швейцария 2,302585 0,001004
шел 2,813411 0,001227
широкий 1,966113 0,000857
широко 0,673345 0,000294
широком 2,120264 0,000925
шпионаж 3,506558 0,001529
эволюция 2,207275 0,000963
экономика 0,510826 0,000223
экспорт -0,009950 -0,000004
электронная 1,237874 0,000540
электронный 1,469676 0,000641
энквайр 3,912023 0,001706
энтузиасты 3,912023 0,001706
энциклопедии -0,009950 -0,000009
эраскрытые 3,912023 0,001706
эта 0,000000 0,000000
этим 0,693147 0,000302
этих 0,400478 0,000349
это 0,000000 0,000000
является 0,094311 0,000206
являлся 1,347074 0,000587
являются 0,248461 0,000108
являющиеся 1,966113 0,000857
ядерным 3,218876 0,001404
ядро 1,660731 0,000724
язык 0,116534 0,000254
языках -0,009950 -0,000009
языке 0,867501 0,000757
языков 1,203973 0,000525
января 0,116534 0,000203
японский 2,525729 0,001101
