абонент 2,120264 0,000589
абстрактный 2,120264 0,000589
август 0,072571 0,000081
автоматически 2,120264 0,001767
автоматический 1,560648 0,000434
авторизация 3,506558 0,002923
авторизовать 3,506558 0,000974
авторские 1,966113 0,000546
авторство -0,009950 -0,000003
агент 2,995732 0,000832
адрес 1,078810 0,002998
адресный 2,407946 0,001338
аз 2,302585 0,000640
актуальный 1,347074 0,000374
алгоритм 1,771957 0,000492
алфавит 2,302585 0,000640
алфавитупро 1,771957 0,000492
америка 1,386294 0,000385
анализ 0,967584 0,000269
анализировать 2,407946 0,000669
анализироваться 2,659260 0,000739
аналогично 2,407946 0,002676
аналогичный 1,139434 0,000950
англ 0,174353 0,001599
английский 1,309333 0,001091
аннотирование 3,506558 0,000974
аргумент 1,108663 0,000308
архив 0,446287 0,000372
архивировать 0,020203 0,000039
архивный 0,248461 0,000207
атлас 1,108663 0,000308
атрибут 2,207275 0,000613
баз 0,371064 0,000309
байт 2,813411 0,003127
байтовый 3,912023 0,003261
безопасный 2,040221 0,000567
бернерса-ли 3,218876 0,001789
бернерсом-ли 3,218876 0,000894
библиографический 0,083382 0,000023
библиотека 0,328504 0,000091
бизнес-правил 3,506558 0,000974
бинарный 2,659260 0,000739
благодаря 0,527633 0,000147
близкий 0,820981 0,000228
блогами 3,912023 0,001087
блогах 3,912023 0,001087
бнф-формы 3,912023 0,001087
большинство 0,342490 0,000190
большой 0,040822 0,000023
браузер 2,207275 0,006133
буква 1,427116 0,000793
быстрый 0,916291 0,000255
быть -0,009950 -0,000008
важно 2,040221 0,000567
валидация 3,912023 0,001087
вариант 0,634878 0,001235
василий 1,078810 0,000300
введение 1,078810 0,000300
ввести 0,634878 0,000529
вводить 1,832581 0,001018
веб 2,659260 0,001478
веб-браузеры 3,506558 0,000974
веб-инфраструктур 3,912023 0,001087
веб-пауки 3,912023 0,001087
веб-сайтов 3,218876 0,000894
веб-сервера 3,506558 0,000974
веб-сервером 3,506558 0,000974
вернуть 1,897120 0,005798
вернуться 1,171183 0,000325
версия -0,009950 -0,000088
версияправитьправить 1,237874 0,000344
вести 0,356675 0,000099
весь 0,301105 0,000251
взаимодействие 1,203973 0,000669
вид 0,061875 0,000052
видео 1,049822 0,000583
вика 2,813411 0,000782
викиданных -0,009950 -0,000003
викимедиа -0,009950 -0,000003
википедии -0,009950 -0,000008
википедия -0,009950 -0,000008
викискладвикиновостиэлемент 1,897120 0,000527
викискладе 0,174353 0,000097
викисловаре 3,218876 0,000894
викисловарьвикипедия 1,309333 0,000364
вина 2,302585 0,000640
виртуальный 1,139434 0,000633
включать 0,235722 0,000393
включаться 1,966113 0,002731
включая 0,527633 0,000293
включить 0,634878 0,001058
влиять 1,347074 0,000374
вложение 2,995732 0,000832
вложении 3,912023 0,002174
вложить 2,120264 0,001178
вместе 0,510826 0,000284
вместо 0,798508 0,000444
внешний 0,051293 0,000014
внимание 1,108663 0,001232
внутренний 0,314711 0,000175
возвращать 3,218876 0,007155
возвращаться 1,897120 0,000527
возможно 0,867501 0,000964
возможность 0,314711 0,000612
возможный 0,994252 0,000276
волшебный 0,030459 0,000008
восстановить 0,967584 0,000269
впервые 0,385662 0,000321
временной 0,967584 0,000269
время 0,020203 0,000028
все 0,040822 0,000011
все-таки 2,659260 0,000739
всемирный 0,891598 0,001239
вставить 3,218876 0,000894
втора 0,274437 0,000076
вторичный 2,040221 0,000567
второе 0,653926 0,000182
выбирать 1,897120 0,000527
выбор 0,634878 0,000176
выводить 1,832581 0,000509
выглядеть 1,832581 0,002037
выдавать 2,302585 0,000640
выдать 1,897120 0,001581
выделить 0,544727 0,000151
выделяться 0,941609 0,000262
вымыслить 2,995732 0,001665
выполнение 1,049822 0,003209
выполнить 0,843970 0,000235
выполнять 0,867501 0,000241
выполняться 1,272966 0,000354
выпустить 0,891598 0,000248
вычисление 1,897120 0,000527
выше 0,616186 0,000514
гарантирование 3,506558 0,000974
географический 0,356675 0,000099
геотегинг 3,506558 0,000974
гипермедийный 3,912023 0,001087
гиперссылкам 3,912023 0,001087
гипертекст 2,995732 0,002497
гипертекстовый 2,995732 0,002497
главный 0,210721 0,000117
глобальный 1,203973 0,000669
говорить 1,049822 0,000292
год -0,009950 -0,000061
годусемантическая 3,912023 0,001087
город 0,371064 0,000103
гот 2,207275 0,000613
готовый 1,386294 0,000385
группа 0,314711 0,000175
дайджест-аутентификация 3,912023 0,001087
далеко 1,347074 0,000749
дальний 0,446287 0,000372
даниэль 2,995732 0,000832
дата 0,030459 0,000085
датироваться 2,120264 0,000589
дать 0,072571 0,000524
два 0,150823 0,000126
двоеточие 3,912023 0,002174
двоичный 2,659260 0,005172
действие 0,776529 0,000647
действовать -0,009950 -0,000003
декабрь 0,094311 0,000026
делать 0,867501 0,000723
дескрипционная 3,506558 0,000974
деятельность 0,342490 0,000095
дзержинского 1,660731 0,000461
диалог 1,660731 0,000923
диапазон 1,560648 0,001735
диван 3,912023 0,001087
длина 0,579818 0,000161
добавить 0,562119 0,000469
добавление 2,302585 0,000640
добавлять 2,407946 0,001338
дойти 1,560648 0,000434
докачать 3,912023 0,002174
докачивание 3,912023 0,001087
докачивать 3,912023 0,001087
докачка 3,912023 0,001087
докачки 3,912023 0,001087
документ 0,415515 0,001270
документация 1,897120 0,001054
должен 1,078810 0,002698
должно 1,714798 0,001906
должный 0,356675 0,000496
доля 0,544727 0,000303
домен 2,407946 0,001338
домен-псевдоним 3,912023 0,001087
доменный 2,525729 0,000702
дополнительный -0,009950 -0,000011
допускать 2,302585 0,000640
допускаться 2,995732 0,001665
допустим 3,912023 0,003261
допустимость 3,218876 0,000894
допустимый 1,771957 0,000492
доставка 1,966113 0,000546
доступ 0,755023 0,001469
доступность 1,427116 0,000397
доступный -0,009950 -0,000003
дочерний 1,897120 0,000527
дробно -0,009950 -0,000003
друг 0,916291 0,000509
другое 0,462035 0,000257
другой -0,009950 -0,000025
дублинский 3,506558 0,000974
желательно 3,912023 0,001087
желательный 3,506558 0,000974
желать 1,660731 0,000461
забрать 3,218876 0,000894
зависеть 1,171183 0,000325
зависимость 0,713350 0,000595
заглавный -0,009950 -0,000008
заголовок 2,120264 0,048897
загружать 2,995732 0,000832
загружаться 3,218876 0,000894
загрузить 2,207275 0,001227
загрузка 2,302585 0,003199
задать 2,040221 0,001134
задача 0,820981 0,000228
задержка 2,525729 0,000702
задокументировать 3,912023 0,001087
закачка 3,912023 0,006522
заключаться 1,609438 0,000447
закодировать 3,912023 0,001087
заменить 0,494296 0,000275
замести 3,218876 0,000894
занести 1,714798 0,000476
записать 1,609438 0,000894
запись 1,237874 0,000344
записьвойти -0,009950 -0,000003
запрашивать 2,995732 0,005827
запретить 1,309333 0,000364
запрос 1,021651 0,023277
запрос-ответ 3,912023 0,002174
запросить 3,506558 0,006820
запуск 1,347074 0,000374
запускать 2,302585 0,000640
зарегистрировать -0,009950 -0,000006
заставлять 2,407946 0,000669
затем 0,527633 0,000147
защитить 1,139434 0,000317
заявление -0,009950 -0,000003
звездочка 3,218876 0,000894
звук 2,040221 0,000567
земля 0,400478 0,000111
знак -0,009950 -0,000003
знание 1,108663 0,000308
знать 1,469676 0,001633
значение 0,061875 0,000103
значительно 0,510826 0,000142
игнорировать 2,659260 0,002217
игнорироваться 2,995732 0,000832
идемпотентным 3,912023 0,001087
идемпотентными 3,912023 0,001087
идентификация 2,659260 0,000739
идентичный 3,218876 0,002683
идет 1,078810 0,000300
иерархия 2,813411 0,000782
из-за 0,415515 0,000115
избежание 2,995732 0,000832
избыточный 2,659260 0,001478
известно 1,237874 0,000344
известный 0,287682 0,000080
извлечение 2,407946 0,000669
издать 1,386294 0,000385
изменить 1,049822 0,000292
измениться 1,021651 0,000284
изменять 1,966113 0,000546
изменяться 1,203973 0,001338
изначально 1,309333 0,000364
изображение 0,693147 0,000193
изолировать 2,120264 0,000589
именно 0,544727 0,000757
иметь 0,094311 0,000105
имя 0,274437 0,000610
индивидуальный 1,560648 0,000434
инициатива 1,171183 0,000325
инициировать 2,302585 0,000640
иное 1,714798 0,000476
инструмент -0,009950 -0,000006
интегрировать 1,771957 0,000492
интеллект 2,040221 0,000567
интересовать 2,995732 0,001665
интернет 0,755023 0,001888
информационный 0,462035 0,000642
информация 0,162519 0,000542
информирование 2,659260 0,001478
информировать 3,506558 0,000974
исключать 2,525729 0,000702
исключение 0,891598 0,000495
исключено 3,218876 0,000894
исполнение 0,867501 0,000241
использование -0,009950 -0,000017
использовать 0,020203 0,000062
использоваться 0,223144 0,001426
исправить 1,347074 0,000374
испытывать 1,560648 0,000434
история 0,051293 0,000043
источник -0,009950 -0,000008
исходить 1,832581 0,000509
исходный 1,714798 0,002859
итог 0,494296 0,000137
июль 0,116534 0,000032
июнь 0,116534 0,000194
каждый 0,261365 0,000654
какой 0,820981 0,000912
какой-либо 1,272966 0,000354
какой-то 1,560648 0,000434
канальный 3,506558 0,000974
карт 0,301105 0,000084
картинка 3,506558 0,001949
каскадный 2,659260 0,000739
категория -0,009950 -0,000008
качество 0,287682 0,000160
кеш 2,995732 0,004162
класс 0,616186 0,001027
клиент 1,714798 0,031923
клиент-сервер 3,912023 0,001087
ключевой 1,203973 0,000669
код -0,009950 -0,000171
кодекс -0,009950 -0,000003
кодирование 3,218876 0,002683
кодировка 2,813411 0,002345
кодистория 0,116534 0,000032
кодсостояния 3,912023 0,001087
коллективный 2,040221 0,000567
комбинирование 3,506558 0,000974
комментарий 1,237874 0,001376
коммерциализировать 3,912023 0,001087
компания 0,371064 0,000516
комплекс 0,579818 0,000161
компонент 0,967584 0,000807
компьюлента 3,912023 0,001087
компьютер 1,427116 0,000793
конец 0,198451 0,000110
конечный 1,514128 0,001683
конкретный 1,171183 0,001302
контекст 1,427116 0,000397
конференция 0,941609 0,000262
конфиденциальность -0,009950 -0,000003
конфликт 1,347074 0,000374
копие 0,223144 0,000310
короткий -0,009950 -0,000011
корпорация 1,347074 0,000374
который 0,000000 0,000000
красногорска 3,506558 0,000974
краулеры 3,912023 0,001087
кром 0,235722 0,000393
кто 1,203973 0,000335
куки -0,009950 -0,000006
кэшироваться 3,912023 0,002174
кэшируется 3,912023 0,002174
кэшируются 3,912023 0,001087
лев 0,967584 0,000269
лицензия -0,009950 -0,000003
лишний 3,218876 0,000894
логик 2,040221 0,000567
логический 1,832581 0,000509
любое 1,139434 0,001266
любой 1,386294 0,000770
магазин 1,272966 0,000354
май 0,127833 0,000071
максимум 0,579818 0,000161
мало 0,579818 0,000161
манипуляция 2,813411 0,000782
март 0,116534 0,000065
материал -0,009950 -0,000003
машина 0,713350 0,000198
мегабайт 3,506558 0,002923
медиатип 3,912023 0,002174
медиатипом 3,912023 0,001087
медиатипы 3,506558 0,000974
медиафайлы 0,301105 0,000167
менеджер 2,407946 0,004683
место 0,139262 0,000039
местоположение 1,660731 0,000461
метаданные 2,659260 0,002217
метод 1,049822 0,011668
механизм 1,347074 0,002620
микроданные 3,506558 0,000974
микроформаты 3,506558 0,000974
мир 0,094311 0,000026
мнение 0,634878 0,000176
много 0,150823 0,000042
многократный 2,040221 0,000567
многопоточную 3,912023 0,001087
множественный 2,407946 0,003345
мобильный -0,009950 -0,000003
модель 0,891598 0,000495
модифицировать 2,813411 0,000782
модуль 0,562119 0,000156
момент 0,527633 0,000586
москвы 0,653926 0,000363
московский 0,527633 0,000147
мочь -0,009950 -0,000044
мультиплексирование 3,912023 0,001087
наблюдать 2,040221 0,000567
набор 1,237874 0,000344
навигация -0,009950 -0,000011
нагрузка 1,714798 0,001429
название 0,105361 0,000059
назначение 1,108663 0,000308
называть 0,174353 0,000048
называться 0,328504 0,000274
наиболее 0,139262 0,000077
найти 0,733969 0,000408
наличие 0,867501 0,000723
написать 0,867501 0,000241
наподобие 2,525729 0,000702
направить 0,867501 0,000241
например 0,328504 0,001095
нарушать 1,714798 0,000476
настоящее 0,287682 0,000160
настоящий 1,272966 0,000354
находиться 0,174353 0,000145
начало 0,116534 0,000130
начальный 0,967584 0,000538
начать 0,510826 0,000284
наш 0,527633 0,000147
неавторитетными 2,995732 0,000832
неанонимного 3,912023 0,001087
негодовать 3,912023 0,001087
неделя 1,309333 0,000364
недопустимый 3,912023 0,001087
недостаток 0,579818 0,000483
независимый 1,049822 0,000292
некоммерческий -0,009950 -0,000003
некорректный 1,514128 0,000841
некоторые 0,127833 0,000249
необходимо 1,237874 0,000688
необходимое 1,771957 0,000492
необходимость 1,139434 0,000317
необходимый 1,078810 0,000899
необязательный 3,506558 0,001949
неофициальный 1,139434 0,000317
непосредственно 0,478036 0,000398
неприменимый 3,912023 0,001087
нередко 1,108663 0,000308
несколько 0,116534 0,000486
несовпадение 3,218876 0,000894
нестабильный 3,218876 0,000894
нешифрованный 3,912023 0,001087
ниже 0,693147 0,000193
никак 2,813411 0,000782
никакой 1,609438 0,000447
новое 0,287682 0,000160
новый 0,083382 0,000046
номер 0,634878 0,000176
нотация 2,659260 0,000739
ноябрь 0,127833 0,000107
нужно 1,049822 0,000583
нужное 2,813411 0,000782
нулевой 1,609438 0,000447
оба 0,597837 0,000831
обеспечение 0,634878 0,000529
облегчение 3,218876 0,000894
обмен 1,309333 0,000728
обмениваться 3,506558 0,000974
обновление 1,203973 0,000335
обозначение 1,386294 0,000385
оборудование 0,653926 0,000182
обрабатывать 1,049822 0,000583
обработка 1,309333 0,001455
образ 0,287682 0,000160
обратить 1,966113 0,001639
обратно 1,714798 0,000476
обращаться 2,040221 0,000567
обращение 0,030459 0,000059
общедоступный 1,347074 0,000374
общее 0,301105 0,000251
общий 0,186330 0,000155
объединить 0,867501 0,000241
объект 0,235722 0,000589
объем 0,400478 0,000890
объявление 1,966113 0,000546
объявлять 2,525729 0,000702
объяснение 1,897120 0,000527
обыкновенный 1,966113 0,000546
обычно 0,693147 0,001733
обычный 1,347074 0,002246
обязательно 2,040221 0,001134
обязательный 1,427116 0,001586
обязать 1,609438 0,001342
ограничение 1,237874 0,000344
один 0,051293 0,000114
однако 0,174353 0,000048
одновременно 0,776529 0,000432
однозначно 2,995732 0,000832
одноуровневый 2,995732 0,000832
ожидать 1,272966 0,000354
означать 0,798508 0,000666
окончательный 1,897120 0,000527
октябрь 0,072571 0,000020
онтология 2,995732 0,001665
операция 0,776529 0,000647
опечатка 3,506558 0,001949
описание -0,009950 -0,000003
описать 1,347074 0,001497
описываться 1,966113 0,000546
определение 0,967584 0,001075
определить 0,527633 0,000880
определять 0,867501 0,000723
определяться 1,078810 0,001199
опубликовать 0,891598 0,000743
опустить 2,813411 0,002345
опытный 1,108663 0,000308
организация -0,009950 -0,000011
организовать 0,634878 0,000353
оригинал 0,139262 0,000039
ориентироваться 3,506558 0,000974
осведомить 3,912023 0,001087
основа 0,210721 0,000176
основное 0,235722 0,000589
основной 0,040822 0,000306
особенно 0,562119 0,000156
особенность 0,693147 0,000578
оставаться 0,544727 0,000151
оставить 1,427116 0,000397
остальное 1,897120 0,000527
остальной 0,616186 0,000342
осуществлять 0,597837 0,000166
осуществляться 0,616186 0,000171
ответ 0,941609 0,016483
ответить 2,659260 0,001478
ответный 3,506558 0,000974
ответственность -0,009950 -0,000003
отделить 1,966113 0,001093
отдельно 2,120264 0,001178
отдельность 2,813411 0,001563
отдельный -0,009950 -0,000008
отделяться 2,659260 0,001478
отказ -0,009950 -0,000003
открыть 0,150823 0,000084
отличаться 0,342490 0,000285
отличие 0,798508 0,000887
отличный 2,659260 0,000739
отмечаться 0,994252 0,000276
относиться 0,328504 0,000091
отобразить 2,813411 0,000782
отправить 1,560648 0,000434
отправка 2,302585 0,004478
отправлять 2,040221 0,001701
отреагировать 3,912023 0,001087
отредактировать -0,009950 -0,000003
отслеживать 2,813411 0,000782
отсутствие 0,891598 0,000248
отсутствовать 0,776529 0,001079
отсюда 1,897120 0,000527
официальный 0,356675 0,000297
офлайн-браузеры 3,912023 0,001087
оформление 1,609438 0,000447
очередной 1,560648 0,000434
очередь 0,510826 0,000142
ошибка 0,994252 0,001381
ошибкекак -0,009950 -0,000003
пар 1,309333 0,001455
параллельно 1,237874 0,000344
параллельный 2,207275 0,001227
параметр 1,139434 0,003483
параметр-значение 3,912023 0,001087
паутина 2,407946 0,003345
паутинаосновы 3,506558 0,000974
паутинапротокол 3,912023 0,001087
первое 0,150823 0,000084
первоначально 1,203973 0,000335
первоначальный 1,203973 0,000335
первый 0,162519 0,000361
перевод 0,941609 0,000262
передавать 1,560648 0,004770
передаваться 2,207275 0,003680
передать 0,798508 0,001109
передача 1,078810 0,003597
перезагрузка 3,506558 0,000974
перейти -0,009950 -0,000008
перенаправление 3,912023 0,001087
перенаправлением 3,912023 0,001087
перенаправления 3,506558 0,002923
перенаправлениям 3,912023 0,001087
переход 0,653926 0,000182
переходить 1,237874 0,000344
перечислить 1,966113 0,000546
персональный -0,009950 -0,000003
печатный 1,021651 0,000284
печать -0,009950 -0,000006
пингованию 3,912023 0,001087
письмо 1,237874 0,001032
планета 1,309333 0,000364
поведение -0,009950 -0,000011
поверить 3,218876 0,000894
повсеместно 2,407946 0,000669
повторение 3,218876 0,000894
поддерживать 0,994252 0,001381
поддержка 0,653926 0,000908
поделить 2,813411 0,001563
подмосковье 3,506558 0,000974
подобный 0,994252 0,001105
подраздел 2,995732 0,000832
подразумеваться 2,407946 0,000669
подробно 2,995732 0,001665
подробный 1,832581 0,000509
подтверждать 1,560648 0,000434
подтип 3,506558 0,000974
подходить 1,386294 0,000770
пожалуйста 1,469676 0,000408
позволить 0,967584 0,000269
позволять 0,462035 0,000899
поздний 1,171183 0,000325
поиск -0,009950 -0,000008
поисковый 2,525729 0,001404
пока 0,843970 0,000704
показать 0,891598 0,000248
пол 0,446287 0,000496
поле 1,049822 0,001458
политик -0,009950 -0,000003
полностью 0,400478 0,000111
полный 0,328504 0,000274
половина 0,430783 0,000120
положение 0,415515 0,000231
получатель 3,218876 0,002683
получение 1,203973 0,001338
получить 0,150823 0,000084
пользователь 1,427116 0,004362
пользовательский 2,040221 0,000567
пользоваться 1,139434 0,000317
поместить 1,609438 0,000447
помечаться 3,218876 0,000894
помещать 2,407946 0,000669
помещаться 2,659260 0,001478
помнить 2,995732 0,001665
помощь 0,342490 0,000381
понимание 1,560648 0,000434
понимать 1,609438 0,000894
понятие 0,967584 0,000269
попасть 1,049822 0,000292
порождать 2,525729 0,000702
порт 0,733969 0,000408
порядок 0,994252 0,001105
посетитель 1,771957 0,001477
послать 2,040221 0,000567
последнее 0,843970 0,000235
последний -0,009950 -0,000014
последователь 2,302585 0,000640
последовательно 1,832581 0,000509
последовательность 2,302585 0,001919
последствие 1,427116 0,000397
послужить 1,469676 0,000408
посредник 2,302585 0,001280
посредство 1,660731 0,000923
поставить 1,021651 0,000284
поставщик 1,897120 0,001054
постоянный 0,579818 0,000483
посылать 2,995732 0,005827
посылаться 3,912023 0,001087
потеря 1,660731 0,000461
поток 0,967584 0,000538
потоковый 2,995732 0,000832
потребитель 1,771957 0,000985
почта 1,309333 0,000364
поэтому 0,616186 0,000342
появиться 0,248461 0,000207
появляться 0,733969 0,000204
пояснение 2,995732 0,004162
пояснять 3,218876 0,000894
правило 0,478036 0,000664
правильный 1,966113 0,000546
править -0,009950 -0,000188
правка 0,274437 0,000153
правкиновые -0,009950 -0,000003
правкипостоянная -0,009950 -0,000003
право 0,314711 0,000087
практический 1,560648 0,000434
преамбула 3,506558 0,000974
превысить 1,427116 0,000793
предел 0,400478 0,000111
предлагать 1,514128 0,000841
предложение 1,609438 0,000447
предложить 0,820981 0,000228
предмет 0,713350 0,000198
предназначаться 2,525729 0,000702
предназначение 2,813411 0,000782
предоставление 1,609438 0,000447
предоставлять 0,713350 0,000198
предполагать 1,171183 0,000976
предполагаться 1,078810 0,000600
предположим 3,912023 0,001087
предпочтение 2,659260 0,000739
предпочтительный 3,912023 0,002174
предпринимать 2,813411 0,000782
представительство 0,994252 0,000829
представить 0,328504 0,000091
представиться -0,009950 -0,000003
представление 0,776529 0,000432
представлять 0,328504 0,000274
предупредить 2,995732 0,000832
предусматривать 1,386294 0,000385
предусмотреть 1,427116 0,000397
предъявляться 3,912023 0,001087
предыдущий 1,609438 0,001789
преобразовать 0,967584 0,000269
прервать 2,525729 0,000702
прерваться 3,506558 0,000974
префикс 3,912023 0,002174
привести 0,356675 0,000099
привет 3,506558 0,000974
придумать 2,207275 0,000613
признать 0,494296 0,000137
прикладной 1,078810 0,002098
приложение 0,733969 0,000816
применить 1,609438 0,000447
применяться 1,139434 0,002216
пример 0,527633 0,001906
примерно 0,634878 0,000176
примечание -0,009950 -0,000006
принцип 0,867501 0,000241
принятие 1,560648 0,000434
принять 0,248461 0,000207
приоритет 1,771957 0,000492
приостановиться 3,506558 0,000974
прислать 2,813411 0,001563
присутствие 1,514128 0,000841
присутствовать 1,021651 0,000568
присылать 3,506558 0,000974
приходиться 0,693147 0,000193
причем 0,994252 0,000553
причина 0,562119 0,000312
проактивных 3,912023 0,001087
пробел 3,506558 0,000974
проблемный 1,966113 0,000546
провайдер 2,120264 0,001178
проверить 0,478036 0,000133
проверка 0,843970 0,000704
проверяться 1,714798 0,000476
программ-роботов 3,912023 0,001087
программа 0,415515 0,000462
программный 1,272966 0,001768
продукт 0,634878 0,000176
проект -0,009950 -0,000003
прозрачно 3,506558 0,000974
прозрачность 2,302585 0,001280
прозрачный 2,813411 0,005472
произвести 1,203973 0,000669
производить 0,916291 0,000509
производиться 1,108663 0,000616
происходить 0,328504 0,000183
пройти 0,544727 0,000151
прокрутить 3,912023 0,001087
прокси 3,506558 0,003897
прокси-серверов 3,912023 0,001087
прокси-серверы 3,506558 0,002923
промежуточный 1,771957 0,000985
просмотр -0,009950 -0,000006
простой 1,108663 0,000616
пространство 0,634878 0,000353
противное 2,659260 0,000739
протокол 1,139434 0,010764
проход 2,407946 0,000669
процесс 0,415515 0,000693
прочие 0,798508 0,000222
прошлый 2,813411 0,000782
публикация 1,272966 0,000354
публичный 1,078810 0,000300
пустой 2,525729 0,011229
путать 1,714798 0,000476
путь 0,261365 0,000073
пять 0,693147 0,000385
работа 0,127833 0,000249
работать 0,314711 0,000175
работоспособность 3,218876 0,000894
равный 1,203973 0,001004
развитие 0,127833 0,000071
разгрузка 3,506558 0,000974
раздел 0,342490 0,000190
разделение 1,021651 0,000284
разделитель 3,506558 0,001949
разделить 0,527633 0,000440
разделяться 2,040221 0,001134
различать 1,966113 0,001093
различаться 2,040221 0,001701
различие 1,714798 0,000953
различный 0,116534 0,000065
размер 0,755023 0,000420
разнотипный 3,912023 0,001087
разный 0,314711 0,000350
разодрать 3,912023 0,001087
разрабатываться 1,660731 0,000461
разработчик -0,009950 -0,000006
разрешить 1,560648 0,000434
разрывать 2,813411 0,000782
разъяснение 3,506558 0,000974
разъяснить 3,506558 0,000974
разъяснять 3,218876 0,000894
ранний 0,733969 0,000408
раскрывать 3,506558 0,000974
распознать 3,506558 0,001949
распределить 0,693147 0,000193
распространять 2,659260 0,000739
рассмотреть 2,302585 0,000640
расстановка 3,912023 0,001087
рассуждение 2,525729 0,000702
расширение 0,415515 0,000577
расширить 0,967584 0,000269
реализация 0,798508 0,001775
реализовать 0,673345 0,000187
регион 0,385662 0,000107
региональный 0,634878 0,000176
регистр 1,771957 0,000492
регистрация 1,832581 0,001018
регистрироваться 2,525729 0,000702
редактор 1,427116 0,000397
редирект 3,912023 0,001087
режим 0,653926 0,000182
результат 0,174353 0,000291
рекомендоваться 2,995732 0,000832
ресурс 0,020203 0,000180
роль 0,494296 0,000137
российский 0,105361 0,000029
рус 0,162519 0,000045
русский -0,009950 -0,000006
ручной 3,218876 0,000894
сайт 0,210721 0,000761
сам 0,162519 0,000361
самостоятельно 2,120264 0,000589
самый 0,174353 0,000145
сбой 2,813411 0,000782
сведение 0,579818 0,000483
свободно 2,302585 0,000640
свободный -0,009950 -0,000003
свое 0,287682 0,000160
свой 0,150823 0,000210
свойство 0,415515 0,000346
связать 0,174353 0,000145
связаться -0,009950 -0,000003
связь 0,174353 0,000048
сделать 0,616186 0,000342
сеансовый 3,506558 0,000974
себя 0,198451 0,000165
северный 0,385662 0,000107
секция 2,407946 0,001338
семантический 2,525729 0,006316
семейство 1,660731 0,000461
сентябрь 0,072571 0,000121
сервер 1,714798 0,046694
сессия 2,207275 0,003680
сетевой 1,049822 0,000875
сеть 0,356675 0,000396
сжатие 2,813411 0,001563
символ 0,733969 0,000408
синтаксис 2,407946 0,000669
синтаксический 3,218876 0,000894
система 0,051293 0,000029
системеобсуждениевкладсоздать -0,009950 -0,000003
ситуация 0,693147 0,000578
скачать -0,009950 -0,000006
скачивание 2,813411 0,003127
скачивать 3,218876 0,000894
скоро 1,560648 0,000867
скриптами 3,506558 0,000974
скрипту 3,506558 0,000974
следовать 0,235722 0,000458
следует 0,755023 0,002308
словарь 0,094311 0,000026
слово 0,210721 0,000234
служба 0,527633 0,000147
служить 0,820981 0,000228
случай -0,009950 -0,000044
слэша 3,912023 0,001087
смещение 0,733969 0,000204
смочь 1,203973 0,000335
снижать 2,040221 0,000567
снова 1,386294 0,000385
собираться 1,966113 0,000546
собственный 0,446287 0,000124
событияпожертвовать -0,009950 -0,000003
современный 0,150823 0,000084
согласно 0,301105 0,000167
согласование 2,207275 0,009813
содействовать 3,218876 0,000894
содержание 0,010050 0,000003
содержать 0,634878 0,007938
содержаться 1,560648 0,001301
соединение 1,237874 0,005503
создавать 0,798508 0,000444
создаваться 1,078810 0,000300
создание 0,301105 0,000084
создать 0,210721 0,000176
сомнительный 3,218876 0,000894
соображение 2,302585 0,000640
сообщать 1,966113 0,001093
сообщение 0,478036 0,007969
сообщить -0,009950 -0,000003
соответствие 0,371064 0,000206
соответствовать 0,371064 0,001031
сопровождать 2,525729 0,000702
составить 0,400478 0,000111
составлять 0,198451 0,000055
состояние 0,248461 0,001312
состоять 0,385662 0,000107
сохранение -0,009950 -0,000008
сохранить 1,171183 0,000651
сохранять 1,427116 0,000793
спам-лист 2,995732 0,000832
спам-ссылкамивикипедия 2,995732 0,000832
спецификация 2,207275 0,006133
список 0,210721 0,000703
способ 1,078810 0,001199
способный 1,309333 0,000364
сразу 0,994252 0,000553
среди 0,198451 0,000165
средство 0,287682 0,000080
ссылка -0,009950 -0,000036
ссылкасведения -0,009950 -0,000003
стабильный 0,820981 0,000228
стандарт 0,867501 0,000964
стандартный 1,560648 0,000434
стартовый 3,506558 0,006820
статистик -0,009950 -0,000003
статус 0,430783 0,001197
стать 0,083382 0,000070
статьислучайная -0,009950 -0,000003
статьисообществофорумсправкасвежие -0,009950 -0,000003
статья 0,020203 0,000067
статьяобсуждение -0,009950 -0,000003
статьятекущие -0,009950 -0,000003
стиль 0,673345 0,000187
сторона 0,235722 0,000524
стр 1,309333 0,000364
страна 0,235722 0,000131
страница -0,009950 -0,000047
страницасодержаниеизбранные -0,009950 -0,000003
страницецитировать -0,009950 -0,000003
страницуполучить -0,009950 -0,000003
страницыслужебные -0,009950 -0,000003
строка 1,078810 0,009292
структура 0,400478 0,000334
субъект 0,597837 0,000166
суммарный 1,386294 0,001926
существенно 1,108663 0,000308
существенное 1,714798 0,000476
существование 0,693147 0,000193
существовать 0,020203 0,000022
сущность 2,120264 0,002357
сформировать 1,078810 0,000300
схема 0,916291 0,000764
счет 0,562119 0,000156
считаться 0,385662 0,000214
сюдасвязанные -0,009950 -0,000003
такое 0,328504 0,000365
такой 0,162519 0,000497
твой 2,207275 0,000613
тег 1,897120 0,000527
текст -0,009950 -0,000008
текстовой 2,207275 0,001840
тело 1,237874 0,011694
тема 0,693147 0,000578
тематический 0,510826 0,000142
термин 0,198451 0,000055
терминология 2,302585 0,000640
тестирование 2,040221 0,000567
технология 0,400478 0,000334
течение 0,314711 0,000087
течь 0,274437 0,000229
тима 3,218876 0,001789
тимом 3,218876 0,000894
тип 0,072571 0,000323
типичный 1,427116 0,000397
товарный -0,009950 -0,000003
точка 0,478036 0,000266
точно 1,966113 0,001093
точность 2,302585 0,000640
традиционно 1,347074 0,000374
транспорт 0,616186 0,000171
транспортный 0,616186 0,000514
трафик 2,207275 0,001227
требование 0,967584 0,000269
требовать 0,562119 0,000156
три 0,248461 0,000138
туннель 3,506558 0,000974
уведомление 2,659260 0,000739
увидеть 1,560648 0,000434
удалить 0,579818 0,000644
удалять 2,995732 0,000832
удаться 1,203973 0,000669
удобно 2,659260 0,000739
узел 0,527633 0,000147
узнать 1,771957 0,001969
указание -0,009950 -0,000025
указать 0,083382 0,000487
указывать 1,272966 0,004244
указываться 2,040221 0,001701
улучшить 1,049822 0,000292
универсальный 0,544727 0,000151
упорядочение 2,995732 0,000832
управление 0,248461 0,000069
управляемый 2,302585 0,006398
управлять 0,967584 0,000269
уровень 0,150823 0,000251
уровняскрытые 3,912023 0,001087
условие -0,009950 -0,000011
условный 1,897120 0,003163
услуга 0,755023 0,000420
успех 1,021651 0,000284
успешный 1,309333 0,001455
устанавливать 1,966113 0,001093
установление 1,021651 0,000568
устареть 0,941609 0,000523
участие -0,009950 -0,000003
участник 0,510826 0,000284
учетный -0,009950 -0,000003
файл 1,347074 0,008983
файловый 2,207275 0,000613
февраль 0,051293 0,000057
физический 0,798508 0,000222
финальный 2,995732 0,000832
фирма 1,386294 0,000385
фолксономия 3,506558 0,000974
фонд -0,009950 -0,000003
форма 0,287682 0,000400
формат 0,843970 0,002111
форматыинтернет-протоколыстандарты 3,912023 0,001087
формирование 0,597837 0,000166
формировать 1,272966 0,000354
форум 1,203973 0,000335
фотки 3,506558 0,000974
фотография 1,108663 0,000616
фрагмент 1,469676 0,008167
фрагментарный 3,218876 0,000894
фраза 2,525729 0,000702
фундаментальный 1,560648 0,000434
функционирование 1,714798 0,000953
функция 0,693147 0,000385
характеризовать 2,407946 0,000669
характеристика 0,415515 0,000115
хватать 0,820981 0,000228
ход 0,510826 0,000426
хост 2,813411 0,000782
хостинга 3,506558 0,000974
хотя 0,653926 0,000545
хранение 1,309333 0,000364
хранить 1,832581 0,000509
храниться 1,560648 0,000434
целевой 1,771957 0,002462
целое 0,634878 0,000176
целый 1,108663 0,000308
цель 0,371064 0,000206
цепочка 2,040221 0,000567
цифра 1,272966 0,001768
частичный 1,514128 0,003366
частность 0,462035 0,000128
часто 0,415515 0,000115
частый 1,309333 0,000364
часть 0,061875 0,000138
чаща 1,108663 0,000308
человек 0,186330 0,000104
черновик 3,218876 0,001789
четкий 2,525729 0,000702
четыре 0,597837 0,000166
число 0,186330 0,000052
читатьтекущая 1,237874 0,000344
что-то 2,525729 0,000702
чувствительно 3,912023 0,001087
шаблон 0,462035 0,000128
штенберг 3,912023 0,001087
экспорт -0,009950 -0,000003
электронный 0,478036 0,000266
элемент 0,544727 0,000908
эмулировать 3,912023 0,001087
энциклопедия -0,009950 -0,000003
эпилог 3,506558 0,000974
являться 0,040822 0,000170
ядро 1,171183 0,000325
язык -0,009950 -0,000019
январь 0,105361 0,000088
яндекс 1,714798 0,000476
