абоненты 3,912023 0,001087
абстрактное 3,912023 0,001087
августа 0,072571 0,000081
автоматически 2,120264 0,001767
автоматического 2,995732 0,000832
авторизации 3,506558 0,001949
авторизация 3,912023 0,001087
авторизованного 3,912023 0,001087
авторские 2,659260 0,000739
авторства -0,009950 -0,000003
агенты 3,912023 0,001087
адрес 1,609438 0,001342
адреса 1,897120 0,001581
адресного 3,506558 0,000974
адресное 3,506558 0,000974
адресов 2,407946 0,000669
адресу 1,966113 0,001639
аза 3,912023 0,001087
актуальна 3,218876 0,000894
алгоритм 2,120264 0,000589
алфавиту 2,813411 0,000782
алфавитупро 1,771957 0,000492
америке 2,302585 0,000640
анализа 1,897120 0,000527
анализировать 3,912023 0,001087
анализируются 2,813411 0,000782
аналогичен 3,506558 0,000974
аналогичная 2,995732 0,000832
аналогично 2,407946 0,002676
аналогичными 3,506558 0,000974
англ 0,174353 0,001599
английское 3,218876 0,000894
английском 2,659260 0,001478
аннотирование 3,506558 0,000974
аргументов 3,506558 0,000974
архив 0,462035 0,000128
архива 2,525729 0,001404
архивировано 0,020203 0,000039
архивная 0,400478 0,000334
атласы 3,912023 0,001087
атрибуту 3,912023 0,001087
базу 2,302585 0,000640
базы 1,108663 0,000616
байта 3,912023 0,002174
байтах 3,912023 0,002174
байтовые 3,912023 0,002174
байтовых 3,912023 0,001087
безопасной 3,218876 0,000894
беларуская 0,000000 0,000000
беларускаябългарски 0,000000 0,000000
бернерса-ли 3,218876 0,001789
бернерсом-ли 3,218876 0,000894
библиографическими 2,995732 0,000832
библиотека 0,462035 0,000128
бизнес-правил 3,506558 0,000974
бинарным 3,912023 0,001087
благодаря 0,527633 0,000147
ближайшего 2,813411 0,000782
блогами 3,912023 0,001087
блогах 3,912023 0,001087
бнф-формы 3,912023 0,001087
большие 0,891598 0,000248
большинства 1,609438 0,000447
большинство 0,597837 0,000166
больших 1,272966 0,000354
браузер 2,525729 0,004211
браузера 2,659260 0,000739
браузером 2,813411 0,000782
браузеры 2,525729 0,001404
будут 1,203973 0,000669
будущем 1,966113 0,000546
буквами 2,813411 0,001563
быстрого 1,966113 0,000546
важно 2,120264 0,000589
валидация 3,912023 0,001087
вариант 1,386294 0,000770
вариантами 3,506558 0,000974
вариантов 1,771957 0,001477
варианты 1,309333 0,000364
василий 1,386294 0,000385
введение 1,609438 0,000447
введенные 3,506558 0,001949
введены 1,897120 0,000527
вводить 2,995732 0,001665
веб 2,659260 0,001478
веб-браузеры 3,506558 0,000974
веб-инфраструктур 3,912023 0,001087
веб-пауки 3,912023 0,001087
веб-сайтов 3,218876 0,000894
веб-сервера 3,506558 0,000974
веб-сервером 3,506558 0,000974
ведут 1,832581 0,000509
вернемся 3,506558 0,000974
вернет 3,912023 0,006522
вернул 3,218876 0,000894
вернуть 2,407946 0,002676
версии 0,446287 0,001488
версий 1,347074 0,001497
версию 2,207275 0,000613
версия -0,009950 -0,000036
версияправитьправить 1,237874 0,000344
версиях 2,659260 0,001478
весь 0,755023 0,000629
взаимодействия 1,660731 0,000923
виде 0,235722 0,000196
видео 1,049822 0,000583
вики 2,995732 0,000832
викиданных -0,009950 -0,000003
викимедиа -0,009950 -0,000003
википедии -0,009950 -0,000008
википедия -0,009950 -0,000008
викискладвикиновостиэлемент 1,897120 0,000527
викискладе 0,174353 0,000097
викисловаре 3,218876 0,000894
викисловарьвикипедия 1,309333 0,000364
вине 3,218876 0,000894
виртуального 2,995732 0,000832
виртуальные 3,218876 0,000894
включает 0,462035 0,000385
включается 2,995732 0,001665
включать 1,897120 0,001581
включаться 3,218876 0,001789
включаются 3,218876 0,000894
включая 0,527633 0,000293
включена 1,514128 0,000421
включенные 3,218876 0,000894
включить 2,407946 0,002676
влияет 1,832581 0,000509
вложением 3,912023 0,001087
вложении 3,912023 0,002174
вложенные 3,912023 0,001087
вложенными 3,506558 0,000974
вместе 0,510826 0,000284
вместо 0,798508 0,000444
внешние 0,051293 0,000014
внимание 1,347074 0,001497
внутреннюю 2,995732 0,000832
внутренняя 2,813411 0,000782
возвращаемые 3,506558 0,000974
возвращает 3,506558 0,004872
возвращается 2,659260 0,000739
возвращать 3,912023 0,001087
возвращают 3,912023 0,001087
возможно 0,867501 0,000964
возможной 3,218876 0,000894
возможностей 2,040221 0,000567
возможности 0,891598 0,000991
возможность 0,616186 0,000342
волшебные 0,040822 0,000011
восстановлено 2,525729 0,000702
впервые 0,385662 0,000321
времени 0,186330 0,000052
временным 2,813411 0,000782
время 0,030459 0,000034
все-таки 2,659260 0,000739
всемирная 1,714798 0,000476
всемирной 1,897120 0,002108
всему 1,272966 0,000354
вставил 3,912023 0,001087
вторичный 3,506558 0,000974
второго 1,139434 0,000317
второй 0,274437 0,000076
выбирает 2,995732 0,000832
выбор 1,832581 0,000509
выводят 2,813411 0,000782
выглядеть 3,506558 0,001949
выглядит 2,659260 0,001478
выдавать 3,218876 0,000894
выдай 3,912023 0,001087
выдать 3,506558 0,001949
выделено 2,525729 0,000702
выделяется 1,832581 0,000509
вымышленная 3,912023 0,001087
вымышленной 3,506558 0,000974
выполнена 2,302585 0,000640
выполнение 2,040221 0,000567
выполнения 1,560648 0,004336
выполнять 2,813411 0,000782
выполняются 1,660731 0,000461
выпущен 3,218876 0,000894
вычисления 2,040221 0,000567
выше 0,616186 0,000514
гарантирования 3,506558 0,000974
географическое 0,693147 0,000193
геотегинг 3,506558 0,000974
гипермедийных 3,912023 0,001087
гиперссылкам 3,912023 0,001087
гипертекст 3,506558 0,000974
гипертекста 2,995732 0,001665
гипертекстовое 3,912023 0,001087
гипертекстовым 3,912023 0,001087
гипертекстовых 3,506558 0,000974
главной 0,941609 0,000523
глобальной 2,525729 0,000702
глобальные 2,995732 0,000832
говорит 2,040221 0,000567
год 0,235722 0,000065
года -0,009950 -0,000044
годом 0,941609 0,000262
году 0,072571 0,000081
годусемантическая 3,912023 0,001087
города 0,430783 0,000120
готов 2,525729 0,000702
готовые 3,506558 0,000974
группы 0,634878 0,000353
дайджест-аутентификация 3,912023 0,001087
дальнейшего 2,525729 0,000702
дальнейшее 1,832581 0,000509
дальнейшие 3,912023 0,001087
дальше 1,897120 0,001054
даниэль 2,995732 0,000832
данного 1,714798 0,000953
данное 1,966113 0,000546
данной 1,609438 0,000447
данном 2,040221 0,002268
данному 1,966113 0,000546
данные 0,510826 0,000852
данный 0,713350 0,000396
данным 0,415515 0,000115
данными 1,514128 0,000421
данных 0,616186 0,001198
дата 0,030459 0,000059
датируется 2,302585 0,000640
даты 1,427116 0,001190
две 0,527633 0,000147
двоеточием 3,912023 0,001087
двоеточия 3,912023 0,001087
двоичное 3,506558 0,005846
двоичными 3,912023 0,001087
двумя 1,021651 0,000568
действия 1,427116 0,001190
действовать -0,009950 -0,000003
декабря 0,105361 0,000029
делает 1,771957 0,000492
делать 1,832581 0,001018
дескрипционная 3,506558 0,000974
деятельности 0,446287 0,000124
дзержинского 1,660731 0,000461
диалогов 2,995732 0,001665
диапазон 2,813411 0,000782
диапазонов 3,912023 0,001087
диапазоны 3,218876 0,001789
диван 3,912023 0,001087
длину 2,407946 0,000669
добавлена 2,995732 0,000832
добавлением 3,506558 0,000974
добавлено 3,218876 0,001789
добавляют 3,912023 0,002174
дойдет 3,506558 0,000974
докачать 3,912023 0,002174
докачивание 3,912023 0,001087
докачивать 3,912023 0,001087
докачка 3,912023 0,001087
докачки 3,912023 0,001087
документ 2,525729 0,002807
документа 2,407946 0,001338
документам 3,218876 0,001789
документах 1,560648 0,000434
документации 2,207275 0,000613
документациям 3,912023 0,001087
документов 0,653926 0,000182
документу 2,813411 0,000782
должен 1,078810 0,002698
должно 1,714798 0,001906
должны 1,021651 0,001419
долю 1,427116 0,000397
доля 0,733969 0,000204
домен 2,995732 0,001665
домен-псевдоним 3,912023 0,001087
доменные 3,912023 0,001087
дополнительные -0,009950 -0,000003
дополнительный 2,995732 0,001665
дополнительных 2,040221 0,000567
допускает 2,813411 0,000782
допускается 3,506558 0,000974
допускаются 3,506558 0,000974
допустим 3,912023 0,003261
допустимое 3,218876 0,000894
допустимость 3,912023 0,001087
доставки 2,407946 0,000669
доступ 1,203973 0,000669
доступа 1,309333 0,001455
доступе 2,995732 0,000832
доступен -0,009950 -0,000003
доступность 2,407946 0,000669
дочерние 2,659260 0,000739
друг 1,108663 0,000308
друга 1,560648 0,000434
другие 0,030459 0,000017
другим 0,733969 0,000204
других -0,009950 -0,000019
другому 2,302585 0,000640
дублинское 3,506558 0,000974
желаемое 3,912023 0,001087
желательна 3,912023 0,001087
желательно 3,912023 0,001087
забери 3,912023 0,001087
зависимости 0,798508 0,000666
зависит 1,560648 0,000434
заглавная -0,009950 -0,000003
заглавными 3,912023 0,002174
заголовка 3,218876 0,008049
заголовкам 3,912023 0,001087
заголовками 3,912023 0,001087
заголовках 3,218876 0,001789
заголовке 3,218876 0,007155
заголовки 2,995732 0,019145
заголовков 3,506558 0,015589
заголовком 3,912023 0,001087
заголовок 2,659260 0,016256
загружаемое 3,912023 0,001087
загружаются 3,912023 0,001087
загрузит 3,912023 0,002174
загрузка 2,995732 0,000832
загрузки 2,995732 0,002497
загрузку 3,218876 0,000894
заданному 3,912023 0,002174
задач 1,386294 0,000385
задержки 2,813411 0,000782
задокументированы 3,912023 0,001087
закачек 3,912023 0,006522
заключается 1,897120 0,000527
закодировано 3,912023 0,001087
заменить 0,562119 0,000312
заметен 3,218876 0,000894
занесенные 2,659260 0,000739
записанное 3,506558 0,000974
записанной 3,218876 0,000894
записьвойти -0,009950 -0,000003
записям 3,218876 0,000894
запрашиваемого 3,912023 0,001087
запрашиваемому 3,912023 0,002174
запрашиваемые 3,912023 0,001087
запрашивать 3,912023 0,001087
запрашивают 3,912023 0,002174
запрещены 2,659260 0,000739
запрос 1,514128 0,010938
запрос-ответ 3,912023 0,002174
запроса 2,407946 0,015388
запросами 3,506558 0,000974
запросах 3,912023 0,003261
запросе 3,506558 0,009743
запросит 3,912023 0,002174
запросить 3,912023 0,002174
запросов 2,407946 0,006691
запросом 3,506558 0,000974
запросы 1,897120 0,004217
запрошен 3,912023 0,001087
запрошена 3,912023 0,001087
запрошенная 3,912023 0,001087
запуска 1,832581 0,000509
запускаемому 3,912023 0,001087
зарегистрированный -0,009950 -0,000003
зарегистрирует 3,912023 0,001087
заставляющие 3,912023 0,001087
затем 0,527633 0,000147
защищенного 3,506558 0,000974
заявление -0,009950 -0,000003
звездочку 3,912023 0,001087
звука 2,659260 0,000739
земля 1,139434 0,000317
знает 2,813411 0,000782
знак -0,009950 -0,000003
знаниями 3,506558 0,000974
знать 2,525729 0,001404
значение 0,314711 0,000262
значением 1,966113 0,000546
значении 1,714798 0,000476
значения 0,105361 0,000029
значительно 0,510826 0,000142
зная 3,218876 0,000894
игнорировать 2,995732 0,001665
игнорироваться 3,506558 0,000974
игнорирует 3,506558 0,000974
идемпотентным 3,912023 0,001087
идемпотентными 3,912023 0,001087
идентификации 2,995732 0,000832
идентичен 3,506558 0,001949
идентичные 3,912023 0,001087
идет 1,078810 0,000300
иерархии 3,506558 0,000974
из-за 0,415515 0,000115
избежания 3,506558 0,000974
избыточную 3,912023 0,002174
известен 1,203973 0,000335
известно 1,237874 0,000344
извлечения 2,813411 0,000782
издан 2,813411 0,000782
изменен 2,813411 0,000782
изменился 2,120264 0,000589
изменяется 1,771957 0,000492
изменялся 3,506558 0,002923
изменяют 3,506558 0,000974
изначально 1,309333 0,000364
изображения 1,609438 0,000447
изолированных 3,506558 0,000974
имеет 0,235722 0,000262
имен 1,771957 0,000492
имена 1,832581 0,000509
именам 3,506558 0,000974
именем 1,272966 0,000354
имени 0,462035 0,000514
именно 0,544727 0,000757
ими 1,272966 0,000707
индивидуальные 3,218876 0,000894
инициативе 1,427116 0,000397
инициируют 3,912023 0,001087
иное 2,659260 0,000739
инструменты -0,009950 -0,000006
интегрируя 3,912023 0,001087
интеллект 2,659260 0,000739
интересует 3,218876 0,000894
интересующих 3,912023 0,001087
интернет 0,916291 0,000764
интернета 1,771957 0,000492
интернете 1,771957 0,000985
интернетом 2,995732 0,002497
информацией 1,714798 0,000476
информации 0,446287 0,000372
информационной 2,207275 0,000613
информационные 1,203973 0,000335
информационный 1,427116 0,000793
информационных 1,139434 0,000317
информацию 1,237874 0,001376
информация 0,446287 0,000496
информирование 3,912023 0,002174
информирует 3,912023 0,001087
исключает 2,995732 0,000832
исключением 1,347074 0,000749
исключено 3,218876 0,000894
исполнения 1,469676 0,000408
использовался 1,771957 0,000492
использование 0,891598 0,000495
использовании 1,560648 0,000434
использования -0,009950 -0,000008
использованы 2,659260 0,000739
использовать 1,171183 0,000651
использоваться 1,714798 0,001429
используемые 2,407946 0,000669
используемый 2,407946 0,000669
использует 1,514128 0,000421
используется 0,616186 0,002226
используют 1,309333 0,000728
используются 0,916291 0,001528
использующие 0,040822 0,000023
используя 1,966113 0,000546
исправлены 3,912023 0,001087
испытывает 2,659260 0,000739
история 0,051293 0,000043
источник -0,009950 -0,000003
источниками 0,776529 0,000216
источники 0,415515 0,000115
исходного 2,659260 0,001478
исходному 3,506558 0,000974
исходные 2,995732 0,001665
исходный 2,407946 0,000669
исходя 2,207275 0,000613
итоге 1,427116 0,000397
июля 0,116534 0,000032
июне 0,967584 0,000269
июнь 0,544727 0,000151
июня 0,116534 0,000130
каждая 1,560648 0,000434
каждого 1,427116 0,000793
каждое 1,714798 0,000476
каждой 1,966113 0,001093
каждую 2,525729 0,000702
каждый 0,733969 0,000408
какие 1,897120 0,001054
каким 2,207275 0,000613
какой-либо 2,407946 0,000669
какой-то 2,407946 0,000669
какую 3,506558 0,000974
канальный 3,506558 0,000974
картинки 3,912023 0,002174
карты 0,941609 0,000262
каскадные 3,506558 0,000974
категории -0,009950 -0,000008
качестве 0,478036 0,000266
класс 1,514128 0,001262
класса 1,203973 0,000335
классов 1,660731 0,000461
классом 3,506558 0,000974
клиент 2,813411 0,013289
клиент-сервер 3,912023 0,001087
клиента 2,995732 0,019977
клиентам 3,218876 0,000894
клиентами 3,218876 0,000894
клиентов 2,207275 0,001840
клиентом 2,995732 0,006659
клиенту 3,506558 0,007795
клиенты 2,995732 0,004162
ключевые 2,302585 0,000640
ключевых 2,207275 0,000613
кого 2,207275 0,000613
код -0,009950 -0,000105
кода 0,798508 0,000666
кодами 3,912023 0,002174
кодекс -0,009950 -0,000003
кодирование 3,506558 0,000974
кодирования 3,506558 0,001949
кодировка 3,912023 0,001087
кодировке 3,218876 0,001789
кодистория 0,116534 0,000032
кодов 2,813411 0,005472
кодом 2,040221 0,001701
кодсостояния 3,912023 0,001087
коду 2,995732 0,003330
коды 2,120264 0,002946
коллективный 3,218876 0,000894
комбинирования 3,506558 0,000974
комментарии 1,386294 0,000385
комментария 3,912023 0,003261
коммерциализировало 3,912023 0,001087
компании 0,579818 0,000483
компания 0,653926 0,000363
комплекс 0,653926 0,000182
компонентами 2,659260 0,000739
компонентов 1,660731 0,000461
компоненты 1,609438 0,000447
компьюлента 3,912023 0,001087
компьютере 2,120264 0,001178
конец 0,798508 0,000222
конечного 3,506558 0,001949
конечные 3,218876 0,000894
конечных 3,218876 0,000894
конкретного 2,302585 0,001280
конкретному 3,506558 0,000974
конкретным 2,813411 0,000782
контексте 1,560648 0,000434
конференции 1,139434 0,000317
конфиденциальности -0,009950 -0,000003
конфликта 2,120264 0,000589
конца 0,562119 0,000156
копия 0,328504 0,000456
короткий -0,009950 -0,000006
короткое 2,659260 0,001478
корпорацией 3,912023 0,001087
которая 0,287682 0,000160
которого 0,301105 0,000084
которое 0,478036 0,000133
которой 0,174353 0,000145
котором 0,301105 0,000167
которому 0,843970 0,000469
которые 0,162519 0,000226
который 0,105361 0,000146
которым 0,798508 0,000222
которых 0,094311 0,000105
красногорска 3,506558 0,000974
краулеры 3,912023 0,001087
кроме 0,235722 0,000393
куки -0,009950 -0,000006
кэш 2,995732 0,002497
кэше 3,912023 0,001087
кэшироваться 3,912023 0,002174
кэшируется 3,912023 0,002174
кэшируются 3,912023 0,001087
кэшу 3,912023 0,001087
лев 1,832581 0,000509
либо 0,000000 0,000000
лицензии -0,009950 -0,000003
лишняя 3,912023 0,001087
логика 2,207275 0,000613
логические 2,659260 0,000739
любого 2,120264 0,000589
любое 2,120264 0,001178
любые 2,207275 0,000613
любым 2,525729 0,000702
любых 2,120264 0,000589
магазины 2,207275 0,000613
мае 0,867501 0,000241
май 0,597837 0,000166
максимум 0,733969 0,000204
мало 1,427116 0,000397
манипуляции 3,218876 0,000894
мариймакедонски 0,000000 0,000000
марта 0,139262 0,000039
марте 0,967584 0,000269
материал -0,009950 -0,000003
машины 1,514128 0,000421
мегабайта 3,506558 0,001949
мегабайте 3,912023 0,001087
медиатип 3,912023 0,002174
медиатипом 3,912023 0,001087
медиатипы 3,506558 0,000974
медиафайлы 0,301105 0,000167
менеджер 2,659260 0,002956
менеджеру 3,506558 0,000974
менеджеры 3,218876 0,001789
местами 1,427116 0,000397
местоположение 2,040221 0,000567
месяцестатьи 0,000000 0,000000
метаданные 2,659260 0,000739
метаданных 3,506558 0,001949
метод 1,771957 0,007385
метода 2,302585 0,006398
методов 1,832581 0,003564
методом 2,407946 0,002007
методу 3,218876 0,000894
методы 1,714798 0,001906
механизм 1,660731 0,002307
механизмы 2,659260 0,001478
микроданные 3,506558 0,000974
микроформаты 3,506558 0,000974
миру 1,560648 0,000434
мнению 0,967584 0,000269
многих 0,494296 0,000137
многократное 2,995732 0,000832
многопоточную 3,912023 0,001087
множественного 3,506558 0,000974
множественное 3,506558 0,002923
множественным 3,912023 0,001087
мобильная -0,009950 -0,000003
могут -0,009950 -0,000044
модели 1,171183 0,000651
модифицирован 3,912023 0,001087
модули 2,525729 0,000702
момент 0,597837 0,000498
момента 1,469676 0,000408
монгол 0,000000 0,000000
москвы 0,653926 0,000363
московский 0,891598 0,000248
мультиплексирование 3,912023 0,001087
наблюдать 3,218876 0,000894
набор 1,469676 0,000408
навигации -0,009950 -0,000006
навигация -0,009950 -0,000006
нагрузка 2,995732 0,000832
нагрузки 2,207275 0,000613
нагрузку 2,659260 0,000739
название 0,198451 0,000110
назначение 2,525729 0,000702
называемое 3,218876 0,000894
называется 0,916291 0,000509
называются 1,832581 0,000509
наиболее 0,139262 0,000077
найденные 3,506558 0,000974
найти 1,771957 0,000492
наличии 2,040221 0,001134
наличия 2,525729 0,000702
нами -0,009950 -0,000003
написан 2,407946 0,000669
наподобие 2,525729 0,000702
направлено 2,813411 0,000782
например 0,328504 0,001095
нарушать 2,813411 0,000782
настоящее 0,328504 0,000183
настоящий 1,609438 0,000447
находится 0,328504 0,000183
находящемуся 3,912023 0,001087
начала 0,314711 0,000175
начале 0,314711 0,000175
начального 1,832581 0,000509
начальную 3,506558 0,000974
начать 2,120264 0,000589
начнет 2,207275 0,000613
нашем 2,813411 0,000782
неавторитетными 2,995732 0,000832
неанонимного 3,912023 0,001087
негодую 3,912023 0,001087
неделе 3,912023 0,001087
недопустим 3,912023 0,001087
недостатков 0,653926 0,000363
недостаток 2,995732 0,000832
независимой 2,813411 0,000782
некоммерческой -0,009950 -0,000003
некорректна 3,506558 0,000974
некорректные 2,813411 0,000782
некоторые 0,301105 0,000418
некоторых 0,494296 0,000275
нем 0,356675 0,000396
нему 1,203973 0,000335
необходимо 1,237874 0,000688
необходимого 2,995732 0,000832
необходимость 1,714798 0,000476
необходимые 2,407946 0,002007
необязательна 3,912023 0,001087
необязательным 3,912023 0,001087
неофициальные 2,040221 0,000567
непосредственно 0,478036 0,000398
неприменим 3,912023 0,001087
нередко 1,108663 0,000308
несколькими 1,660731 0,000461
нескольких 0,755023 0,001469
несколько 0,150823 0,000293
несовпадении 3,912023 0,001087
нестабильном 3,912023 0,001087
нешифрованный 3,912023 0,001087
ниже 0,693147 0,000193
никак 2,813411 0,000782
никакие 3,506558 0,000974
ними 1,049822 0,000583
нового 0,579818 0,000161
новый 0,446287 0,000124
новым 1,049822 0,000292
новых 0,430783 0,000120
номера 1,609438 0,000447
нотация 2,995732 0,000832
ноября 0,127833 0,000107
нська 0,000000 0,000000
нужно 1,049822 0,000583
нужное 3,912023 0,001087
нулевую 3,218876 0,000894
оба 1,386294 0,000385
обеспечение 1,237874 0,001032
облегчения 3,218876 0,000894
обмен 1,832581 0,000509
обмена 1,560648 0,000434
обмениваться 3,912023 0,001087
обновлений 2,995732 0,000832
обозначения 1,660731 0,000461
обоих 1,469676 0,001633
оборудование 1,347074 0,000374
обрабатывает 3,506558 0,000974
обрабатывать 2,813411 0,000782
обработка 2,120264 0,001178
обработки 1,897120 0,001054
образом 0,371064 0,000206
обратите 3,912023 0,003261
обратно 1,714798 0,000476
обращается 2,995732 0,000832
обращения 0,030459 0,000059
общедоступны 3,218876 0,000894
общему 2,525729 0,001404
общие 0,673345 0,000374
общий 0,916291 0,000255
общим 1,427116 0,000397
объединенных 2,120264 0,000589
объекта 1,203973 0,002007
объектом 1,560648 0,000434
объекты 0,478036 0,000266
объем 0,616186 0,001027
объемом 2,407946 0,000669
объему 1,771957 0,000492
объявление 3,218876 0,000894
объявляет 3,218876 0,000894
объяснение 2,407946 0,000669
обыкновенной 2,813411 0,000782
обычно 0,693147 0,001733
обычного 2,525729 0,000702
обычном 3,912023 0,001087
обычный 2,813411 0,003127
обязан 2,407946 0,002007
обязателен 3,912023 0,001087
обязательна 3,506558 0,000974
обязательно 2,040221 0,001134
обязательными 3,912023 0,001087
обязательных 2,659260 0,000739
ограничение 2,995732 0,000832
однако 0,174353 0,000048
одних 2,207275 0,000613
одно 0,693147 0,000385
одновременно 0,776529 0,000432
одного 0,544727 0,000454
однозначно 2,995732 0,000832
одной 0,371064 0,000206
одноуровневой 3,912023 0,001087
ожидают 1,897120 0,000527
означает 1,237874 0,001032
окончательная 3,912023 0,001087
октября 0,083382 0,000023
олык 0,000000 0,000000
оно 0,000000 0,000000
онтологии 3,218876 0,001789
операции 1,139434 0,000317
операцию 3,218876 0,000894
операция 2,040221 0,000567
опечатки 3,912023 0,002174
описан 2,813411 0,000782
описание -0,009950 -0,000003
описанным 3,506558 0,000974
описаны 2,659260 0,001478
описывается 2,407946 0,000669
определен 2,407946 0,001338
определение 1,660731 0,000461
определения 1,560648 0,001301
определено 2,659260 0,000739
определить 2,207275 0,001840
определяет 1,714798 0,001429
определяется 1,609438 0,001789
опубликована 2,407946 0,001338
опубликованы 3,218876 0,000894
опущена 3,506558 0,002923
опытными 1,714798 0,000476
организации -0,009950 -0,000003
организацию 2,207275 0,001227
организация 0,891598 0,000248
организовав 3,912023 0,001087
организовал 2,525729 0,000702
оригинала 0,162519 0,000045
ориентироваться 3,912023 0,001087
осведомлен 3,912023 0,001087
основе 0,494296 0,000137
основная 0,116534 0,000162
основного 1,897120 0,001054
основное 1,347074 0,000374
основной 0,653926 0,000727
основном 0,510826 0,000284
основную 1,832581 0,000509
основные 0,223144 0,000806
основным 0,616186 0,000685
основными 1,203973 0,000335
основных 0,634878 0,000529
основой 1,237874 0,000688
особенно 0,562119 0,000156
особенностей 1,832581 0,000509
особенности 0,994252 0,000276
особенностью 1,609438 0,000447
оставаться 2,207275 0,000613
оставил 3,218876 0,000894
остальные 0,891598 0,000248
остальным 3,506558 0,000974
остальных 1,660731 0,000461
осуществляется 0,776529 0,000216
осуществлять 2,120264 0,000589
ответ 1,560648 0,009106
ответа 2,659260 0,016256
ответами 3,912023 0,001087
ответах 3,218876 0,001789
ответе 3,506558 0,004872
ответит 3,912023 0,001087
ответить 2,813411 0,000782
ответного 3,912023 0,001087
ответов 2,525729 0,003509
ответом 3,506558 0,000974
ответственности -0,009950 -0,000003
ответу 3,912023 0,002174
ответы 1,514128 0,001683
отделенная 3,912023 0,001087
отделены 3,506558 0,000974
отдельно 2,120264 0,001178
отдельности 2,813411 0,001563
отдельную 1,832581 0,000509
отдельные 1,078810 0,000300
отдельных -0,009950 -0,000003
отделяться 3,506558 0,001949
отказ -0,009950 -0,000003
открытые 2,120264 0,000589
открытым 1,309333 0,000364
отличается 0,579818 0,000161
отличаться 1,560648 0,000867
отличие 0,891598 0,000743
отличия 2,525729 0,000702
отличны 3,912023 0,001087
отмечается 1,309333 0,000364
относятся 0,713350 0,000198
отобразит 3,506558 0,000974
отправить 2,995732 0,000832
отправка 3,506558 0,000974
отправке 3,506558 0,001949
отправки 2,525729 0,002807
отправляет 2,813411 0,000782
отправлять 2,813411 0,001563
отреагировать 3,912023 0,001087
отредактирована -0,009950 -0,000003
отслеживать 3,506558 0,000974
отсутствие 1,347074 0,000374
отсутствовать 3,506558 0,000974
отсутствует 1,272966 0,000707
отсутствующая 3,912023 0,001087
отсутствующий 3,912023 0,001087
отсюда 1,897120 0,000527
официальной 1,469676 0,000408
официальные 1,469676 0,000408
официальный 0,510826 0,000142
офлайн-браузеры 3,912023 0,001087
оформление 2,525729 0,000702
очередная 3,506558 0,000974
очередь 0,527633 0,000147
ошибка 1,832581 0,001018
ошибках 2,995732 0,000832
ошибкекак -0,009950 -0,000003
ошибки 1,897120 0,000527
ошибку 3,506558 0,000974
пара 2,302585 0,001280
параллельно 1,237874 0,000344
параллельного 3,912023 0,001087
параллельное 3,506558 0,000974
параметр 2,813411 0,003127
параметр-значение 3,912023 0,001087
параметрам 3,506558 0,001949
параметров 2,302585 0,001280
параметры 2,120264 0,001767
парами 3,912023 0,001087
пару 2,995732 0,000832
паутина 3,218876 0,000894
паутинаосновы 3,506558 0,000974
паутинапротокол 3,912023 0,001087
паутине 3,218876 0,000894
паутины 2,407946 0,002007
первая 0,430783 0,000239
первое 0,544727 0,000151
первой 0,462035 0,000385
первом 1,237874 0,000344
первоначально 1,203973 0,000335
первоначальный 2,659260 0,000739
первую 0,867501 0,000241
первый 0,385662 0,000214
перевод 1,427116 0,000397
передаваемого 3,912023 0,002174
передаваемые 3,218876 0,001789
передаваемый 3,506558 0,000974
передаваемых 3,218876 0,000894
передавать 2,995732 0,001665
передаваться 3,506558 0,000974
передает 2,659260 0,002217
передается 2,813411 0,002345
переданы 2,302585 0,001280
передать 2,120264 0,001767
передача 1,514128 0,001262
передачи 1,560648 0,003469
передачу 2,813411 0,000782
передаются 3,506558 0,001949
перезагрузки 3,912023 0,001087
перейдет 2,995732 0,000832
перейти -0,009950 -0,000006
перенаправление 3,912023 0,001087
перенаправлением 3,912023 0,001087
перенаправления 3,506558 0,002923
перенаправлениям 3,912023 0,001087
переход 1,427116 0,000397
переходить 2,813411 0,000782
перечисленные 3,218876 0,000894
персональные -0,009950 -0,000003
печати -0,009950 -0,000003
печатные 1,514128 0,000421
печать -0,009950 -0,000003
пингованию 3,912023 0,001087
писем 3,218876 0,000894
письма 1,897120 0,001054
планета 2,207275 0,000613
поведение 2,995732 0,002497
поведения -0,009950 -0,000003
поверить 3,912023 0,001087
повсеместно 2,407946 0,000669
повторение 3,506558 0,000974
поддерживаемых 3,218876 0,002683
поддерживает 1,609438 0,000894
поддержка 1,832581 0,001528
поддержки 1,560648 0,000867
поделила 3,912023 0,001087
поделит 3,912023 0,001087
подмосковья 3,506558 0,000974
подобные 1,609438 0,000894
подобный 2,207275 0,000613
подобных 2,040221 0,000567
подразделы 3,506558 0,000974
подразумевается 2,995732 0,000832
подробная 2,659260 0,000739
подробнее -0,009950 -0,000003
подробно 2,995732 0,001665
подтверждаемым 2,995732 0,000832
подтип 3,506558 0,000974
подходящий 3,218876 0,000894
подходящую 3,912023 0,001087
пожалуйста 1,469676 0,000408
позволили 2,207275 0,000613
позволяет 0,755023 0,001049
позволяют 1,469676 0,000408
позволяющий 2,207275 0,000613
поздних 2,995732 0,000832
поиск -0,009950 -0,000006
поисковые 3,506558 0,000974
поисковых 3,506558 0,000974
поиску -0,009950 -0,000003
пока 0,843970 0,000704
показано 2,995732 0,000832
поле 0,798508 0,000887
полей 2,407946 0,000669
полем 2,407946 0,001338
политика -0,009950 -0,000003
полного 1,660731 0,000461
полностью 0,400478 0,000111
полный 1,272966 0,000707
половина 1,171183 0,000325
положение 0,510826 0,000142
положения 1,309333 0,000364
получателю 3,506558 0,001949
получателя 3,506558 0,000974
получения 1,469676 0,001633
полученный 2,995732 0,000832
получить 1,427116 0,000397
пользователей 1,714798 0,000476
пользователем 2,995732 0,000832
пользователь 2,813411 0,000782
пользовательских 2,813411 0,000782
пользователю 2,813411 0,001563
пользователя 1,966113 0,003278
пользуются 1,966113 0,000546
поля 1,427116 0,000793
помечается 3,912023 0,001087
помещает 3,506558 0,000974
помещается 2,995732 0,000832
помещаются 3,912023 0,001087
помещен 2,995732 0,000832
помнить 3,506558 0,001949
помощью 0,634878 0,000706
понимает 3,506558 0,001949
понимании 1,897120 0,000527
понятия 1,560648 0,000434
попадет 3,506558 0,000974
порождать 3,912023 0,001087
порт 0,941609 0,000262
портов 2,120264 0,000589
порядке 1,309333 0,000728
порядок 1,966113 0,001093
посетители 3,506558 0,001949
посетитель 3,912023 0,001087
послал 2,659260 0,000739
последнего 1,609438 0,000447
последний -0,009950 -0,000006
последними 3,218876 0,000894
последних 1,347074 0,000374
последняя 0,342490 0,000095
последователь 3,506558 0,000974
последовательно 1,832581 0,000509
последовательности 2,659260 0,001478
последовательность 2,659260 0,000739
последствиями 3,218876 0,000894
послужило 2,302585 0,000640
посредника 3,506558 0,000974
посредники 3,218876 0,000894
посредством 1,771957 0,000985
поставленных 3,218876 0,000894
поставщики 3,218876 0,000894
поставщиков 2,813411 0,000782
постоянного 0,693147 0,000385
постоянное 2,120264 0,000589
посылает 3,218876 0,001789
посылать 3,912023 0,003261
посылаться 3,912023 0,001087
посылают 3,912023 0,001087
посылающий 3,912023 0,001087
потери 1,966113 0,000546
потоках 3,912023 0,001087
потоков 2,813411 0,000782
потокового 3,912023 0,001087
потребителей 2,207275 0,000613
потребители 3,506558 0,000974
почта 1,609438 0,000447
поэтому 0,616186 0,000342
появилась 0,820981 0,000228
появились 0,579818 0,000322
появляться 1,771957 0,000492
пояснение 3,912023 0,004348
пояснения 3,912023 0,001087
поясняющая 3,912023 0,001087
права 0,755023 0,000210
правил 1,771957 0,000492
правила 2,040221 0,000567
правилам 1,660731 0,000923
правило 0,891598 0,000248
правильной 3,506558 0,000974
править -0,009950 -0,000188
правка 0,328504 0,000091
правки 2,207275 0,000613
правкиновые -0,009950 -0,000003
правкипостоянная -0,009950 -0,000003
практической 2,525729 0,000702
преамбула 3,912023 0,001087
превысил 2,525729 0,000702
превысила 2,207275 0,000613
пределах 0,510826 0,000142
предлагаемый 3,912023 0,001087
предлагает 2,302585 0,000640
предложен 3,218876 0,000894
предложение 2,525729 0,000702
предмет 2,120264 0,000589
предназначался 3,218876 0,000894
предназначений 3,912023 0,001087
предоставление 2,407946 0,000669
предоставлять 2,813411 0,000782
предполагает 1,832581 0,001528
предполагается 1,560648 0,000867
предположим 3,912023 0,001087
предпочтениях 3,912023 0,001087
предпочтителен 3,912023 0,001087
предпочтительный 3,912023 0,001087
предпринимать 3,912023 0,001087
представились -0,009950 -0,000003
представительств 2,040221 0,000567
представительства 1,386294 0,000385
представительство 1,514128 0,000421
представлен 0,891598 0,000248
представления 1,469676 0,000817
представляет 0,446287 0,000372
предупредить 3,912023 0,001087
предусматривает 2,120264 0,000589
предусмотрена 2,659260 0,000739
предъявляются 3,912023 0,001087
предыдущие 2,525729 0,000702
предыдущий 3,506558 0,000974
предыдущих 2,407946 0,001338
преобразует 3,506558 0,000974
прервав 3,506558 0,000974
прервалось 3,912023 0,001087
префикс 3,912023 0,001087
префиксы 3,912023 0,001087
привела 1,771957 0,000492
привет 3,506558 0,000974
придуманы 3,218876 0,000894
признаны 2,207275 0,000613
прикладного 2,525729 0,002807
прикладной 2,207275 0,001227
прикладные 2,040221 0,000567
приложением 2,525729 0,001404
приложений 1,832581 0,000509
приложения 1,514128 0,000421
примененного 3,506558 0,000974
применяется 1,714798 0,002859
применяться 2,407946 0,000669
пример 1,171183 0,001302
примерами 1,966113 0,000546
примере 1,771957 0,001969
примерно 0,634878 0,000176
примеры 2,407946 0,002676
примечания -0,009950 -0,000006
принципе 3,218876 0,000894
принял 1,272966 0,000354
принята 1,714798 0,000476
принятия 2,120264 0,000589
принять 2,207275 0,000613
приоритетов 3,506558 0,000974
приостановился 3,912023 0,001087
присланные 3,912023 0,001087
прислать 3,506558 0,000974
присутствие 2,659260 0,001478
присутствует 1,714798 0,000476
присутствуют 1,897120 0,000527
присылаемых 3,912023 0,001087
приходится 0,776529 0,000216
причем 0,994252 0,000553
причинам 1,966113 0,000546
причину 3,506558 0,000974
проактивных 3,912023 0,001087
пробелом 3,912023 0,001087
проблемных 2,525729 0,000702
провайдер 3,912023 0,001087
провайдеры 2,813411 0,000782
проверенной 1,771957 0,000492
проверки 0,994252 0,000829
проверялась 1,771957 0,000492
программ-роботов 3,912023 0,001087
программа 0,994252 0,000276
программами 2,659260 0,000739
программное 1,714798 0,001429
программные 2,813411 0,000782
программный 2,995732 0,000832
программы 0,713350 0,000396
продукт 1,660731 0,000461
проектах -0,009950 -0,000003
прозрачно 3,912023 0,001087
прозрачного 3,506558 0,000974
прозрачное 3,912023 0,005435
прозрачность 2,525729 0,000702
прозрачностью 3,506558 0,000974
прозрачный 3,912023 0,001087
произведут 3,912023 0,001087
произвести 2,659260 0,000739
производиться 3,218876 0,001789
производят 1,966113 0,001093
происходит 0,634878 0,000353
прокрутит 3,912023 0,001087
прокси 3,506558 0,003897
прокси-серверов 3,912023 0,001087
прокси-серверы 3,506558 0,002923
промежуточного 3,506558 0,000974
промежуточные 3,218876 0,000894
просмотра 2,040221 0,000567
просмотры -0,009950 -0,000003
простейшем 3,506558 0,000974
пространства 1,049822 0,000292
пространство 1,203973 0,000335
простую 3,218876 0,000894
противном 2,813411 0,000782
протокол 1,560648 0,004336
протокола 2,120264 0,008837
протоколам 3,218876 0,000894
протоколов 2,207275 0,001840
протоколом 2,813411 0,000782
протоколу 3,218876 0,001789
протоколы 2,207275 0,001227
проход 3,218876 0,000894
процесс 1,108663 0,000924
процесса 1,714798 0,000953
процессе 1,309333 0,000364
прочие 1,203973 0,000335
прошедшей 3,506558 0,000974
прошлой 3,912023 0,001087
публикация 2,659260 0,000739
публичный 2,407946 0,000669
пустая 3,912023 0,015218
пустой 2,995732 0,001665
путать 1,771957 0,000492
путь 0,820981 0,000228
пять 1,108663 0,000616
работа 0,891598 0,000248
работавшим 3,506558 0,000974
работать 1,108663 0,000308
работе 1,237874 0,000344
работоспособности 3,506558 0,000974
работы 0,314711 0,000437
равен 2,120264 0,000589
равные 3,506558 0,000974
равных 2,659260 0,000739
развития 0,287682 0,000160
разгрузку 3,912023 0,001087
раздел 0,891598 0,000248
раздела 1,514128 0,000421
разделению 2,995732 0,000832
разделенную 3,912023 0,001087
разделенных 2,407946 0,001338
разделителей 3,912023 0,001087
разделитель 3,912023 0,001087
разделяется 2,302585 0,000640
разделяются 3,218876 0,000894
различается 2,659260 0,001478
различают 2,302585 0,001280
различаются 2,659260 0,000739
различие 2,525729 0,001404
различным 1,469676 0,000408
различными 1,609438 0,000447
размер 1,832581 0,001018
разнотипных 3,912023 0,001087
разные 1,139434 0,000317
разных 0,510826 0,000426
разодрал 3,912023 0,001087
разрабатывался 3,218876 0,000894
разработчики -0,009950 -0,000006
разрешено 2,995732 0,000832
разрывают 2,995732 0,000832
разъяснение 3,506558 0,000974
разъяснено 3,912023 0,001087
разъясняет 3,912023 0,001087
ранняя 2,525729 0,001404
раскрывать 3,912023 0,001087
распознал 3,912023 0,001087
распознан 3,912023 0,001087
распределенных 2,407946 0,000669
распространяемые 3,912023 0,001087
рассмотрим 3,912023 0,001087
расстановка 3,912023 0,001087
рассуждений 2,995732 0,000832
расширение 0,527633 0,000147
расширений 3,506558 0,000974
расширению 2,813411 0,000782
расширения 1,514128 0,000421
расширениях 2,995732 0,000832
расширенной 2,995732 0,000832
реализации 0,994252 0,001658
реализация 1,560648 0,000434
реализациями 3,912023 0,001087
реализовать 2,407946 0,000669
регион 1,021651 0,000284
региональных 1,203973 0,000335
регистрации 2,207275 0,001227
регистрируются 3,218876 0,000894
регистру 3,506558 0,000974
редакторам 2,995732 0,000832
редирект 3,912023 0,001087
режим 1,108663 0,000308
результат 1,469676 0,000408
результатах 2,525729 0,000702
результате 0,342490 0,000095
результатов 1,897120 0,000527
результатом 1,771957 0,000492
результаты 1,237874 0,000344
рекомендуется 2,995732 0,000832
ресурс 1,514128 0,002524
ресурса 3,218876 0,014310
ресурсами 2,040221 0,000567
ресурсов 0,798508 0,000887
ресурсом 3,218876 0,000894
ресурсу 3,912023 0,003261
ресурсы 0,020203 0,000006
ролей 3,506558 0,000974
российский 0,634878 0,000176
рус 0,162519 0,000045
русский -0,009950 -0,000003
русском 1,049822 0,000292
ручной 3,506558 0,000974
сайт 0,371064 0,000206
сайта 1,771957 0,001969
сайтах 2,659260 0,000739
сайтов 2,659260 0,002217
сайты 0,478036 0,000398
самая 0,798508 0,000222
сами 1,560648 0,001301
самого 0,891598 0,000248
самом 1,108663 0,001232
самостоятельно 2,120264 0,000589
самый 0,579818 0,000161
самым 0,653926 0,000182
сбоя 3,912023 0,001087
сведений 1,609438 0,000447
сведения 0,867501 0,000482
свободно 2,302585 0,000640
свободной -0,009950 -0,000003
свое 0,616186 0,000171
своего 0,776529 0,000216
свои 0,755023 0,000629
своих 0,776529 0,000216
свой 0,653926 0,000182
свойства 1,660731 0,000923
свойство 0,653926 0,000182
свяжитесь -0,009950 -0,000003
связанного 2,659260 0,000739
связанной 2,659260 0,000739
связанные 1,021651 0,000284
связи 0,235722 0,000065
сделало 2,813411 0,000782
сделать 1,386294 0,000385
сеансовый 3,506558 0,000974
северной 0,693147 0,000193
секций 3,506558 0,000974
секция 3,218876 0,000894
семантическая 3,218876 0,002683
семантические 3,218876 0,002683
семантический 3,218876 0,001789
семантическое 3,506558 0,000974
семейство 2,813411 0,000782
сентябре 0,994252 0,000276
сентября 0,072571 0,000101
сервер 2,120264 0,020030
сервера 2,207275 0,020239
серверам 3,912023 0,001087
серверами 3,912023 0,001087
сервере 3,506558 0,001949
серверов 2,813411 0,003909
сервером 2,525729 0,004913
серверу 3,912023 0,010870
серверы 2,995732 0,004162
сессии 2,659260 0,002217
сессию 3,912023 0,003261
сетевой 2,813411 0,001563
сетевых 2,302585 0,000640
сетей 1,272966 0,000354
сети 0,494296 0,000412
сжатие 2,995732 0,001665
символа 2,207275 0,000613
символов 1,560648 0,000434
синтаксис 2,525729 0,000702
синтаксические 3,506558 0,000974
систем 0,798508 0,000222
системах 1,771957 0,000492
системеобсуждениевкладсоздать -0,009950 -0,000003
ситуаций 2,407946 0,000669
ситуация 1,469676 0,000408
ситуациях 2,813411 0,000782
скачать -0,009950 -0,000006
скачивание 3,506558 0,001949
скачивания 2,995732 0,001665
скачивают 3,506558 0,000974
скорее 1,966113 0,001093
скриптами 3,506558 0,000974
скрипту 3,506558 0,000974
следует 0,755023 0,002308
следующей 2,525729 0,000702
следующие 0,544727 0,000303
следующий 1,560648 0,000867
следующим 1,386294 0,000385
следующими 1,966113 0,000546
слова 0,562119 0,000312
словари 0,116534 0,000032
слово 0,673345 0,000374
служб 2,302585 0,000640
служить 2,120264 0,000589
случае 0,843970 0,002580
случаи 1,714798 0,000476
случаях -0,009950 -0,000011
слэша 3,912023 0,001087
смещения 3,218876 0,000894
сможет 2,407946 0,000669
снижает 2,302585 0,000640
снова 1,386294 0,000385
собирается 2,995732 0,000832
собой 0,328504 0,000274
собственных 1,771957 0,000492
событияпожертвовать -0,009950 -0,000003
современная 1,108663 0,000308
современной 0,579818 0,000161
согласно 0,301105 0,000167
согласование 3,506558 0,009743
согласовании 3,912023 0,001087
согласований 3,912023 0,001087
согласования 2,659260 0,002956
содействовать 3,912023 0,001087
содержание 0,010050 0,000003
содержат 1,966113 0,001093
содержать 2,525729 0,002807
содержащие 2,407946 0,000669
содержащихся 3,912023 0,001087
содержимого 2,407946 0,008029
содержимое 2,302585 0,012156
содержимым 2,813411 0,001563
содержит 1,386294 0,001926
содержится 1,966113 0,001093
соединение 2,302585 0,005118
соединении 3,506558 0,000974
соединения 1,897120 0,003690
создавать 1,832581 0,000509
создает 1,832581 0,000509
создается 1,832581 0,000509
создан 0,693147 0,000385
создание 0,733969 0,000204
созданная 2,040221 0,000567
сомнительных 3,912023 0,001087
соображений 2,659260 0,000739
сообщает 2,207275 0,001227
сообщение 1,049822 0,003792
сообщением 2,659260 0,000739
сообщении 2,407946 0,001338
сообщений 2,120264 0,001767
сообщения 0,820981 0,008896
сообщениями 2,525729 0,001404
сообщить -0,009950 -0,000003
соответствии 0,446287 0,000248
соответствовать 2,407946 0,000669
соответствует 1,427116 0,001190
соответствующей 2,120264 0,000589
соответствующие 1,560648 0,000867
соответствующий 2,207275 0,000613
соответствующим 1,897120 0,000527
соответствующих 1,609438 0,000447
сопровождают 3,506558 0,000974
составила 1,021651 0,000284
составляют 0,798508 0,000222
состоит 0,755023 0,000210
состоянии 1,309333 0,000364
состояния 1,203973 0,006022
сохранение 1,609438 0,000447
сохранением -0,009950 -0,000003
сохранения 1,660731 0,000461
сохраненного 3,912023 0,001087
сохранить 2,302585 0,000640
сохраняет 2,207275 0,000613
сохраняют 2,813411 0,000782
спам-лист 2,995732 0,000832
спам-ссылкамивикипедия 2,995732 0,000832
спецификации 2,302585 0,003199
спецификация 2,525729 0,002807
спецификациях 3,912023 0,001087
списка 1,469676 0,000408
списком 3,218876 0,001789
список 0,248461 0,000621
способ 1,966113 0,001093
способа 2,659260 0,000739
способами 2,525729 0,000702
способен 2,407946 0,000669
сразу 0,994252 0,000553
среди 0,198451 0,000165
средством 2,207275 0,000613
српски 0,000000 0,000000
српскохрватски 0,000000 0,000000
ссылками 0,186330 0,000155
ссылкасведения -0,009950 -0,000003
ссылки -0,009950 -0,000022
ссылкой 2,302585 0,000640
ссылок 0,693147 0,000193
стабильных 3,218876 0,000894
стал 0,314711 0,000087
стала 0,462035 0,000128
стало 0,494296 0,000137
стандартами 3,506558 0,000974
стандартный 3,218876 0,000894
стандартом 2,302585 0,000640
стандарту 3,912023 0,001087
стандарты 1,966113 0,000546
стартовая 3,912023 0,004348
стартовую 3,912023 0,002174
стартовые 3,506558 0,000974
статистика -0,009950 -0,000003
статус 0,510826 0,000568
статуса 1,309333 0,001455
статусом 1,171183 0,000651
статье 0,941609 0,000262
статьи 0,072571 0,000101
статьислучайная -0,009950 -0,000003
статьисообществофорумсправкасвежие -0,009950 -0,000003
статья 0,105361 0,000176
статьяобсуждение -0,009950 -0,000003
статьятекущие -0,009950 -0,000003
стили 2,302585 0,000640
стороне 1,139434 0,001266
стороны 0,430783 0,000479
стр 1,309333 0,000364
стран 0,597837 0,000166
страна 0,462035 0,000128
страница -0,009950 -0,000008
страницасодержаниеизбранные -0,009950 -0,000003
страницецитировать -0,009950 -0,000003
страницу 2,659260 0,003694
страницуполучить -0,009950 -0,000003
страницы -0,009950 -0,000025
страницыслужебные -0,009950 -0,000003
строка 2,525729 0,016843
строки 2,040221 0,001701
строкой 3,506558 0,001949
строку 2,995732 0,001665
структура 0,967584 0,000538
структуру 1,514128 0,000421
субъектами 2,995732 0,000832
суммарному 3,912023 0,001087
суммарный 2,302585 0,002559
существенно 1,108663 0,000308
существенное 2,207275 0,000613
существование 1,049822 0,000292
существует 0,446287 0,000248
существующими 3,506558 0,000974
существующих 1,714798 0,000476
сущностей 3,218876 0,000894
сущности 2,302585 0,001280
сущность 2,659260 0,000739
сформировал 3,506558 0,000974
схеме 2,120264 0,000589
схемы 1,771957 0,000985
счет 0,673345 0,000187
считается 0,693147 0,000193
считаются 1,897120 0,000527
сюдасвязанные -0,009950 -0,000003
также 0,000000 0,000000
такие 0,261365 0,000290
таким 0,527633 0,000147
такими 1,660731 0,001384
таких 0,510826 0,000568
такого 1,237874 0,000688
таком 1,660731 0,000461
тарашкев 0,000000 0,000000
твой 2,407946 0,000669
тегах 3,912023 0,001087
текст -0,009950 -0,000008
текстовое 3,506558 0,000974
текстовым 3,506558 0,000974
текстовых 3,912023 0,001087
текущая 1,609438 0,000447
текущем 0,544727 0,000151
текущих 2,659260 0,000739
тела 1,897120 0,004744
теле 2,207275 0,000613
тело 2,659260 0,016994
телом 3,912023 0,001087
тематические 0,510826 0,000142
теме 2,407946 0,000669
тему 1,771957 0,000492
темы 1,714798 0,000476
термин 1,049822 0,000292
терминология 2,813411 0,000782
тестирования 2,525729 0,000702
тех 0,798508 0,000222
технологией 2,659260 0,000739
технологии 0,798508 0,000222
технология 1,966113 0,000546
течением 1,771957 0,000492
тима 3,218876 0,001789
тимом 3,218876 0,000894
тип 0,356675 0,000694
типа 0,462035 0,000514
типами 2,659260 0,001478
типичный 2,407946 0,000669
типов 1,386294 0,000770
типом 2,407946 0,000669
товарный -0,009950 -0,000003
точкой 2,120264 0,001178
точнее 2,995732 0,000832
точно 2,207275 0,000613
точностью 3,506558 0,000974
традиционно 1,347074 0,000374
транспорта 0,776529 0,000216
транспортного 1,660731 0,000461
транспортный 1,171183 0,000325
транспортных 0,891598 0,000248
трафика 2,407946 0,001338
требования 1,832581 0,000509
требуют 1,609438 0,000447
трех 0,713350 0,000396
туннель 3,912023 0,001087
уведомлений 3,506558 0,000974
увидеть 1,714798 0,000476
удаленному 3,218876 0,000894
удаленный 2,525729 0,000702
удалено 3,912023 0,001087
удалить 2,407946 0,000669
удаляет 3,912023 0,001087
удастся 3,912023 0,002174
удобно 2,995732 0,000832
узлами 2,813411 0,000782
узнает 3,912023 0,002174
узнать 2,813411 0,001563
укажет 3,912023 0,001087
указав 3,506558 0,001949
указал 2,813411 0,000782
указан 0,139262 0,000039
указанием -0,009950 -0,000017
указания 1,714798 0,001429
указанная 3,912023 0,001087
указанного 1,078810 0,000300
указанное 2,995732 0,000832
указанной 2,813411 0,002345
указанном 2,659260 0,000739
указанному 3,912023 0,001087
указанные 2,813411 0,000782
указанный 2,995732 0,003330
указанными 3,912023 0,001087
указать 2,659260 0,001478
указывает 1,660731 0,002769
указывается 2,120264 0,001767
указывать 2,995732 0,000832
указывают 2,525729 0,000702
указывающая 3,506558 0,000974
указывая 3,506558 0,002923
укра 0,000000 0,000000
улучшены 3,912023 0,001087
универсальным 3,912023 0,001087
упорядочению 3,912023 0,001087
управление 0,527633 0,000147
управляемого 3,506558 0,000974
управляемое 3,912023 0,008696
управляемом 3,912023 0,001087
управляющих 3,218876 0,000894
уровень 0,579818 0,000161
уровня 0,634878 0,000706
уровням 3,912023 0,001087
уровняскрытые 3,912023 0,001087
условий -0,009950 -0,000003
условия -0,009950 -0,000006
условиях 1,049822 0,000292
условные 2,659260 0,001478
условный 3,218876 0,003578
услуг 0,967584 0,000538
успех 2,407946 0,000669
успешного 2,207275 0,001840
успешный 3,506558 0,000974
устанавливает 3,218876 0,000894
устанавливающие 3,912023 0,001087
установление 2,120264 0,000589
установлению 3,912023 0,001087
устаревшая 3,912023 0,001087
устаревшими 3,506558 0,000974
участие -0,009950 -0,000003
участниками 1,309333 0,000364
участников 1,272966 0,000354
учетную -0,009950 -0,000003
файл 2,040221 0,002268
файла 2,525729 0,007018
файлами 3,218876 0,000894
файле 2,120264 0,000589
файлов 1,966113 0,002185
файловым 3,912023 0,001087
файлы 2,525729 0,002807
февраля 0,051293 0,000057
физический 2,995732 0,000832
финальные 3,506558 0,000974
фирмой 2,659260 0,000739
фолксономия 3,506558 0,000974
фонд -0,009950 -0,000003
форм 1,347074 0,000374
формат 1,714798 0,001429
формата 1,966113 0,000546
форматах 2,995732 0,000832
формате 1,427116 0,000793
формату 3,506558 0,001949
форматыинтернет-протоколыстандарты 3,912023 0,001087
формировании 1,897120 0,000527
формирует 2,207275 0,000613
форму 1,714798 0,000476
формы 0,941609 0,000785
форумы 2,813411 0,000782
фотки 3,506558 0,000974
фотографии 1,203973 0,000669
фрагмент 2,407946 0,002007
фрагмента 3,506558 0,002923
фрагментарное 3,912023 0,001087
фрагменте 3,506558 0,000974
фрагментов 2,813411 0,003127
фрагменту 3,912023 0,001087
фрагменты 2,302585 0,005118
фраза 2,995732 0,000832
фундаментальное 3,506558 0,000974
функции 1,049822 0,000292
функций 1,660731 0,000461
функционирование 3,506558 0,000974
функционирования 1,897120 0,000527
характеризуют 2,995732 0,000832
характеристики 1,660731 0,000461
хватает 0,843970 0,000235
ходе 0,562119 0,000469
хоста 2,995732 0,000832
хостинга 3,506558 0,000974
хотя 0,653926 0,000545
хранения 1,427116 0,000397
хранить 2,813411 0,000782
хранящиеся 3,912023 0,001087
целевого 2,995732 0,000832
целевой 2,302585 0,000640
целевом 3,218876 0,000894
целевому 3,912023 0,001087
целевую 3,912023 0,001087
целое 2,407946 0,000669
целый 1,609438 0,000447
целях 1,171183 0,000651
цепочке 2,995732 0,000832
цифр 2,659260 0,002217
цифра 2,659260 0,000739
цифры 1,714798 0,000476
частей 1,139434 0,000317
части 0,198451 0,000110
частичные 3,218876 0,006261
частичный 3,912023 0,001087
частности 0,462035 0,000128
часто 0,415515 0,000115
частым 3,912023 0,001087
часть 0,105361 0,000088
частью 0,755023 0,000420
чаще 1,171183 0,000325
человека 0,579818 0,000161
человеку 2,302585 0,000640
черновика 3,912023 0,002174
четкому 3,912023 0,001087
четыре 0,713350 0,000198
число 0,478036 0,000133
читатьтекущая 1,237874 0,000344
что-то 2,659260 0,000739
чувствительно 3,912023 0,001087
шаблонами 0,634878 0,000176
штенберг 3,912023 0,001087
экспорт -0,009950 -0,000003
электронная 1,237874 0,000344
электронных 1,897120 0,000527
элемент 1,897120 0,000527
элемента 2,407946 0,000669
элементами 1,832581 0,001018
элементов 1,309333 0,000728
эмулировать 3,912023 0,001087
энциклопедии -0,009950 -0,000003
эпилог 3,912023 0,001087
эта 0,000000 0,000000
этим 0,693147 0,000193
этими 1,560648 0,000434
этих 0,400478 0,000223
это 0,000000 0,000000
является 0,094311 0,000288
являются 0,248461 0,000276
ядро 1,660731 0,000461
язык 0,116534 0,000032
языках -0,009950 -0,000003
языке 0,867501 0,000482
языки 1,309333 0,000364
языку 2,302585 0,001280
январе 1,427116 0,000793
января 0,116534 0,000032
яндекс 1,714798 0,000476
