абзац 3,218876 0,002353
август 0,072571 0,000159
авторский 1,966113 0,001437
авторство -0,009950 -0,000007
аз 2,302585 0,001683
актуальность 2,659260 0,001944
алфавитувикипедия 0,776529 0,000568
алфавитупро 1,771957 0,001295
альтернативный 1,203973 0,000880
амперсанда 3,912023 0,005719
англ 0,174353 0,006118
английскоговикипедия 3,912023 0,002860
апрель 0,150823 0,000331
архив 0,446287 0,000326
архивировать 0,020203 0,000266
архивный 0,248461 0,000908
атрибут 2,207275 0,008068
баш 3,506558 0,002563
бернерсом-ли 3,218876 0,004706
библиографический 0,083382 0,000061
библиотека 0,328504 0,000240
библия 2,659260 0,001944
бизнес 0,820981 0,000600
благодаря 0,527633 0,000386
блок 1,347074 0,000985
большой 0,040822 0,000149
брайан 3,218876 0,002353
браузер 2,207275 0,037111
браузерный 3,218876 0,004706
британский 1,469676 0,001074
вариант 0,634878 0,000928
ввести 0,634878 0,000464
вводить 1,832581 0,001340
веб-браузеры 3,506558 0,002563
веб-контента 3,506558 0,002563
веб-мастерам 3,912023 0,002860
веб-мастеров 3,912023 0,002860
веб-приложений 3,218876 0,002353
веб-страниц 2,813411 0,008226
веб-форма 3,912023 0,002860
версия -0,009950 -0,000102
верстка 2,995732 0,002190
весь 0,301105 0,000220
вид 0,061875 0,000181
вики-разметка 3,912023 0,002860
викиданных -0,009950 -0,000007
викиданныхпро 2,659260 0,001944
викимедиа -0,009950 -0,000007
википедии -0,009950 -0,000015
википедия -0,009950 -0,000036
викискладе 0,174353 0,000255
викискладмедиавикивикиучебниквикиновостивикиверситетэлемент 3,506558 0,002563
викискладстраницы 2,995732 0,002190
викисловарекниги 2,995732 0,002190
викисловарьстатьи 1,347074 0,000985
викиучебникемедиафайлы 2,995732 0,002190
викиучебникстатьи 3,218876 0,002353
вильямс 1,966113 0,001437
включать 0,235722 0,000172
включение 1,108663 0,000810
вложить 2,120264 0,001550
внедрять 2,995732 0,002190
внести 1,021651 0,000747
внешний 0,051293 0,000150
внутренний 0,314711 0,000230
возможность 0,314711 0,000690
война 0,430783 0,000945
волшебный 0,030459 0,000045
воспроизведение 2,525729 0,003693
воспроизводиться 2,995732 0,002190
впервые 0,385662 0,000282
впоследствии 0,653926 0,000478
время 0,020203 0,000044
всемирный 0,891598 0,004562
встроить 1,897120 0,002774
втора 0,274437 0,000201
выведенныеиз 3,506558 0,002563
вывод 1,386294 0,001013
выделяться 0,941609 0,000688
вытеснение 3,912023 0,002860
гиперссылки 3,218876 0,002353
гиперссылку 3,912023 0,002860
гипертекст 2,995732 0,004380
гипертекстовый 2,995732 0,006570
год -0,009950 -0,000291
годавикипедия 0,616186 0,000450
голосовой 2,813411 0,002057
графический 1,897120 0,001387
группа 0,314711 0,000920
далее 0,693147 0,000507
далеко 1,347074 0,000985
дальний 0,446287 0,000326
дата 0,030459 0,000401
датский 0,328504 0,000240
дать 0,072571 0,000265
два 0,150823 0,000221
движка 2,813411 0,004113
действовать -0,009950 -0,000007
декабрь 0,094311 0,000758
день 0,210721 0,000154
дескриптор 3,912023 0,005719
десятичный 2,995732 0,002190
джефф 3,218876 0,002353
диалектик 2,207275 0,003227
дизайн 1,832581 0,001340
диск 2,407946 0,001760
добавить 0,562119 0,000822
документ 0,415515 0,005467
документация 1,897120 0,002774
документовофисные 3,912023 0,002860
должен 1,078810 0,000789
должный 0,356675 0,000261
доля 0,544727 0,001195
дополнительный -0,009950 -0,000007
доступность 1,427116 0,001043
доступный -0,009950 -0,000015
дробно -0,009950 -0,000022
друг 0,916291 0,001340
другое 0,462035 0,000338
другой -0,009950 -0,000073
женеве 3,506558 0,002563
жертва 1,347074 0,000985
заглавный -0,009950 -0,000007
заголовок 2,120264 0,001550
задавать 2,040221 0,001491
задача 0,820981 0,000600
задумать 2,813411 0,002057
закрывать 2,659260 0,005832
закрыться 1,966113 0,001437
заменить 0,494296 0,000361
записать 1,609438 0,001176
записывать 2,120264 0,001550
записьвойти -0,009950 -0,000007
запрос 1,021651 0,001494
зарегистрировать -0,009950 -0,000007
заявление -0,009950 -0,000007
знак -0,009950 -0,000015
значение 0,061875 0,000090
идеал 3,218876 0,002353
идея 1,108663 0,000810
из-за 0,415515 0,000607
известный 0,287682 0,000210
изд 0,314711 0,000230
издание 0,415515 0,000607
изначально 1,309333 0,000957
изначальный 2,659260 0,001944
изображение 0,693147 0,001013
изучать 1,427116 0,002086
иметь 0,094311 0,000276
имя 0,274437 0,000602
индексация 3,506558 0,002563
инженерный 1,272966 0,000931
инициатива 1,171183 0,000856
иной 0,867501 0,000634
инструмент -0,009950 -0,000022
интерактивный 1,560648 0,001141
интернет 0,755023 0,001104
интернет-обозревателями 3,912023 0,002860
интернетастандарты 3,506558 0,002563
интерпретация 2,120264 0,001550
интерпретировать 2,525729 0,001846
интерфейс 1,771957 0,002591
информация 0,162519 0,000119
искажение 2,525729 0,001846
исключение 0,891598 0,000652
использование -0,009950 -0,000029
использовать 0,020203 0,000103
использоваться 0,223144 0,000326
истекать 3,218876 0,002353
источник -0,009950 -0,000015
июль 0,116534 0,000511
июнь 0,116534 0,000256
каждый 0,261365 0,000191
какой 0,820981 0,000600
какой-либо 1,272966 0,000931
какой-то 1,560648 0,001141
каталог 0,094311 0,000069
категория -0,009950 -0,000036
качество 0,287682 0,000421
китайский 0,653926 0,000956
код -0,009950 -0,000109
кодекс -0,009950 -0,000007
кодировка 2,813411 0,002057
кодистория 0,116534 0,000085
комбинирование 3,506558 0,002563
компания 0,371064 0,000271
компьютер 1,427116 0,001043
конец 0,198451 0,000435
конкретизациистатьи 3,912023 0,002860
консорциум 2,407946 0,010561
констатировать 3,218876 0,002353
конструкция 1,469676 0,002149
контент 2,995732 0,002190
конференция 0,941609 0,000688
конфиденциальность -0,009950 -0,000007
копие 0,223144 0,000652
короткий -0,009950 -0,000007
который 0,000000 0,000000
красиво 3,218876 0,002353
кром 0,235722 0,000345
кросс-браузерных 3,912023 0,005719
куки -0,009950 -0,000007
курсивный 3,506558 0,005127
лабберс 3,912023 0,002860
легко 1,771957 0,001295
литература 0,051293 0,000075
лицензия -0,009950 -0,000007
локальный 0,673345 0,000492
лучший 0,776529 0,000568
люба 1,469676 0,001074
май 0,127833 0,000374
макет 2,659260 0,001944
максимальный 0,867501 0,000634
мало 0,579818 0,000424
малый 0,139262 0,000204
марий 2,525729 0,001846
март 0,116534 0,000341
математический 1,832581 0,001340
материал -0,009950 -0,000007
медиафайлы 0,301105 0,000220
месяцевикипедия 0,776529 0,000568
метод 1,049822 0,000767
многие 0,356675 0,000521
мобильный -0,009950 -0,000015
монитор 1,897120 0,001387
монохромный 3,912023 0,002860
мочь -0,009950 -0,000058
мощный 1,021651 0,000747
мультимедийный 2,120264 0,003100
набор 1,237874 0,002715
набрать 2,407946 0,001760
навигация -0,009950 -0,000022
название 0,105361 0,000154
называть 0,174353 0,000382
наиболее 0,139262 0,000102
например 0,328504 0,001681
напрямую 1,660731 0,001214
научный 0,248461 0,000182
начало 0,116534 0,000341
начать 0,510826 0,000373
начинаться 0,527633 0,000771
небольшое 1,427116 0,001043
недостаток 0,579818 0,000424
недоступный 0,446287 0,000326
некоммерческий -0,009950 -0,000007
некорректно 1,897120 0,001387
некоторые 0,127833 0,000093
некоторый 1,237874 0,000905
необходимость 1,139434 0,000833
нерабочий 0,994252 0,000727
несколько 0,116534 0,000085
нестандартный 2,659260 0,001944
никакой 1,609438 0,001176
нововведение 2,525729 0,001846
новое 0,287682 0,000210
новый 0,083382 0,000122
норвежский 0,248461 0,000182
ноубл 3,506558 0,002563
ноябрь 0,127833 0,001028
нужно 1,049822 0,000767
обеспечивать 0,415515 0,000304
область 0,150823 0,000221
обмен 1,309333 0,000957
обновить 1,203973 0,000880
обновление 1,203973 0,000880
обновлениявикипедия 1,771957 0,001295
обобщить 2,525729 0,003693
обозначаться 2,813411 0,002057
оборудование 0,653926 0,000478
обрабатываться 3,218876 0,002353
образ 0,287682 0,000421
обращение 0,030459 0,000401
обтекание 3,912023 0,002860
общедоступный 1,347074 0,000985
общее 0,301105 0,000440
общеизвестный 3,218876 0,002353
объект 0,235722 0,000172
объявить 0,798508 0,000584
обычно 0,693147 0,001520
обычный 1,347074 0,000985
ограничить 0,653926 0,000478
один 0,051293 0,000037
одиннадцать 2,659260 0,001944
одиночный 3,506558 0,002563
однако 0,174353 0,000127
одобрить 1,897120 0,001387
окружать 0,755023 0,000552
октябрь 0,072571 0,000159
олберс 3,912023 0,002860
онлайн 0,198451 0,000145
оосо 3,506558 0,002563
описание -0,009950 -0,000022
описываться 1,966113 0,001437
определение 0,967584 0,001415
определять 0,867501 0,000634
опубликовать 0,891598 0,001304
опустить 2,813411 0,002057
органайзера 3,912023 0,002860
организация -0,009950 -0,000015
оснащенность 3,506558 0,002563
основать 0,274437 0,000602
основной 0,040822 0,000090
особенно 0,562119 0,000411
особый 0,776529 0,000568
остальной 0,616186 0,000450
ответственность -0,009950 -0,000007
отдельный -0,009950 -0,000007
отказ -0,009950 -0,000007
открывать 1,771957 0,003886
отличие 0,798508 0,000584
отметить 0,616186 0,000450
относительно 0,415515 0,000607
отображать 3,506558 0,007690
отображаться 3,218876 0,002353
отображение 2,120264 0,004650
отправка 2,302585 0,001683
отредактировать -0,009950 -0,000007
отсутствовать 0,776529 0,000568
официально 0,693147 0,000507
оформить 1,514128 0,001107
оформление 1,609438 0,002353
оформлять 3,912023 0,002860
очень 0,494296 0,000361
очистка 1,771957 0,001295
ошибкекак -0,009950 -0,000007
париж 2,302585 0,001683
паутина 2,407946 0,012321
первое 0,150823 0,000110
первоначальный 1,203973 0,000880
первый 0,162519 0,000119
перевод 0,941609 0,001377
перейти -0,009950 -0,000015
перенос 1,560648 0,001141
персональный -0,009950 -0,000007
печать -0,009950 -0,000015
питер 1,966113 0,004312
планировать 1,272966 0,000931
платформонезависимости 3,912023 0,002860
поведение -0,009950 -0,000007
повлиять 1,609438 0,001176
поддерживать 0,994252 0,001454
поддержка 0,653926 0,000956
подэлементов 3,912023 0,002860
позволять 0,462035 0,000338
позже 0,733969 0,000537
поиск -0,009950 -0,000015
политик -0,009950 -0,000007
полномочие 1,203973 0,000880
полный 0,328504 0,000240
полужирный 1,966113 0,002874
получать 0,916291 0,000670
получить 0,150823 0,000110
пользователь 1,427116 0,004173
пометка 2,995732 0,002190
помимо 0,562119 0,000411
помочь 1,171183 0,001712
помощь 0,342490 0,001252
популярность 1,609438 0,001176
популярный 0,891598 0,000652
последний -0,009950 -0,000015
потерять 1,386294 0,001013
потребность 1,514128 0,001107
правило 0,478036 0,000349
править -0,009950 -0,000175
правка 0,274437 0,000201
правкиновые -0,009950 -0,000007
правкипостоянная -0,009950 -0,000007
право 0,314711 0,000230
практик 1,049822 0,000767
предлагаться 1,966113 0,001437
предложить 0,820981 0,000600
предназначить 1,139434 0,000833
предоставлять 0,713350 0,001043
представить 0,328504 0,000720
представиться -0,009950 -0,000007
представление 0,776529 0,002271
представлять 0,328504 0,000240
прибегать 3,912023 0,002860
приблизительно 1,514128 0,001107
привязка 2,525729 0,001846
пригодный 1,966113 0,001437
приложение 0,733969 0,001610
применение 0,967584 0,001415
пример 0,527633 0,000771
примечание -0,009950 -0,000015
принести 2,120264 0,001550
принцип 0,867501 0,000634
приостановить 1,609438 0,001176
приходиться 0,693147 0,000507
причем 0,994252 0,000727
причина 0,562119 0,000411
проблема 0,274437 0,000802
программа 0,415515 0,000911
программирование 1,609438 0,001176
продуктыи 3,506558 0,002563
проект -0,009950 -0,000029
проектахзначения 1,237874 0,000905
производитель 1,309333 0,001914
произойти 0,430783 0,000315
просмотр -0,009950 -0,000029
простой 1,108663 0,001621
протокол 1,139434 0,001666
профессионал 2,659260 0,001944
пустое 3,912023 0,002860
пустой 2,525729 0,001846
путаница 2,995732 0,002190
путь 0,261365 0,000191
пытаться 1,237874 0,000905
работа 0,127833 0,000187
рабочий 0,597837 0,001311
раздел 0,342490 0,000501
различный 0,116534 0,000256
размер 0,755023 0,000552
разметка 2,407946 0,021122
разметкиприложения 3,912023 0,002860
разметкистандарты 3,912023 0,002860
размещение 0,673345 0,000492
разный 0,314711 0,000230
разорвать 1,897120 0,001387
разрабатываться 1,660731 0,001214
разработать 0,616186 0,000450
разработка 0,653926 0,001912
разработчик -0,009950 -0,000015
расширение 0,415515 0,000607
расширить 0,967584 0,001415
реализация 0,798508 0,000584
регистр 1,771957 0,001295
редактор 1,427116 0,001043
результат 0,174353 0,000127
рекомендация 0,776529 0,001135
рекомендовать 1,966113 0,001437
рекомендоваться 2,995732 0,002190
ресурс 0,020203 0,000030
родственный 0,579818 0,000424
рост 0,597837 0,000437
руководить 1,309333 0,000957
руководство 0,544727 0,000398
русский -0,009950 -0,000007
рыночный 1,771957 0,002591
сайт 0,210721 0,000154
салить 3,912023 0,002860
свободный -0,009950 -0,000007
свойство 0,415515 0,000304
связаться -0,009950 -0,000007
себя 0,198451 0,000145
сегодняшний 1,560648 0,001141
семантический 2,525729 0,009231
сентябрь 0,072571 0,000053
сервер 1,714798 0,002507
середина 0,356675 0,000261
сильно 0,755023 0,000552
символ 0,733969 0,005365
синтаксис 2,407946 0,003520
система 0,051293 0,000037
системеобсуждениевкладсоздать -0,009950 -0,000007
скачать -0,009950 -0,000007
скобка 1,897120 0,001387
следовать 0,235722 0,000689
следует 0,755023 0,000552
словарь 0,094311 0,000069
сложность 1,049822 0,000767
сложный 0,446287 0,000652
случай -0,009950 -0,000015
собственный 0,446287 0,000326
событияпожертвовать -0,009950 -0,000007
совет 0,462035 0,000338
совместимость 2,407946 0,003520
совместить 2,040221 0,001491
современный 0,150823 0,000662
содержание 0,010050 0,000007
содержать 0,634878 0,001856
создавать 0,798508 0,000584
создаваться 1,078810 0,000789
создание 0,301105 0,000880
создать 0,210721 0,000462
создаться 3,218876 0,002353
сокращение 0,867501 0,000634
сообщество 1,514128 0,001107
сообщить -0,009950 -0,000007
соответственно 1,021651 0,000747
соответствовать 0,371064 0,000271
составлять 0,198451 0,000290
сохранение -0,009950 -0,000007
специалист 0,755023 0,000552
специальный 0,415515 0,002126
спецификация 2,207275 0,001614
список 0,210721 0,000308
справляться 2,813411 0,002057
средство 0,287682 0,000631
ссылка -0,009950 -0,000102
ссылкамивикипедия 1,609438 0,001176
ссылкасведения -0,009950 -0,000007
стандарт 0,867501 0,005707
стандартизировать 2,659260 0,001944
стандартный 1,560648 0,001141
стандартырекомендации 3,506558 0,002563
становиться 0,415515 0,000304
старый 0,314711 0,000230
статистик -0,009950 -0,000007
статус 0,430783 0,000315
стать 0,083382 0,000183
статьислучайная -0,009950 -0,000007
статьисообществофорумсправкасвежие -0,009950 -0,000007
статья 0,020203 0,000148
статьяобсуждение -0,009950 -0,000007
статьятекущие -0,009950 -0,000007
стен 0,967584 0,000707
стивен 3,218876 0,002353
стилистический 2,525729 0,001846
страница -0,009950 -0,000080
страницасодержаниеизбранные -0,009950 -0,000007
страницецитировать -0,009950 -0,000007
страницуполучить -0,009950 -0,000007
страницыслужебные -0,009950 -0,000007
строгий 1,897120 0,001387
строительный 0,891598 0,000652
строка 1,078810 0,000789
структура 0,400478 0,000878
структурирование 3,506558 0,002563
структурный 1,427116 0,002086
существовать 0,020203 0,000030
сущность 2,120264 0,004650
счисление 2,995732 0,002190
сюдасвязанные -0,009950 -0,000007
таблица 0,544727 0,001195
такое 0,328504 0,000240
такой 0,162519 0,000832
тег 1,897120 0,027736
теговый 3,912023 0,002860
текст -0,009950 -0,000065
текстовой 2,207275 0,001614
телефон 1,347074 0,000985
тело 1,237874 0,000905
технический 0,462035 0,000675
течение 0,314711 0,000230
течь 0,274437 0,000401
тимом 3,218876 0,004706
тип 0,072571 0,000106
титтел 3,506558 0,002563
товарный -0,009950 -0,000007
традиционно 1,347074 0,000985
требовать 0,562119 0,000411
трудность 1,966113 0,001437
убрать 1,609438 0,001176
угловая 2,659260 0,001944
удобный 1,427116 0,001043
указание -0,009950 -0,000007
указать 0,083382 0,000061
указываться 2,040221 0,002983
упомянуть 1,714798 0,001254
упростить 2,207275 0,001614
упрощение 2,995732 0,002190
усилие 1,660731 0,001214
условие -0,009950 -0,000022
успешно 1,771957 0,001295
устареть 0,941609 0,002753
устройство 0,527633 0,000771
ухищрение 3,912023 0,002860
участие -0,009950 -0,000007
ученый 0,653926 0,000478
учетный -0,009950 -0,000007
файл 1,347074 0,001969
февраль 0,051293 0,000037
фонд -0,009950 -0,000007
формат 0,843970 0,003085
форматирование 3,912023 0,002860
форматировать 3,912023 0,002860
формула 2,040221 0,001491
фрагмент 1,469676 0,001074
фреймворков 3,218876 0,002353
фримен 3,506558 0,010253
фрэнк 3,912023 0,002860
цвет 0,941609 0,002065
цветной 1,560648 0,001141
церна 3,506558 0,002563
цитата 2,040221 0,001491
чайник 3,218876 0,002353
часто 0,415515 0,000304
человек 0,186330 0,000136
читатьправитьправить 0,494296 0,000361
шаблон 0,462035 0,000675
шафер 3,506558 0,002563
швейцарии 2,659260 0,001944
экран 1,771957 0,005181
экспорт -0,009950 -0,000007
элемент 0,544727 0,008362
элизабет 3,912023 0,005719
энциклопедия -0,009950 -0,000015
эрик 3,912023 0,005719
этап 0,634878 0,000464
юникоде 3,912023 0,002860
являться 0,040822 0,000149
язык -0,009950 -0,000167
языковой 1,660731 0,001214
январь 0,105361 0,001001
