абзац 3,218876 0,003905
абсолютный 0,616186 0,000249
автор 0,462035 0,000934
авторский 1,966113 0,000795
авторство -0,009950 -0,000004
адаптивный 2,995732 0,001211
аз 2,302585 0,000931
активно 0,733969 0,000297
алфавитувикипедия 0,776529 0,000314
алфавитупро 1,771957 0,000717
англ 0,174353 0,005006
англоязычный 2,659260 0,002151
анимация 2,407946 0,001947
анимированные 3,912023 0,001582
апрель 0,150823 0,000122
архив 0,446287 0,000180
архивировать 0,020203 0,000082
архивный 0,248461 0,000603
аспект 1,469676 0,000594
атрибут 2,207275 0,010711
безопасность 0,916291 0,000741
бел 2,120264 0,000857
бертом 3,912023 0,001582
бестабличный 3,912023 0,001582
библиотека 0,328504 0,000266
библия 2,659260 0,001075
бизнес 0,820981 0,000332
блок 1,347074 0,005447
блоковый 3,912023 0,006328
блочный 3,912023 0,004746
большее 1,309333 0,001059
большинство 0,342490 0,000138
большой 0,040822 0,000050
босой 3,912023 0,001582
брайля 3,506558 0,001418
браузер 2,207275 0,022314
браузерный 3,218876 0,003905
буква 1,427116 0,001154
быстро 0,967584 0,000391
быстрота 3,912023 0,001582
быстрый 0,916291 0,000371
быть -0,009950 -0,000016
важно 2,040221 0,000825
валидатор 3,912023 0,001582
валидным 3,912023 0,001582
введение 1,078810 0,000436
ввести 0,634878 0,000513
ввод 1,347074 0,001089
вводиться 1,966113 0,000795
веб 2,659260 0,001075
веб-дизайн 3,912023 0,001582
веб-дизайнеры 3,912023 0,001582
веб-документ 3,912023 0,001582
веб-документе 3,912023 0,001582
веб-контента 3,506558 0,001418
веб-разработка 3,506558 0,001418
веб-разработчиков 3,506558 0,001418
веб-стандартов 3,912023 0,001582
веб-страниц 2,813411 0,005688
веб-страницы 3,218876 0,006508
версия -0,009950 -0,000044
версияправитьправить 1,237874 0,000501
верстальщик 3,506558 0,001418
верстка 2,995732 0,014537
вид 0,061875 0,000425
видно 2,407946 0,000974
викиданных -0,009950 -0,000008
викиданныхпро 2,659260 0,001075
викимедиа -0,009950 -0,000004
википедии -0,009950 -0,000008
википедия -0,009950 -0,000028
викискладе 0,174353 0,000071
викискладмедиавикивикиучебниквикиновостивикиверситетэлемент 3,506558 0,001418
викиучебник 2,659260 0,002151
виум 3,912023 0,001582
включаться 1,966113 0,000795
включая 0,527633 0,000640
включить 0,634878 0,000513
внедрить 2,407946 0,000974
внешнее 1,609438 0,003254
внешний 0,051293 0,000104
внутренний 0,314711 0,000509
вовсе 2,525729 0,001021
возможно 0,867501 0,000702
возможное 1,832581 0,002223
возможность 0,314711 0,001273
возникнуть 0,653926 0,000264
волшебный 0,030459 0,000012
вопрос 0,371064 0,000150
воспринимать 2,302585 0,000931
впоследствии 0,653926 0,000264
вредоносный 2,813411 0,001138
время 0,020203 0,000057
вроде 2,302585 0,000931
всемирный 0,891598 0,000721
встречаться 0,713350 0,000288
встроить 1,897120 0,000767
второе 0,653926 0,001058
входить 0,287682 0,000116
выборочно 3,912023 0,001582
выборочный 2,995732 0,001211
выведенныеиз 3,506558 0,001418
вывести 2,120264 0,000857
вывод 1,386294 0,001121
выводиться 2,659260 0,001075
выйти 0,798508 0,000323
выполнить 0,843970 0,000341
выравнивание 2,995732 0,001211
высокий 0,139262 0,000225
высота 0,415515 0,000336
выше 0,616186 0,000747
гарнитур 3,912023 0,001582
генерировать 2,207275 0,000893
гибкость 2,659260 0,001075
гиперссылок 3,912023 0,003164
главный 0,210721 0,000085
год -0,009950 -0,000089
голос 1,609438 0,001302
голосовой 2,813411 0,001138
градиент 3,218876 0,001302
громкость 3,218876 0,001302
группа 0,314711 0,000509
группироваться 3,506558 0,001418
далее 0,693147 0,000280
дата 0,030459 0,000099
дать 0,072571 0,000176
два 0,150823 0,000122
движка 2,813411 0,002275
движок 3,506558 0,004254
действовать -0,009950 -0,000008
декабрь 0,094311 0,000191
декорирование 3,912023 0,001582
делиться 1,078810 0,000436
демонстрация 2,302585 0,002793
день 0,210721 0,000085
десятичный 2,995732 0,001211
десять 1,078810 0,000436
джефф 3,218876 0,001302
диалектик 2,207275 0,001785
дизайн 1,832581 0,002964
дизайнер 2,659260 0,001075
динамический 1,897120 0,000767
днейвикипедия 0,967584 0,000391
добавить 0,562119 0,000227
добавление 2,302585 0,001862
добавлять 2,407946 0,001947
добавляться 2,659260 0,001075
документ 0,415515 0,004873
должен 1,078810 0,000436
домашний 1,237874 0,001001
дополнительный -0,009950 -0,000008
дополнять 2,995732 0,002423
достаточно 0,820981 0,000332
доступность 1,427116 0,001154
доступный -0,009950 -0,000004
дочерний 1,897120 0,000767
дробно -0,009950 -0,000004
другое 0,462035 0,000187
другой -0,009950 -0,000032
дэвид 2,407946 0,000974
дэйв 3,506558 0,001418
единый 0,544727 0,000661
желтый 1,609438 0,000651
заглавный -0,009950 -0,000004
заголовок 2,120264 0,002572
загружать 2,995732 0,001211
загружаться 3,218876 0,001302
загрузка 2,302585 0,000931
задавать 2,040221 0,003300
задаваться 2,813411 0,001138
задание 1,832581 0,001482
задать 2,040221 0,004950
заканчивать 3,218876 0,001302
заключаться 1,609438 0,000651
закруглить 3,506558 0,001418
закрыться 1,966113 0,000795
закэшировано 3,912023 0,001582
заменить 0,494296 0,000200
записьвойти -0,009950 -0,000004
запуск 1,347074 0,001634
запятая 3,506558 0,001418
заранее 2,659260 0,001075
зарегистрировать -0,009950 -0,000004
заставить 2,525729 0,001021
заставлять 2,407946 0,000974
заявление -0,009950 -0,000004
звуковой 2,407946 0,001947
зеленый 0,755023 0,000305
знак -0,009950 -0,000020
значение 0,061875 0,000500
значимость 1,832581 0,000741
значительно 0,510826 0,000620
значительный 0,328504 0,000133
идентификатор 0,693147 0,004765
идет 1,078810 0,000436
известно 1,237874 0,000501
известный 0,287682 0,000116
издание 0,415515 0,000336
издательский 1,272966 0,000515
издать 1,386294 0,000561
изменение 0,301105 0,000365
изменить 1,049822 0,002123
изображение 0,693147 0,000561
иметь 0,094311 0,000229
иметься 0,385662 0,000156
имя 0,274437 0,000111
иначе 0,733969 0,000890
инициатива 1,171183 0,000474
инструкция 1,714798 0,000693
инструмент -0,009950 -0,000008
интервал 2,407946 0,000974
интерес 1,021651 0,000413
интернетастандарты 3,506558 0,001418
интерпретировать 2,525729 0,001021
интерфейс 1,771957 0,000717
информация 0,162519 0,000066
искать 1,966113 0,000795
исключение 0,891598 0,000721
исключительно 1,272966 0,000515
использование -0,009950 -0,000032
использовать 0,020203 0,000065
использоваться 0,223144 0,000451
исправление 2,659260 0,001075
исправлять 2,995732 0,001211
история 0,051293 0,000041
источник -0,009950 -0,000028
исходный 1,714798 0,000693
июль 0,116534 0,000047
июнь 0,116534 0,000094
каждый 0,261365 0,000634
какой 0,820981 0,000664
какой-либо 1,272966 0,000515
какой-нибудь 2,995732 0,003634
какой-то 1,560648 0,001262
кандидат 1,272966 0,000515
карт 0,301105 0,000122
картинка 3,506558 0,001418
каскадирование 3,912023 0,003164
каскадирования 3,912023 0,003164
каскадный 2,659260 0,009678
категория -0,009950 -0,000008
класс 0,616186 0,004236
клиент 1,714798 0,000693
книга 0,415515 0,000168
кнопка 2,120264 0,001715
код -0,009950 -0,000169
кодекс -0,009950 -0,000004
кодировка 2,813411 0,001138
кодистория 0,116534 0,000047
количество 0,210721 0,000341
комментарий 1,237874 0,001001
компилятор 2,525729 0,001021
компиляция 3,218876 0,002603
компьютер 1,427116 0,000577
конкретизациивикипедия 1,714798 0,000693
консорциум 2,407946 0,003895
контейнер 2,040221 0,000825
контекстный 3,912023 0,003164
конференция 0,941609 0,000381
конфиденциальность -0,009950 -0,000004
конфликт 1,347074 0,001634
копие 0,223144 0,000541
короткий -0,009950 -0,000004
корректно 2,659260 0,001075
который 0,000000 0,000000
кпк 3,912023 0,003164
красный 0,597837 0,000725
кром 0,235722 0,000286
куки -0,009950 -0,000004
курсивный 3,506558 0,001418
левый 1,021651 0,000413
легкий 0,967584 0,000391
линейный 1,714798 0,000693
литература 0,051293 0,000041
лицензия -0,009950 -0,000004
лишь 0,478036 0,000193
логический 1,832581 0,000741
любое 1,139434 0,001382
май 0,127833 0,000155
макет 2,659260 0,001075
максимально 2,525729 0,001021
макфарланд 3,506558 0,002836
малой 0,776529 0,000314
малый 0,139262 0,000056
март 0,116534 0,000141
масса 0,916291 0,000371
масштабный 1,139434 0,000461
материал -0,009950 -0,000004
медиафайлы 0,301105 0,000122
межсимвольный 3,912023 0,001582
межстрочные 3,912023 0,001582
меню 2,659260 0,004301
менять 1,714798 0,000693
место 0,139262 0,000056
месяцевикипедия 0,776529 0,000314
метод 1,049822 0,000425
механизм 1,347074 0,000545
мнемоник 3,912023 0,001582
много 0,150823 0,000122
множественный 2,407946 0,001947
мобильный -0,009950 -0,000004
модель 0,891598 0,004687
модуль 0,562119 0,000682
молли 3,912023 0,001582
момент 0,527633 0,000427
монитор 1,897120 0,000767
мочь -0,009950 -0,000032
мышь 2,207275 0,000893
набор 1,237874 0,000501
навигация -0,009950 -0,000012
название 0,105361 0,000128
назначить 1,203973 0,000487
называть 0,174353 0,000212
наиболее 0,139262 0,000169
наоборот 1,832581 0,000741
написать 0,867501 0,001052
например 0,328504 0,001993
наследование 3,218876 0,006508
наследовать 3,912023 0,001582
наследоваться 3,218876 0,001302
настольный 1,771957 0,000717
настоящее 0,287682 0,000116
настройка 2,302585 0,000931
находиться 0,174353 0,000282
нахождение 2,040221 0,000825
начало 0,116534 0,000047
начинаться 0,527633 0,001067
начиная 0,733969 0,000297
невозможно 1,832581 0,000741
недостаток 0,579818 0,000469
недоступный 0,446287 0,000180
независимо 1,966113 0,000795
неинициализированная 3,912023 0,001582
неискушенный 3,912023 0,001582
некоммерческий -0,009950 -0,000004
некоторые 0,127833 0,000155
ненаглядный 3,912023 0,001582
необходимо 1,237874 0,000501
необходимость 1,139434 0,000921
непосредственно 0,478036 0,000773
нередкий 2,659260 0,001075
несколько 0,116534 0,000377
нестандартный 2,659260 0,001075
нечетный 3,218876 0,001302
ниже 0,693147 0,000280
низкий 0,843970 0,000683
нововведение 2,525729 0,002043
новый 0,083382 0,000202
носитель 2,040221 0,003300
ноубл 3,506558 0,001418
ноябрь 0,127833 0,000052
нужно 1,049822 0,001274
нужное 2,813411 0,001138
обзор 1,078810 0,000872
обладать 0,843970 0,002730
обозначить 1,771957 0,000717
обработка 1,309333 0,000529
образ 0,287682 0,000233
обрамить 2,525729 0,001021
обратный 2,040221 0,000825
обращение 0,030459 0,000099
обтекать 3,912023 0,001582
общее 0,301105 0,000122
объявить 0,798508 0,000646
объявление 1,966113 0,003975
обычно 0,693147 0,000841
обычный 1,347074 0,001634
ограждение 3,218876 0,001302
ограничить 0,653926 0,000529
один 0,051293 0,000228
одинаково 3,218876 0,001302
одинаковый 1,714798 0,000693
однако 0,174353 0,000071
одновременно 0,776529 0,000314
одобрить 1,897120 0,000767
октябрь 0,072571 0,000029
оосо 3,506558 0,001418
описание -0,009950 -0,000024
описать 1,347074 0,002179
описывать 1,427116 0,001731
определить 0,527633 0,001067
определять 0,867501 0,002105
оптимизатор 3,218876 0,001302
опубликовать 0,891598 0,000361
опытный 1,108663 0,000448
организация -0,009950 -0,000008
оригинал 0,139262 0,000169
основа 0,210721 0,000085
основать 0,274437 0,000444
основное 0,235722 0,000095
основной 0,040822 0,000050
основываться 1,560648 0,000631
особенно 0,562119 0,000227
особенность 0,693147 0,000280
остальной 0,616186 0,000498
осуществляться 0,616186 0,000249
ответственность -0,009950 -0,000004
отдаваться 2,813411 0,001138
отделение 0,713350 0,000288
отдельно 2,120264 0,000857
отдельный -0,009950 -0,000024
отказ -0,009950 -0,000004
откорректировать 3,506558 0,001418
отличаться 0,342490 0,000138
отличие 0,798508 0,001292
отметить 0,616186 0,000249
относительный 1,560648 0,000631
отношение 0,430783 0,000174
отображать 3,506558 0,004254
отображаться 3,218876 0,002603
отображение 2,120264 0,001715
отредактировать -0,009950 -0,000004
отступ 3,218876 0,010413
оттенок 2,995732 0,001211
оформление 1,609438 0,003905
очень 0,494296 0,000200
очередь 0,510826 0,000413
ошибка 0,994252 0,001206
ошибкекак -0,009950 -0,000004
память 0,820981 0,000332
параграф 3,912023 0,001582
параметр 1,139434 0,000461
паутина 2,407946 0,001947
первое 0,150823 0,000244
первый 0,162519 0,000197
перейти -0,009950 -0,000008
переменная 2,302585 0,000931
перенос 1,560648 0,000631
переть 1,108663 0,000448
перечень 1,108663 0,000897
персональный -0,009950 -0,000004
печатное 3,218876 0,001302
печать -0,009950 -0,000016
пиксель 3,218876 0,003905
питер 1,966113 0,000795
по-разному 2,407946 0,000974
поведение -0,009950 -0,000004
повторяемость 2,813411 0,001138
подготовить 1,386294 0,000561
поддерживать 0,994252 0,002412
поддержка 0,653926 0,002115
подключаться 3,506558 0,001418
подключение 2,407946 0,003895
подключить 1,966113 0,003180
подписивикипедия 3,506558 0,001418
подпись 2,407946 0,001947
подраздел 2,995732 0,001211
подчеркивание 3,218876 0,001302
подчеркиваться 3,912023 0,001582
позволять 0,462035 0,001495
позиционирование 2,995732 0,002423
поиск -0,009950 -0,000008
пока 0,843970 0,000683
поколение 1,203973 0,000487
политик -0,009950 -0,000004
полно 3,506558 0,001418
полностью 0,400478 0,000324
полужирный 1,966113 0,001590
получить 0,150823 0,000183
получиться 2,407946 0,000974
пользователь 1,427116 0,002885
пользовательский 2,040221 0,000825
помещаться 2,659260 0,001075
помимо 0,562119 0,000227
помощь 0,342490 0,001108
понимать 1,609438 0,000651
пора 0,776529 0,000314
порядок 0,994252 0,000804
посетитель 1,771957 0,000717
последнее 0,843970 0,000341
последний -0,009950 -0,000012
последующее 1,714798 0,000693
посредство 1,660731 0,001343
поставить 1,021651 0,000413
построение 1,560648 0,001262
построить 0,301105 0,000122
потомок 2,040221 0,003300
потребность 1,514128 0,000612
потребоваться 2,302585 0,000931
поэтому 0,616186 0,000498
появиться 0,248461 0,000301
появление 0,653926 0,000529
правило 0,478036 0,005606
правильно 2,302585 0,000931
править -0,009950 -0,000302
правка 0,274437 0,000222
правкиновые -0,009950 -0,000004
правкипостоянная -0,009950 -0,000004
правый 0,798508 0,000323
практик 1,049822 0,000425
предложить 0,820981 0,000332
предназначить 1,139434 0,000461
предок 1,832581 0,000741
предоставить 1,714798 0,000693
предоставлять 0,713350 0,000288
предпочтение 2,659260 0,001075
представиться -0,009950 -0,000004
представление 0,776529 0,002198
представлять 0,328504 0,000531
предыдущий 1,609438 0,000651
преимущественно 0,776529 0,000314
преимущество 1,514128 0,000612
препроцессор 3,506558 0,002836
пресс 1,272966 0,000515
привести 0,356675 0,000144
приводиться 2,407946 0,000974
признание 0,867501 0,000351
прийтись 1,469676 0,000594
применение 0,967584 0,002348
применить 1,609438 0,002603
применять 0,510826 0,000620
применяться 1,139434 0,003686
пример 0,527633 0,000853
примечание -0,009950 -0,000008
принтер 3,506558 0,001418
принцип 0,867501 0,001754
принципиальный 2,407946 0,000974
принять 0,248461 0,000301
приоритет 1,771957 0,007882
присваивать 3,912023 0,001582
присвоить 0,798508 0,000969
причем 0,994252 0,000402
пробел 3,506558 0,001418
проблема 0,274437 0,000222
проверить 0,478036 0,000193
проверка 0,843970 0,001024
проверяться 1,714798 0,000693
программа 0,415515 0,000168
программирование 1,609438 0,001302
программист 2,407946 0,001947
продуктыи 3,506558 0,001418
проект -0,009950 -0,000016
проектировать 2,407946 0,000974
производиться 1,108663 0,000897
происходить 0,328504 0,000133
прокрутка 3,912023 0,001582
просмотр -0,009950 -0,000008
простой 1,108663 0,000448
простота 2,659260 0,002151
прочее 0,544727 0,000220
проявлять 2,407946 0,000974
псевдоклассов 3,912023 0,006328
псевдокод-элементов 3,912023 0,001582
псевдоэлемента 3,912023 0,001582
псевдоэлементов 3,912023 0,003164
пункт 0,494296 0,000200
пятый 0,994252 0,000402
работа 0,127833 0,000052
работать 0,314711 0,000255
рабочий 0,597837 0,000967
равно 2,040221 0,002475
равный 1,203973 0,001947
радиальный 2,525729 0,001021
разбить 1,514128 0,000612
развивать 1,660731 0,000672
развиваться 0,597837 0,000242
развитие 0,127833 0,000155
разделение 1,021651 0,000826
разделить 0,527633 0,000853
различие 1,714798 0,002080
различный 0,116534 0,000518
размер 0,755023 0,001527
разместить 1,108663 0,000897
разметка 2,407946 0,004868
разметкиязыки 3,912023 0,001582
размещаться 1,560648 0,000631
размещение 0,673345 0,000272
разный 0,314711 0,000636
разрабатывать 1,609438 0,001952
разрабатываться 1,660731 0,000672
разработать 0,616186 0,000249
разработка 0,653926 0,001058
разработчик -0,009950 -0,000012
разрешаться 2,995732 0,001211
разрешить 1,560648 0,000631
рамка 0,478036 0,001160
ранний 0,733969 0,000297
рано 0,261365 0,000106
располагаться 0,544727 0,000661
расположение 0,776529 0,000314
расположить 0,385662 0,000156
распространить 0,616186 0,000249
распространяться 1,272966 0,000515
расставляться 3,912023 0,001582
расстояние 0,713350 0,000577
рассчитать 1,514128 0,000612
расчет 0,820981 0,000996
расширение 0,415515 0,001512
расширить 0,967584 0,000783
реализация 0,798508 0,000323
реализовать 0,673345 0,000545
ревизия 3,506558 0,004254
регистр 1,771957 0,000717
редактирование 1,897120 0,000767
редактор 1,427116 0,001154
редакция 0,916291 0,000371
режим 0,653926 0,000264
рекомендация 0,776529 0,002198
рекомендовать 1,966113 0,001590
ресурс 0,020203 0,000033
решение 0,328504 0,000399
родитель 2,813411 0,001138
родительский 2,995732 0,001211
руководить 1,309333 0,000529
руководство 0,544727 0,000220
рус 0,162519 0,000131
русский -0,009950 -0,000008
русскоязычный 1,966113 0,001590
сайт 0,210721 0,000511
сам 0,162519 0,000197
самый 0,174353 0,000282
санкт-петербург 0,616186 0,000249
свободный -0,009950 -0,000004
сводить 3,506558 0,001418
свой 0,150823 0,000122
свойство 0,415515 0,003360
связать 0,174353 0,000071
связаться -0,009950 -0,000004
сглаживание 3,218876 0,001302
сделать 0,616186 0,000498
себя 0,198451 0,000241
седьмой 1,139434 0,000461
селектор 3,506558 0,068061
семантический 2,525729 0,001021
семейство 1,660731 0,000672
семь 0,820981 0,000664
сентябрь 0,072571 0,000117
сервер 1,714798 0,000693
сервис 1,108663 0,000448
середина 0,356675 0,000144
серое 3,506558 0,001418
символ 0,733969 0,000297
система 0,051293 0,000041
системеобсуждениевкладсоздать -0,009950 -0,000004
скачать -0,009950 -0,000004
скобка 1,897120 0,000767
скринкаст 3,912023 0,001582
скриптовых 3,506558 0,001418
скрипты 3,506558 0,001418
следовать 0,235722 0,000477
слепой 1,771957 0,000717
слинкина 3,912023 0,001582
слово 0,210721 0,000170
сложность 1,049822 0,000425
сложный 0,446287 0,000180
случай -0,009950 -0,000044
смысл 1,272966 0,000515
собственный 0,446287 0,000361
событияпожертвовать -0,009950 -0,000004
совместимость 2,407946 0,001947
совместно 1,427116 0,000577
современный 0,150823 0,000061
содержание 0,010050 0,000008
содержать 0,634878 0,002567
содержаться 1,560648 0,001262
создавать 0,798508 0,000323
создание 0,301105 0,000244
создатель 1,897120 0,000767
создать 0,210721 0,000341
сойер 3,912023 0,001582
сообщество 1,514128 0,000612
сообщить -0,009950 -0,000004
соответствие 0,371064 0,000150
соответствовать 0,371064 0,000150
сопроводительный 3,506558 0,001418
состояние 0,248461 0,000100
состоять 0,385662 0,000312
сотовый 1,309333 0,000529
сохранение -0,009950 -0,000008
сочетание 1,771957 0,000717
спектр 1,609438 0,000651
специально 1,714798 0,000693
специальный 0,415515 0,000672
спецификация 2,207275 0,004463
специфичность 3,912023 0,012655
список 0,210721 0,000341
способ 1,078810 0,002181
способный 1,309333 0,000529
справочник 0,798508 0,000323
спустя 1,609438 0,000651
сравнение 0,733969 0,001187
сразу 0,994252 0,000402
среди 0,198451 0,000080
средство 0,287682 0,000582
ссылка -0,009950 -0,000032
ссылкасведения -0,009950 -0,000004
стандарт 0,867501 0,002456
стандартизировать 2,659260 0,001075
стандартный 1,560648 0,001893
стандартырекомендации 3,506558 0,001418
статистик -0,009950 -0,000004
статус 0,430783 0,000174
стать 0,083382 0,000169
статьестраницы 3,912023 0,001582
статьислучайная -0,009950 -0,000004
статьисообществофорумсправкасвежие -0,009950 -0,000004
статья 0,020203 0,000074
статьяобсуждение -0,009950 -0,000004
статьятекущие -0,009950 -0,000004
стивен 3,218876 0,001302
стилейскрытые 3,912023 0,001582
стилейстандарты 3,912023 0,001582
стилизовать 2,207275 0,000893
стиль 0,673345 0,014975
сторона 0,235722 0,000286
страница -0,009950 -0,000093
страницасодержаниеизбранные -0,009950 -0,000004
страницецитировать -0,009950 -0,000004
страницуполучить -0,009950 -0,000004
страницыслужебные -0,009950 -0,000004
страничный 3,218876 0,001302
строка 1,078810 0,001309
структура 0,400478 0,000324
структурный 1,427116 0,000577
существовать 0,020203 0,000074
схожий 1,966113 0,000795
счет 0,562119 0,000455
счисление 2,995732 0,001211
сюдасвязанные -0,009950 -0,000004
таблица 0,544727 0,004626
табличный 1,237874 0,000501
такое 0,328504 0,001063
такой 0,162519 0,000460
таксономия 3,912023 0,001582
тег 1,897120 0,004603
текст -0,009950 -0,000032
текстовый 3,218876 0,001302
телефон 1,347074 0,000545
тело 1,237874 0,000501
тема 0,693147 0,000280
тень 2,207275 0,000893
теплый 1,171183 0,000474
термин 0,198451 0,000160
тест 2,659260 0,002151
тестирование 2,040221 0,000825
технология 0,400478 0,000162
течь 0,274437 0,000222
тип 0,072571 0,000205
типичный 1,427116 0,000577
титтел 3,506558 0,001418
товарный -0,009950 -0,000004
той 0,994252 0,000402
тонкость 3,506558 0,001418
трансформация 1,897120 0,000767
требование 0,967584 0,000391
требовать 0,562119 0,000455
третий 0,616186 0,000498
треть 1,237874 0,000501
три 0,248461 0,000100
убрать 1,609438 0,000651
убывание 3,506558 0,002836
увеличивать 2,407946 0,000974
увеличить 1,309333 0,001059
угол 1,108663 0,000448
удалить 0,579818 0,000703
удовлетворить 2,407946 0,000974
указание -0,009950 -0,000008
указатель 1,966113 0,001590
указать 0,083382 0,000067
улучшить 1,049822 0,000425
уменьшение 1,469676 0,000594
уменьшить 2,407946 0,000974
умолчание 2,525729 0,001021
универсальный 0,544727 0,000441
уникальный 0,776529 0,000314
управление 0,248461 0,000100
управлять 0,967584 0,000391
упрощение 2,995732 0,001211
уровень 0,150823 0,000915
ускорение 2,207275 0,000893
условие -0,009950 -0,000012
условный 1,897120 0,000767
устанавливать 1,966113 0,000795
установить 0,328504 0,000133
устареть 0,941609 0,001142
устройство 0,527633 0,000427
утверждение 0,400478 0,000162
участие -0,009950 -0,000004
участник 0,510826 0,000207
учебник 1,609438 0,000651
учетный -0,009950 -0,000004
уязвимый 2,995732 0,002423
файл 1,347074 0,007626
файловязыки 3,912023 0,001582
февраль 0,051293 0,000062
фигурный 2,207275 0,000893
фиксировать 1,427116 0,000577
философия 2,040221 0,000825
фильтр 2,659260 0,004301
фокус 2,995732 0,001211
фон 1,203973 0,002434
фонд -0,009950 -0,000004
форма 0,287682 0,000116
формальный 1,832581 0,002223
формат 0,843970 0,001365
фрейм 3,506558 0,001418
фреймворк 2,995732 0,001211
фреймворки 2,659260 0,001075
функциональность 2,525729 0,001021
хаками 3,912023 0,001582
хакер 2,813411 0,001138
хокон 3,912023 0,001582
хоконом 3,912023 0,001582
хольцшлаг 3,912023 0,001582
хранить 1,832581 0,000741
цвет 0,941609 0,003046
целое 0,634878 0,000257
цель 0,371064 0,000150
центр 0,287682 0,000233
чайник 3,218876 0,001302
частично 0,653926 0,000264
часто 0,415515 0,000504
часть 0,061875 0,000175
чаща 1,108663 0,000448
черновик 3,218876 0,001302
четвертый 0,994252 0,000804
четный 3,506558 0,001418
четыре 0,597837 0,000483
число 0,186330 0,000301
читатьтекущая 1,237874 0,000501
чтение 1,714798 0,001387
чувствительный 3,218876 0,001302
шаблон 0,462035 0,000187
шапка 2,659260 0,001075
шафер 3,506558 0,001418
шестой 1,660731 0,001343
ширина 0,916291 0,001853
широкий 0,494296 0,000400
широко 0,653926 0,000264
шрифт 1,897120 0,008438
экз 0,415515 0,000168
экран 1,771957 0,001433
экранный 3,506558 0,001418
экспорт -0,009950 -0,000004
элемент 0,544727 0,011674
элементами-потомками 3,912023 0,001582
элементов-предков 3,912023 0,001582
энциклопедия -0,009950 -0,000004
являться 0,040822 0,000149
язык -0,009950 -0,000076
январь 0,105361 0,000469
ясный 1,347074 0,000545
