аббр 3,912023 0,000879
абстракция 2,813411 0,000632
август 0,072571 0,001532
автоматизация 1,897120 0,000426
автоматизировать 2,407946 0,004327
автоматически 2,120264 0,001429
автоматический 1,560648 0,001052
автор 0,462035 0,000726
авторизация 3,506558 0,000788
авторизовать 3,506558 0,000788
авторство -0,009950 -0,000002
администрация 0,755023 0,000170
адрес 1,078810 0,000727
адресный 2,407946 0,000541
аз 2,302585 0,000517
айк 3,912023 0,000879
айх 3,912023 0,000879
активный 0,527633 0,000119
алгоритм 1,771957 0,000796
алфавитупро 1,771957 0,000398
алфавитуязыки 3,506558 0,000788
альтернатива 2,302585 0,001034
анализ 0,967584 0,000435
аналог 1,660731 0,000746
аналогичный 1,139434 0,000256
англ 0,174353 0,006932
андрессен 3,506558 0,001575
андрессена 3,912023 0,000879
анимация 2,407946 0,000541
анонимный 2,407946 0,001082
анонс 3,912023 0,002636
анонсирование 3,912023 0,000879
анонсировать 2,995732 0,001346
апплетов 3,912023 0,000879
апрель 0,150823 0,000474
арабский 1,560648 0,000351
архив 0,446287 0,000200
архивировать 0,020203 0,000540
архивный 0,248461 0,000112
архитектурный 1,078810 0,000242
асинхронно 3,912023 0,001757
асинхронный 2,995732 0,000673
аспектно-ориентированное 3,218876 0,000723
ассемблер 2,995732 0,000673
ассоциация 1,309333 0,000294
атрибут 2,207275 0,006941
аутентификация 2,995732 0,000673
ашкенас 3,912023 0,000879
баз 0,371064 0,000250
базироваться 1,272966 0,000286
базовый 1,171183 0,000263
байт-код 3,218876 0,000723
байт-кода 3,912023 0,000879
банковский 1,427116 0,000321
безопасно 2,995732 0,000673
безопасность 0,916291 0,000617
берштейн 3,912023 0,000879
бесплатный 1,386294 0,000623
бета-версии 3,506558 0,000788
беэр 3,912023 0,000879
библиотека 0,328504 0,001550
библия 2,659260 0,000597
бибо 3,912023 0,000879
билл 2,995732 0,001346
бинарный 2,659260 0,000597
битовый 3,218876 0,000723
близко 1,714798 0,000385
блог 2,302585 0,004138
блоги 2,995732 0,001346
блок 1,347074 0,000303
блокировать 2,659260 0,000597
богатый 1,049822 0,000236
бойдом 3,912023 0,000879
большинство 0,342490 0,000154
большой 0,040822 0,000018
босова 3,912023 0,000879
браузер 2,207275 0,028756
браузер-специфичная 3,912023 0,000879
браузерный 3,218876 0,003615
брендан 3,506558 0,003938
брендана 3,912023 0,000879
бренданом 3,912023 0,002636
брента 3,912023 0,000879
буква 1,427116 0,000321
букмарклет 3,912023 0,000879
букмарклеты 3,912023 0,002636
буфер 3,506558 0,001575
быстро 0,967584 0,000217
быстрый 0,916291 0,000206
быть -0,009950 -0,000002
важный 0,494296 0,000222
валидацию 3,912023 0,000879
вариативный 3,912023 0,000879
василенко 3,218876 0,000723
ввод 1,347074 0,000605
ввода-вывода 3,506558 0,000788
веб-браузер 3,218876 0,000723
веб-браузера 3,506558 0,000788
веб-дизайнеров 3,912023 0,000879
веб-документов 3,506558 0,000788
веб-приложение 3,912023 0,000879
веб-приложений 3,218876 0,005061
веб-приложения 3,506558 0,005513
веб-приложениях 3,912023 0,001757
веб-программирования 3,912023 0,000879
веб-программированиявысокоуровневые 3,912023 0,000879
веб-разработка 3,506558 0,000788
веб-разработке 3,912023 0,001757
веб-ресурса 3,912023 0,000879
веб-сайты 3,912023 0,000879
веб-сервер 3,218876 0,000723
веб-серверам 3,912023 0,000879
веб-сервером 3,506558 0,000788
веб-серверу 3,506558 0,000788
веб-служб 3,912023 0,000879
веб-страница 3,506558 0,001575
веб-страницам 3,912023 0,000879
веб-страницах 3,912023 0,001757
веб-страницу 3,506558 0,000788
веб-страницы 3,218876 0,002892
веба 3,506558 0,001575
версия -0,009950 -0,000031
вести 0,356675 0,000080
вещь 1,771957 0,000398
взаимный 2,659260 0,001195
взаимодействие 1,203973 0,001082
взаимодействовать 1,966113 0,000883
взаимосвязанный 2,995732 0,000673
вид 0,061875 0,000042
виджет 3,912023 0,000879
виджетов 3,912023 0,001757
виджеты 3,912023 0,001757
видимость 2,525729 0,000567
визуализация 2,995732 0,000673
викиданных -0,009950 -0,000002
викиданныхвикипедия 0,891598 0,000200
викимедиа -0,009950 -0,000002
википедии -0,009950 -0,000004
википедия -0,009950 -0,000011
викискладе 0,174353 0,000117
викискладмедиавикивикиучебниквикифункциивикиновостивикиверситетэлемент 3,912023 0,000879
викискладстатьи 0,891598 0,000200
викиучебник 2,659260 0,000597
викиучебникемедиафайлы 2,995732 0,000673
вильчинский 3,912023 0,000879
вильямс 1,966113 0,000883
виртуальный 1,139434 0,000256
включать 0,235722 0,000212
включая 0,527633 0,000237
включение 1,108663 0,000249
включить 0,634878 0,000428
владеть 1,897120 0,000426
влияние 0,527633 0,000593
вместе 0,510826 0,000229
вне 1,560648 0,001052
внедрить 2,407946 0,001082
внедрять 2,995732 0,001346
внешнее 1,609438 0,000362
вносить 2,040221 0,000458
внутристрочные 3,912023 0,000879
возможное 1,832581 0,000412
возможность 0,314711 0,000919
волшебный 0,030459 0,000007
восьмой 2,207275 0,000496
впервые 0,385662 0,000087
впоследствии 0,653926 0,000147
вредоносный 2,813411 0,000632
время 0,020203 0,000018
вспомогательный 2,207275 0,000496
встраивание 3,506558 0,001575
встраивать 2,995732 0,002692
встроить 1,897120 0,002983
втора 0,274437 0,000062
входить 0,287682 0,000194
вывод 1,386294 0,000311
выводить 1,832581 0,000412
выделить 0,544727 0,000122
вызывать 1,078810 0,000242
вынесение 3,218876 0,001446
выполнение 1,049822 0,002122
выполнять 0,867501 0,000779
выполняться 1,272966 0,001144
выпуск 0,693147 0,000311
выпускаться 1,469676 0,000330
выпустить 0,891598 0,000200
выражение 1,714798 0,000770
выразить 1,427116 0,000321
высокий 0,139262 0,000063
выход 1,078810 0,000242
вычисление 1,897120 0,000426
выявление 2,659260 0,000597
выявляться 2,995732 0,000673
гарантировать 2,302585 0,000517
гарантироваться 3,912023 0,000879
генерация 2,813411 0,001264
гибкий 2,813411 0,000632
гибкость 2,659260 0,000597
гибридный 2,995732 0,000673
главный 0,210721 0,000095
глобальный 1,203973 0,000270
год -0,009950 -0,000304
годуформаты 3,912023 0,000879
гораздо 1,714798 0,000770
грамматик 2,813411 0,000632
графический 1,897120 0,000426
группа 0,314711 0,000141
гудман 3,912023 0,000879
давать 0,820981 0,000184
даваться 2,407946 0,000541
дакетт 3,912023 0,000879
даль 1,609438 0,000362
дата 0,030459 0,000753
дать 0,072571 0,000277
два 0,150823 0,000034
движка 2,813411 0,002528
движок 3,506558 0,006301
действие 0,776529 0,000872
действовать -0,009950 -0,000004
декабрь 0,094311 0,000784
декларироваться 3,506558 0,000788
делать 0,867501 0,000195
делиться 1,078810 0,000242
демоверсия 3,912023 0,000879
демонстрировать 2,120264 0,000476
денни 3,912023 0,000879
день 0,210721 0,000047
деньга 1,386294 0,000311
дерево 0,867501 0,000195
десятый 2,040221 0,000458
десять 1,078810 0,000242
джереми 3,912023 0,000879
джой 3,912023 0,001757
джон 2,120264 0,003334
диаграмма 2,659260 0,000597
диалект 3,218876 0,000723
диалектик 2,207275 0,001983
диалог 1,660731 0,000373
дилектика 3,912023 0,000879
динамический 1,897120 0,002983
диспетчеризация 3,912023 0,000879
дитя 0,867501 0,000195
дмитрий 0,967584 0,000217
добавить 0,562119 0,000126
добавиться 3,506558 0,000788
добавление 2,302585 0,001034
добавлять 2,407946 0,000541
доверие 2,302585 0,001034
документ 0,415515 0,001307
документация 1,897120 0,001278
должен 1,078810 0,000969
должный 0,356675 0,000160
доллар 1,714798 0,000385
доля 0,544727 0,000122
дом 0,446287 0,000100
домен 2,407946 0,001082
дополнительный -0,009950 -0,000009
допускать 2,302585 0,000517
допустить 2,120264 0,000476
доставка 1,966113 0,000442
достаточно 0,820981 0,000369
достаточный 1,966113 0,000442
достигаться 2,207275 0,000496
достижение 1,139434 0,000256
достояние 2,525729 0,000567
доступ 0,755023 0,001357
доступный -0,009950 -0,000009
драч 3,912023 0,000879
дробно -0,009950 -0,000002
друг 0,916291 0,001235
другое 0,462035 0,000311
другой -0,009950 -0,000016
дуглас 3,506558 0,003151
дугласа 3,912023 0,000879
дэвид 2,407946 0,002163
дэвида 3,912023 0,000879
ежедневно 1,714798 0,000385
желательный 3,506558 0,000788
журнал 0,301105 0,000068
заблуждение 2,813411 0,000632
завершать 2,525729 0,000567
завершение 1,609438 0,000362
зависеть 1,171183 0,000526
зависимость 0,713350 0,000641
заглавный -0,009950 -0,000002
загружать 2,995732 0,000673
загружаться 3,218876 0,000723
загрузить 2,207275 0,000992
загрузка 2,302585 0,001034
задание 1,832581 0,000412
задача 0,820981 0,000553
задержка 2,525729 0,001135
заканчиваться 1,966113 0,000442
закаса 3,912023 0,002636
закладка 1,966113 0,000442
заключаться 1,609438 0,000723
заключить 1,309333 0,000294
закончить 1,897120 0,000426
заменить 0,494296 0,000333
замыкание 3,218876 0,000723
замысел 2,659260 0,000597
заниматься 0,634878 0,000285
занятие 1,469676 0,000330
занять 0,693147 0,000311
записьвойти -0,009950 -0,000002
заполнять 2,659260 0,000597
запрашивание 3,912023 0,000879
запрет 1,771957 0,000398
запрос 1,021651 0,001836
запуск 1,347074 0,000908
запускать 2,302585 0,001552
запускаться 2,659260 0,000597
запустить 0,755023 0,000170
зарегистрировать -0,009950 -0,000004
зарезервировать 3,912023 0,000879
заставить 2,525729 0,000567
затем 0,527633 0,000237
зацикливание 3,912023 0,000879
защита 0,616186 0,000277
заявление -0,009950 -0,000002
звучать 2,659260 0,000597
злоумышленник 3,218876 0,004338
злоупотребление 2,813411 0,000632
знак -0,009950 -0,000004
знакомиться 3,218876 0,000723
значение 0,061875 0,000042
игра 0,843970 0,000569
играть 0,867501 0,000195
идентификатор 0,693147 0,000311
идет 1,078810 0,000242
идея 1,108663 0,000249
из-за 0,415515 0,000187
известный 0,287682 0,000194
изд 0,314711 0,000636
издательский 1,272966 0,000286
изменение 0,301105 0,000203
изменять 1,966113 0,001325
изображение 0,693147 0,000467
изолировать 2,120264 0,000476
изучение 0,713350 0,000481
изучить 2,040221 0,000458
икт-образования 3,912023 0,000879
именовать 1,560648 0,000351
иметь 0,094311 0,000318
иметься 0,385662 0,000520
императивный 3,506558 0,001575
иначе 0,733969 0,000165
индивидуальный 1,560648 0,000351
инициализировать 3,506558 0,000788
инициатива 1,171183 0,000263
инструкция 1,714798 0,000385
инструмент -0,009950 -0,000018
интеграция 1,966113 0,000442
интегрировать 1,771957 0,000398
интенсивный 1,237874 0,000278
интерактивности 3,912023 0,000879
интерактивный 1,560648 0,001402
интернет 0,755023 0,000339
интернет-разработок 3,912023 0,000879
интерпретатор 2,813411 0,002528
интерпретация 2,120264 0,000476
интерпретироваться 3,912023 0,000879
интерфейс 1,771957 0,004378
интроспекция 3,912023 0,000879
информатик 1,469676 0,001651
информационный 0,462035 0,000208
информация 0,162519 0,000219
иосип 3,218876 0,000723
исключение 0,891598 0,000200
исполнение 0,867501 0,001169
исполнять 1,108663 0,000498
исполняться 2,525729 0,000567
использование -0,009950 -0,000027
использовать 0,020203 0,000168
использоваться 0,223144 0,001103
исправлять 2,995732 0,000673
испытать 2,525729 0,000567
история 0,051293 0,000035
источник -0,009950 -0,000004
исходный 1,714798 0,002696
исчерпывать 2,995732 0,000673
ит-компаний 3,506558 0,000788
июль 0,116534 0,000314
июнь 0,116534 0,000524
каждый 0,261365 0,000059
какой-либо 1,272966 0,000286
карманный 2,995732 0,002019
карринг 3,912023 0,000879
касаться 1,897120 0,000426
категория -0,009950 -0,000007
качество 0,287682 0,000388
квалификация 2,120264 0,000476
кий 1,469676 0,000660
киселева 2,813411 0,002528
класс 0,616186 0,000969
класс-ориентированными 3,912023 0,000879
классический 0,755023 0,000509
клиент 1,714798 0,004622
клиент-серверных 3,912023 0,000879
клиентская 2,813411 0,003160
ключевой 1,203973 0,000270
книга 0,415515 0,000467
код -0,009950 -0,000203
кодекс -0,009950 -0,000002
кодировка 2,813411 0,000632
кодистория 0,116534 0,000026
команда 0,798508 0,000538
командный 1,347074 0,000303
комиссия 0,967584 0,000217
комментарий 1,237874 0,001112
коммуницирования 3,912023 0,000879
компактный 2,525729 0,000567
компания 0,371064 0,000583
компилятор 2,525729 0,000567
компиляция 3,218876 0,002169
комплект 2,995732 0,000673
компонент 0,967584 0,000652
компьютер 1,427116 0,000641
конец 0,198451 0,000045
конкретный 1,171183 0,000263
констатировать 3,218876 0,000723
конструкция 1,469676 0,000330
контейнер 2,040221 0,000917
контекст 1,427116 0,000641
контроль 0,994252 0,000223
конференции-выставки 3,912023 0,001757
конференция 0,941609 0,000212
конфиденциальность -0,009950 -0,000002
конфиденциальный 3,218876 0,000723
концепция 0,967584 0,000435
копие 0,223144 0,000100
корить 1,309333 0,000294
короткий -0,009950 -0,000002
корпорация 1,347074 0,000303
корректно 2,659260 0,000597
который 0,000000 0,000000
кпи 3,912023 0,000879
кристиан 3,506558 0,000788
крокфорд 3,912023 0,004394
крокфорда 3,912023 0,000879
кром 0,235722 0,000106
кросс-браузерности 3,912023 0,000879
кроссплатформенными 3,912023 0,000879
круг 0,967584 0,000217
крупный 0,210721 0,000047
куки -0,009950 -0,000002
курс 1,171183 0,000789
кэшемпро 3,912023 0,000879
легко 1,771957 0,000398
лекция 1,714798 0,000385
ливерани 3,912023 0,000879
лидировать 1,832581 0,000823
лиспу 3,912023 0,000879
литература 0,051293 0,000023
лицензия -0,009950 -0,000020
личный 3,218876 0,001446
лишь 0,478036 0,000107
логик 2,040221 0,000458
любое 1,139434 0,000512
любой 1,386294 0,000311
люди 0,755023 0,000339
лямбда-выражений 3,506558 0,000788
май 0,127833 0,000201
майкл 2,407946 0,000541
макрос 3,912023 0,003515
макфарланд 3,506558 0,000788
мало 0,579818 0,000130
малыш-программист 3,912023 0,000879
манипуляция 2,813411 0,001896
марас 3,912023 0,000879
марк 2,120264 0,000952
марка 0,733969 0,000330
март 0,116534 0,000419
мартин 2,659260 0,000597
массив 0,891598 0,000200
мастерство 2,407946 0,000541
материал -0,009950 -0,000002
машина 0,713350 0,000160
машинный 2,659260 0,000597
медиатипы 3,506558 0,000788
медиафайлы 0,301105 0,000135
межсайтовой 3,912023 0,000879
межсайтовые 3,912023 0,001757
межсайтовый 3,912023 0,001757
межсайтовых 3,912023 0,001757
менеджмент 1,966113 0,000442
место 0,139262 0,000125
месяц 0,415515 0,000093
месяцевикипедия 0,776529 0,000174
метод 1,049822 0,000472
механизм 1,347074 0,000908
миллион 0,776529 0,000174
мини-программа 3,912023 0,000879
минуя 2,813411 0,000632
мир 0,094311 0,000042
михаэля 3,912023 0,000879
многие 0,356675 0,000080
многий 1,237874 0,000278
много 0,150823 0,000034
многократно 2,407946 0,000541
многострочные 3,912023 0,000879
множественныереализации 3,912023 0,000879
мобильный -0,009950 -0,000020
модальный 3,218876 0,001446
модель 0,891598 0,003204
модифицировать 2,813411 0,000632
модный 2,525729 0,000567
модуль 0,562119 0,000126
модульный 2,659260 0,000597
момент 0,527633 0,000119
монитор 1,897120 0,000426
морган 3,506558 0,000788
моррисон 3,912023 0,000879
москва 0,400478 0,000270
мотивировать 2,813411 0,000632
мочь -0,009950 -0,000027
мощный 1,021651 0,000229
мультипарадигменный 3,912023 0,001757
мусор 1,897120 0,000426
набор 1,237874 0,000834
навигация -0,009950 -0,000007
надежный 2,120264 0,000476
наделение 2,407946 0,000541
надмножество 3,912023 0,000879
надпись 1,660731 0,000746
нажатие 3,912023 0,000879
назад 1,108663 0,000249
название 0,105361 0,000213
назвать 0,371064 0,000167
назначение 1,108663 0,000498
называть 0,174353 0,000039
называться 0,328504 0,000221
наиболее 0,139262 0,000063
найти 0,733969 0,000330
накануне 2,302585 0,000517
наличие 0,867501 0,000585
намерение 2,207275 0,000496
нанять 3,912023 0,000879
написание 1,514128 0,001020
написать 0,867501 0,000974
напоминать 1,714798 0,000385
например 0,328504 0,001033
напрямую 1,660731 0,000373
нарушение 1,560648 0,000351
наряд 1,049822 0,000236
наследование 3,218876 0,000723
настоящее 0,287682 0,000065
научно-практической 2,207275 0,000992
научный 0,248461 0,000112
находить 1,560648 0,001052
находиться 0,174353 0,000117
начало 0,116534 0,000105
начинаться 0,527633 0,000237
начиная 0,733969 0,000165
неавтоматизированный 3,912023 0,000879
небольшой 0,494296 0,000111
негативный 1,347074 0,000605
нежелательный 2,813411 0,001896
независимый 1,049822 0,000472
незаметный 3,912023 0,000879
некоммерческий -0,009950 -0,000002
некорректный 1,514128 0,000340
некоторые 0,127833 0,000057
немедленно 3,218876 0,000723
ненавязчивый 3,912023 0,001757
необратимый 3,218876 0,000723
необходимое 1,771957 0,000796
необходимость 1,139434 0,000512
необходимый 1,078810 0,000485
необязательно 3,506558 0,000788
необязательный 3,506558 0,003938
неосмотрительно 3,912023 0,000879
непосредственно 0,478036 0,000215
неправильно 2,040221 0,000458
неправильный 2,407946 0,000541
непрерывный 1,714798 0,000385
несколько 0,116534 0,000026
несмотря 0,755023 0,000339
нетривиальный 3,506558 0,000788
неуместный 3,912023 0,001757
ник 2,659260 0,001195
николаса 3,912023 0,002636
никсон 3,912023 0,000879
ниндзя 3,912023 0,000879
новое 0,287682 0,000129
новый 0,083382 0,000037
номер 0,634878 0,000143
ноорда 3,912023 0,000879
норрисом 3,912023 0,000879
носить 0,798508 0,000179
нотация 2,659260 0,000597
ноябрь 0,127833 0,001263
оба 0,597837 0,000269
обеспечение 0,634878 0,000570
обеспечиваться 2,040221 0,000458
обеспечить 1,386294 0,000623
обладать 0,843970 0,000758
область 0,150823 0,000136
обмен 1,309333 0,000882
обновление 1,203973 0,000270
обновлять 2,995732 0,000673
обновляться 2,207275 0,000496
обобщить 2,525729 0,000567
обойти 2,207275 0,000496
обосновываться 3,912023 0,000879
обрабатывать 1,049822 0,000236
обработчик 3,506558 0,000788
образ 0,287682 0,000065
образование 0,356675 0,000160
образовательный 0,891598 0,000401
обратно 1,714798 0,000385
обратный 2,040221 0,000458
обращение 0,030459 0,000753
обстоятельство 2,040221 0,000458
обуславливать 2,813411 0,001264
обучать 2,525729 0,000567
обучение 1,309333 0,001471
обфускации 3,912023 0,000879
общее 0,301105 0,000271
общественный 0,494296 0,000111
общий 0,186330 0,000042
объединение 0,776529 0,000174
объект 0,235722 0,001112
объектно-ориентированное 3,218876 0,000723
объектно-ориентированный 3,506558 0,000788
объектно-ориентированным 3,912023 0,000879
объектно-ориентированными 3,912023 0,000879
объектный 3,218876 0,013014
объявлять 2,525729 0,000567
обычно 0,693147 0,000311
обычный 1,347074 0,000303
обязательно 2,040221 0,000458
ограничение 1,237874 0,001390
ограничивать 2,120264 0,000476
ограничить 0,653926 0,000588
один 0,051293 0,000104
однако 0,174353 0,000117
одновременный 2,302585 0,000517
однострочный 3,912023 0,000879
оказать 1,427116 0,000641
окно 1,714798 0,002311
окружение 2,207275 0,002975
октябрь 0,072571 0,000538
ооо 0,843970 0,000190
ооп 3,218876 0,000723
опасный 1,272966 0,000286
оператор 0,941609 0,000423
операционная 1,897120 0,003409
оперировать 2,813411 0,000632
описание -0,009950 -0,000009
описывать 1,427116 0,001282
описываться 1,966113 0,000442
определение 0,967584 0,000217
определить 0,527633 0,000119
определять 0,867501 0,000195
определяться 1,078810 0,000485
опубликовать 0,891598 0,000401
организация -0,009950 -0,000007
оригинал 0,139262 0,000313
оригинальный 1,771957 0,000398
основа 0,210721 0,000142
основать 0,274437 0,000062
основное 0,235722 0,000053
основной 0,040822 0,000128
особенно 0,562119 0,000126
осознавать 3,506558 0,000788
остальное 1,897120 0,000426
осуществить 1,237874 0,000556
осуществление 1,427116 0,001603
осуществлять 0,597837 0,000806
осуществляться 0,616186 0,000415
ответ 0,941609 0,000212
ответственность -0,009950 -0,000002
ответственный 2,659260 0,000597
отдавать 2,525729 0,000567
отдельный -0,009950 -0,000016
отказ -0,009950 -0,000004
отключать 3,912023 0,000879
отключить 2,407946 0,000541
открывать 1,771957 0,000398
открытие 0,616186 0,000138
открыть 0,150823 0,000102
отладка 2,813411 0,001896
отладочный 3,912023 0,000879
отладчик 3,506558 0,006301
отлаживать 3,912023 0,000879
отличать 1,966113 0,000442
отличие 0,798508 0,000359
отличный 2,659260 0,001195
отложить 2,407946 0,000541
отметить 0,616186 0,000138
относиться 0,328504 0,000148
отношение 0,430783 0,000194
отображение 2,120264 0,000476
отобразить 2,813411 0,000632
отправлять 2,040221 0,000458
отпугивать 3,912023 0,000879
отработать 3,506558 0,000788
отредактировать -0,009950 -0,000002
отслеживать 2,813411 0,000632
отсутствие 0,891598 0,000200
отсутствовать 0,776529 0,000523
отсылка 3,506558 0,000788
офисный 2,302585 0,001552
официальный 0,356675 0,000080
оформление 1,609438 0,000362
очередность 3,912023 0,000879
очередь 0,510826 0,000115
очищать 2,995732 0,000673
ошибка 0,994252 0,002233
ошибкекак -0,009950 -0,000002
пакет 1,427116 0,001282
пакина 3,912023 0,000879
память 0,820981 0,000553
парадигм 2,813411 0,000632
параметр 1,139434 0,000256
пароль 3,218876 0,000723
патча 3,912023 0,000879
педагогический 0,867501 0,000195
первое 0,150823 0,000237
первоначально 1,203973 0,000270
первый 0,162519 0,000073
перебросить 2,813411 0,000632
перевести 0,994252 0,000223
перевод 0,941609 0,001692
перезагружаться 3,912023 0,000879
переименовать 0,941609 0,000635
перейти -0,009950 -0,000004
переменная 2,302585 0,001552
переносить 2,525729 0,000567
переполнение 3,912023 0,000879
переть 1,108663 0,000498
переформатировать 3,912023 0,000879
переход 0,653926 0,000294
перечень 1,108663 0,000249
персональный -0,009950 -0,000002
песочница 3,912023 0,004394
печать -0,009950 -0,000004
пиксель 3,218876 0,000723
писать 0,820981 0,000184
письмо 1,237874 0,000278
питер 1,966113 0,000883
плагин 3,912023 0,000879
плагинах 3,912023 0,001757
плагинов 3,912023 0,000879
плагины 3,912023 0,000879
план 0,527633 0,000119
платформа 1,049822 0,001179
плеер 3,912023 0,000879
плохой 2,040221 0,000458
поведение -0,009950 -0,000007
повлиять 1,609438 0,000362
повторный 2,120264 0,000476
повышение 1,078810 0,000242
подборка 2,995732 0,000673
подвергнуться 1,714798 0,000385
подвид 2,302585 0,000517
подготовка 0,916291 0,000206
подделка 3,912023 0,001757
поддерживать 0,994252 0,001563
поддерживаться 1,660731 0,001119
поддержка 0,653926 0,001909
подключение 2,407946 0,001082
подключить 1,966113 0,000442
подмножество 2,995732 0,000673
подобно 2,407946 0,000541
подобный 0,994252 0,000670
подробный 1,832581 0,001647
подстройка 3,506558 0,000788
подход 0,994252 0,001117
подходить 1,386294 0,000623
подчеркивание 3,218876 0,000723
позволить 0,967584 0,000217
позволять 0,462035 0,001868
поздний 1,171183 0,000526
позиционироваться 2,995732 0,000673
позиция 1,347074 0,000303
поиск -0,009950 -0,000004
поисковый 2,525729 0,000567
пока 0,843970 0,000379
показываться 3,912023 0,000879
полагаться 2,659260 0,000597
полезное 3,218876 0,000723
полезный 1,203973 0,000270
политик -0,009950 -0,000004
полностью 0,400478 0,000090
полный 0,328504 0,000074
положение 0,415515 0,000093
получать 0,916291 0,000412
получение 1,203973 0,001082
получить 0,150823 0,000136
пользователь 1,427116 0,002564
пользовательский 2,040221 0,003666
поместить 1,609438 0,001085
помещать 2,407946 0,000541
помещение 1,560648 0,000351
помимо 0,562119 0,000505
помочь 1,171183 0,000526
помощь 0,342490 0,001154
понятие 0,967584 0,000435
понять 2,407946 0,000541
популярность 1,609438 0,001085
популярный 0,891598 0,000801
пора 0,776529 0,000349
порт 0,733969 0,000330
поскольку 0,941609 0,001058
послать 2,040221 0,000917
последний -0,009950 -0,000007
последствие 1,427116 0,000321
послужить 1,469676 0,000330
поставить 1,021651 0,000229
постоянная 0,843970 0,000190
построение 1,560648 0,001052
потенциально 2,813411 0,000632
потенциальный 1,832581 0,000412
поток 0,967584 0,000217
потребовать 2,040221 0,000458
походить 3,912023 0,000879
похожее 2,659260 0,001195
поэтому 0,616186 0,000692
появиться 0,248461 0,000279
правило 0,478036 0,000430
править -0,009950 -0,000232
правка 0,274437 0,000062
правкиновые -0,009950 -0,000002
правкипостоянная -0,009950 -0,000002
право 0,314711 0,000071
практик 1,049822 0,000707
практический 1,560648 0,000351
пре-альфу 3,912023 0,000879
превалировать 2,995732 0,000673
предложение 1,609438 0,001085
предназначаться 2,525729 0,000567
предназначение 2,813411 0,000632
предназначить 1,139434 0,000256
предоставлять 0,713350 0,000961
предполагать 1,171183 0,000263
предпочтение 2,659260 0,000597
представитель 0,653926 0,000147
представить 0,328504 0,000221
представиться -0,009950 -0,000002
представлять 0,328504 0,000369
представляться 2,407946 0,000541
предупреждение 2,659260 0,000597
президент 0,597837 0,000134
преимущество 1,514128 0,000340
преобразование 1,347074 0,000303
преподавание 2,525729 0,001135
приведение 2,813411 0,000632
привести 0,356675 0,000160
привилегия 2,813411 0,001896
приводить 0,776529 0,000698
придавать 2,659260 0,000597
придание 2,995732 0,000673
прием 1,347074 0,000303
приемлемый 2,659260 0,000597
призвать 1,560648 0,000351
прикладной 1,078810 0,000969
приложение 0,733969 0,004616
применение 0,967584 0,001521
применяться 1,139434 0,000256
пример 0,527633 0,000711
примечание -0,009950 -0,000004
принимать 0,634878 0,000143
принципиальный 2,407946 0,000541
приобрести 1,139434 0,000256
присущий 2,207275 0,000992
причина 0,562119 0,000126
проблема 0,274437 0,000247
проверка 0,843970 0,000379
провести 0,579818 0,000130
программа 0,415515 0,001120
программирование 1,609438 0,011207
программированияпрототипно-ориентированные 3,912023 0,000879
программированияскрытые 3,506558 0,000788
программист 2,407946 0,001082
программно 3,218876 0,000723
программный 1,272966 0,000858
продемонстрировать 2,525729 0,000567
продукт 0,634878 0,000570
проект -0,009950 -0,000013
проектахкниги 3,218876 0,000723
произвести 1,203973 0,000270
производить 0,916291 0,000206
производная 2,525729 0,000567
производный 3,506558 0,000788
произвольный 2,120264 0,000952
произойти 0,430783 0,000194
происходить 0,328504 0,000369
происхождение 0,776529 0,000174
прокси 3,506558 0,000788
пропедевтический 3,912023 0,000879
проприетарная 3,218876 0,000723
проприетарный 3,912023 0,000879
проработать 2,525729 0,000567
прослойка 3,506558 0,000788
просмотр -0,009950 -0,000004
простой 1,108663 0,000747
пространство 0,634878 0,000428
протокол 1,139434 0,000512
прототип 2,040221 0,000458
прототипирование 3,912023 0,000879
прототипное 3,912023 0,001757
профессиональный 0,733969 0,000165
проходить 0,462035 0,000104
прохождение 2,659260 0,000597
процесс 0,415515 0,000093
прояснять 3,912023 0,000879
псевдостатичная 3,912023 0,000879
путать 1,714798 0,000770
путь 0,261365 0,000059
работа 0,127833 0,000316
работать 0,314711 0,000141
рабочий 0,597837 0,001209
развернуть 1,660731 0,000373
развитие 0,127833 0,000029
развлечение 2,120264 0,000476
различие 1,714798 0,001541
различимый 3,506558 0,000788
различный 0,116534 0,000026
размер 0,755023 0,000170
разметка 2,407946 0,000541
размещать 2,813411 0,000632
размещаться 1,560648 0,000351
размыть 3,506558 0,000788
разница 1,897120 0,000426
разный 0,314711 0,000353
разрабатывать 1,609438 0,001085
разработать 0,616186 0,000138
разработка 0,653926 0,002497
разработчик -0,009950 -0,000020
райан 3,912023 0,000879
рамка 0,478036 0,000322
рано 0,261365 0,000117
раскрывать 3,506558 0,000788
расположение 0,776529 0,000698
распределить 0,693147 0,000311
распространить 0,616186 0,000138
рассматривать 1,237874 0,000834
рассматриваться 1,203973 0,000270
расцениваться 3,912023 0,000879
расширение 0,415515 0,000840
расширить 0,967584 0,000217
реагировать 3,912023 0,000879
реализация 0,798508 0,003049
реализовать 0,673345 0,001512
реальный 0,967584 0,000217
регистрозависимы 3,912023 0,000879
регулярный 0,798508 0,000179
редактор 1,427116 0,000641
редакция 0,916291 0,000412
резиг 3,912023 0,003515
резига 3,912023 0,000879
резигом 3,912023 0,000879
результат 0,174353 0,000117
рейсиг 3,912023 0,000879
рейтинг 0,967584 0,000217
рекомендовать 1,966113 0,000883
рекомендоваться 2,995732 0,000673
релиз 2,407946 0,000541
ресурс 0,020203 0,000009
рефакторинг 3,506558 0,000788
речь 1,514128 0,000340
решение 0,328504 0,000148
рика 3,912023 0,000879
риск 1,897120 0,000426
роберто 3,912023 0,000879
род 0,843970 0,000190
родительский 2,995732 0,000673
родственный 0,579818 0,000260
роль 0,494296 0,000111
россия 0,174353 0,000078
ростиздат 3,218876 0,001446
ростов-на-дону 1,237874 0,000556
руководство 0,544727 0,000734
рус 0,162519 0,000256
русский -0,009950 -0,000002
рутинный 3,506558 0,001575
ряд 0,223144 0,000501
сагги 3,912023 0,000879
сайт 0,210721 0,000473
сам 0,162519 0,000037
самый 0,174353 0,000196
санкт-петербург 0,616186 0,000277
саха 2,813411 0,000632
сборка 2,407946 0,000541
сборник 0,597837 0,000269
сведение 0,579818 0,000130
свободный -0,009950 -0,000007
сводной 2,525729 0,000567
свой 0,150823 0,000068
свойство 0,415515 0,000560
связать 0,174353 0,000078
связаться -0,009950 -0,000002
связь 0,174353 0,000196
сделать 0,616186 0,000277
сеанс 2,659260 0,000597
себя 0,198451 0,000178
секрет 2,040221 0,000458
секция 2,407946 0,000541
семантика 2,659260 0,001195
семантически 3,912023 0,000879
сентябрь 0,072571 0,000212
сервер 1,714798 0,003852
серверный 2,813411 0,003792
сервис 1,108663 0,000249
серия 0,713350 0,000160
сетевой 1,049822 0,000236
сеть 0,356675 0,000160
си-минус-минус 3,912023 0,000879
сибах 3,912023 0,000879
сильно 0,755023 0,000170
символ 0,733969 0,000165
символ-плюс 3,506558 0,003151
симулировать 3,912023 0,000879
синтаксис 2,407946 0,004327
система 0,051293 0,000184
системеобсуждениевкладсоздать -0,009950 -0,000002
системный 1,966113 0,000442
ситуация 0,693147 0,000156
скачать -0,009950 -0,000002
скачивание 2,813411 0,000632
склеивание 3,912023 0,000879
сколько 0,653926 0,000147
скомпилировать 3,506558 0,000788
скоро 1,560648 0,000351
скриншот 3,218876 0,000723
скрипт 3,912023 0,004394
скрипта 3,912023 0,002636
скриптами 3,506558 0,000788
скриптинг 3,912023 0,001757
скриптов 3,506558 0,002363
скриптового 3,912023 0,003515
скриптовый 3,912023 0,000879
скриптовых 3,506558 0,000788
скриптом 3,912023 0,001757
скрипту 3,506558 0,000788
скрипты 3,506558 0,004726
скрывать 3,218876 0,000723
слабый 1,660731 0,000746
следовать 0,235722 0,000106
следует 0,755023 0,001018
слишком 2,525729 0,000567
слово 0,210721 0,000095
сложность 1,049822 0,000472
служить 0,820981 0,000369
случай -0,009950 -0,000011
случаться 1,832581 0,000412
случиться 2,659260 0,000597
смысл 1,272966 0,000286
снабжение 2,040221 0,000458
снижать 2,040221 0,000458
собственный 0,446287 0,000100
событие 0,733969 0,000165
событийно-ориентированное 3,912023 0,000879
событияпожертвовать -0,009950 -0,000002
согласно 0,301105 0,000203
согласоваться 3,506558 0,000788
соглашение 0,994252 0,000223
содержание 0,010050 0,000002
содержать 0,634878 0,001426
содержаться 1,560648 0,000351
соединение 1,237874 0,000278
создавать 0,798508 0,000717
создание 0,301105 0,000609
создать 0,210721 0,000521
сокетами 3,912023 0,000879
сообщение 0,478036 0,000107
сообщить -0,009950 -0,000002
сооснователь 3,912023 0,001757
соответствие 0,371064 0,000167
соответствовать 0,371064 0,000667
состав 0,248461 0,000056
составлять 0,198451 0,000178
составной 1,966113 0,000442
состояние 0,248461 0,000056
состоять 0,385662 0,000087
состояться 0,713350 0,000160
сотрудничество 1,078810 0,000242
сохранение -0,009950 -0,000004
сохранять 1,427116 0,000321
сочетать 2,040221 0,000458
спб 0,385662 0,000520
спектр 1,609438 0,000362
специальный 0,415515 0,000093
спецификатор 3,912023 0,000879
спецификация 2,207275 0,010907
список 0,210721 0,000095
справочник 0,798508 0,000897
сравнение 0,733969 0,000824
сразу 0,994252 0,000223
среда 0,385662 0,000433
среди 0,198451 0,000045
средство 0,287682 0,000452
ссылка -0,009950 -0,000025
ссылкасведения -0,009950 -0,000002
ставить 1,469676 0,000330
стандарт 0,867501 0,000779
стандартизация 2,120264 0,000952
стандартизировать 2,659260 0,001195
стандартный 1,560648 0,001052
становиться 0,415515 0,000187
статистик -0,009950 -0,000004
статический 3,218876 0,000723
стать 0,083382 0,000075
статьестатьи 0,843970 0,000190
статьислучайная -0,009950 -0,000002
статьисообществофорумсправкасвежие -0,009950 -0,000002
статья 0,020203 0,000068
статьяобсуждение -0,009950 -0,000002
статьятекущие -0,009950 -0,000002
степень 0,673345 0,000151
стефанова 3,506558 0,000788
стиль 0,673345 0,000302
сто 1,514128 0,000340
стол 2,659260 0,000597
сторона 0,235722 0,000688
сторонний 2,525729 0,000567
стояна 3,912023 0,000879
страница -0,009950 -0,000058
страницасодержаниеизбранные -0,009950 -0,000002
страницецитировать -0,009950 -0,000002
страницуполучить -0,009950 -0,000002
страницыслужебные -0,009950 -0,000002
строгий 1,897120 0,000426
строка 1,078810 0,000242
структура 0,400478 0,000360
структурный 1,427116 0,000321
существовать 0,020203 0,000018
сущность 2,120264 0,001429
сходный 2,813411 0,000632
схожесть 3,218876 0,000723
схожий 1,966113 0,000442
сценарий 2,525729 0,003404
счет 0,562119 0,000126
считаться 0,385662 0,000087
сша 0,562119 0,000126
сшаязыки 3,912023 0,000879
сысонюк 3,912023 0,000879
сюдасвязанные -0,009950 -0,000002
таблица 0,544727 0,000367
такое 0,328504 0,000221
такой 0,162519 0,000329
творческий 1,309333 0,000294
тег 1,897120 0,002131
текст -0,009950 -0,000007
текстовый 3,218876 0,000723
тематический 0,510826 0,000229
тесно 1,832581 0,000823
тест 2,659260 0,003584
тестирование 2,040221 0,009624
тестировать 2,659260 0,001195
техник 0,713350 0,000160
технология 0,400478 0,000540
течение 0,314711 0,000071
течь 0,274437 0,000062
тип 0,072571 0,000212
типизациейязыки 3,912023 0,000879
типизация 2,813411 0,003160
товарный -0,009950 -0,000004
той 0,994252 0,000223
толксдорф 3,912023 0,000879
том 1,560648 0,000351
торговый 0,597837 0,000134
традиционный 0,941609 0,000635
транзакция 2,407946 0,000541
требование 0,967584 0,000217
третий 0,616186 0,000277
три 0,248461 0,000056
троянский 3,506558 0,000788
труд 0,597837 0,000403
тыл 1,771957 0,000398
убедить 2,525729 0,000567
уверить 2,995732 0,002692
углубить 1,897120 0,000852
угодно 3,912023 0,000879
удаление 1,966113 0,000883
удалить 0,579818 0,000391
удобный 1,427116 0,000321
узел 0,527633 0,000593
уйти 1,237874 0,000278
указание -0,009950 -0,000007
указать 0,083382 0,000019
указывать 1,272966 0,000858
украшение 2,659260 0,000597
улучшение 1,309333 0,000588
уменьшать 2,207275 0,000496
умолчание 2,525729 0,001135
упоминание 0,967584 0,000217
управление 0,248461 0,000781
уровень 0,150823 0,000102
урок 3,506558 0,000788
условие -0,009950 -0,000009
успеть 2,302585 0,000517
успешно 1,771957 0,000398
успешный 1,309333 0,000294
устанавливать 1,966113 0,000883
устареть 0,941609 0,000212
устройство 0,527633 0,000119
утверждать 1,660731 0,000373
утиный 3,912023 0,000879
участвовать 1,021651 0,000459
участие -0,009950 -0,000002
участник 0,510826 0,000229
учебный 0,673345 0,000151
учетный -0,009950 -0,000002
учитывать 1,514128 0,000340
уэнц 3,912023 0,000879
уязвимость 2,525729 0,003404
файл 1,347074 0,003934
файловый 2,207275 0,000496
факт 0,634878 0,000143
факультативный 3,912023 0,000879
фаулер 3,218876 0,000723
февраль 0,051293 0,000138
фирма-производитель 3,912023 0,000879
флэнаган 3,912023 0,004394
флэнагана 3,912023 0,000879
фонд -0,009950 -0,000002
фоновый 2,813411 0,000632
форма 0,287682 0,000194
формат 0,843970 0,000379
фрагмент 1,469676 0,000330
фрейм 3,506558 0,000788
фреймворк 2,995732 0,002692
фреймворка 3,506558 0,003151
фреймворками 3,912023 0,000879
фреймворки 2,659260 0,001792
фреймворков 3,218876 0,001446
фреймворку 3,912023 0,000879
фримэн 3,912023 0,000879
функционально 3,218876 0,000723
функциональный 1,897120 0,001705
функция 0,693147 0,001557
характер 0,653926 0,000147
хост 2,813411 0,000632
целевой 1,771957 0,001194
целик 1,897120 0,000852
цель 0,371064 0,000417
ценность 1,609438 0,000362
центральный 0,400478 0,000090
цифра 1,272966 0,000572
частично 0,653926 0,000147
частность 0,462035 0,000830
часто 0,415515 0,000280
часть 0,061875 0,000153
человек 0,186330 0,000042
черта 0,994252 0,000223
четко 1,897120 0,000426
число 0,186330 0,000042
читатьправитьправить 0,494296 0,000111
чрезвычайно 2,120264 0,000476
что-то 2,525729 0,000567
шелла 3,912023 0,000879
широкий 0,494296 0,000333
широко 0,653926 0,000588
широта 1,237874 0,000278
школа 0,478036 0,000107
шустрый 3,912023 0,000879
эйх 3,912023 0,002636
эйха 3,912023 0,001757
эйхом 3,912023 0,002636
эквивалентный 2,813411 0,000632
экз 0,415515 0,000373
эксперт 1,203973 0,000270
эксплойта 3,912023 0,000879
эксплойтах 3,912023 0,000879
эксплуатировать 3,506558 0,000788
экспорт -0,009950 -0,000002
элективный 3,912023 0,000879
элемент 0,544727 0,001101
эмулируя 3,912023 0,000879
эмуляция 3,218876 0,001446
энциклопедия -0,009950 -0,000002
являться 0,040822 0,000211
ядро 1,171183 0,001052
язык -0,009950 -0,000168
январь 0,105361 0,000071
