аббр 3,912023 0,000879
абстракции 2,995732 0,000673
августа 0,072571 0,001532
автоматизации 2,207275 0,000496
автоматизированного 3,506558 0,006301
автоматическая 2,995732 0,000673
автоматически 2,120264 0,001429
автоматическое 2,659260 0,001195
автор 0,994252 0,000223
авторам 3,506558 0,000788
авторизации 3,506558 0,000788
авторизован 3,912023 0,000879
авторов 1,386294 0,001246
авторства -0,009950 -0,000002
авторы 1,660731 0,000373
администрация 0,941609 0,000212
адрес 1,609438 0,000362
адреса 1,897120 0,000426
адресного 3,506558 0,000788
адресом 3,506558 0,000788
аза 3,912023 0,000879
айк 3,912023 0,000879
айх 3,912023 0,000879
активное 1,469676 0,000330
алгоритмов 2,302585 0,001034
алфавитупро 1,771957 0,000398
алфавитуязыки 3,506558 0,000788
альтернатива 3,506558 0,000788
альтернативами 3,912023 0,000879
анализ 1,237874 0,000556
аналог 2,120264 0,000476
аналогичен 3,506558 0,000788
аналогом 2,813411 0,000632
англ 0,174353 0,006932
андрессен 3,506558 0,001575
андрессена 3,912023 0,000879
анимации 2,813411 0,000632
анонимные 2,813411 0,001264
анонс 3,912023 0,002636
анонсирован 3,912023 0,000879
анонсированием 3,912023 0,000879
анонсировано 3,912023 0,000879
апплетов 3,912023 0,000879
апрель 1,469676 0,000330
апреля 0,174353 0,000509
арабские 2,813411 0,000632
архив 0,462035 0,000208
архивировано 0,020203 0,000540
архивная 0,400478 0,000180
архитектурные 1,832581 0,000412
асинхронно 3,912023 0,001757
асинхронном 3,912023 0,000879
аспектно-ориентированное 3,218876 0,000723
ассемблер 3,912023 0,000879
ассоциацией 3,218876 0,000723
атрибут 2,995732 0,005383
атрибутов 2,813411 0,002528
атрибуты 2,813411 0,001264
аутентификации 3,218876 0,000723
ашкенас 3,912023 0,000879
базам 3,506558 0,000788
базе 0,776529 0,000174
базирующемуся 3,912023 0,000879
базовых 2,659260 0,000597
базу 2,302585 0,000517
байт-код 3,218876 0,000723
байт-кода 3,912023 0,000879
банковский 2,659260 0,000597
безопасно 3,218876 0,000723
безопасности 1,139434 0,000256
безопасность 1,469676 0,000660
беларуская 0,000000 0,000000
беларускаябългарски 0,000000 0,000000
берштейн 3,912023 0,000879
бесплатная 3,218876 0,000723
бесплатный 2,995732 0,000673
бета-версии 3,506558 0,000788
беэр 3,912023 0,000879
библиотек 0,967584 0,000217
библиотека 0,462035 0,000830
библиотеками 3,218876 0,000723
библиотеки 0,843970 0,001706
библиотеку 2,207275 0,000992
библия 2,813411 0,000632
бибо 3,912023 0,000879
билл 2,995732 0,001346
бинарных 3,912023 0,000879
битовом 3,912023 0,000879
ближе 2,120264 0,000476
блог 2,302585 0,004138
блоги 2,995732 0,001346
блок 1,832581 0,000412
блокирует 3,912023 0,000879
богатые 2,407946 0,000541
бойдом 3,912023 0,000879
большая 0,072571 0,000016
большинство 0,597837 0,000134
большинству 3,218876 0,000723
большую 0,891598 0,000200
босова 3,912023 0,000879
браузер 2,525729 0,003971
браузер-специфичная 3,912023 0,000879
браузера 2,659260 0,011946
браузерами 3,218876 0,003615
браузерах 3,218876 0,002892
браузере 2,995732 0,008075
браузерной 3,912023 0,000879
браузерные 3,506558 0,001575
браузерным 3,912023 0,000879
браузерных 3,506558 0,000788
браузеров 2,813411 0,002528
браузером 2,813411 0,001264
браузеру 3,912023 0,000879
браузеры 2,525729 0,001702
брендан 3,506558 0,003938
брендана 3,912023 0,000879
бренданом 3,912023 0,002636
брента 3,912023 0,000879
будущих 2,659260 0,000597
буквы 2,659260 0,000597
букмарклет 3,912023 0,000879
букмарклеты 3,912023 0,002636
буфера 3,912023 0,001757
быстрее 2,040221 0,000458
быстрого 1,966113 0,000442
важную 1,771957 0,000398
важных 1,714798 0,000385
валидацию 3,912023 0,000879
вариативной 3,912023 0,000879
василенко 3,218876 0,000723
вашла 0,000000 0,000000
ввода 2,207275 0,000992
ввода-вывода 3,506558 0,000788
веб-браузер 3,218876 0,000723
веб-браузера 3,506558 0,000788
веб-дизайнеров 3,912023 0,000879
веб-документов 3,506558 0,000788
веб-приложение 3,912023 0,000879
веб-приложений 3,218876 0,005061
веб-приложения 3,506558 0,005513
веб-приложениях 3,912023 0,001757
веб-программирования 3,912023 0,000879
веб-программированиявысокоуровневые 3,912023 0,000879
веб-разработка 3,506558 0,000788
веб-разработке 3,912023 0,001757
веб-ресурса 3,912023 0,000879
веб-сайты 3,912023 0,000879
веб-сервер 3,218876 0,000723
веб-серверам 3,912023 0,000879
веб-сервером 3,506558 0,000788
веб-серверу 3,506558 0,000788
веб-служб 3,912023 0,000879
веб-страница 3,506558 0,001575
веб-страницам 3,912023 0,000879
веб-страницах 3,912023 0,001757
веб-страницу 3,506558 0,000788
веб-страницы 3,218876 0,002892
веба 3,506558 0,001575
ведет 1,203973 0,000270
версии 0,446287 0,000401
версий 1,347074 0,000605
версию 2,207275 0,001487
версия -0,009950 -0,000009
версиям 3,506558 0,000788
вещи 2,407946 0,000541
взаимное 3,506558 0,001575
взаимодействие 1,897120 0,000852
взаимодействия 1,660731 0,000746
взаимодействовать 2,525729 0,000567
взаимодействующий 3,912023 0,000879
взаимосвязанными 3,912023 0,000879
виде 0,235722 0,000159
виджет 3,912023 0,000879
виджетов 3,912023 0,001757
виджеты 3,912023 0,001757
видимости 2,659260 0,000597
визуализации 3,506558 0,000788
викиданных -0,009950 -0,000002
викиданныхвикипедия 0,891598 0,000200
викимедиа -0,009950 -0,000002
википедии -0,009950 -0,000004
википедия -0,009950 -0,000011
викискладе 0,174353 0,000117
викискладмедиавикивикиучебниквикифункциивикиновостивикиверситетэлемент 3,912023 0,000879
викискладстатьи 0,891598 0,000200
викиучебник 2,659260 0,000597
викиучебникемедиафайлы 2,995732 0,000673
вильчинский 3,912023 0,000879
вильямс 1,966113 0,000883
виртуальной 2,302585 0,000517
включает 0,462035 0,000208
включать 1,897120 0,000852
включая 0,527633 0,000237
включен 1,560648 0,000351
включена 1,514128 0,000340
включение 2,207275 0,000496
включенные 3,218876 0,000723
владеет 3,506558 0,000788
влияние 0,776529 0,000872
вместе 0,510826 0,000229
вне 1,560648 0,001052
внедрен 3,506558 0,000788
внедрить 3,506558 0,000788
внедряемую 3,912023 0,000879
внедрять 3,218876 0,000723
внешнего 2,302585 0,000517
вносят 2,659260 0,000597
внутри 0,000000 0,000000
внутристрочные 3,912023 0,000879
возможностей 2,040221 0,000458
возможности 0,891598 0,001001
возможность 0,616186 0,000830
возможностью 2,207275 0,000496
возможным 2,207275 0,000496
волшебные 0,040822 0,000009
восьмой 2,813411 0,000632
впервые 0,385662 0,000087
впоследствии 0,653926 0,000147
вредоносного 3,218876 0,000723
время 0,030459 0,000027
вспомогательная 3,912023 0,000879
встраиваемого 3,912023 0,000879
встраиваемый 3,912023 0,001757
встраивание 3,912023 0,001757
встраивать 3,912023 0,000879
встроенную 3,912023 0,000879
встроенный 3,218876 0,002892
встроенных 3,506558 0,001575
второй 0,274437 0,000062
входит 0,653926 0,000147
входящий 3,218876 0,000723
входящих 1,771957 0,000398
вывода 2,302585 0,000517
выводящий 3,912023 0,000879
выделит 3,218876 0,000723
вызывает 1,427116 0,000321
вынесение 3,218876 0,001446
выполнение 2,040221 0,000917
выполнения 1,560648 0,002454
выполняемой 3,912023 0,000879
выполняемые 3,218876 0,000723
выполняется 2,207275 0,000496
выполнять 2,813411 0,001264
выполняться 2,813411 0,000632
выполняются 1,660731 0,000746
выпуск 0,916291 0,000206
выпуска 1,714798 0,000385
выпускаются 2,302585 0,000517
выпустила 2,525729 0,000567
выражения 2,813411 0,001264
выразили 2,995732 0,000673
высокого 1,514128 0,000340
высокой 1,272966 0,000286
выхода 1,771957 0,000398
вычисления 2,040221 0,000458
выявлении 3,506558 0,000788
выявлялись 3,912023 0,000879
гарантирует 2,813411 0,000632
гарантируется 3,912023 0,000879
генерации 2,995732 0,000673
генерация 3,506558 0,000788
гибкие 3,506558 0,000788
гибкость 3,218876 0,000723
гибридные 3,912023 0,000879
главная 1,078810 0,000242
главным 0,967584 0,000217
глобальной 2,525729 0,000567
год 0,235722 0,000106
года -0,009950 -0,000279
годов 0,356675 0,000080
году 0,072571 0,000130
годуформаты 3,912023 0,000879
гораздо 1,714798 0,000770
грамматики 3,506558 0,000788
графический 3,218876 0,000723
группа 0,693147 0,000156
группу 1,897120 0,000426
гудман 3,912023 0,000879
даваться 3,912023 0,000879
дает 1,203973 0,000270
дакетт 3,912023 0,000879
даль 2,659260 0,000597
данная 2,207275 0,000496
данного 1,714798 0,000385
данное 1,966113 0,000442
данные 0,510826 0,000229
данный 0,713350 0,000320
данными 1,514128 0,000680
данных 0,616186 0,001107
дата 0,030459 0,000753
движки 3,912023 0,003515
движков 3,506558 0,001575
движком 3,912023 0,000879
движок 3,506558 0,003938
двух 0,462035 0,000104
действие 1,897120 0,000426
действий 1,560648 0,001052
действия 1,427116 0,000321
действовать -0,009950 -0,000002
действующий 2,040221 0,000458
декабрь 1,108663 0,000249
декабря 0,105361 0,000852
декларируется 3,912023 0,000879
делает 1,771957 0,000398
делиться 3,218876 0,000723
демоверсия 3,912023 0,000879
демонстрировали 3,912023 0,000879
денег 1,560648 0,000351
денни 3,912023 0,000879
дерева 2,302585 0,000517
десяти 1,560648 0,000351
десятых 3,506558 0,000788
детей 0,941609 0,000212
джереми 3,912023 0,000879
джой 3,912023 0,001757
джон 2,302585 0,002586
джона 2,995732 0,000673
джоном 3,218876 0,000723
диаграммы 3,218876 0,000723
диалектика 2,207275 0,001983
диалекты 3,912023 0,000879
диалоги 3,506558 0,000788
дилектика 3,912023 0,000879
динамическая 2,995732 0,002019
динамические 2,995732 0,000673
динамическим 3,912023 0,000879
динамической 3,506558 0,000788
динамическую 3,506558 0,000788
диспетчеризация 3,912023 0,000879
дмитрий 0,967584 0,000217
дней 0,446287 0,000100
добавились 3,912023 0,000879
добавление 2,995732 0,000673
добавления 2,659260 0,000597
добавлено 3,218876 0,000723
добавлять 2,659260 0,000597
доверие 2,813411 0,001264
документ 2,525729 0,000567
документа 2,407946 0,005409
документация 3,218876 0,002169
документе 2,525729 0,001135
документов 0,653926 0,000147
должен 1,078810 0,000969
должны 1,021651 0,000459
доллара 3,218876 0,000723
доля 0,733969 0,000165
дом 0,562119 0,000126
домена 3,506558 0,001575
дополнительного 1,609438 0,000362
дополнительную 3,506558 0,000788
дополнительные -0,009950 -0,000004
допускает 2,813411 0,000632
допущенных 3,912023 0,000879
доставки 2,407946 0,000541
достаточен 3,912023 0,000879
достаточно 0,820981 0,000369
достигается 2,659260 0,000597
достижения 1,514128 0,000340
достояние 3,218876 0,000723
доступ 1,203973 0,001352
доступа 1,309333 0,000882
доступен -0,009950 -0,000004
доступных 2,407946 0,001082
драч 3,912023 0,000879
друг 1,108663 0,000747
друга 1,560648 0,001052
другим 0,733969 0,000165
другими 0,616186 0,000415
других -0,009950 -0,000009
другое 1,049822 0,000472
дуглас 3,506558 0,003151
дугласа 3,912023 0,000879
дэвид 2,407946 0,002163
дэвида 3,912023 0,000879
ежедневно 1,714798 0,000385
желательное 3,912023 0,000879
журнал 0,510826 0,000115
заблуждением 3,506558 0,000788
завершающий 3,912023 0,000879
завершении 3,218876 0,000723
зависела 3,912023 0,000879
зависимостей 3,506558 0,001575
зависимости 0,798508 0,000359
зависят 2,302585 0,000517
заглавная -0,009950 -0,000002
загружает 3,506558 0,000788
загружается 3,506558 0,000788
загружена 3,912023 0,000879
загруженные 3,912023 0,000879
загрузке 3,506558 0,000788
загрузку 3,218876 0,000723
задания 2,525729 0,000567
задач 1,386294 0,000311
задача 1,660731 0,000373
задачи 1,469676 0,000330
задержки 2,813411 0,000632
задержкой 3,912023 0,000879
заканчиваются 2,995732 0,000673
закаса 3,912023 0,002636
закладки 2,407946 0,000541
заключается 1,897120 0,000426
заключающемся 3,506558 0,000788
заключили 2,995732 0,000673
закончить 3,218876 0,000723
заменить 0,562119 0,000379
замыкания 3,218876 0,000723
замыслу 3,218876 0,000723
занимающуюся 3,506558 0,000788
занимаясь 3,912023 0,000879
занял 1,139434 0,000512
занятиях 3,912023 0,000879
записьвойти -0,009950 -0,000002
заполнять 3,506558 0,000788
запрашиванием 3,912023 0,000879
запрет 2,207275 0,000496
запроса 2,407946 0,000541
запросе 3,506558 0,000788
запросов 2,407946 0,001623
запросы 1,897120 0,001278
запуск 2,120264 0,000952
запуска 1,832581 0,000412
запускать 3,506558 0,001575
запускаться 3,912023 0,000879
запускающий 3,912023 0,000879
запущен 1,386294 0,000311
зарегистрированный -0,009950 -0,000002
зарегистрированным 3,506558 0,000788
зарезервированные 3,912023 0,000879
заставить 3,506558 0,000788
затем 0,527633 0,000237
зацикливания 3,912023 0,000879
защиту 1,897120 0,000426
защиты 0,941609 0,000212
заявление -0,009950 -0,000002
збекча 0,000000 0,000000
звучало 3,506558 0,000788
злоумышленник 3,506558 0,000788
злоумышленника 3,506558 0,001575
злоумышленниками 3,912023 0,000879
злоумышленников 3,912023 0,000879
злоумышленником 3,912023 0,000879
злоупотребления 3,218876 0,000723
знак -0,009950 -0,000002
знаком 2,302585 0,000517
знакомимся 3,506558 0,000788
значение 0,314711 0,000071
значения 0,105361 0,000047
игр 1,609438 0,000362
играет 1,386294 0,000311
играми 3,912023 0,000879
игры 1,203973 0,000270
идеи 1,714798 0,000385
идентификатором 3,506558 0,000788
идентификаторы 0,693147 0,000156
идет 1,078810 0,000242
из-за 0,415515 0,000187
известные 0,891598 0,000200
известных 1,171183 0,000526
изд 0,314711 0,000636
издательский 1,514128 0,000340
изменение 1,560648 0,001052
изменять 2,995732 0,001346
изменяющего 3,912023 0,000879
изображений 2,407946 0,001082
изображения 1,609438 0,000362
изолированы 3,506558 0,000788
изучении 2,407946 0,000541
изучения 1,272966 0,000572
изучить 2,995732 0,000673
икт-образования 3,912023 0,000879
имеет 0,235722 0,000529
имеется 0,653926 0,000881
именованные 3,506558 0,000788
имеют 0,371064 0,000167
имеющее 2,813411 0,000632
имеющие 1,714798 0,000385
имеющих 1,272966 0,000286
императивное 3,912023 0,000879
императивный 3,912023 0,000879
иначе 0,733969 0,000165
индивидуальных 2,659260 0,000597
инициализированные 3,912023 0,000879
инициативе 1,427116 0,000321
инструкции 2,207275 0,000496
инструмента 2,995732 0,000673
инструментами 3,218876 0,000723
инструментов 1,771957 0,000796
инструменты -0,009950 -0,000009
интеграции 2,207275 0,000496
интегрирован 3,912023 0,000879
интенсивную 3,912023 0,000879
интерактивная 2,525729 0,000567
интерактивной 3,912023 0,000879
интерактивности 3,912023 0,000879
интерактивными 3,506558 0,000788
интерактивных 3,218876 0,000723
интернет 0,916291 0,000206
интернет-разработок 3,912023 0,000879
интернета 1,771957 0,000398
интерпретатор 2,995732 0,001346
интерпретаторы 3,506558 0,001575
интерпретация 2,995732 0,000673
интерпретируется 3,912023 0,000879
интерфейс 2,120264 0,002381
интерфейса 2,407946 0,001623
интерфейсов 2,813411 0,000632
интерфейсы 2,659260 0,001195
интроспекции 3,912023 0,000879
информатике 2,995732 0,002692
информатики 1,714798 0,000385
информацией 1,714798 0,001156
информации 0,446287 0,000301
информационные 1,203973 0,000541
иосип 3,218876 0,000723
исключений 3,218876 0,000723
исполнении 1,560648 0,000351
исполнению 3,218876 0,000723
исполнения 1,469676 0,001320
исполняемый 3,912023 0,000879
исполняемых 2,995732 0,000673
исполняться 3,912023 0,000879
использовавшегося 3,912023 0,000879
использован 2,813411 0,000632
использование 0,891598 0,001001
использованием 1,347074 0,000605
использовании 1,560648 0,000351
использования -0,009950 -0,000009
использовать 1,171183 0,001841
использоваться 1,714798 0,000385
используемое 3,506558 0,000788
используемой 2,813411 0,000632
используемый 2,407946 0,001623
используемым 3,912023 0,001757
используемых 2,040221 0,003208
использует 1,514128 0,001360
используется 0,616186 0,001938
используют 1,309333 0,000588
используются 0,916291 0,001235
использующего 3,912023 0,000879
использующие 0,040822 0,000018
использующих 3,506558 0,004726
исправлять 3,218876 0,000723
испытал 2,995732 0,000673
историей 2,207275 0,000496
история 0,051293 0,000023
источник -0,009950 -0,000002
источниками 0,776529 0,000174
исходная 3,912023 0,000879
исходного 2,659260 0,000597
исходное 3,912023 0,000879
исходном 3,218876 0,000723
исходный 2,407946 0,001082
исходным 2,659260 0,000597
исчерпывающее 3,912023 0,000879
ит-компаний 3,506558 0,000788
июля 0,116534 0,000314
июнь 0,544727 0,000122
июня 0,116534 0,000497
каждое 1,714798 0,000385
какая-либо 3,218876 0,000723
карманный 3,218876 0,002169
карринг 3,912023 0,000879
касающаяся 3,912023 0,000879
категории -0,009950 -0,000004
категория 0,916291 0,000206
качестве 0,478036 0,000644
квалификацией 3,912023 0,000879
киев 1,560648 0,000701
киселева 2,813411 0,002528
класс 1,514128 0,000340
класс-ориентированными 3,912023 0,000879
класса 1,203973 0,000811
классах 2,813411 0,000632
классических 1,897120 0,000852
классической 1,609438 0,000362
классов 1,660731 0,000746
клиент-серверных 3,912023 0,000879
клиента 2,995732 0,004710
клиенте 3,506558 0,001575
клиентом 2,995732 0,001346
клиентских 3,506558 0,001575
клиентской 3,506558 0,002363
клиенты 2,995732 0,000673
ключевые 2,302585 0,000517
книг 1,660731 0,001119
книги 0,916291 0,000206
книгу 1,514128 0,000340
код -0,009950 -0,000141
кода 0,798508 0,003767
коде 2,525729 0,000567
кодекс -0,009950 -0,000002
кодировки 3,506558 0,000788
кодистория 0,116534 0,000026
кодом 2,040221 0,001833
коду 2,995732 0,000673
коды 2,120264 0,000476
командной 2,525729 0,000567
команду 2,995732 0,000673
команды 1,560648 0,000701
комиссии 1,309333 0,000294
комментариев 3,218876 0,000723
комментарии 1,386294 0,000934
коммуницирования 3,912023 0,000879
компактное 3,506558 0,000788
компании 0,579818 0,000391
компанию 2,302585 0,000517
компания 0,653926 0,000441
компиляторы 3,218876 0,000723
компиляцией 3,912023 0,000879
компиляции 3,506558 0,000788
компиляцию 3,506558 0,000788
комплекта 3,506558 0,000788
компонент 2,659260 0,001195
компоненты 1,609438 0,000362
компьютерах 2,995732 0,000673
компьютере 2,120264 0,000476
конкретной 2,407946 0,000541
констатировать 3,506558 0,000788
конструкции 2,120264 0,000476
контейнера 3,506558 0,000788
контейнеров 2,525729 0,000567
контексте 1,560648 0,000351
контекстом 3,912023 0,000879
контролем 2,813411 0,000632
конференции 1,139434 0,000256
конференции-выставки 3,912023 0,001757
конфиденциальной 3,218876 0,000723
конфиденциальности -0,009950 -0,000002
конце 0,430783 0,000097
концепции 1,347074 0,000303
концепцию 2,207275 0,000496
копия 0,328504 0,000148
коренные 2,407946 0,000541
короткий -0,009950 -0,000002
корпорации 2,120264 0,000476
корректно 2,659260 0,000597
которая 0,287682 0,000194
которого 0,301105 0,000135
которой 0,174353 0,000117
котором 0,301105 0,000135
которые 0,162519 0,000219
который 0,105361 0,000071
которым 0,798508 0,000359
которых 0,094311 0,000064
кпи 3,912023 0,000879
кристиан 3,506558 0,000788
крокфорд 3,912023 0,004394
крокфорда 3,912023 0,000879
кроме 0,235722 0,000106
кросс-браузерности 3,912023 0,000879
кроссплатформенными 3,912023 0,000879
круг 2,207275 0,000496
крупных 0,494296 0,000111
куки -0,009950 -0,000002
курс 1,347074 0,000605
курсы 3,218876 0,000723
кыргызча 0,000000 0,000000
кэшемпро 3,912023 0,000879
легко 1,966113 0,000442
лекций 2,659260 0,000597
ливерани 3,912023 0,000879
лидирующих 2,995732 0,000673
лидирующую 3,506558 0,000788
лиспу 3,912023 0,000879
литература 0,061875 0,000028
лицензией 2,659260 0,000597
лицензии -0,009950 -0,000002
лицензию 2,659260 0,000597
лицензия 2,040221 0,002750
личный 3,218876 0,001446
лишь 0,478036 0,000107
логику 2,659260 0,000597
любая 2,525729 0,000567
любом 2,120264 0,000952
людей 0,693147 0,000156
люди 0,755023 0,000339
лямбда-выражений 3,506558 0,000788
мае 0,867501 0,000195
майкл 2,407946 0,000541
македонски 0,000000 0,000000
макросов 3,912023 0,002636
макросы 3,912023 0,000879
макфарланд 3,506558 0,000788
малыш-программист 3,912023 0,000879
манипуляции 3,218876 0,000723
манипуляция 3,912023 0,001757
марас 3,912023 0,000879
марк 2,120264 0,000952
марка 0,867501 0,000195
марками 3,218876 0,000723
марта 0,139262 0,000500
мартин 2,659260 0,000597
массивы 1,560648 0,000351
мастерства 2,813411 0,000632
материал -0,009950 -0,000002
машинные 3,912023 0,000879
машины 1,514128 0,000340
мая 0,139262 0,000188
медиатипы 3,506558 0,000788
медиафайлы 0,301105 0,000135
межсайтовой 3,912023 0,000879
межсайтовые 3,912023 0,001757
межсайтовый 3,912023 0,001757
межсайтовых 3,912023 0,001757
менеджмент 3,218876 0,000723
меньше 0,755023 0,000170
месте 0,544727 0,000122
место 0,371064 0,000250
месяц 1,272966 0,000286
месяцевикипедия 0,776529 0,000174
методов 1,832581 0,000412
методы 1,714798 0,000385
механизм 1,660731 0,000746
механизмом 3,218876 0,000723
миллионов 1,078810 0,000242
мини-программа 3,912023 0,000879
минуя 2,813411 0,000632
мире 0,494296 0,000222
михаэля 3,912023 0,000879
многие 0,356675 0,000080
многих 0,494296 0,000111
многократно 2,407946 0,000541
многом 1,514128 0,000340
многострочные 3,912023 0,000879
множественныереализации 3,912023 0,000879
мобильная -0,009950 -0,000002
мобильные 2,207275 0,000992
мобильных 2,525729 0,003404
могут -0,009950 -0,000027
модальное 3,912023 0,001757
модели 1,171183 0,000789
модель 1,469676 0,003961
моделью 2,813411 0,000632
модифицированная 3,912023 0,000879
модным 2,995732 0,000673
модуль 0,941609 0,000212
модульное 3,506558 0,000788
момент 0,597837 0,000134
монгол 0,000000 0,000000
монитора 3,506558 0,000788
морган 3,506558 0,000788
моррисон 3,912023 0,000879
москва 0,400478 0,000270
мотивирует 3,912023 0,000879
мощным 2,995732 0,000673
мультипарадигменный 3,912023 0,001757
мусора 2,120264 0,000476
набор 1,469676 0,000990
навигации -0,009950 -0,000002
навигация -0,009950 -0,000004
надежную 3,218876 0,000723
наделение 3,912023 0,000879
надмножество 3,912023 0,000879
надписью 2,659260 0,001195
нажатии 3,912023 0,000879
назад 1,108663 0,000249
назван 1,078810 0,000242
название 0,198451 0,000267
названия 0,342490 0,000077
названиями 2,995732 0,000673
названиях 1,897120 0,000426
названный 2,120264 0,000476
назначения 1,427116 0,000641
называет 2,659260 0,000597
называется 0,916291 0,000412
называться 1,660731 0,000373
наиболее 0,139262 0,000063
найден 2,525729 0,000567
найти 1,771957 0,000398
накануне 2,302585 0,000517
наличие 1,108663 0,000498
наличия 2,525729 0,000567
намерение 3,912023 0,000879
нами -0,009950 -0,000002
нанятым 3,912023 0,000879
написан 2,407946 0,000541
написания 1,897120 0,001278
написанные 3,218876 0,001446
написанных 2,813411 0,000632
написать 3,218876 0,000723
напоминает 2,302585 0,000517
например 0,328504 0,001033
напрямую 1,660731 0,000373
нарушение 2,813411 0,000632
наряду 1,078810 0,000242
наследование 3,218876 0,000723
настоящее 0,328504 0,000074
научно-практической 2,207275 0,000992
научных 0,776529 0,000349
находился 0,776529 0,000174
находит 2,207275 0,001487
находится 0,328504 0,000074
находиться 2,525729 0,000567
начал 0,798508 0,000179
начала 0,314711 0,000141
началу 1,171183 0,000263
начинаться 3,506558 0,000788
начинаются 1,897120 0,000426
начиная 0,733969 0,000165
неавтоматизированных 3,912023 0,000879
небольших 1,660731 0,000373
негативно 2,120264 0,000476
негативное 2,813411 0,000632
нежелательное 3,912023 0,001757
нежелательных 3,506558 0,000788
независимого 3,506558 0,000788
независимые 2,302585 0,000517
незаметной 3,912023 0,000879
некоммерческой -0,009950 -0,000002
некорректным 3,506558 0,000788
некоторые 0,301105 0,000068
некоторых 0,494296 0,000111
нем 0,356675 0,000320
немедленно 3,218876 0,000723
ненавязчивого 3,912023 0,000879
ненавязчивый 3,912023 0,000879
необратимым 3,506558 0,000788
необходимое 2,525729 0,000567
необходимости 1,660731 0,000373
необходимость 1,714798 0,000385
необходимый 2,813411 0,000632
необходимым 2,659260 0,000597
необходимыми 2,995732 0,000673
необязательно 3,506558 0,000788
необязательный 3,912023 0,004394
неосмотрительно 3,912023 0,000879
непосредственно 0,478036 0,000215
неправильно 2,040221 0,000458
неправильное 3,912023 0,000879
непрерывной 2,995732 0,000673
несколько 0,150823 0,000034
несмотря 0,755023 0,000339
нетривиальных 3,506558 0,000788
неуместное 3,912023 0,001757
ник 2,659260 0,001195
николаса 3,912023 0,002636
никсон 3,912023 0,000879
ними 1,049822 0,000236
ниндзя 3,912023 0,000879
нового 0,579818 0,000130
новом 1,386294 0,000311
новыми 1,560648 0,000351
новых 0,430783 0,000097
номере 3,912023 0,000879
ноорда 3,912023 0,000879
норрисом 3,912023 0,000879
носила 2,407946 0,000541
нотация 2,995732 0,000673
ноябре 0,994252 0,000223
ноября 0,127833 0,001235
нська 0,000000 0,000000
оба 1,386294 0,000623
обеспечение 1,237874 0,000834
обеспечения 0,867501 0,000195
обеспечивается 2,120264 0,000476
обеспечить 2,120264 0,000952
обладает 1,171183 0,000263
обладать 3,506558 0,000788
обладающих 2,407946 0,001082
области 0,223144 0,000100
область 0,385662 0,000173
обмен 1,832581 0,000412
обмена 1,560648 0,000351
обмене 3,218876 0,000723
обновлении 3,912023 0,000879
обновляется 2,659260 0,000597
обновлять 3,506558 0,000788
обобщенное 3,912023 0,000879
обойдена 3,912023 0,000879
обосновывается 3,912023 0,000879
обрабатывать 2,813411 0,000632
обработчиков 3,912023 0,000879
образовании 1,832581 0,000823
образовательных 1,427116 0,000641
образом 0,371064 0,000083
обратно 1,714798 0,000385
обратной 2,407946 0,000541
обращения 0,030459 0,000753
обстоятельство 2,407946 0,000541
обуславливает 3,506558 0,001575
обучаемых 3,912023 0,000879
обучение 1,714798 0,000770
обучении 3,506558 0,000788
обучения 1,660731 0,000746
обфускации 3,912023 0,000879
общая 0,673345 0,000151
общего 0,713350 0,000481
общественное 1,966113 0,000442
общим 1,427116 0,000321
объединения 1,203973 0,000270
объекта 1,203973 0,000270
объектам 2,659260 0,002389
объектами 1,897120 0,001278
объектная 3,912023 0,010545
объектно-ориентированное 3,218876 0,000723
объектно-ориентированный 3,506558 0,000788
объектно-ориентированным 3,912023 0,000879
объектно-ориентированными 3,912023 0,000879
объектной 3,912023 0,003515
объектную 3,506558 0,000788
объектный 3,912023 0,000879
объектов 0,527633 0,000474
объектом 1,560648 0,001052
объекты 0,478036 0,000644
объявлять 3,912023 0,000879
обычно 0,693147 0,000311
обычным 2,659260 0,000597
обязательно 2,040221 0,000458
ограничений 1,832581 0,000412
ограничения 1,897120 0,001705
ограниченное 2,995732 0,000673
ограниченную 3,218876 0,000723
ограниченный 2,659260 0,001195
ограничивая 3,912023 0,000879
однако 0,174353 0,000117
одним 0,494296 0,000444
одно 0,693147 0,000156
одновременное 3,218876 0,000723
одной 0,371064 0,000167
одном 1,139434 0,000256
однострочных 3,912023 0,000879
одну 1,237874 0,000278
оказали 2,407946 0,001082
окна 2,659260 0,000597
окнами 3,218876 0,001446
окно 2,407946 0,001082
окон 2,813411 0,000632
окружении 2,659260 0,000597
окружения 3,218876 0,002169
окружениями 3,912023 0,000879
окружениях 3,912023 0,000879
октября 0,083382 0,000618
ооо 0,843970 0,000190
ооп 3,218876 0,000723
опасных 2,302585 0,000517
операторы 1,514128 0,000680
операционной 2,813411 0,002528
операционную 2,995732 0,000673
операционные 2,302585 0,001034
операционных 2,525729 0,000567
оперирующие 3,912023 0,000879
описание -0,009950 -0,000007
описании 2,659260 0,000597
описывает 2,659260 0,001195
описывается 2,407946 0,000541
описывающего 3,912023 0,000879
описывающее 3,912023 0,000879
определением 2,995732 0,000673
определенный 2,120264 0,000476
определяются 2,302585 0,001034
определяющем 3,912023 0,000879
опубликован 2,120264 0,000476
опубликованы 3,218876 0,000723
организации -0,009950 -0,000004
организация 0,891598 0,000200
оригинала 0,162519 0,000365
оригинальный 2,302585 0,000517
основа 1,832581 0,000412
основанный 1,386294 0,000311
основе 0,494296 0,000222
основная 0,116534 0,000236
основное 1,347074 0,000303
основные 0,223144 0,000200
основных 0,634878 0,000143
особенно 0,562119 0,000126
осознавать 3,912023 0,000879
остальном 3,218876 0,000723
осуществить 2,407946 0,001082
осуществление 2,302585 0,001034
осуществления 1,832581 0,001235
осуществляемую 3,912023 0,000879
осуществляется 0,776529 0,000349
осуществлялось 2,302585 0,000517
осуществлять 2,120264 0,002381
ответ 1,560648 0,000351
ответственности -0,009950 -0,000002
ответственную 3,506558 0,000788
отдавать 3,912023 0,000879
отдельной 2,407946 0,000541
отдельном 2,813411 0,000632
отдельную 1,832581 0,000412
отдельный 1,832581 0,000823
отдельных -0,009950 -0,000004
отказ -0,009950 -0,000002
отказа 2,813411 0,000632
отключать 3,912023 0,000879
отключены 3,218876 0,000723
открывает 2,120264 0,000476
открытие 0,941609 0,000212
открытой 2,207275 0,000496
открытым 1,309333 0,000294
открыть 2,120264 0,000476
отладка 3,218876 0,001446
отладки 2,995732 0,000673
отладочной 3,912023 0,000879
отладчик 3,506558 0,004726
отладчика 3,912023 0,000879
отладчикам 3,912023 0,000879
отлаживать 3,912023 0,000879
отличает 2,407946 0,000541
отличием 3,506558 0,000788
отличии 3,912023 0,000879
отличные 3,506558 0,000788
отличных 3,506558 0,000788
отложить 3,912023 0,000879
отметить 1,714798 0,000385
относится 0,733969 0,000165
относящимися 3,506558 0,000788
отношении 1,203973 0,000541
отображения 2,525729 0,000567
отобразит 3,506558 0,000788
отправлять 2,813411 0,000632
отпугивало 3,912023 0,000879
отработает 3,912023 0,000879
отредактирована -0,009950 -0,000002
отслеживала 3,912023 0,000879
отсутствием 2,207275 0,000496
отсутствует 1,272966 0,000572
отсутствуют 1,897120 0,000426
отсылки 3,912023 0,000879
офисные 3,506558 0,001575
офисных 3,218876 0,000723
официальный 0,510826 0,000115
оформления 2,407946 0,000541
очередность 3,912023 0,000879
очередь 0,527633 0,000119
очищаемым 3,506558 0,000788
ошибках 2,995732 0,000673
ошибкекак -0,009950 -0,000002
ошибки 1,897120 0,002983
ошибок 2,120264 0,000952
пакет 1,714798 0,001156
пакетами 3,506558 0,000788
пакина 3,912023 0,000879
памятью 2,813411 0,001896
парадигм 3,218876 0,000723
параметрах 3,912023 0,000879
пароль 3,218876 0,000723
патча 3,912023 0,000879
педагогического 1,897120 0,000426
пер 1,108663 0,000498
первая 0,430783 0,000097
первого 0,733969 0,000495
первое 0,544727 0,000122
первой 0,462035 0,000104
первоначально 1,203973 0,000270
первым 0,597837 0,000134
первыми 1,609438 0,000362
первых 0,653926 0,000147
переброшен 3,912023 0,000879
перевели 2,659260 0,000597
перевод 1,427116 0,002564
перезагружается 3,912023 0,000879
переименовали 2,302585 0,000517
переименован 1,347074 0,000605
перейти -0,009950 -0,000004
переменные 3,506558 0,000788
переменных 2,995732 0,001346
переносить 2,995732 0,000673
переполнению 3,912023 0,000879
переформатировать 3,912023 0,000879
переход 1,427116 0,000641
перечень 1,469676 0,000330
персональные -0,009950 -0,000002
песочнице 3,912023 0,000879
песочницу 3,912023 0,000879
песочницы 3,912023 0,002636
печати -0,009950 -0,000002
печать -0,009950 -0,000002
пикселей 3,506558 0,000788
писать 2,407946 0,000541
письмо 2,302585 0,000517
питер 1,966113 0,000883
плагин 3,912023 0,000879
плагинах 3,912023 0,001757
плагинов 3,912023 0,000879
плагины 3,912023 0,000879
планов 2,302585 0,000517
платформ 2,407946 0,001082
платформа 1,714798 0,000770
платформы 1,272966 0,000286
плееры 3,912023 0,000879
плохая 3,912023 0,000879
поведение 2,995732 0,001346
поведения -0,009950 -0,000002
повлиял 2,813411 0,000632
повторном 3,506558 0,000788
повышение 1,609438 0,000362
подборка 3,218876 0,000723
подвергнувшийся 3,912023 0,000879
подвидах 3,912023 0,000879
подготовки 1,309333 0,000294
подделка 3,912023 0,001757
поддерживаемые 2,407946 0,000541
поддерживает 1,609438 0,001085
поддерживается 1,897120 0,000426
поддерживал 2,995732 0,000673
поддерживать 2,995732 0,000673
поддерживаться 3,912023 0,000879
поддерживаются 2,813411 0,000632
поддерживающим 3,218876 0,000723
поддержка 1,832581 0,003293
поддержки 1,560648 0,001052
поддержку 1,469676 0,000660
подключения 2,525729 0,001135
подключить 3,218876 0,000723
подмножество 3,912023 0,000879
подобная 2,659260 0,000597
подобно 2,407946 0,000541
подобные 1,609438 0,000362
подобный 2,207275 0,000496
подробнее -0,009950 -0,000002
подробное 3,218876 0,002892
подстройку 3,912023 0,000879
подход 1,771957 0,000398
подхода 2,407946 0,000541
подходе 2,659260 0,001195
подходить 3,218876 0,000723
подходов 2,525729 0,000567
подходящий 3,218876 0,000723
подчеркивание 3,506558 0,000788
позволил 2,525729 0,000567
позволяет 0,755023 0,002035
позволяют 1,469676 0,000660
позволяющий 2,207275 0,000992
позволяющих 2,995732 0,000673
позволяя 2,407946 0,000541
поздним 2,659260 0,000597
поздних 2,995732 0,000673
позиционировались 3,912023 0,000879
позицию 2,302585 0,000517
поиск -0,009950 -0,000002
поисковых 3,506558 0,000788
поиску -0,009950 -0,000002
пока 0,843970 0,000379
показывается 3,912023 0,000879
полагается 2,813411 0,000632
полезные 2,407946 0,000541
полезным 3,218876 0,000723
политика -0,009950 -0,000004
полностью 0,400478 0,000090
полный 1,272966 0,000286
положение 0,510826 0,000115
получает 1,660731 0,000373
получать 2,302585 0,000517
получение 1,966113 0,001325
получения 1,469676 0,000330
полученный 2,995732 0,000673
получив 2,407946 0,000541
получили 0,967584 0,000217
получить 1,427116 0,000321
пользовательские 2,813411 0,001896
пользовательскими 3,912023 0,000879
пользовательских 2,813411 0,001264
пользовательского 2,813411 0,000632
пользовательской 3,912023 0,000879
пользователю 2,813411 0,000632
пользователя 1,966113 0,003091
поместить 3,912023 0,001757
помещать 3,912023 0,000879
помещения 2,407946 0,000541
помещенными 3,912023 0,000879
помимо 0,562119 0,000505
помочь 1,560648 0,000701
помощи 0,843970 0,001327
помощью 0,634878 0,001141
понятие 1,469676 0,000330
понятиями 2,659260 0,000597
понятый 3,912023 0,000879
популярном 3,218876 0,000723
популярности 2,207275 0,000496
популярность 2,302585 0,001034
популярным 2,120264 0,000952
популярных 1,832581 0,000412
пор 0,941609 0,000423
порт 0,941609 0,000212
порта 1,309333 0,000294
поскольку 0,941609 0,001058
посланы 3,506558 0,000788
последние 0,755023 0,000170
последний -0,009950 -0,000002
последняя 0,342490 0,000077
последствиям 3,506558 0,000788
послужили 2,813411 0,000632
поставлена 2,407946 0,000541
постоянные 1,966113 0,000442
построению 3,912023 0,000879
построения 1,897120 0,000852
потенциально 2,813411 0,000632
потенциальным 3,218876 0,000723
потоками 2,813411 0,000632
потребовала 3,218876 0,000723
походили 3,912023 0,000879
похожее 3,912023 0,000879
похожим 2,995732 0,000673
почему 0,000000 0,000000
пошлет 3,912023 0,000879
поэтому 0,616186 0,000692
появившиеся 2,995732 0,000673
появились 0,579818 0,000130
появился 0,693147 0,000467
правами 2,659260 0,000597
правила 2,040221 0,000458
правило 0,891598 0,000601
править -0,009950 -0,000232
правка 0,328504 0,000074
правкиновые -0,009950 -0,000002
правкипостоянная -0,009950 -0,000002
практика 2,207275 0,000992
практику 2,813411 0,000632
практического 3,506558 0,000788
пре-альфу 3,912023 0,000879
превалирующей 3,912023 0,000879
предложении 3,506558 0,000788
предложению 2,995732 0,000673
предложения 2,659260 0,000597
предназначался 3,218876 0,000723
предназначение 3,506558 0,000788
предназначены 2,813411 0,000632
предоставляет 1,347074 0,001210
предоставляют 1,427116 0,000321
предоставляющий 2,995732 0,000673
предполагают 2,813411 0,000632
предпочтение 2,813411 0,000632
представились -0,009950 -0,000002
представителей 1,469676 0,000330
представить 2,302585 0,001034
представлен 0,891598 0,000200
представляем 3,912023 0,000879
представляет 0,446287 0,000200
представляется 2,813411 0,000632
представляют 1,237874 0,000556
предупреждения 2,995732 0,000673
президента 0,916291 0,000206
преимуществ 2,525729 0,000567
преобразование 2,302585 0,000517
преподавание 2,995732 0,000673
преподавания 3,506558 0,000788
приведение 2,995732 0,000673
приведенного 3,506558 0,000788
приведенном 3,912023 0,000879
привилегии 2,995732 0,000673
привилегиями 3,506558 0,001575
приводит 1,171183 0,000526
приводящие 3,218876 0,001446
придает 3,506558 0,000788
придания 2,995732 0,000673
приемлемой 3,912023 0,000879
приемы 2,995732 0,000673
призванная 3,506558 0,000788
прикладного 2,525729 0,001135
прикладное 3,218876 0,001446
приложений 1,832581 0,006998
приложения 1,514128 0,002721
приложениях 2,659260 0,001792
применение 1,469676 0,000990
применении 2,995732 0,000673
применения 1,272966 0,000858
применяется 1,714798 0,000385
пример 1,171183 0,000789
примера 2,813411 0,000632
примерами 1,966113 0,000442
примере 1,771957 0,000398
примечания -0,009950 -0,000004
принимающий 3,506558 0,000788
принципиальных 3,912023 0,000879
приобретенная 3,506558 0,000788
присущие 3,506558 0,000788
присущих 3,506558 0,000788
причиной 1,469676 0,000330
проблем 0,798508 0,000179
проблема 1,237874 0,000556
проблемой 1,660731 0,000373
проведена 1,832581 0,000412
проверка 2,995732 0,000673
проверки 0,994252 0,000223
программ 1,203973 0,001623
программам 2,525729 0,000567
программирование 2,525729 0,001702
программированию 2,995732 0,001346
программирования 1,714798 0,010015
программированияпрототипно-ориентированные 3,912023 0,000879
программированияскрытые 3,506558 0,000788
программиста 3,218876 0,000723
программистов 3,218876 0,000723
программно 3,218876 0,000723
программного 1,660731 0,000373
программное 1,714798 0,000770
программы 0,713350 0,000801
продемонстрировали 3,506558 0,000788
продукт 1,660731 0,000373
продуктах 3,506558 0,000788
продуктов 1,237874 0,000278
продукты 1,832581 0,000412
проект 0,400478 0,000090
проекта 0,616186 0,000277
проектах -0,009950 -0,000004
проектахкниги 3,218876 0,000723
проекты 1,108663 0,000249
произведено 2,995732 0,000673
производить 2,659260 0,000597
производный 3,912023 0,000879
производных 3,506558 0,000788
произвольного 3,912023 0,001757
произойдет 2,525729 0,000567
произошедших 3,506558 0,000788
происходит 0,634878 0,000570
происходят 1,966113 0,000442
происхождения 1,272966 0,000286
прокси 3,506558 0,000788
пропедевтической 3,912023 0,000879
проприетарная 3,218876 0,000723
проприетарный 3,912023 0,000879
проработал 3,218876 0,000723
прослойкой 3,912023 0,000879
просмотра 2,040221 0,000458
просмотры -0,009950 -0,000002
прост 3,506558 0,000788
простой 2,659260 0,000597
пространства 1,049822 0,000472
пространстве 1,897120 0,000426
простых 2,525729 0,000567
протокола 2,120264 0,000476
протоколе 2,995732 0,000673
прототипах 3,506558 0,000788
прототипирование 3,912023 0,000879
прототипное 3,912023 0,001757
профессиональные 1,832581 0,000412
проходящего 3,506558 0,000788
прохождение 3,506558 0,000788
процессе 1,309333 0,000294
проясняющая 3,912023 0,000879
псевдостатичная 3,912023 0,000879
путать 1,771957 0,000796
путь 0,820981 0,000184
работа 0,891598 0,000401
работали 1,469676 0,000330
работать 1,108663 0,000249
работе 1,237874 0,000834
работы 0,314711 0,000424
рабочая 2,207275 0,000496
рабочего 1,897120 0,001278
рабочем 2,995732 0,001346
рабочие 1,832581 0,000412
рабочих 1,108663 0,000498
развернуты 2,995732 0,000673
развитием 1,171183 0,000263
развлечения 3,506558 0,000788
различий 2,995732 0,001346
различимых 3,912023 0,000879
различия 1,966113 0,000883
различные 0,693147 0,000156
размер 1,832581 0,000412
разметки 2,659260 0,000597
размещаемых 3,912023 0,000879
размещается 2,407946 0,000541
размыты 3,912023 0,000879
разницу 3,218876 0,000723
разными 2,120264 0,000952
разных 0,510826 0,000344
разрабатываемые 3,506558 0,000788
разрабатываемый 3,912023 0,000879
разрабатывать 3,218876 0,000723
разработала 3,218876 0,000723
разработка 1,347074 0,000303
разработке 1,560648 0,002804
разработки 1,203973 0,001893
разработку 1,897120 0,000426
разработчик 2,040221 0,000458
разработчикам 3,218876 0,000723
разработчиками 3,218876 0,001446
разработчики -0,009950 -0,000007
разработчиков 2,302585 0,001034
райан 3,912023 0,000879
рамках 0,544727 0,000367
ранее 0,430783 0,000194
раскрывающая 3,912023 0,000879
расположение 1,139434 0,001024
распределенное 3,506558 0,000788
распределенную 3,912023 0,000879
распространенная 3,506558 0,000788
рассматривает 2,525729 0,000567
рассматривать 1,966113 0,000442
рассматривают 2,407946 0,000541
рассматриваются 2,120264 0,000476
расценивается 3,912023 0,000879
расширен 2,525729 0,000567
расширение 0,527633 0,000474
расширении 2,659260 0,000597
расширения 1,514128 0,000340
расширениях 2,995732 0,002019
реагировать 3,912023 0,000879
реализацией 3,218876 0,000723
реализации 0,994252 0,001563
реализаций 3,218876 0,001446
реализацию 2,525729 0,000567
реализация 1,560648 0,001753
реализациях 2,995732 0,000673
реализован 1,660731 0,001492
реализована 2,407946 0,000541
реализованных 3,506558 0,000788
реализованы 2,407946 0,001082
реализует 2,659260 0,001195
реальные 2,407946 0,000541
регистрозависимы 3,912023 0,000879
регулярные 1,514128 0,000340
редактор 1,609438 0,000362
редакторы 3,218876 0,000723
редакции 1,966113 0,000442
редакция 1,469676 0,000330
резиг 3,912023 0,003515
резига 3,912023 0,000879
резигом 3,912023 0,000879
результате 0,342490 0,000154
результаты 1,237874 0,000278
рейсиг 3,912023 0,000879
рейтинге 1,203973 0,000270
рекомендуемым 3,912023 0,000879
рекомендуется 2,995732 0,000673
рекомендуют 3,506558 0,000788
релизу 3,912023 0,000879
ресурсы 0,020203 0,000009
рефакторинг 3,506558 0,000788
речь 2,120264 0,000476
решения 0,967584 0,000435
рика 3,912023 0,000879
риск 2,659260 0,000597
роберто 3,912023 0,000879
рода 1,560648 0,000351
родительской 3,912023 0,000879
родственным 3,506558 0,000788
родственных 0,755023 0,000170
роль 0,579818 0,000130
россия 0,371064 0,000167
ростиздат 3,218876 0,001446
ростов-на-дону 1,237874 0,000556
руководство 1,272966 0,001716
рус 0,162519 0,000256
русский -0,009950 -0,000002
рутинных 3,506558 0,001575
ряд 0,385662 0,000347
ряда 0,994252 0,000670
ряде 1,237874 0,000278
рядом 0,733969 0,000165
ряду 1,832581 0,000412
сагги 3,912023 0,000879
сайт 0,371064 0,000333
сайта 1,771957 0,001194
сайте 0,967584 0,000435
сайту 3,218876 0,000723
самая 0,798508 0,000179
самой 0,916291 0,000206
самый 0,579818 0,000260
самым 0,653926 0,000294
санкт-петербург 0,776529 0,000349
саха 2,813411 0,000632
сборка 3,218876 0,000723
сборник 0,653926 0,000294
сведений 1,609438 0,000362
свободная 2,659260 0,000597
свободной -0,009950 -0,000002
свободный 2,407946 0,000541
сводная 2,995732 0,000673
своими 1,427116 0,000321
своих 0,776529 0,000174
свойств 1,966113 0,001766
свойства 1,660731 0,000373
свойство 0,653926 0,000147
свяжитесь -0,009950 -0,000002
связан 1,171183 0,000263
связанные 1,021651 0,000229
связей 1,560648 0,000351
связи 0,235722 0,000053
связь 0,616186 0,000415
сделайте 3,912023 0,000879
сделать 1,386294 0,000311
сеанса 3,912023 0,000879
секреты 2,995732 0,000673
секции 3,218876 0,000723
семантика 2,995732 0,001346
семантически 3,912023 0,000879
сентябрь 1,309333 0,000294
сентября 0,072571 0,000196
сервер 2,120264 0,001429
сервера 2,207275 0,001983
серверах 3,506558 0,000788
серверные 3,218876 0,002169
серверных 2,995732 0,002019
сервером 2,525729 0,001135
сервисами 3,218876 0,000723
серии 1,386294 0,000311
сетевых 2,302585 0,000517
сети 0,494296 0,000222
си-минус-минус 3,912023 0,000879
сибах 3,912023 0,000879
сильно 0,776529 0,000174
символ 1,203973 0,000270
символ-плюс 3,506558 0,003151
симулировать 3,912023 0,000879
синтаксис 2,525729 0,004539
систем 0,798508 0,000538
система 0,235722 0,000106
системах 1,771957 0,000398
системе 0,733969 0,000165
системеобсуждениевкладсоздать -0,009950 -0,000002
системные 2,995732 0,000673
системой 1,309333 0,000588
систему 0,673345 0,000151
системы 0,342490 0,000462
ситуациях 2,813411 0,000632
скачать -0,009950 -0,000002
скачивания 2,995732 0,000673
склеивания 3,912023 0,000879
сколько 0,653926 0,000147
скомпилированного 3,912023 0,000879
скорее 1,966113 0,000442
скриншот 3,218876 0,000723
скрипт 3,912023 0,004394
скрипта 3,912023 0,002636
скриптами 3,506558 0,000788
скриптинг 3,912023 0,001757
скриптов 3,506558 0,002363
скриптового 3,912023 0,003515
скриптовый 3,912023 0,000879
скриптовых 3,506558 0,000788
скриптом 3,912023 0,001757
скрипту 3,506558 0,000788
скрипты 3,506558 0,004726
скрывать 3,912023 0,000879
слабая 3,912023 0,001757
следует 0,755023 0,001018
следующий 1,560648 0,000351
следующих 1,386294 0,000311
слишком 2,525729 0,000567
слова 0,562119 0,000126
словом 1,897120 0,000426
сложность 2,040221 0,000917
служащая 3,218876 0,000723
служило 3,912023 0,000879
случае 0,843970 0,000569
случаев 1,469676 0,000330
случалось 3,218876 0,000723
случаях -0,009950 -0,000002
случится 3,912023 0,000879
смысл 2,407946 0,000541
снабжения 2,659260 0,000597
снижает 2,302585 0,000517
собой 0,328504 0,000295
собственный 2,120264 0,000476
событий 1,386294 0,000311
событийно-ориентированное 3,912023 0,000879
событияпожертвовать -0,009950 -0,000002
согласно 0,301105 0,000203
согласуется 3,912023 0,000879
соглашение 1,139434 0,000256
содержание 0,010050 0,000002
содержать 2,525729 0,001135
содержащая 3,218876 0,000723
содержащую 3,912023 0,000879
содержимого 2,407946 0,001082
содержимое 2,302585 0,001034
содержит 1,386294 0,000623
содержится 1,966113 0,000442
соединения 1,897120 0,000426
создавать 1,832581 0,000823
создаем 3,506558 0,000788
создает 1,832581 0,000412
создан 0,693147 0,000623
создана 0,891598 0,000200
создание 0,733969 0,000330
создания 0,653926 0,001028
созданная 2,040221 0,000458
созданного 2,659260 0,000597
созданный 1,560648 0,000351
созданных 2,659260 0,000597
созданы 1,078810 0,000242
создать 1,171183 0,000263
сокетами 3,912023 0,000879
сообщения 0,820981 0,000184
сообщить -0,009950 -0,000002
сооснователь 3,912023 0,001757
соответствие 2,302585 0,000517
соответствии 0,446287 0,000100
соответствовал 3,506558 0,000788
соответствовать 2,407946 0,000541
соответствует 1,427116 0,000321
соответствующей 2,120264 0,000476
соответствующий 2,207275 0,001487
соответствующую 2,813411 0,000632
состав 0,400478 0,000090
составляло 1,347074 0,000303
составляющими 3,506558 0,001575
составляющих 2,813411 0,000632
составные 3,506558 0,000788
состоит 0,755023 0,000170
состоялся 1,237874 0,000278
состоянию 0,544727 0,000122
сотрудничестве 1,771957 0,000398
сохранением -0,009950 -0,000002
сохранения 1,660731 0,000373
сохраняя 2,813411 0,000632
сочетать 3,218876 0,000723
спб 0,385662 0,000520
спектру 3,912023 0,000879
специальной 2,120264 0,000476
спецификатором 3,912023 0,000879
спецификации 2,302585 0,002586
спецификация 2,525729 0,009645
списки 1,714798 0,000385
список 0,248461 0,000056
справочник 0,916291 0,000617
справочники 2,659260 0,001195
сравнение 2,040221 0,000917
сравнению 1,078810 0,000727
сразу 0,994252 0,000223
среда 1,386294 0,000623
среде 1,660731 0,000746
среди 0,198451 0,000045
средств 0,597837 0,000269
средства 0,415515 0,000373
средство 2,525729 0,000567
среду 1,897120 0,000426
српски 0,000000 0,000000
српскохрватски 0,000000 0,000000
ссылка 0,274437 0,000062
ссылками 0,186330 0,000042
ссылкасведения -0,009950 -0,000002
ссылке 3,506558 0,001575
ссылки -0,009950 -0,000013
ссылку 2,525729 0,000567
ста 2,040221 0,000458
ставили 2,659260 0,000597
стал 0,314711 0,000141
стандарт 1,966113 0,000883
стандартизация 2,995732 0,001346
стандартизирована 3,912023 0,000879
стандартизированная 3,912023 0,000879
стандартная 2,207275 0,000496
стандартные 2,659260 0,001195
стандартом 2,302585 0,001034
становится 0,527633 0,000237
статистика -0,009950 -0,000004
статическую 3,506558 0,000788
стать 1,203973 0,000541
статье 0,941609 0,000212
статьестатьи 0,843970 0,000190
статьи 0,072571 0,000049
статьислучайная -0,009950 -0,000002
статьисообществофорумсправкасвежие -0,009950 -0,000002
статья 0,105361 0,000260
статьяобсуждение -0,009950 -0,000002
статьятекущие -0,009950 -0,000002
степени 0,843970 0,000190
стефанова 3,506558 0,000788
стиле 0,994252 0,000223
стили 2,302585 0,000517
стола 2,813411 0,000632
стороне 1,139434 0,002303
сторонних 3,218876 0,000723
стороны 0,430783 0,000387
стояна 3,912023 0,000879
страниц 2,407946 0,001082
страница -0,009950 -0,000007
страницасодержаниеизбранные -0,009950 -0,000002
странице 2,120264 0,000952
страницецитировать -0,009950 -0,000002
страницу 2,659260 0,002987
страницуполучить -0,009950 -0,000002
страницы -0,009950 -0,000031
страницыслужебные -0,009950 -0,000002
строгое 3,912023 0,000879
строки 2,040221 0,000458
структур 2,659260 0,000597
структура 0,967584 0,000435
структурно 3,912023 0,000879
структуры 1,171183 0,000263
существует 0,446287 0,000100
существуют 0,162519 0,000037
существующего 2,659260 0,000597
существующие 2,040221 0,000458
сущностей 3,218876 0,000723
сущности 2,302585 0,000517
сущность 2,659260 0,000597
сходным 3,912023 0,000879
схожесть 3,218876 0,000723
схожий 3,912023 0,000879
сценариев 3,218876 0,002892
сценарием 3,912023 0,000879
сценарии 3,912023 0,000879
счет 0,673345 0,000151
считается 0,693147 0,000156
сша 0,562119 0,000126
сшаязыки 3,912023 0,000879
сысонюк 3,912023 0,000879
сюдасвязанные -0,009950 -0,000002
таблица 0,653926 0,000294
таблицы 2,040221 0,000458
такая 1,386294 0,000311
также 0,000000 0,000000
такие 0,261365 0,000235
таким 0,527633 0,000119
такими 1,660731 0,000373
таких 0,510826 0,000344
такого 1,237874 0,000556
тарашкев 0,000000 0,000000
татарча 0,000000 0,000000
творческие 2,302585 0,000517
тег 1,966113 0,000442
тега 3,506558 0,002363
теги 3,218876 0,000723
текст -0,009950 -0,000007
текстовый 3,218876 0,000723
текущем 0,544727 0,000122
тематические 0,510826 0,000229
тесно 1,832581 0,000823
тестирование 2,525729 0,001135
тестирования 2,525729 0,010779
тестировать 3,506558 0,000788
тестируемого 3,912023 0,000879
тестов 3,912023 0,004394
тесты 3,912023 0,000879
тех 0,798508 0,000538
техник 3,506558 0,000788
технологии 0,798508 0,000717
технологий 0,653926 0,000294
течение 0,527633 0,000119
тип 0,356675 0,000320
типа 0,462035 0,000104
типам 1,609438 0,000362
типизациейязыки 3,912023 0,000879
типизацию 2,995732 0,001346
типизация 3,218876 0,002169
типов 1,386294 0,001557
типом 2,407946 0,000541
типы 1,514128 0,000340
товарный -0,009950 -0,000002
товарным 3,506558 0,000788
толксдорф 3,912023 0,000879
тома 3,218876 0,000723
тому 1,108663 0,000249
торговыми 1,897120 0,000426
тоя 3,912023 0,000879
традиционное 2,995732 0,000673
традиционном 3,218876 0,000723
традиционными 3,506558 0,000788
транзакций 2,659260 0,000597
требования 1,832581 0,000412
третье 1,560648 0,000351
третья 1,609438 0,000362
трех 0,713350 0,000160
троянских 3,506558 0,000788
труда 1,139434 0,000256
трудов 1,966113 0,000883
тыла 1,897120 0,000426
убежден 2,995732 0,000673
уверены 3,912023 0,003515
углубленного 3,506558 0,000788
углубленный 3,218876 0,000723
угодно 3,912023 0,000879
удаление 2,995732 0,000673
удаления 3,218876 0,000723
удаленному 3,218876 0,000723
удалить 2,407946 0,001082
удобен 3,218876 0,000723
узлами 2,813411 0,000632
узлов 1,660731 0,001492
уйти 2,995732 0,000673
указанием -0,009950 -0,000002
указания 1,714798 0,000770
указано 0,733969 0,000165
указывает 1,660731 0,000746
указывать 2,995732 0,000673
укра 0,000000 0,000000
украшения 3,506558 0,000788
улучшение 2,525729 0,000567
улучшением 2,813411 0,000632
уменьшая 3,912023 0,000879
умолчанию 2,525729 0,001135
упоминание 1,237874 0,000278
управление 0,527633 0,000948
управлением 1,427116 0,000321
управлению 2,659260 0,000597
управления 0,415515 0,000373
уровень 0,579818 0,000130
уровня 0,634878 0,000285
уроках 3,912023 0,000879
условии 2,813411 0,000632
условий -0,009950 -0,000002
условия -0,009950 -0,000004
успеть 3,912023 0,000879
успешно 1,832581 0,000412
успешное 2,813411 0,000632
устанавливала 3,912023 0,000879
устанавливать 2,813411 0,000632
устаревший 2,525729 0,000567
устройств 2,120264 0,000476
утверждает 2,659260 0,000597
утиная 3,912023 0,000879
участвовали 1,966113 0,000442
участвуя 3,912023 0,000879
участие -0,009950 -0,000002
участников 1,272966 0,000572
учебных 1,049822 0,000236
учетную -0,009950 -0,000002
учитывая 2,659260 0,000597
уэнц 3,912023 0,000879
уязвимостей 2,995732 0,000673
уязвимости 2,995732 0,003364
файл 2,040221 0,001375
файла 2,525729 0,001135
файлам 3,506558 0,000788
файле 2,120264 0,000476
файлов 1,966113 0,001766
файловой 2,995732 0,000673
файлу 3,506558 0,001575
факт 1,514128 0,000340
факультативных 3,912023 0,000879
фаулер 3,218876 0,000723
февраля 0,051293 0,000138
фирма-производитель 3,912023 0,000879
флэна 0,000000 0,000000
флэнаган 3,912023 0,004394
флэнагана 3,912023 0,000879
фонд -0,009950 -0,000002
фоновом 3,912023 0,000879
формат 1,714798 0,000385
формата 1,966113 0,000442
формы 0,941609 0,000635
фрагмент 2,407946 0,000541
фреймами 3,912023 0,000879
фреймворк 2,995732 0,002692
фреймворка 3,506558 0,003151
фреймворками 3,912023 0,000879
фреймворки 2,659260 0,001792
фреймворков 3,218876 0,001446
фреймворку 3,912023 0,000879
фримэн 3,912023 0,000879
функцией 2,659260 0,000597
функции 1,049822 0,001415
функций 1,660731 0,000746
функционально 3,218876 0,000723
функционального 3,506558 0,000788
функциональное 3,506558 0,000788
функциональный 2,813411 0,000632
функциональным 3,506558 0,000788
функция 1,832581 0,000412
характер 0,994252 0,000223
хосте 3,506558 0,000788
целевой 2,302585 0,000517
целевом 3,218876 0,001446
целей 1,966113 0,000883
целиков 3,912023 0,000879
целиком 1,897120 0,000426
цель 1,832581 0,000823
целях 1,171183 0,000263
ценностью 2,995732 0,000673
центральным 2,040221 0,000458
цифры 1,714798 0,000770
частей 1,139434 0,000512
части 0,198451 0,000178
частично 0,653926 0,000147
частности 0,462035 0,000830
часто 0,415515 0,000280
часть 0,105361 0,000071
частью 0,755023 0,000339
черты 1,203973 0,000270
четко 1,897120 0,000426
числе 0,248461 0,000056
читатьправитьправить 0,494296 0,000111
чрезвычайно 2,120264 0,000476
что-то 2,659260 0,000597
шелла 3,912023 0,000879
широко 0,673345 0,000605
широкое 1,660731 0,000746
широкому 2,995732 0,000673
широту 3,506558 0,000788
школе 2,040221 0,000458
шустер 3,912023 0,000879
эйх 3,912023 0,002636
эйха 3,912023 0,001757
эйхом 3,912023 0,002636
эквивалентны 3,506558 0,000788
экз 0,415515 0,000373
эксперты 2,040221 0,000458
эксплойта 3,912023 0,000879
эксплойтах 3,912023 0,000879
эксплуатируемые 3,912023 0,000879
экспорт -0,009950 -0,000002
элективные 3,912023 0,000879
элемент 1,897120 0,001278
элемента 2,407946 0,001623
элементов 1,309333 0,000588
элементы 0,891598 0,000200
эмулируя 3,912023 0,000879
эмуляции 3,506558 0,000788
эмуляцию 3,506558 0,000788
энциклопедии -0,009950 -0,000002
эта 0,000000 0,000000
этих 0,400478 0,000180
это 0,000000 0,000000
является 0,094311 0,000339
являться 2,659260 0,000597
являются 0,248461 0,000112
являющаяся 2,995732 0,000673
являющейся 1,897120 0,000426
являясь 1,771957 0,000796
ядро 1,660731 0,001119
ядром 1,832581 0,000412
язык 0,116534 0,000445
языка 0,798508 0,003767
языкам 2,813411 0,000632
языками 1,386294 0,000934
языках -0,009950 -0,000004
языке 0,867501 0,000974
языки 1,309333 0,002647
языков 1,203973 0,001893
языком 1,514128 0,003061
языку 2,302585 0,000517
января 0,116534 0,000079
