август 0,072571 0,000367
авторство -0,009950 -0,000017
алфавитупро 1,771957 0,002983
алфавитупрограммное 2,813411 0,004736
англ 0,174353 0,008219
апрель 0,150823 0,002285
архивировать 0,020203 0,000612
архитектура 0,462035 0,002334
ассемблер 2,995732 0,005043
библиотека 0,328504 0,001106
быть -0,009950 -0,000050
версия -0,009950 -0,000586
версияправитьправить 1,237874 0,002084
викиданных -0,009950 -0,000017
викиданныхпро 2,659260 0,004477
викимедиа -0,009950 -0,000017
википедии -0,009950 -0,000034
википедия -0,009950 -0,000034
викискладэлемент 2,659260 0,004477
включать 0,235722 0,000397
возможность 0,314711 0,000530
время 0,020203 0,000034
встроить 1,897120 0,003194
выполнение 1,049822 0,003535
выпуск 0,693147 0,001167
выпустить 0,891598 0,001501
выход 1,078810 0,001816
год -0,009950 -0,000821
дата 0,030459 0,001026
действовать -0,009950 -0,000017
декабрь 0,094311 0,001588
диспетчер 2,995732 0,005043
дополнительный -0,009950 -0,000017
доступный -0,009950 -0,000017
дробно -0,009950 -0,000017
другой -0,009950 -0,000084
единый 0,544727 0,000917
зависеть 1,171183 0,001972
заглавный -0,009950 -0,000017
записьвойти -0,009950 -0,000017
запланировать 1,832581 0,006170
зарегистрировать -0,009950 -0,000017
заявление -0,009950 -0,000017
знак -0,009950 -0,000017
значение 0,061875 0,000104
значит 1,560648 0,002627
значительно 0,510826 0,000860
игра 0,843970 0,001421
известный 0,287682 0,000484
инструмент -0,009950 -0,000034
интегрировать 1,771957 0,002983
интерфейс 1,771957 0,002983
информационный 0,462035 0,000778
информация 0,162519 0,000274
инфраструктура 0,891598 0,001501
использование -0,009950 -0,000034
исредства 3,218876 0,005419
история 0,051293 0,000173
источник -0,009950 -0,000034
исходный 1,714798 0,002887
июль 0,116534 0,000196
июнь 0,116534 0,002354
каждый 0,261365 0,000880
калькулятор 2,407946 0,004054
кандидат 1,272966 0,002143
категория -0,009950 -0,000050
код -0,009950 -0,000084
кодекс -0,009950 -0,000017
кодистория 0,116534 0,000196
компания 0,371064 0,000625
компилятор 2,525729 0,004252
компонент 0,967584 0,006516
конец 0,198451 0,000334
конфиденциальность -0,009950 -0,000017
короткий -0,009950 -0,000017
кроссплатформенностью 3,912023 0,006586
куки -0,009950 -0,000017
лицензия -0,009950 -0,000067
май 0,127833 0,001291
март 0,116534 0,001177
материал -0,009950 -0,000017
менеджер 2,407946 0,004054
метаданные 2,659260 0,004477
мобильный -0,009950 -0,000034
модуль 0,562119 0,001893
модульность 3,506558 0,005903
модульный 2,659260 0,008954
мочь -0,009950 -0,000017
мусор 1,897120 0,003194
навигация -0,009950 -0,000050
название 0,105361 0,000177
называться 0,328504 0,000553
написать 0,867501 0,002921
начиная 0,733969 0,001236
некоммерческий -0,009950 -0,000017
ноябрь 0,127833 0,004304
обеспечение 0,634878 0,008551
обеспечениепрограммные 3,912023 0,006586
облачный 1,771957 0,002983
обновление 1,203973 0,002027
обновлять 2,995732 0,005043
обновляться 2,207275 0,007432
обращение 0,030459 0,000923
общий 0,186330 0,000314
объединение 0,776529 0,001307
объявить 0,798508 0,001344
октябрь 0,072571 0,000611
операционная 1,897120 0,006388
операционныесистемы 3,218876 0,005419
описание -0,009950 -0,000017
опытный 1,108663 0,001866
организация -0,009950 -0,000017
оригинал 0,139262 0,000234
основать 0,274437 0,000462
ответственность -0,009950 -0,000017
отдельность 2,813411 0,004736
отдельный -0,009950 -0,000017
отказ -0,009950 -0,000017
открыть 0,150823 0,001270
отличаться 0,342490 0,001153
отредактировать -0,009950 -0,000017
официальный 0,356675 0,000600
ошибкекак -0,009950 -0,000017
пакет 1,427116 0,002403
перейти -0,009950 -0,000034
персональный -0,009950 -0,000017
печать -0,009950 -0,000034
платформа 1,049822 0,012372
поведение -0,009950 -0,000017
поддерживать 0,994252 0,005021
поддерживаться 1,660731 0,022367
поддержка 0,653926 0,001101
поиск -0,009950 -0,000034
пока 0,843970 0,001421
политик -0,009950 -0,000017
последний -0,009950 -0,000050
править -0,009950 -0,000168
правка 0,274437 0,000924
правкиновые -0,009950 -0,000017
правкипостоянная -0,009950 -0,000017
представиться -0,009950 -0,000017
приложение 0,733969 0,001236
применение 0,967584 0,001629
примечание -0,009950 -0,000034
проверить 0,478036 0,000805
проверка 0,843970 0,001421
проверяться 1,714798 0,002887
программирование 1,609438 0,002709
программированиякроссплатформенное 3,912023 0,006586
программноеобеспечениеприложения 3,218876 0,005419
программный 1,272966 0,017144
проект -0,009950 -0,000017
произойти 0,430783 0,000725
просмотр -0,009950 -0,000017
прочее 0,544727 0,000917
прошлое 0,673345 0,001134
работать 0,314711 0,000530
разделение 1,021651 0,001720
разный 0,314711 0,000530
разработать 0,616186 0,001037
разработка 0,653926 0,002202
разработчик -0,009950 -0,000034
рано 0,261365 0,000440
реализация 0,798508 0,001344
релиз 2,407946 0,004054
репозиторий 2,995732 0,005043
ресурс 0,020203 0,000034
рус 0,162519 0,000274
русский -0,009950 -0,000017
сайт 0,210721 0,000709
сборщик 3,506558 0,005903
свободный -0,009950 -0,000067
связать 0,174353 0,000294
связаться -0,009950 -0,000017
сентябрь 0,072571 0,000244
символизировать 1,469676 0,002474
система 0,051293 0,000173
системеобсуждениевкладсоздать -0,009950 -0,000017
скачать -0,009950 -0,000017
скрыть 2,207275 0,003716
следовать 0,235722 0,000397
случай -0,009950 -0,000017
собственный 0,446287 0,000751
событияпожертвовать -0,009950 -0,000017
совместимый 2,525729 0,004252
содержание 0,010050 0,000017
сообщество 1,514128 0,002549
сообщить -0,009950 -0,000017
сохранение -0,009950 -0,000017
сравнение 0,733969 0,001236
среда 0,385662 0,001299
среди 0,198451 0,000334
ссылка -0,009950 -0,000067
ссылкасведения -0,009950 -0,000017
старый 0,314711 0,005298
статистик -0,009950 -0,000017
стать 0,083382 0,000140
статьислучайная -0,009950 -0,000017
статьисообществофорумсправкасвежие -0,009950 -0,000017
статья 0,020203 0,000068
статьяобсуждение -0,009950 -0,000017
статьятекущие -0,009950 -0,000017
страница -0,009950 -0,000050
страницасодержаниеизбранные -0,009950 -0,000017
страницецитировать -0,009950 -0,000017
страницуполучить -0,009950 -0,000017
страницыслужебные -0,009950 -0,000017
существовать 0,020203 0,000034
сюдасвязанные -0,009950 -0,000017
такой 0,162519 0,000274
текст -0,009950 -0,000017
тема 0,693147 0,001167
термин 0,198451 0,000334
технология 0,400478 0,001348
течь 0,274437 0,001848
тип 0,072571 0,000122
товарный -0,009950 -0,000017
требовать 0,562119 0,000946
указание -0,009950 -0,000017
условие -0,009950 -0,000050
участие -0,009950 -0,000017
участник 0,510826 0,000860
учетный -0,009950 -0,000017
файл 1,347074 0,002268
февраль 0,051293 0,000432
фонд -0,009950 -0,000017
фреймворк 2,995732 0,005043
фреймворки 2,659260 0,004477
целик 1,897120 0,003194
частично 0,653926 0,001101
читатьтекущая 1,237874 0,002084
экспорт -0,009950 -0,000017
энциклопедия -0,009950 -0,000017
язык -0,009950 -0,000084
языкипрограммирования 3,218876 0,005419
январь 0,105361 0,000177
