абстрактный 2,120264 0,002567
август 0,072571 0,000176
авторство -0,009950 -0,000012
ад 1,966113 0,007141
англ 0,174353 0,003799
андерс 3,506558 0,004245
андерсу 3,912023 0,004736
апрель 0,150823 0,000548
арсеновски 3,912023 0,004736
архив 0,446287 0,000540
архивировать 0,020203 0,000171
архитектура 0,462035 0,001119
атака 2,120264 0,002567
аутентификация 2,995732 0,007254
баз 0,371064 0,000449
базовый 1,171183 0,001418
безопасность 0,916291 0,004437
библиотека 0,328504 0,000795
бизнес-логики 3,912023 0,004736
блок 1,347074 0,001631
богатый 1,049822 0,001271
большинство 0,342490 0,000415
браузер 2,207275 0,002672
буква 1,427116 0,001728
быстро 0,967584 0,002343
быть -0,009950 -0,000012
веб-приложений 3,218876 0,015588
веб-приложения 3,506558 0,004245
веб-сервер 3,218876 0,003897
веб-сервисы 3,506558 0,004245
веб-страниц 2,813411 0,010218
версия -0,009950 -0,000048
версияправитьправить 1,237874 0,001499
весь 0,301105 0,000365
взаимодействие 1,203973 0,001458
визуальный 2,302585 0,002788
викиданных -0,009950 -0,000012
викимедиа -0,009950 -0,000012
википедии -0,009950 -0,000024
википедия -0,009950 -0,000036
вильямс 1,966113 0,009521
включая 0,527633 0,001278
внешне 3,506558 0,004245
внутренний 0,314711 0,000381
возможность 0,314711 0,003048
волшебный 0,030459 0,000037
время 0,020203 0,000147
вспомогательный 2,207275 0,002672
встроить 1,897120 0,004594
вход 0,755023 0,000914
входить 0,287682 0,001045
выдать 1,897120 0,002297
выделять 1,139434 0,001379
выполнение 1,049822 0,001271
выполняться 1,272966 0,001541
выпуск 0,693147 0,000839
высокий 0,139262 0,000169
выстроить 1,771957 0,002145
выясниться 3,218876 0,003897
гатри 3,912023 0,023681
год -0,009950 -0,000157
готовый 1,386294 0,001678
дальний 0,446287 0,000540
даниэль 2,995732 0,003627
дата 0,030459 0,000258
дать 0,072571 0,000351
два 0,150823 0,000183
двунаправленный 3,912023 0,004736
действовать -0,009950 -0,000012
джесс 3,912023 0,004736
диалектик 2,207275 0,002672
динамический 1,897120 0,002297
дино 3,912023 0,004736
диспетчер 2,995732 0,003627
добавление 2,302585 0,002788
дополнительный -0,009950 -0,000012
доступ 0,755023 0,000914
доступный -0,009950 -0,000012
дробно -0,009950 -0,000012
другой -0,009950 -0,000072
жалоба 2,995732 0,003627
заглавный -0,009950 -0,000012
задание 1,832581 0,002219
заложить 0,843970 0,001022
заменить 0,494296 0,000598
записывать 2,120264 0,002567
запись 1,237874 0,001499
записьвойти -0,009950 -0,000012
запрос 1,021651 0,001237
запустить 0,755023 0,000914
зарегистрировать -0,009950 -0,000012
защита 0,616186 0,000746
заявление -0,009950 -0,000012
знак -0,009950 -0,000012
знакомство 2,995732 0,003627
значительно 0,510826 0,001237
значить 1,427116 0,001728
игра 0,843970 0,001022
изд 0,314711 0,000381
издание 0,415515 0,001006
инструмент -0,009950 -0,000036
интервью 1,660731 0,002011
интерфейс 1,771957 0,004290
информационный 0,462035 0,000559
информация 0,162519 0,000197
инфраструктура 0,891598 0,002159
инъекция 3,506558 0,004245
исполнение 0,867501 0,002100
использование -0,009950 -0,000048
использовать 0,020203 0,000147
использоваться 0,223144 0,000270
исредства 3,218876 0,003897
исследовать 1,469676 0,001779
истекать 3,218876 0,003897
история 0,051293 0,000124
источник -0,009950 -0,000024
июль 0,116534 0,000282
июнь 0,116534 0,000846
какой-то 1,560648 0,001889
калькулятор 2,407946 0,002915
каникулы 3,218876 0,003897
категория -0,009950 -0,000036
класс 0,616186 0,001492
клевый 3,912023 0,004736
клиент 1,714798 0,002076
клиентская 2,813411 0,003406
код -0,009950 -0,000205
кодаскрытые 3,912023 0,004736
кодекс -0,009950 -0,000012
кодистория 0,116534 0,000141
команда 0,798508 0,000967
компания 0,371064 0,001348
компилировать 3,912023 0,004736
комплект 2,995732 0,003627
компонент 0,967584 0,004686
конфиденциальность -0,009950 -0,000012
короткий -0,009950 -0,000012
который 0,000000 0,000000
кросс-сайтового 3,912023 0,004736
куки -0,009950 -0,000012
курс 1,171183 0,001418
кэширования 3,218876 0,007794
легко 1,771957 0,002145
литература 0,051293 0,000124
лицензирование 2,995732 0,003627
лицензия -0,009950 -0,000036
любое 1,139434 0,001379
майкрософт 3,218876 0,011691
мак-дональд 3,912023 0,004736
марио 3,506558 0,004245
марка 0,733969 0,000889
март 0,116534 0,000282
материал -0,009950 -0,000012
менеджер 2,407946 0,002915
меню 2,659260 0,003219
месяц 0,415515 0,000503
метаданные 2,659260 0,003219
метафора 3,218876 0,003897
механизм 1,347074 0,001631
многий 1,237874 0,001499
многоязыковые 3,912023 0,004736
множество 0,462035 0,000559
мобильный -0,009950 -0,000012
модель 0,891598 0,011874
модульный 2,659260 0,003219
момент 0,527633 0,000639
мочь -0,009950 -0,000024
мощный 1,021651 0,001237
мусор 1,897120 0,002297
мэтью 3,912023 0,004736
набор 1,237874 0,004496
навигация -0,009950 -0,000036
назвать 0,371064 0,000449
называться 0,328504 0,000398
наличие 0,867501 0,001050
написать 0,867501 0,003151
например 0,328504 0,000398
находиться 0,174353 0,000211
начало 0,116534 0,000141
начинаться 0,527633 0,001916
небезосновательно 3,912023 0,004736
некоммерческий -0,009950 -0,000012
необходимо 1,237874 0,001499
несколько 0,116534 0,000141
новый 0,083382 0,000404
ноябрь 0,127833 0,000155
обеспечение 0,634878 0,003074
обмен 1,309333 0,001585
обобщить 2,525729 0,003058
обработка 1,309333 0,006341
обработчик 3,506558 0,004245
образ 0,287682 0,000348
обращение 0,030459 0,000258
общеязыковой 3,912023 0,004736
общий 0,186330 0,000226
объяснить 1,966113 0,002380
огромный 0,776529 0,000940
означать 0,798508 0,000967
октябрь 0,072571 0,000088
ооо 0,843970 0,001022
ооп 3,218876 0,003897
операционныесистемы 3,218876 0,003897
операция 0,776529 0,000940
опираться 1,560648 0,001889
описание -0,009950 -0,000012
описать 1,347074 0,001631
опытный 1,108663 0,001342
организация -0,009950 -0,000012
оригинал 0,139262 0,000506
основа 0,210721 0,000510
основать 0,274437 0,000664
основной 0,040822 0,000049
основываться 1,560648 0,003779
особенно 0,562119 0,000681
осуществляться 0,616186 0,000746
ответ 0,941609 0,001140
ответственность -0,009950 -0,000012
отделение 0,713350 0,000864
отдельный -0,009950 -0,000012
отказ -0,009950 -0,000012
открыть 0,150823 0,000548
отлавливаться 3,912023 0,004736
отличаться 0,342490 0,000829
отличие 0,798508 0,000967
относительно 0,415515 0,000503
отредактировать -0,009950 -0,000012
официальный 0,356675 0,000432
оформление 1,609438 0,003897
ошибка 0,994252 0,002407
ошибкекак -0,009950 -0,000012
панда 3,912023 0,004736
первоначальный 1,203973 0,004373
перейти -0,009950 -0,000036
персональный -0,009950 -0,000012
печать -0,009950 -0,000024
писать 0,820981 0,002982
питер 1,966113 0,002380
платт 3,912023 0,004736
платформа 1,049822 0,006355
поведение -0,009950 -0,000012
поверх 2,407946 0,002915
поддерживаться 1,660731 0,002011
поддержка 0,653926 0,002375
подключиться 2,995732 0,003627
подобный 0,994252 0,001204
подписка 2,813411 0,003406
позволить 0,967584 0,001171
позволять 0,462035 0,002797
поиск -0,009950 -0,000024
пока 0,843970 0,001022
политик -0,009950 -0,000012
пользователь 1,427116 0,005183
пользовательский 2,040221 0,004940
помощь 0,342490 0,001244
поручить 2,407946 0,002915
поскольку 0,941609 0,002280
последний -0,009950 -0,000012
поставщик 1,897120 0,004594
построить 0,301105 0,000365
поступить 2,302585 0,002788
поэтому 0,616186 0,000746
правило 0,478036 0,000579
править -0,009950 -0,000241
правка 0,274437 0,000332
правкиновые -0,009950 -0,000012
правкипостоянная -0,009950 -0,000012
предлагать 1,514128 0,001833
предоставлять 0,713350 0,001727
предполагаться 1,078810 0,001306
представиться -0,009950 -0,000012
представлять 0,328504 0,000398
преимущество 1,514128 0,005499
приложение 0,733969 0,004443
применяться 1,139434 0,001379
пример 0,527633 0,001916
примечание -0,009950 -0,000024
принцип 0,867501 0,003151
проверить 0,478036 0,000579
проверка 0,843970 0,001022
проверяться 1,714798 0,002076
программа 0,415515 0,000503
программирование 1,609438 0,005845
программноеобеспечениеприложения 3,218876 0,003897
программный 1,272966 0,018493
продлить 2,120264 0,002567
проект -0,009950 -0,000036
проектирование 1,560648 0,001889
производительность 1,609438 0,003897
просмотр -0,009950 -0,000012
протокол 1,139434 0,001379
прототип 2,040221 0,004940
профессионал 2,659260 0,012878
прочее 0,544727 0,000659
публикация 1,272966 0,001541
работа 0,127833 0,000464
развитие 0,127833 0,000155
развить 0,616186 0,000746
разделение 1,021651 0,001237
различный 0,116534 0,000141
разметка 2,407946 0,005830
разное 1,078810 0,001306
разрабатывать 1,609438 0,001948
разработать 0,616186 0,000746
разработка 0,653926 0,006333
разработчик -0,009950 -0,000036
ранний 0,733969 0,000889
расширение 0,415515 0,002012
расширить 0,967584 0,001171
расширять 2,302585 0,008363
реализация 0,798508 0,002900
реализовать 0,673345 0,003261
реализовывать 2,813411 0,003406
реальный 0,967584 0,002343
редакция 0,916291 0,001109
ресурс 0,020203 0,000024
рефакторинг 3,506558 0,004245
решение 0,328504 0,000398
решить 0,941609 0,001140
риск 1,897120 0,002297
рождественский 2,407946 0,002915
русский -0,009950 -0,000024
сайт 0,210721 0,000765
сам 0,162519 0,000394
сборка 2,407946 0,002915
свободный -0,009950 -0,000036
связать 0,174353 0,000633
связаться -0,009950 -0,000012
сервер 1,714798 0,008304
серверный 2,813411 0,006812
синтаксис 2,407946 0,002915
система 0,051293 0,000062
системеобсуждениевкладсоздать -0,009950 -0,000012
скаффолдинговое 3,912023 0,004736
скачать -0,009950 -0,000012
скотту 3,912023 0,004736
скриптинга 3,912023 0,004736
следовательно 2,207275 0,002672
случай -0,009950 -0,000012
снайдер 3,912023 0,004736
событие 0,733969 0,004443
событийный 2,659260 0,003219
событияпожертвовать -0,009950 -0,000012
совместимый 2,525729 0,003058
содержание 0,010050 0,000024
содержать 0,634878 0,001537
создание 0,301105 0,002187
сообщение 0,478036 0,000579
сообщить -0,009950 -0,000012
состав 0,248461 0,000602
сохранение -0,009950 -0,000012
сохранять 1,427116 0,001728
спб 0,385662 0,000467
специальный 0,415515 0,000503
спрашивать 3,912023 0,004736
сравнение 0,733969 0,000889
среда 0,385662 0,000467
средство 0,287682 0,000697
срок 0,798508 0,000967
ссылка -0,009950 -0,000060
ссылкасведения -0,009950 -0,000012
стадий 1,660731 0,004021
старый 0,314711 0,000762
статистик -0,009950 -0,000012
статьислучайная -0,009950 -0,000012
статьисообществофорумсправкасвежие -0,009950 -0,000012
статьяобсуждение -0,009950 -0,000012
статьятекущие -0,009950 -0,000012
сторона 0,235722 0,000285
страница -0,009950 -0,000145
страницасодержаниеизбранные -0,009950 -0,000012
страницецитировать -0,009950 -0,000012
страницуполучить -0,009950 -0,000012
страницыслужебные -0,009950 -0,000012
существенно 1,108663 0,001342
схожесть 3,218876 0,003897
схожий 1,966113 0,002380
счет 0,562119 0,000681
сюдасвязанные -0,009950 -0,000012
таблица 0,544727 0,000659
такое 0,328504 0,000398
такой 0,162519 0,000590
текст -0,009950 -0,000012
тема 0,693147 0,000839
технология 0,400478 0,002909
течение 0,314711 0,000381
течь 0,274437 0,000332
товарный -0,009950 -0,000012
тодд 3,912023 0,004736
требовать 0,562119 0,000681
увеличение 0,733969 0,000889
удовлетворить 2,407946 0,002915
указание -0,009950 -0,000012
указать 0,083382 0,000101
улучшить 1,049822 0,001271
управление 0,248461 0,001805
управляемый 2,302585 0,002788
управлять 0,967584 0,001171
упростить 2,207275 0,002672
условие -0,009950 -0,000036
успех 1,021651 0,002474
устройство 0,527633 0,000639
участие -0,009950 -0,000012
участник 0,510826 0,000618
учетный -0,009950 -0,000024
файл 1,347074 0,006523
фонд -0,009950 -0,000012
форма 0,287682 0,000348
формирование 0,597837 0,000724
фреймворк 2,995732 0,014507
фреймворки 2,659260 0,003219
фримен 3,506558 0,012736
функциональность 2,525729 0,003058
хранение 1,309333 0,001585
хранилище 2,407946 0,002915
храниться 1,560648 0,001889
хришикеш 3,912023 0,004736
целое 0,634878 0,000769
часто 0,415515 0,000503
часть 0,061875 0,000225
чедвик 3,912023 0,004736
чистый 2,040221 0,002470
читатьтекущая 1,237874 0,001499
шаблон 0,462035 0,002237
шпушта 3,912023 0,004736
экспорт -0,009950 -0,000012
элемент 0,544727 0,003297
энциклопедия -0,009950 -0,000012
эспозито 3,912023 0,004736
являться 0,040822 0,000099
язык -0,009950 -0,000072
языкипрограммирования 3,218876 0,003897
январь 0,105361 0,000255
