август 0,072571 0,000129
автоматизация 1,897120 0,006727
авторство -0,009950 -0,000018
акцент 2,040221 0,003617
англ 0,174353 0,001237
архивировать 0,020203 0,000143
архитектор 0,916291 0,001625
архитектура 0,462035 0,012288
атомизация 3,912023 0,006936
балансировка 3,506558 0,006217
большой 0,040822 0,000072
вариант 0,634878 0,002251
венеции 2,995732 0,005312
версия -0,009950 -0,000071
версияправитьправить 1,237874 0,002195
вести 0,356675 0,000632
взаимодействие 1,203973 0,008539
взаимодействовать 1,966113 0,010458
викиданных -0,009950 -0,000018
викимедиа -0,009950 -0,000018
википедии -0,009950 -0,000035
википедия -0,009950 -0,000035
виртуализации 2,995732 0,005312
включать 0,235722 0,000418
включение 1,108663 0,001966
внедрение 1,609438 0,005707
внешнее 1,609438 0,002854
возможно 0,867501 0,001538
возможность 0,314711 0,001116
возникать 1,021651 0,001811
вокруг 0,693147 0,001229
волшебный 0,030459 0,000054
время 0,020203 0,000072
выполнение 1,049822 0,003723
выполнять 0,867501 0,004614
выполняться 1,272966 0,002257
выпускаться 1,469676 0,002606
выстраиваться 3,218876 0,005707
гибка 3,506558 0,006217
год -0,009950 -0,000212
гранулярность 3,912023 0,006936
гранулярный 3,912023 0,006936
группа 0,314711 0,000558
дата 0,030459 0,000216
действовать -0,009950 -0,000018
делать 0,867501 0,003076
добавлять 2,407946 0,004269
докладывать 3,506558 0,006217
должный 0,356675 0,001265
дополнительный -0,009950 -0,000018
достаточно 0,820981 0,002911
доступный -0,009950 -0,000035
дробно -0,009950 -0,000018
другое 0,462035 0,000819
другой -0,009950 -0,000053
единственный 0,891598 0,001581
ежегодный 1,171183 0,002077
зависимость 0,713350 0,001265
заглавный -0,009950 -0,000018
задержка 2,525729 0,004478
заменить 0,494296 0,000876
заменять 2,813411 0,004988
записьвойти -0,009950 -0,000018
зарегистрировать -0,009950 -0,000018
зацепление 3,912023 0,006936
зачастую 1,771957 0,003142
заявление -0,009950 -0,000018
заявлять 2,525729 0,004478
знак -0,009950 -0,000018
значительно 0,510826 0,000906
иерархический 3,218876 0,005707
издательство 0,494296 0,000876
излагать 3,912023 0,006936
изменение 0,301105 0,000534
изменять 1,966113 0,006972
изолироваться 3,912023 0,006936
инструмент -0,009950 -0,000035
интеграция 1,966113 0,003486
исключение 0,891598 0,001581
исполнение 0,867501 0,001538
использование -0,009950 -0,000071
использовать 0,020203 0,000036
история 0,051293 0,000182
источник -0,009950 -0,000018
июль 0,116534 0,000207
июнь 0,116534 0,000826
каждый 0,261365 0,002317
категория -0,009950 -0,000035
книга 0,415515 0,000737
код -0,009950 -0,000106
кодекс -0,009950 -0,000018
кодистория 0,116534 0,000207
коммуникационный 3,218876 0,005707
компания 0,371064 0,000658
компонент 0,967584 0,001716
конкретный 1,171183 0,002077
контейнер 2,040221 0,007235
контейнеризация 2,995732 0,005312
контейнеризованными 3,912023 0,006936
контур 2,407946 0,004269
конференция 0,941609 0,003339
конфиденциальность -0,009950 -0,000018
концепция 0,967584 0,001716
копировать 3,506558 0,006217
короткий -0,009950 -0,000018
который 0,000000 0,000000
кракове 3,506558 0,006217
критик 1,560648 0,008301
куки -0,009950 -0,000018
культура 0,356675 0,001265
легко 1,771957 0,006284
литература 0,051293 0,000182
лицензия -0,009950 -0,000018
локальный 0,673345 0,001194
любое 1,139434 0,004041
март 0,116534 0,000413
материал -0,009950 -0,000018
микросервис 3,912023 0,006936
микросервисам 3,912023 0,013872
микросервисами 3,912023 0,006936
микросервисах 3,912023 0,006936
микросервисная 3,912023 0,034681
микросервисной 3,912023 0,020809
микросервисный 3,912023 0,006936
микросервисов 3,912023 0,062426
микросервисы 3,912023 0,020809
минимальный 1,347074 0,002388
мобильный -0,009950 -0,000018
модуль 0,562119 0,007973
момент 0,527633 0,000936
мочь -0,009950 -0,000053
навигация -0,009950 -0,000053
нагрузка 1,714798 0,003040
надстройка 3,218876 0,005707
наиболее 0,139262 0,000247
накладывать 2,995732 0,005312
налагаться 3,912023 0,006936
направить 0,867501 0,001538
например 0,328504 0,000582
насколько 2,525729 0,004478
нацелить 2,813411 0,004988
небольшой 0,494296 0,001753
нежели 3,218876 0,005707
независимость 1,966113 0,003486
некоммерческий -0,009950 -0,000018
необходимость 1,139434 0,002020
непрерывный 1,714798 0,003040
несколько 0,116534 0,000413
несмотря 0,755023 0,001339
новый 0,083382 0,000148
ньюмен 3,912023 0,006936
обеспечение 0,634878 0,003377
обеспеченияскрытые 3,912023 0,006936
обеспечивать 0,415515 0,001473
обмен 1,309333 0,002322
обновление 1,203973 0,004269
обращение 0,030459 0,000216
обход 1,469676 0,002606
один 0,051293 0,000182
одноранговые 3,912023 0,006936
октябрь 0,072571 0,000257
операционная 1,897120 0,003364
описание -0,009950 -0,000018
опытный 1,108663 0,001966
организационный 2,813411 0,004988
организация -0,009950 -0,000018
организовать 0,634878 0,001126
оркестрации 3,912023 0,006936
основной 0,040822 0,000072
ответственность -0,009950 -0,000018
отдаваться 2,813411 0,004988
отдельный -0,009950 -0,000035
отказ -0,009950 -0,000018
отказоустойчивость 3,912023 0,006936
отладка 2,813411 0,004988
отличаться 0,342490 0,000607
отмечаться 0,994252 0,001763
относительно 0,415515 0,000737
относить 1,469676 0,002606
отредактировать -0,009950 -0,000018
отсутствие 0,891598 0,001581
ошибка 0,994252 0,003526
ошибкекак -0,009950 -0,000018
пар 1,309333 0,002322
перейти -0,009950 -0,000035
персональный -0,009950 -0,000018
печать -0,009950 -0,000035
питер 1,966113 0,003486
поведение -0,009950 -0,000018
повышение 1,078810 0,001913
подвергаться 1,609438 0,002854
подход 0,994252 0,001763
позволять 0,462035 0,000819
поиск -0,009950 -0,000035
пока 0,843970 0,001496
полагаться 2,659260 0,004715
политик -0,009950 -0,000018
получить 0,150823 0,000267
польза 1,714798 0,003040
популярный 0,891598 0,001581
посвятить 0,634878 0,001126
поскольку 0,941609 0,001670
последний -0,009950 -0,000018
постоянно 1,108663 0,001966
потенциальный 1,832581 0,003249
потребитель 1,771957 0,003142
появиться 0,248461 0,000441
появление 0,653926 0,001159
правило 0,478036 0,000848
править -0,009950 -0,000212
правка 0,274437 0,000487
правкиновые -0,009950 -0,000018
правкипостоянная -0,009950 -0,000018
практик 1,049822 0,001861
практика 3,218876 0,005707
предназначаться 2,525729 0,004478
представиться -0,009950 -0,000018
предусматривать 1,386294 0,002458
прежний 1,021651 0,001811
приводить 0,776529 0,001377
приложение 0,733969 0,001301
примечание -0,009950 -0,000035
приоритет 1,771957 0,003142
проблема 0,274437 0,000487
проверить 0,478036 0,000848
проверка 0,843970 0,001496
проверяться 1,714798 0,003040
проводиться 0,653926 0,001159
программа 0,415515 0,001473
программирование 1,609438 0,002854
программный 1,272966 0,013542
проект -0,009950 -0,000018
проектирование 1,560648 0,002767
просмотр -0,009950 -0,000018
просто 1,171183 0,002077
простой 1,108663 0,001966
простота 2,659260 0,004715
протокол 1,139434 0,004041
публикация 1,272966 0,002257
развертывание 2,302585 0,008165
развитие 0,127833 0,000227
различный 0,116534 0,000826
разработка 0,653926 0,004638
разработчик -0,009950 -0,000018
рамка 0,478036 0,000848
распространение 0,891598 0,001581
реализовать 0,673345 0,001194
регулярно 1,272966 0,002257
регулярный 0,798508 0,001416
русский -0,009950 -0,000018
ряд 0,223144 0,000396
сам 0,162519 0,000576
свободный -0,009950 -0,000018
свойство 0,415515 0,002210
связать 0,174353 0,000309
связаться -0,009950 -0,000018
связность 3,506558 0,006217
связующий 2,659260 0,004715
связь 0,174353 0,000618
семинар 2,302585 0,004083
сервис-ориентированной 3,912023 0,013872
середина 0,356675 0,001265
сетевой 1,049822 0,003723
сеть 0,356675 0,001265
симметричный 2,995732 0,005312
система 0,051293 0,000546
системеобсуждениевкладсоздать -0,009950 -0,000018
скачать -0,009950 -0,000018
слабо 1,897120 0,003364
сложность 1,049822 0,001861
сложный 0,446287 0,000791
случай -0,009950 -0,000035
собственный 0,446287 0,000791
событияпожертвовать -0,009950 -0,000018
согласно 0,301105 0,000534
согласование 2,207275 0,003914
содержание 0,010050 0,000018
создание 0,301105 0,000534
сообщение 0,478036 0,000848
сообщить -0,009950 -0,000018
сохранение -0,009950 -0,000018
спб 0,385662 0,000684
специалист 0,755023 0,001339
среда 0,385662 0,002735
среди 0,198451 0,000352
средство 0,287682 0,001020
ссылка -0,009950 -0,000053
ссылкасведения -0,009950 -0,000018
стандартизация 2,120264 0,007519
стандартизовать 3,506558 0,006217
статистик -0,009950 -0,000018
статьислучайная -0,009950 -0,000018
статьисообществофорумсправкасвежие -0,009950 -0,000018
статьяобсуждение -0,009950 -0,000018
статьятекущие -0,009950 -0,000018
степень 0,673345 0,001194
стиль 0,673345 0,001194
страница -0,009950 -0,000071
страницасодержаниеизбранные -0,009950 -0,000018
страницецитировать -0,009950 -0,000018
страницуполучить -0,009950 -0,000018
страницыслужебные -0,009950 -0,000018
счет 0,562119 0,000997
сюдасвязанные -0,009950 -0,000018
такой 0,162519 0,000864
текст -0,009950 -0,000018
термин 0,198451 0,000352
тестирование 2,040221 0,003617
течь 0,274437 0,000487
типовой 2,120264 0,003759
товарный -0,009950 -0,000018
традиционный 0,941609 0,001670
требование 0,967584 0,001716
требовать 0,562119 0,000997
требоваться 1,386294 0,002458
тяжеловесный 3,506558 0,006217
увеличение 0,733969 0,001301
указание -0,009950 -0,000018
указать 0,083382 0,000148
уменьшение 1,469676 0,002606
унаследовать 3,218876 0,005707
упоминаться 1,203973 0,002135
управление 0,248461 0,000881
управляться 2,407946 0,004269
условие -0,009950 -0,000053
участие -0,009950 -0,000018
участник 0,510826 0,000906
учетный -0,009950 -0,000018
фактически 0,916291 0,003249
февраль 0,051293 0,000091
философия 2,040221 0,007235
фонд -0,009950 -0,000018
формат 0,843970 0,002993
формирование 0,597837 0,001060
фреймворков 3,218876 0,005707
функция 0,693147 0,009832
характерный 0,693147 0,001229
целик 1,897120 0,006727
часто 0,415515 0,000737
читатьтекущая 1,237874 0,002195
что-то 2,525729 0,004478
экономичный 3,506558 0,006217
экспорт -0,009950 -0,000018
элемент 0,544727 0,000966
элементарный 2,407946 0,012808
энциклопедия -0,009950 -0,000018
эффективность 1,347074 0,002388
являться 0,040822 0,000072
язык -0,009950 -0,000053
январь 0,105361 0,000187
