августа 0,072571 0,000129
автоматизацию 3,506558 0,012435
авторства -0,009950 -0,000018
акцент 2,659260 0,004715
англ 0,174353 0,001237
архивировано 0,020203 0,000143
архитекторов 2,525729 0,004478
архитектура 0,755023 0,012048
архитектурах 3,506558 0,006217
архитектуре 1,609438 0,005707
архитектуры 0,755023 0,004016
атомизации 3,912023 0,006936
балансировку 3,912023 0,006936
вариант 1,386294 0,002458
вариантах 3,218876 0,005707
ведущих 1,386294 0,002458
венеции 2,995732 0,005312
версии 0,446287 0,000791
версия -0,009950 -0,000053
версияправитьправить 1,237874 0,002195
взаимодействие 1,897120 0,010091
взаимодействия 1,660731 0,002945
взаимодействовать 2,525729 0,004478
взаимодействующие 3,912023 0,006936
взаимодействующих 3,912023 0,006936
викиданных -0,009950 -0,000018
викимедиа -0,009950 -0,000018
википедии -0,009950 -0,000035
википедия -0,009950 -0,000035
виртуализации 2,995732 0,005312
включать 1,897120 0,003364
включение 2,207275 0,003914
внедрении 3,218876 0,011414
внешним 2,525729 0,004478
возможно 0,867501 0,001538
возможности 0,891598 0,003162
возникают 1,714798 0,003040
вокруг 0,693147 0,001229
волшебные 0,040822 0,000072
время 0,030459 0,000108
выполнения 1,560648 0,005534
выполняет 1,832581 0,003249
выполняться 2,813411 0,004988
выполняющих 3,506558 0,012435
выпускаются 2,302585 0,004083
выстраиваются 3,912023 0,006936
гибкой 3,506558 0,006217
года -0,009950 -0,000123
годов 0,356675 0,001265
году 0,072571 0,000257
годы 0,356675 0,000632
гранулярном 3,912023 0,006936
гранулярности 3,912023 0,006936
группу 1,897120 0,003364
дата 0,030459 0,000216
действовать -0,009950 -0,000018
делать 1,832581 0,006499
добавлять 2,659260 0,004715
докладывали 3,912023 0,006936
должна 0,544727 0,001932
дополнительные -0,009950 -0,000018
достаточно 0,820981 0,002911
доступен -0,009950 -0,000018
доступную 3,506558 0,006217
другим 0,733969 0,001301
другими 0,616186 0,001093
других -0,009950 -0,000035
единственной 2,040221 0,003617
ежегодному 3,506558 0,006217
зависимости 0,798508 0,001416
заглавная -0,009950 -0,000018
задержки 2,813411 0,004988
заменить 0,562119 0,000997
заменяют 3,912023 0,006936
записьвойти -0,009950 -0,000018
зарегистрированный -0,009950 -0,000018
зацепления 3,912023 0,006936
зачастую 1,771957 0,003142
заявление -0,009950 -0,000018
заявляли 3,218876 0,005707
знак -0,009950 -0,000018
значительно 0,510826 0,000906
иерархическая 3,218876 0,005707
издательствах 3,912023 0,006936
излагающих 3,912023 0,006936
изменения 0,562119 0,000997
изменяемых 3,912023 0,006936
изменять 2,995732 0,005312
изолируется 3,912023 0,006936
инструменты -0,009950 -0,000035
интеграции 2,207275 0,003914
исключение 2,525729 0,004478
исполнения 1,469676 0,002606
использованием 1,347074 0,007165
использования -0,009950 -0,000018
использующие 0,040822 0,000072
история 0,051293 0,000182
источник -0,009950 -0,000018
июля 0,116534 0,000207
июня 0,116534 0,000826
каждая 1,560648 0,002767
каждого 1,427116 0,002530
каждой 1,966113 0,006972
каждый 0,733969 0,001301
категории -0,009950 -0,000018
категория 0,916291 0,001625
книги 0,916291 0,001625
код -0,009950 -0,000088
кода 0,798508 0,001416
кодекс -0,009950 -0,000018
кодистория 0,116534 0,000207
коммуникационных 3,506558 0,006217
компаний 0,967584 0,001716
компонентов 1,660731 0,002945
конкретной 2,407946 0,004269
контейнер 3,218876 0,005707
контейнеризации 2,995732 0,005312
контейнеризованными 3,912023 0,006936
контейнеров 2,525729 0,004478
контур 2,659260 0,004715
конференции 1,139434 0,002020
конференций 2,813411 0,004988
конфиденциальности -0,009950 -0,000018
концепции 1,347074 0,002388
копирует 3,912023 0,006936
короткий -0,009950 -0,000018
которая 0,287682 0,000510
которой 0,174353 0,000618
которые 0,162519 0,000288
кракове 3,506558 0,006217
критика 2,120264 0,007519
критике 2,525729 0,004478
куки -0,009950 -0,000018
культуру 2,120264 0,007519
легко 1,966113 0,006972
литература 0,061875 0,000219
лицензии -0,009950 -0,000018
локально 3,506558 0,006217
любое 2,120264 0,007519
марта 0,139262 0,000494
материал -0,009950 -0,000018
микросервис 3,912023 0,006936
микросервисам 3,912023 0,013872
микросервисами 3,912023 0,006936
микросервисах 3,912023 0,006936
микросервисная 3,912023 0,034681
микросервисной 3,912023 0,020809
микросервисный 3,912023 0,006936
микросервисов 3,912023 0,062426
микросервисы 3,912023 0,020809
минимальны 3,218876 0,005707
мобильная -0,009950 -0,000018
могут -0,009950 -0,000053
модулей 2,525729 0,013435
модули 2,525729 0,017913
модулях 3,506558 0,006217
момента 1,469676 0,002606
навигации -0,009950 -0,000018
навигация -0,009950 -0,000035
нагрузки 2,207275 0,003914
надстройки 3,912023 0,006936
наиболее 0,139262 0,000247
наибольшей 2,120264 0,003759
накладывает 3,506558 0,006217
налагаются 3,912023 0,006936
нами -0,009950 -0,000018
направленный 2,813411 0,004988
например 0,328504 0,000582
насколько 2,525729 0,004478
нацелена 3,912023 0,006936
небольших 1,660731 0,002945
небольшую 2,659260 0,004715
нежели 3,218876 0,005707
независимость 2,207275 0,003914
некоммерческой -0,009950 -0,000018
необходимость 1,714798 0,003040
непрерывной 2,995732 0,005312
несколько 0,150823 0,000535
несмотря 0,755023 0,001339
ними 1,049822 0,001861
новых 0,430783 0,000764
нська 0,000000 0,000000
ньюмен 3,912023 0,006936
обеспечения 0,867501 0,004614
обеспеченияскрытые 3,912023 0,006936
обеспечивающее 2,995732 0,005312
обеспечивающей 3,506558 0,006217
обмена 1,560648 0,002767
обновления 1,514128 0,005369
обращения 0,030459 0,000216
обход 1,832581 0,003249
одно 0,693147 0,001229
одноранговые 3,912023 0,006936
одну 1,237874 0,002195
октября 0,083382 0,000296
операционных 2,525729 0,004478
описание -0,009950 -0,000018
опытными 1,714798 0,003040
организации -0,009950 -0,000018
организационную 3,506558 0,006217
организованы 2,040221 0,003617
оркестрации 3,912023 0,006936
основные 0,223144 0,000396
ответственности -0,009950 -0,000018
отдается 2,813411 0,004988
отдельный 1,832581 0,003249
отдельных -0,009950 -0,000018
отказ -0,009950 -0,000018
отказоустойчивость 3,912023 0,006936
отладки 2,995732 0,005312
отличаться 1,560648 0,002767
отмечаются 2,407946 0,004269
относительно 0,415515 0,000737
относят 1,609438 0,002854
отредактирована -0,009950 -0,000018
отсутствие 1,347074 0,002388
ошибкам 3,912023 0,006936
ошибкекак -0,009950 -0,000018
ошибок 2,120264 0,003759
пары 2,525729 0,004478
перейти -0,009950 -0,000035
персональные -0,009950 -0,000018
печати -0,009950 -0,000018
печать -0,009950 -0,000018
питер 1,966113 0,003486
поведения -0,009950 -0,000018
повышения 2,207275 0,003914
подвергается 2,659260 0,004715
подробнее -0,009950 -0,000018
подход 1,771957 0,003142
позволяет 0,755023 0,001339
поиск -0,009950 -0,000018
поиску -0,009950 -0,000018
пока 0,843970 0,001496
полагается 2,813411 0,004988
политика -0,009950 -0,000018
получивший 2,120264 0,003759
пользу 1,832581 0,003249
популярная 2,407946 0,004269
посвященных 1,966113 0,003486
поскольку 0,941609 0,001670
последний -0,009950 -0,000018
постоянно 1,108663 0,001966
потенциальным 3,218876 0,005707
потребителям 2,995732 0,005312
появился 0,693147 0,001229
появление 1,469676 0,002606
правило 0,891598 0,001581
править -0,009950 -0,000212
правки 2,207275 0,003914
правкиновые -0,009950 -0,000018
правкипостоянная -0,009950 -0,000018
практик 3,506558 0,006217
практикой 3,218876 0,005707
предназначаются 3,912023 0,006936
представились -0,009950 -0,000018
предусматривать 2,995732 0,005312
прежних 2,659260 0,004715
приводит 1,171183 0,002077
приложениями 2,813411 0,004988
примечания -0,009950 -0,000035
приоритет 2,813411 0,004988
проблем 0,798508 0,001416
проверенной 1,771957 0,003142
проверки 0,994252 0,001763
проверялась 1,771957 0,003142
проводится 1,108663 0,001966
программа 0,994252 0,001763
программами 2,659260 0,004715
программирования 1,714798 0,003040
программного 1,660731 0,011778
программными 2,813411 0,004988
программных 2,525729 0,004478
проектах -0,009950 -0,000018
проектирования 2,525729 0,004478
просмотры -0,009950 -0,000018
простоту 3,506558 0,006217
простыми 3,218876 0,005707
протоколов 2,207275 0,003914
протоколы 2,207275 0,003914
проще 2,659260 0,004715
публикаций 2,407946 0,004269
развертывания 2,659260 0,009430
развитием 1,171183 0,002077
различных 0,385662 0,002735
разработки 1,203973 0,006404
разработок 2,407946 0,004269
разработчики -0,009950 -0,000018
рамках 0,544727 0,000966
распространение 1,237874 0,002195
реализованы 2,407946 0,004269
регулярно 1,272966 0,002257
регулярных 2,120264 0,003759
русский -0,009950 -0,000018
ряд 0,385662 0,000684
сами 1,560648 0,002767
самого 0,891598 0,001581
свободной -0,009950 -0,000018
свойства 1,660731 0,008834
свяжитесь -0,009950 -0,000018
связанных 1,171183 0,002077
связи 0,235722 0,000836
связности 3,506558 0,006217
связующего 3,912023 0,006936
семинару 3,912023 0,006936
сервис-ориентированной 3,912023 0,013872
середине 0,562119 0,000997
середины 0,967584 0,001716
сетевые 1,832581 0,003249
сетевых 2,302585 0,004083
сети 0,494296 0,001753
симметричная 3,506558 0,006217
систем 0,798508 0,001416
системами 1,832581 0,003249
системе 0,733969 0,001301
системеобсуждениевкладсоздать -0,009950 -0,000018
системы 0,342490 0,001822
скачать -0,009950 -0,000018
слабо 1,966113 0,003486
сложностям 3,912023 0,006936
сложными 3,218876 0,005707
случае 0,843970 0,001496
случаях -0,009950 -0,000018
собственных 1,771957 0,003142
событияпожертвовать -0,009950 -0,000018
согласно 0,301105 0,000534
согласования 2,659260 0,004715
содержание 0,010050 0,000018
создание 0,733969 0,001301
сообщений 2,120264 0,003759
сообщить -0,009950 -0,000018
сохранением -0,009950 -0,000018
спб 0,385662 0,000684
специалисты 1,714798 0,003040
среда 1,386294 0,002458
средах 2,659260 0,004715
среди 0,198451 0,000352
средой 2,813411 0,004988
средств 0,597837 0,001060
средствами 1,771957 0,003142
среды 0,755023 0,001339
српски 0,000000 0,000000
ссылкасведения -0,009950 -0,000018
ссылки -0,009950 -0,000053
стандартизации 2,525729 0,008956
стандартизованные 3,912023 0,006936
статистика -0,009950 -0,000018
статьислучайная -0,009950 -0,000018
статьисообществофорумсправкасвежие -0,009950 -0,000018
статьяобсуждение -0,009950 -0,000018
статьятекущие -0,009950 -0,000018
степени 0,843970 0,001496
стиле 0,994252 0,001763
страница -0,009950 -0,000018
страницасодержаниеизбранные -0,009950 -0,000018
страницецитировать -0,009950 -0,000018
страницуполучить -0,009950 -0,000018
страницы -0,009950 -0,000053
страницыслужебные -0,009950 -0,000018
счет 0,673345 0,001194
сюдасвязанные -0,009950 -0,000018
также 0,000000 0,000000
такие 0,261365 0,000927
таких 0,510826 0,000906
текст -0,009950 -0,000018
текущая 1,609438 0,002854
термин 1,049822 0,001861
тестирования 2,525729 0,004478
типовой 2,813411 0,004988
товарный -0,009950 -0,000018
традиционных 2,302585 0,004083
требование 2,659260 0,004715
требуется 1,714798 0,003040
требуют 1,609438 0,002854
тяжеловесные 3,912023 0,006936
увеличение 1,347074 0,002388
указан 0,139262 0,000247
указанием -0,009950 -0,000018
укра 0,000000 0,000000
уменьшение 2,120264 0,003759
унаследованного 3,912023 0,006936
упоминался 3,218876 0,005707
управлением 1,427116 0,002530
управления 0,415515 0,000737
управляется 3,218876 0,005707
условий -0,009950 -0,000018
условия -0,009950 -0,000035
участие -0,009950 -0,000018
участниками 1,309333 0,002322
учетную -0,009950 -0,000018
фактически 0,916291 0,003249
февраля 0,051293 0,000091
философию 3,218876 0,005707
философия 2,120264 0,003759
фонд -0,009950 -0,000018
форматов 2,525729 0,004478
форматы 2,407946 0,004269
формирования 1,108663 0,001966
фреймворков 3,218876 0,005707
функции 1,049822 0,009307
функций 1,660731 0,005889
функцию 2,407946 0,004269
характерные 2,120264 0,003759
целиком 1,897120 0,006727
часто 0,415515 0,000737
читатьтекущая 1,237874 0,002195
что-то 2,659260 0,004715
экономичных 3,912023 0,006936
экспорт -0,009950 -0,000018
элемент 1,897120 0,003364
элементарную 3,506558 0,006217
элементарны 3,912023 0,006936
элементарные 2,995732 0,005312
энциклопедии -0,009950 -0,000018
эта 0,000000 0,000000
этим 0,693147 0,001229
это 0,000000 0,000000
эффективности 1,609438 0,002854
является 0,094311 0,000167
язык 0,116534 0,000207
языках -0,009950 -0,000018
языков 1,203973 0,002135
января 0,116534 0,000207
