август 0,072571 0,000360
авторство -0,009950 -0,000025
адрес 1,078810 0,005354
алфавит 2,302585 0,005714
англ 0,174353 0,001731
андрей 0,967584 0,004802
аппаратная 2,659260 0,013197
аппаратный 2,813411 0,020944
архивировать 0,020203 0,000100
архивный 0,248461 0,001233
баз 0,371064 0,000921
большинство 0,342490 0,000850
брандмауэр 3,506558 0,008701
вариант 0,634878 0,001575
ввод-вывод 3,506558 0,008701
версия -0,009950 -0,000099
викиданных -0,009950 -0,000025
викимедиа -0,009950 -0,000025
викиновостиэлемент 3,912023 0,009707
википедии -0,009950 -0,000049
википедия -0,009950 -0,000074
виртуализации 2,995732 0,029734
виртуализация 3,218876 0,039936
виртуализацияпрограммы 3,912023 0,009707
виртуализирована 3,912023 0,009707
виртуализована 3,912023 0,009707
виртуальный 1,139434 0,008482
вместо 0,798508 0,001981
воздействовать 3,506558 0,008701
встроить 1,897120 0,004707
выполнять 0,867501 0,002153
выпуск 0,693147 0,001720
год -0,009950 -0,000074
годавикипедия 0,616186 0,001529
гостевой 2,659260 0,006599
далее 0,693147 0,003440
дата 0,030459 0,000076
дать 0,072571 0,000180
действовать -0,009950 -0,000025
день 0,210721 0,000523
должный 0,356675 0,001770
дополнительный -0,009950 -0,000049
достигаться 2,207275 0,005477
доступный -0,009950 -0,000049
дробно -0,009950 -0,000025
друг 0,916291 0,004547
другой -0,009950 -0,000049
живой 1,386294 0,003440
зависимость 0,713350 0,001770
заглавный -0,009950 -0,000025
записьвойти -0,009950 -0,000025
запуск 1,347074 0,003343
запустить 0,755023 0,003747
зарегистрировать -0,009950 -0,000025
заявление -0,009950 -0,000025
знак -0,009950 -0,000025
зона 0,400478 0,000994
зонный 3,912023 0,009707
зрение 1,203973 0,002988
идентичный 3,218876 0,007987
изолированность 3,912023 0,009707
изолировать 2,120264 0,026306
изоляция 2,995732 0,044601
иметь 0,094311 0,000702
инструмент -0,009950 -0,000049
информация 0,162519 0,000403
использование -0,009950 -0,000025
использовать 0,020203 0,000050
источник -0,009950 -0,000025
июль 0,116534 0,000289
июнь 0,116534 0,000578
каждый 0,261365 0,001297
категория -0,009950 -0,000049
квота 3,218876 0,015975
код -0,009950 -0,000074
кодекс -0,009950 -0,000025
кодистория 0,116534 0,000289
колесов 2,995732 0,014867
конкретный 1,171183 0,002906
контейнер 2,040221 0,040501
контейнеризациискрытые 3,912023 0,009707
контейнеризация 2,995732 0,037168
контейнерный 2,407946 0,005975
конфиденциальность -0,009950 -0,000025
копие 0,223144 0,001661
короткий -0,009950 -0,000025
который 0,000000 0,000000
куки -0,009950 -0,000025
лимит 2,995732 0,014867
лицензия -0,009950 -0,000074
март 0,116534 0,000289
материал -0,009950 -0,000025
метод 1,049822 0,002605
механизм 1,347074 0,006685
миграция 1,309333 0,006498
минимальный 1,347074 0,003343
мобильный -0,009950 -0,000025
мочь -0,009950 -0,000074
навигация -0,009950 -0,000074
называть 0,174353 0,000433
накладная 3,912023 0,009707
недостаток 0,579818 0,001439
недоступный 0,446287 0,001107
некоммерческий -0,009950 -0,000025
некоторые 0,127833 0,000317
нерабочий 0,994252 0,002467
несколько 0,116534 0,000289
обеспечивать 0,415515 0,001031
обновить 1,203973 0,002988
обновление 1,203973 0,002988
обновлениявикипедия 1,771957 0,004397
оборудование 0,653926 0,001623
обращение 0,030459 0,000076
общее 0,301105 0,000747
обычно 0,693147 0,001720
один 0,051293 0,000127
окружение 2,207275 0,010954
операционная 1,897120 0,061197
описание -0,009950 -0,000025
организация -0,009950 -0,000025
оригинал 0,139262 0,000346
ориентировать 1,660731 0,004121
особенность 0,693147 0,001720
ответственность -0,009950 -0,000025
отдельный -0,009950 -0,000074
отказ -0,009950 -0,000025
отличие 0,798508 0,001981
отредактировать -0,009950 -0,000025
отсутствовать 0,776529 0,001927
ошибкекак -0,009950 -0,000025
память 0,820981 0,002037
перейти -0,009950 -0,000049
персональный -0,009950 -0,000025
печать -0,009950 -0,000049
поведение -0,009950 -0,000025
поддерживать 0,994252 0,002467
поддерживаться 1,660731 0,004121
подобный 0,994252 0,002467
подход 0,994252 0,004934
поиск -0,009950 -0,000049
политик -0,009950 -0,000025
полноценный 1,771957 0,008794
полный 0,328504 0,000815
пользователь 1,427116 0,003541
помочь 1,171183 0,002906
последний -0,009950 -0,000025
похожий 1,897120 0,004707
поэтому 0,616186 0,001529
править -0,009950 -0,000198
правкиновые -0,009950 -0,000025
правкипостоянная -0,009950 -0,000025
практически 0,755023 0,001874
представиться -0,009950 -0,000025
приложение 0,733969 0,001821
примечание -0,009950 -0,000025
приписываться 2,525729 0,006267
программа 0,415515 0,001031
проект -0,009950 -0,000049
проприетарное 3,218876 0,023962
просмотр -0,009950 -0,000025
пространство 0,634878 0,003151
процесс 0,415515 0,001031
раздел 0,342490 0,000850
разный 0,314711 0,000781
разработчик -0,009950 -0,000025
расход 1,347074 0,003343
реализация 0,798508 0,005944
реализовать 0,673345 0,005012
ресурсный 2,525729 0,006267
русский -0,009950 -0,000025
свободный -0,009950 -0,000025
свой 0,150823 0,000749
связаться -0,009950 -0,000025
сентябрь 0,072571 0,000180
сервис 1,108663 0,002751
сеть 0,356675 0,007080
система 0,051293 0,001782
системеобсуждениевкладсоздать -0,009950 -0,000025
скачать -0,009950 -0,000025
случай -0,009950 -0,000025
событияпожертвовать -0,009950 -0,000025
создание 0,301105 0,000747
сообщить -0,009950 -0,000025
сохранение -0,009950 -0,000025
спектр 1,609438 0,003994
среда 0,385662 0,001914
ссылка -0,009950 -0,000123
ссылкасведения -0,009950 -0,000025
статистик -0,009950 -0,000025
статьислучайная -0,009950 -0,000025
статьисообществофорумсправкасвежие -0,009950 -0,000025
статья 0,020203 0,000251
статьяобсуждение -0,009950 -0,000025
статьятекущие -0,009950 -0,000025
страница -0,009950 -0,000049
страницасодержаниеизбранные -0,009950 -0,000025
страницецитировать -0,009950 -0,000025
страницуполучить -0,009950 -0,000025
страницыслужебные -0,009950 -0,000025
существовать 0,020203 0,000050
сюдасвязанные -0,009950 -0,000025
текст -0,009950 -0,000025
технологический 1,272966 0,006317
технология 0,400478 0,000994
товарный -0,009950 -0,000025
точка 0,478036 0,001186
убрать 1,609438 0,003994
узел 0,527633 0,001309
указание -0,009950 -0,000025
улучшить 1,049822 0,002605
уровень 0,150823 0,001123
условие -0,009950 -0,000074
устареть 0,941609 0,002336
участие -0,009950 -0,000025
учетный -0,009950 -0,000025
файловый 2,207275 0,005477
файрвол 3,912023 0,009707
февраль 0,051293 0,000127
фокусироваться 3,506558 0,008701
фонд -0,009950 -0,000025
характерный 0,693147 0,001720
холодная 1,139434 0,002827
хостовой 3,912023 0,009707
хранение 1,309333 0,003249
цпу 3,912023 0,009707
частично 0,653926 0,003245
читатьправитьправить 0,494296 0,001227
шаблон 0,462035 0,002293
широкий 0,494296 0,001227
экземпляр 1,237874 0,018430
экспорт -0,009950 -0,000025
эмулируется 3,912023 0,009707
эмуляция 3,218876 0,007987
энциклопедия -0,009950 -0,000025
ядро 1,171183 0,014531
язык -0,009950 -0,000025
январь 0,105361 0,000261
