абстракцию 3,506558 0,002255
августа 0,072571 0,000140
автоматизации 2,207275 0,001419
автоматически 2,120264 0,001364
авторства -0,009950 -0,000006
агент 3,912023 0,002516
адрес 1,609438 0,003105
адреса 1,897120 0,001220
аллюзия 3,912023 0,002516
алфавитупро 1,771957 0,001140
алфавитупрограммное 2,813411 0,001809
альтернативные 2,302585 0,001481
альтернативы 3,506558 0,002255
аналог 2,120264 0,001364
аналогии 2,407946 0,001549
англ 0,174353 0,002130
антиаффинитета 3,912023 0,002516
аппаратной 2,995732 0,001927
апреля 0,174353 0,000336
архивировано 0,020203 0,000338
архивная 0,400478 0,000258
архитектура 0,755023 0,001457
архитектуру 2,995732 0,001927
архитектуры 0,755023 0,000486
аффинитета 3,912023 0,002516
базовая 2,995732 0,001927
балансировка 3,912023 0,002516
балансировки 3,912023 0,002516
балансировщика 3,912023 0,002516
беда 3,506558 0,002255
бернс 3,912023 0,002516
библиографических 0,094311 0,000061
библиотеки 0,843970 0,000543
блокли 3,912023 0,002516
богаче 2,995732 0,001927
боргов 3,912023 0,002516
брайан 3,218876 0,002070
брендан 3,506558 0,002255
букв 2,407946 0,001549
български 0,000000 0,000000
бэкенда 3,912023 0,002516
вариант 1,386294 0,000892
вводит 2,813411 0,001809
ведомый 3,506558 0,002255
ведомыми 3,912023 0,002516
ведущий 2,120264 0,001364
ведущих 1,386294 0,000892
версией 2,813411 0,003619
версии 0,446287 0,000287
версий 1,347074 0,000866
версия -0,009950 -0,000032
взаимодействие 1,897120 0,001220
взаимодействует 2,995732 0,001927
взаимодействуют 2,813411 0,001809
вид 0,494296 0,000318
вида 1,386294 0,000892
виде 0,235722 0,000152
викиданных -0,009950 -0,000013
викиданныхпро 2,659260 0,001710
викимедиа -0,009950 -0,000006
википедии -0,009950 -0,000013
википедия -0,009950 -0,000032
викискладе 0,174353 0,000112
викискладмедиавикиэлемент 3,506558 0,002255
виртуализации 2,995732 0,001927
виртуальная 1,897120 0,001220
виртуальных 2,995732 0,001927
вклада 3,506558 0,002255
включают 1,609438 0,001035
включая 0,527633 0,000339
включения 1,771957 0,001140
включила 2,813411 0,005428
вместо 0,798508 0,000514
внешнего 2,302585 0,002962
внешние 0,051293 0,000033
внутреннего 2,120264 0,002727
внутренней 2,040221 0,002624
внутренних 1,237874 0,000796
внутреннюю 2,995732 0,001927
внутри 0,000000 0,000000
возвращенной 3,912023 0,002516
возможна 3,218876 0,002070
возможность 0,616186 0,000793
возникающих 2,813411 0,001809
волшебные 0,040822 0,000026
восемь 1,660731 0,001068
впоследствии 0,653926 0,000421
время 0,030459 0,000020
входа 1,832581 0,001179
входящего 3,506558 0,004510
входящие 2,302585 0,001481
входящим 3,218876 0,004140
вхождения 2,995732 0,001927
выбирает 2,995732 0,001927
выбрать 2,659260 0,001710
выделяется 1,832581 0,001179
выполнение 2,040221 0,001312
выполнения 1,560648 0,003011
выполнениями 3,912023 0,002516
выполняемые 3,218876 0,002070
выполняемыми 3,912023 0,002516
выполняется 2,207275 0,001419
выполняться 2,813411 0,003619
выполняются 1,660731 0,002136
выполняющий 3,912023 0,002516
выпуска 1,714798 0,001103
выпущена 1,609438 0,001035
высоким 1,514128 0,000974
высокой 1,272966 0,000819
выходит 1,427116 0,000918
вычислительными 3,506558 0,002255
вышел 1,469676 0,000945
гарантирован 3,912023 0,002516
героине 3,506558 0,002255
главный 0,916291 0,000589
года -0,009950 -0,000186
годов 0,356675 0,000229
годупрограммы 3,506558 0,002255
годустраницы 3,912023 0,002516
грант 3,506558 0,002255
греч 1,427116 0,000918
группируются 3,912023 0,002516
дальнейшем 1,309333 0,000842
данных 0,616186 0,000793
дата 0,030459 0,000529
движка 3,506558 0,004510
де-факто 2,302585 0,001481
действии 3,218876 0,002070
действовать -0,009950 -0,000006
декабря 0,105361 0,000339
декларативного 3,912023 0,002516
делает 1,771957 0,001140
деятельности 0,446287 0,000287
джо 3,506558 0,002255
диагностических 3,506558 0,002255
динамически 3,218876 0,002070
дистрибутив 3,218876 0,004140
дистрибутива 3,218876 0,002070
дистрибутивом 3,506558 0,002255
дмк 3,218876 0,002070
доклад 1,514128 0,000974
должен 1,078810 0,001388
должным 3,912023 0,002516
доменное 3,218876 0,002070
дополнительные -0,009950 -0,000006
дополнительных 2,040221 0,001312
доступа 1,309333 0,002526
доступен -0,009950 -0,000013
доступности 1,714798 0,002206
доступны 2,302585 0,001481
доступный 2,659260 0,001710
доступных 2,407946 0,001549
друг 1,108663 0,000713
другие 0,030459 0,000078
других -0,009950 -0,000019
другом 1,514128 0,001947
дружественное 3,912023 0,002516
единица 1,609438 0,001035
единому 2,813411 0,001809
желаемому 3,912023 0,002516
завершения 2,120264 0,001364
зависимости 0,798508 0,001027
заглавная -0,009950 -0,000006
загрузкой 3,912023 0,002516
задания 2,525729 0,001624
заменил 2,995732 0,001927
записьвойти -0,009950 -0,000006
запрашиваемой 3,912023 0,002516
запроса 2,407946 0,001549
запросов 2,407946 0,001549
запросу 3,506558 0,002255
запросы 1,897120 0,001220
запуск 2,120264 0,005454
запуска 1,832581 0,007071
запуская 3,912023 0,002516
зарегистрированный -0,009950 -0,000006
заявление -0,009950 -0,000006
знак -0,009950 -0,000006
значение 0,314711 0,000202
зрения 1,272966 0,000819
идеологию 3,506558 0,002255
известный 0,941609 0,000606
извне 3,218876 0,002070
изучения 1,272966 0,000819
иинструменты 3,912023 0,002516
ими 1,272966 0,001637
имя 0,891598 0,000573
индивидуальное 3,218876 0,002070
индивидуальными 3,912023 0,002516
инкапсулируются 3,912023 0,002516
инструментов 1,771957 0,002279
инструменты -0,009950 -0,000013
интеграции 2,207275 0,001419
интернет-проектов 3,912023 0,002516
интерфейс 2,120264 0,001364
информацией 1,714798 0,001103
информацию 1,237874 0,000796
инфраструктура 1,347074 0,000866
иные 1,714798 0,001103
иными 2,525729 0,001624
использовала 2,659260 0,003420
использование 0,891598 0,000573
использованием 1,347074 0,001733
использовании 1,560648 0,001004
использования -0,009950 -0,000019
использовать 1,171183 0,002260
используемого 3,218876 0,002070
используемый 2,407946 0,001549
используемых 2,040221 0,001312
используется 0,616186 0,000793
используют 1,309333 0,000842
используются 0,916291 0,000589
использующие 0,040822 0,000026
история 0,051293 0,000066
источник -0,009950 -0,000006
источниками 0,776529 0,000499
исходные 2,995732 0,001927
исходя 2,207275 0,001419
июля 0,116534 0,000450
июня 0,116534 0,000300
каждой 1,966113 0,001264
каждом 1,660731 0,002136
каждому 1,966113 0,001264
каждые 1,832581 0,001179
каждый 0,733969 0,001416
какой-то 2,407946 0,003097
каком 2,659260 0,001710
каталог 1,609438 0,001035
каталога 3,912023 0,002516
каталогах 0,094311 0,000061
категории -0,009950 -0,000013
качестве 0,478036 0,000615
кибернетического 3,912023 0,002516
класса 1,203973 0,000774
кластер 2,525729 0,003249
кластера 3,218876 0,014490
кластерами 3,912023 0,002516
кластере 3,506558 0,009020
кластеров 3,506558 0,002255
кластером 3,912023 0,005032
клиентам 3,218876 0,002070
ключ 1,660731 0,001068
ключевой 2,813411 0,001809
ключевых 2,207275 0,001419
код -0,009950 -0,000064
кодекс -0,009950 -0,000006
кодистория 0,116534 0,000075
коды 2,120264 0,001364
кокон 3,912023 0,002516
количество 0,328504 0,000211
коллеги 3,506558 0,002255
коллектива 2,813411 0,001809
командной 2,525729 0,001624
командой 2,407946 0,001549
комбинацией 3,912023 0,002516
коммерческой 2,207275 0,001419
коммуникации 2,302585 0,001481
коммуникацию 3,506558 0,002255
компанией 1,514128 0,001947
компании 0,579818 0,000373
компонент 2,659260 0,008551
компонентами 2,659260 0,001710
компонентов 1,660731 0,002136
компонентом 2,995732 0,001927
компоненты 1,609438 0,006210
компьютере 2,120264 0,001364
конвертации 3,218876 0,002070
конкретные 2,525729 0,001624
конкретный 2,659260 0,003420
конкуренция 3,506558 0,004510
контейнерами 2,995732 0,009633
контейнерах 3,218876 0,002070
контейнеризации 2,995732 0,003853
контейнеризациипрограммное 3,506558 0,002255
контейнеризационных 3,912023 0,002516
контейнеризацию 3,912023 0,002516
контейнеризированных 3,912023 0,005032
контейнерного 3,506558 0,002255
контейнеров 2,525729 0,009746
контейнеры 2,813411 0,010856
контроллер 3,912023 0,005032
контроллера 3,912023 0,002516
контроллеров 3,912023 0,007547
контроллером 3,912023 0,002516
контроллеру 3,912023 0,002516
контроллеры 3,912023 0,007547
конфигурации 3,506558 0,002255
конфигурационное 0,000000 0,000000
конфигурационных 3,912023 0,002516
конфигурация 3,218876 0,002070
конфиденциальности -0,009950 -0,000006
конфликта 2,120264 0,001364
концепции 1,347074 0,001733
концепций 2,995732 0,001927
концу 0,994252 0,000639
координации 2,407946 0,001549
копий 2,813411 0,001809
копия 0,328504 0,000211
кормчий 3,912023 0,002516
короткий -0,009950 -0,000006
корпорация 2,040221 0,002624
корректная 3,912023 0,002516
корректно 2,659260 0,001710
которой 0,174353 0,000112
котором 0,301105 0,000194
которому 0,843970 0,000543
которые 0,162519 0,000209
который 0,105361 0,000407
которым 0,798508 0,001027
которыми 1,469676 0,000945
критерии 2,813411 0,001809
крупнейших 0,634878 0,000408
крупных 0,494296 0,000318
крэйг 3,912023 0,002516
куки -0,009950 -0,000006
кэширования 3,218876 0,002070
легковесная 3,912023 0,002516
литература 0,061875 0,000080
лицензией 2,659260 0,001710
лицензии -0,009950 -0,000006
лицензия 2,040221 0,001312
логически 2,813411 0,001809
логотипа 3,912023 0,002516
локализации 3,218876 0,002070
локальной 2,995732 0,003853
локальных 2,207275 0,001419
лукша 3,912023 0,002516
любых 2,120264 0,001364
людям 1,832581 0,001179
маклаки 3,912023 0,002516
манифестов 3,912023 0,002516
маршрутизации 3,506558 0,002255
маршрутизацию 3,912023 0,002516
маршрутизация 3,218876 0,002070
мастер-узел 3,912023 0,002516
масштабирование 3,912023 0,002516
масштабирования 3,506558 0,002255
материал -0,009950 -0,000006
машин 1,139434 0,001466
машина 2,040221 0,001312
машине 2,407946 0,003097
мая 0,139262 0,000269
медиафайлы 0,301105 0,000194
межпроцессное 3,912023 0,002516
менеджер 2,659260 0,003420
метками 3,912023 0,002516
метки 3,218876 0,006210
меток 3,218876 0,006210
метрики 3,912023 0,002516
механизм 1,660731 0,001068
мира 0,415515 0,000267
многие 0,356675 0,000459
многих 0,494296 0,000318
многоуровневой 3,912023 0,002516
мобильная -0,009950 -0,000006
могут -0,009950 -0,000019
модели 1,171183 0,000753
модуль 0,941609 0,000606
мониторинга 1,714798 0,002206
набор 1,469676 0,000945
наборов 3,912023 0,002516
набором 3,218876 0,002070
навигации -0,009950 -0,000006
навигация -0,009950 -0,000013
нагрузки 2,207275 0,008517
нагрузку 2,659260 0,001710
назначаемый 2,995732 0,001927
назначение 2,525729 0,001624
называемой 2,040221 0,001312
называемых 2,040221 0,001312
называют 0,916291 0,000589
наиболее 0,139262 0,000179
наименование 1,714798 0,001103
нами -0,009950 -0,000006
написана 2,207275 0,001419
написанное 2,995732 0,001927
например 0,328504 0,001268
напрямую 1,660731 0,001068
наряду 1,078810 0,000694
настроек 3,506558 0,002255
настроен 3,912023 0,002516
настройки 2,813411 0,001809
находится 0,328504 0,000211
находить 2,813411 0,001809
находясь 2,302585 0,001481
находящемся 3,912023 0,002516
нацеленный 3,912023 0,002516
начального 1,832581 0,001179
неверном 3,912023 0,002516
некоммерческой -0,009950 -0,000006
некотором 3,218876 0,002070
нем 0,356675 0,000459
необходимо 1,237874 0,000796
необходимые 2,407946 0,004646
нескольких 0,755023 0,000486
несколько 0,150823 0,000194
нечеловеческого 3,912023 0,002516
низкоуровневыми 3,912023 0,002516
новых 0,430783 0,000277
номера 1,609438 0,001035
ноября 0,127833 0,001398
нська 0,000000 0,000000
нужд 1,660731 0,001068
нумероним 3,912023 0,002516
нумеронимом 3,912023 0,002516
обеспечение 1,237874 0,007165
обеспечениеприложения 3,912023 0,002516
обеспечения 0,867501 0,003347
обеспечивает 1,108663 0,005704
обеспечивается 2,120264 0,005454
обеспечивающий 2,813411 0,001809
обеспечивающих 2,207275 0,001419
обеспечивая 2,813411 0,003619
обладает 1,171183 0,000753
обладать 3,506558 0,002255
облачных 2,659260 0,001710
облегченный 3,912023 0,002516
обнаружения 3,506558 0,002255
обнаруживает 3,506558 0,002255
обнаруживается 3,506558 0,002255
обновляет 3,506558 0,002255
обновляя 3,912023 0,002516
образ 1,771957 0,001140
образом 0,371064 0,000239
обращения 0,030459 0,000529
обслуживание 1,832581 0,002357
общий 0,916291 0,000589
объектов 0,527633 0,001018
объекты 0,478036 0,000615
объем 0,616186 0,000396
ограничениях 3,218876 0,002070
ограниченными 2,040221 0,001312
одного 0,544727 0,000350
одном 1,139434 0,001466
одному 1,514128 0,000974
октября 0,083382 0,000375
оперативной 2,525729 0,001624
операторов 1,347074 0,000866
операторы 1,514128 0,000974
операции 1,139434 0,001466
операционные 2,302585 0,002962
оперируя 3,912023 0,002516
опираясь 2,659260 0,001710
описание -0,009950 -0,000006
описаний 3,218876 0,002070
определения 1,560648 0,001004
определяемых 3,912023 0,002516
опубликованы 3,218876 0,002070
организации -0,009950 -0,000019
организаций 0,776529 0,000499
организовал 2,525729 0,001624
организованными 3,506558 0,002255
оригинала 0,162519 0,000105
оригинальная 3,506558 0,002255
оригинальное 3,218876 0,002070
оркестровки 3,506558 0,006765
основанного 2,207275 0,001419
основе 0,494296 0,000954
основного 1,897120 0,001220
основной 0,653926 0,000421
основную 1,832581 0,001179
основные 0,223144 0,000431
основой 1,237874 0,000796
оставшийся 3,912023 0,002516
остановку 2,813411 0,001809
осуществить 2,407946 0,001549
ответственности -0,009950 -0,000006
отвечает 2,302585 0,002962
отвечающий 3,912023 0,002516
отдельная 2,813411 0,001809
отдельных -0,009950 -0,000006
отказ -0,009950 -0,000006
открытое 1,714798 0,003308
отправляется 2,813411 0,001809
отредактирована -0,009950 -0,000006
отслеживает 3,506558 0,004510
отсутствия 1,714798 0,001103
отсылка 3,912023 0,002516
официальный 0,510826 0,000329
очередь 0,527633 0,000339
ошибкекак -0,009950 -0,000006
пакетного 3,912023 0,002516
пакетов 2,813411 0,001809
памяти 1,078810 0,000694
параллельно 1,237874 0,000796
партнерстве 2,525729 0,001624
первых 0,653926 0,000421
передала 3,218876 0,002070
передана 2,120264 0,001364
передано 2,407946 0,001549
перезапуск 3,912023 0,002516
перезапустить 3,912023 0,002516
перейти -0,009950 -0,000013
перемещены 3,912023 0,002516
переназначать 3,912023 0,002516
перенесена 2,813411 0,001809
переходе 2,659260 0,001710
персональные -0,009950 -0,000006
печати -0,009950 -0,000006
печать -0,009950 -0,000006
планировщик 2,995732 0,005780
планировщика 3,912023 0,002516
поведения -0,009950 -0,000006
поверх 2,407946 0,001549
повлиял 2,813411 0,001809
повторное 3,912023 0,002516
пода 3,912023 0,012579
подам 3,912023 0,005032
подами 3,912023 0,005032
подах 3,912023 0,002516
подготовленных 3,506558 0,002255
поддерживаемый 3,506558 0,002255
поддерживаемых 3,218876 0,002070
поддерживает 1,609438 0,001035
поддержка 1,832581 0,001179
поддержку 1,469676 0,001890
поде 3,912023 0,002516
подконтрольными 3,912023 0,002516
подмножеством 3,506558 0,002255
подобных 2,040221 0,001312
подов 3,912023 0,022642
подписивикипедия 3,506558 0,002255
подробнее -0,009950 -0,000006
подробности 2,813411 0,001809
подсистема 3,506558 0,009020
подсистему 3,506558 0,002255
подсистемы 3,912023 0,012579
подходе 2,659260 0,001710
поды 3,912023 0,017610
позволяет 0,755023 0,000971
позволяют 1,469676 0,000945
позволяя 2,407946 0,001549
поиск -0,009950 -0,000006
поиску -0,009950 -0,000006
политик 3,218876 0,002070
политика -0,009950 -0,000006
политиках 3,912023 0,002516
получается 2,659260 0,001710
получить 1,427116 0,000918
пользовательских 2,813411 0,001809
помечаются 3,912023 0,002516
помощью 0,634878 0,000408
понятий 2,407946 0,001549
порогом 3,912023 0,002516
порта 1,309333 0,000842
портов 2,120264 0,001364
последнее 1,347074 0,000866
последний -0,009950 -0,000006
последняя 0,342490 0,000441
поставщиков 2,813411 0,001809
править -0,009950 -0,000141
правка 0,328504 0,000211
правкиновые -0,009950 -0,000006
правкипостоянная -0,009950 -0,000006
превышала 2,995732 0,001927
пределах 0,510826 0,001314
предназначенная 2,995732 0,001927
предназначенные 2,995732 0,001927
предназначенный 2,995732 0,001927
предопределенные 3,912023 0,002516
предоставить 2,659260 0,001710
предоставления 2,120264 0,001364
предоставляет 1,347074 0,000866
предоставляется 2,659260 0,001710
предоставлять 2,813411 0,001809
предоставляются 3,218876 0,002070
предоставляющий 2,995732 0,001927
представились -0,009950 -0,000006
представлен 0,891598 0,000573
предусматривающих 3,506558 0,002255
пресс 2,407946 0,001549
привести 1,832581 0,001179
приложение 1,309333 0,000842
приложений 1,832581 0,009428
приложения 1,514128 0,000974
приложениям 3,506558 0,002255
приложениями 2,813411 0,003619
применяется 1,714798 0,001103
примечания -0,009950 -0,000013
принципами 3,218876 0,002070
приняли 1,347074 0,000866
присоединилась 3,218876 0,002070
присоединились 3,218876 0,002070
провайдеров 2,813411 0,001809
программирования 1,714798 0,002206
программисты 3,218876 0,002070
программного 1,660731 0,005340
программное 1,714798 0,008822
программной 2,995732 0,001927
программными 2,813411 0,001809
продукт 1,660731 0,001068
продуктах 3,506558 0,002255
продукте 3,218876 0,004140
продукты 1,832581 0,002357
проект 0,400478 0,000258
проекта 0,616186 0,001585
проектах -0,009950 -0,000006
проекту 1,049822 0,000675
прозрачным 3,912023 0,002516
производительности 2,207275 0,001419
происходит 0,634878 0,000408
прокси-сервера 3,912023 0,002516
просмотры -0,009950 -0,000006
процедура 2,525729 0,001624
процесс 1,108663 0,002139
процесса 1,714798 0,001103
процессов 1,347074 0,000866
процессора 2,813411 0,001809
прошлом 1,108663 0,000713
публично-облачных 3,912023 0,002516
пытается 2,813411 0,003619
пытаясь 3,218876 0,002070
работа 0,891598 0,000573
работает 0,755023 0,000971
работал 1,309333 0,000842
работающего 3,506558 0,002255
работающие 2,525729 0,001624
работающими 3,218876 0,002070
работающих 2,040221 0,001312
работы 0,314711 0,000607
рабочем 2,995732 0,003853
развернуты 2,995732 0,001927
развернутым 3,506558 0,002255
развернутых 3,506558 0,002255
развертывание 3,506558 0,009020
развертывания 2,659260 0,005130
развивается 1,609438 0,001035
развиваются 1,832581 0,001179
развязки 2,120264 0,001364
разделение 1,660731 0,001068
различным 1,469676 0,000945
различных 0,385662 0,000248
размещенные 3,506558 0,002255
разработана 2,659260 0,001710
разработанного 3,506558 0,004510
разработанное 2,813411 0,003619
разработка 1,347074 0,001733
разработки 1,203973 0,002323
разработкой 2,995732 0,001927
разработку 1,897120 0,001220
разработчика 3,912023 0,002516
разработчики -0,009950 -0,000019
разработчиков 2,302585 0,001481
разума 2,995732 0,001927
рамках 0,544727 0,000701
ранее 0,430783 0,000277
расположенного 1,832581 0,001179
распределение 1,560648 0,002007
распределением 3,218876 0,002070
распределенная 2,813411 0,001809
распределенный 3,506558 0,002255
распределяются 2,813411 0,001809
распространение 1,237874 0,001592
рассматривать 1,966113 0,001264
расширение 0,527633 0,000339
расширенной 2,995732 0,001927
реализовали 3,506558 0,002255
реализован 1,660731 0,001068
реализованные 3,506558 0,002255
реализует 2,659260 0,001710
режим 1,108663 0,000713
результате 0,342490 0,000220
репликации 3,218876 0,002070
репозиторий 2,995732 0,001927
ресурс 1,514128 0,000974
ресурсами 2,040221 0,002624
ресурсах 2,995732 0,001927
ресурсов 0,798508 0,002568
ресурсы 0,020203 0,000065
риска 2,813411 0,001809
роевого 3,912023 0,002516
роль 0,579818 0,000373
руководство 1,272966 0,000819
рулевой 3,912023 0,002516
русский -0,009950 -0,000006
русской 0,673345 0,000433
ручек 3,912023 0,002516
ряд 0,385662 0,001240
ряда 0,994252 0,000639
рядом 0,733969 0,000472
сайт 0,371064 0,000239
сайте 0,967584 0,000622
сайты 0,478036 0,000307
сами 1,560648 0,001004
самого 0,891598 0,000573
самостоятельно 2,120264 0,001364
самый 0,579818 0,000373
самым 0,653926 0,000421
саха 2,813411 0,001809
свободное 2,407946 0,003097
свободной -0,009950 -0,000006
свободных 2,040221 0,001312
свое 0,616186 0,000396
своей 0,776529 0,000999
своим 0,967584 0,000622
своих 0,776529 0,000499
свяжитесь -0,009950 -0,000006
связанное 1,897120 0,001220
связанных 1,171183 0,000753
связи 0,235722 0,000152
связки 3,912023 0,002516
секунд 3,218876 0,002070
селектора 3,506558 0,002255
селекторов 3,506558 0,002255
селекторы 3,506558 0,004510
семь 1,309333 0,000842
сентябре 0,994252 0,000639
сентября 0,072571 0,000467
сервер 2,120264 0,002727
сервером 2,525729 0,001624
сервис 2,207275 0,004258
сервиса 1,514128 0,001947
сервисах 3,506558 0,002255
сервисов 2,525729 0,004873
сервисом 3,218876 0,002070
сервису 3,506558 0,006765
сервисы 2,525729 0,003249
середине 0,562119 0,000361
сериала 2,659260 0,001710
сертификация 3,912023 0,002516
серьезно 1,897120 0,001220
сетевого 2,995732 0,003853
сетевую 3,912023 0,002516
сетях 1,139434 0,000733
систем 0,798508 0,001027
система 0,235722 0,000606
системах 1,771957 0,001140
системеобсуждениевкладсоздать -0,009950 -0,000006
систему 0,673345 0,000866
системы 0,342490 0,002423
скачать -0,009950 -0,000006
скрытые 3,218876 0,002070
скрыть 3,218876 0,002070
следует 0,755023 0,000486
словами 2,040221 0,001312
слове 2,813411 0,001809
слово 0,673345 0,000433
сложные 2,407946 0,001549
случае 0,843970 0,001085
случаях -0,009950 -0,000006
смысле 1,832581 0,001179
собирающий 3,506558 0,002255
собственно 1,386294 0,000892
событияпожертвовать -0,009950 -0,000006
совместимых 3,218876 0,002070
совместно 1,427116 0,000918
совместного 2,813411 0,001809
совокупность 1,660731 0,001068
согласованное 3,912023 0,002516
содержание 0,010050 0,000006
содержания 1,386294 0,000892
содержат 1,966113 0,001264
содержит 1,386294 0,001783
создавая 2,659260 0,001710
создан 0,693147 0,000446
созданных 2,659260 0,001710
сокращенной 2,995732 0,001927
сообщений 2,120264 0,002727
сообщить -0,009950 -0,000006
соответствии 0,446287 0,000287
соответствовать 2,407946 0,001549
соответствуют 2,302585 0,001481
соответствующего 2,040221 0,001312
соответствующей 2,120264 0,001364
соответствующие 1,560648 0,001004
соответствующий 2,207275 0,001419
состав 0,400478 0,001030
составе 0,616186 0,000396
состоит 0,755023 0,000486
состояние 0,733969 0,001416
состоянием 2,302585 0,001481
состоянии 1,309333 0,002526
состояния 1,203973 0,000774
сохранением -0,009950 -0,000006
сохраняющих 3,912023 0,002516
социальных 0,941609 0,000606
специализированная 2,525729 0,001624
специализированный 2,995732 0,001927
специальный 1,832581 0,001179
специфических 3,506558 0,002255
способом 1,771957 0,001140
сравнению 1,078810 0,000694
средах 2,659260 0,001710
среди 0,198451 0,000128
средств 0,597837 0,000769
среды 0,755023 0,000486
ссылка 0,274437 0,000176
ссылками 0,186330 0,000120
ссылкасведения -0,009950 -0,000006
ссылки -0,009950 -0,000038
ссылку 2,525729 0,001624
стал 0,314711 0,000202
стандартом 2,302585 0,001481
статистика -0,009950 -0,000006
статус 0,510826 0,000657
статуса 1,309333 0,000842
статьи 0,072571 0,000140
статьислучайная -0,009950 -0,000006
статьисообществофорумсправкасвежие -0,009950 -0,000006
статьяобсуждение -0,009950 -0,000006
статьятекущие -0,009950 -0,000006
стиле 0,994252 0,001279
стороны 0,430783 0,000277
страница -0,009950 -0,000006
страницасодержаниеизбранные -0,009950 -0,000006
страницецитировать -0,009950 -0,000006
страницуполучить -0,009950 -0,000006
страницы -0,009950 -0,000006
страницыслужебные -0,009950 -0,000006
строки 2,040221 0,001312
строя 2,995732 0,003853
стручок 3,912023 0,002516
субд 2,995732 0,003853
сути 2,120264 0,001364
существуют 0,162519 0,000105
считается 0,693147 0,000446
сюдасвязанные -0,009950 -0,000006
также 0,000000 0,000000
такие 0,261365 0,000168
таких 0,510826 0,000986
таком 1,660731 0,001068
текст -0,009950 -0,000006
тематические 0,510826 0,000329
технологии 0,798508 0,000514
технологий 0,653926 0,000421
технологического 2,813411 0,001809
технологию 2,302585 0,001481
тим 3,218876 0,002070
тип 0,356675 0,000229
типа 0,462035 0,000297
типов 1,386294 0,000892
типовых 2,525729 0,001624
товарный -0,009950 -0,000006
точки 1,049822 0,001350
транспорта 0,776529 0,000499
трафика 2,407946 0,001549
требования 1,832581 0,001179
требованиях 3,912023 0,002516
тыла 1,897120 0,001220
удаляя 3,912023 0,002516
узел 0,891598 0,002867
узла 1,966113 0,002529
узлами 2,813411 0,005428
узлах 2,813411 0,001809
узле 2,302585 0,008885
узлов 1,660731 0,006408
узлом 1,609438 0,001035
узлы 2,407946 0,003097
указан 0,139262 0,000090
указанием -0,009950 -0,000006
указанное 2,995732 0,001927
укра 0,000000 0,000000
умеет 3,912023 0,002516
умолчанию 2,525729 0,001624
уникальный 1,560648 0,001004
управление 0,527633 0,001357
управлением 1,427116 0,000918
управлениесвободное 3,912023 0,002516
управления 0,415515 0,005077
управляемого 3,506558 0,002255
управляемой 3,912023 0,002516
управляемые 3,506558 0,002255
управляемый 3,506558 0,002255
управляемых 2,995732 0,001927
управляет 2,525729 0,001624
управлять 2,040221 0,001312
управляться 2,995732 0,001927
управляют 3,506558 0,002255
уровней 2,659260 0,001710
уровня 0,634878 0,000408
условий -0,009950 -0,000006
условия -0,009950 -0,000013
условиях 1,049822 0,000675
утилита 3,912023 0,007547
участие -0,009950 -0,000013
учетную -0,009950 -0,000006
файлов 1,966113 0,002529
файловую 3,506558 0,002255
фактического 3,218876 0,002070
февраля 0,051293 0,000231
физическая 2,040221 0,001312
фиксированные 3,912023 0,002516
фирмы-разработчика 3,912023 0,002516
фонд -0,009950 -0,000013
фонда 1,309333 0,000842
формат 1,714798 0,001103
формате 1,427116 0,000918
форме 0,941609 0,000606
фреймворки 2,659260 0,001710
фронтенду 3,912023 0,005032
функции 1,049822 0,001350
функционально 3,218876 0,004140
функциональный 2,813411 0,001809
функциям 3,506558 0,002255
хаб 3,218876 0,002070
хокин 3,912023 0,002516
хранение 2,207275 0,001419
хранения 1,427116 0,000918
хранящееся 3,912023 0,002516
художественный 1,171183 0,000753
цели 1,660731 0,001068
целях 1,171183 0,000753
централизованного 2,813411 0,001809
центрального 0,967584 0,000622
частности 0,462035 0,001189
часто 0,415515 0,000802
часть 0,105361 0,000136
частью 0,755023 0,000486
читатьправитьправить 0,494296 0,000318
члена 2,659260 0,001710
чьи 2,302585 0,001481
шаблонов 2,302585 0,001481
штурвале 3,912023 0,002516
эквивалент 3,912023 0,005032
экземпляров 1,560648 0,001004
экосистемы 2,302585 0,001481
экспериментов 2,659260 0,001710
экспорт -0,009950 -0,000006
элементы 0,891598 0,000573
энциклопедии -0,009950 -0,000006
эта 0,000000 0,000000
этим 0,693147 0,000446
этих 0,400478 0,000773
это 0,000000 0,000000
является 0,094311 0,000061
являются 0,248461 0,000160
являющейся 1,897120 0,001220
являющийся 1,966113 0,001264
являющихся 2,120264 0,001364
язык 0,116534 0,000150
языках -0,009950 -0,000006
языки 1,309333 0,000842
января 0,116534 0,000075
