абстрагирующую 3,912023 0,004507
августа 0,072571 0,000334
автоматизации 2,207275 0,002543
автор 0,994252 0,001145
авторства -0,009950 -0,000011
адресу 1,966113 0,002265
алфавитупро 1,771957 0,002041
алфавитупрограммное 2,813411 0,003241
амер 2,302585 0,002653
аналог 2,120264 0,002443
аналогии 2,407946 0,005548
англ 0,174353 0,003616
андреа 3,912023 0,004507
аппаратные 3,218876 0,003708
аппаратный 3,506558 0,004040
апрель 1,469676 0,001693
апреля 0,174353 0,000201
архивировано 0,020203 0,000186
архивной 0,713350 0,000822
архитектуре 1,609438 0,001854
аудио 2,120264 0,002443
базовой 2,813411 0,003241
беларускаябългарски 0,000000 0,000000
бен 3,218876 0,003708
бесплатная 3,218876 0,003708
библиотеку 2,207275 0,002543
бурле 3,912023 0,004507
вариантов 1,771957 0,004083
вдобавок 3,218876 0,003708
велись 2,302585 0,002653
версии 0,446287 0,001542
версию 2,207275 0,002543
версия -0,009950 -0,000069
версияправитьправить 1,237874 0,001426
взаимодействию 3,506558 0,004040
видео 1,049822 0,001209
викиданных -0,009950 -0,000023
викиданныхвикипедия 0,891598 0,001027
викимедиа -0,009950 -0,000011
википедии -0,009950 -0,000023
википедия -0,009950 -0,000034
викискладе 0,174353 0,000201
викискладмедиавикиэлемент 3,506558 0,004040
виртуализации 2,995732 0,010354
виртуализационные 3,912023 0,004507
виртуализация 3,218876 0,003708
виртуальным 3,506558 0,004040
виртуальных 2,995732 0,006903
включая 0,527633 0,000608
включена 1,514128 0,001744
включении 2,207275 0,002543
включению 3,912023 0,004507
включенным 3,912023 0,004507
вместе 0,510826 0,000589
внедрение 2,302585 0,002653
внешние 0,051293 0,000059
внутренняя 2,813411 0,003241
возможно 0,867501 0,003998
возможности 0,891598 0,003082
возобновлять 3,912023 0,004507
волшебные 0,040822 0,000047
впервые 0,385662 0,000444
всем 0,891598 0,001027
встроены 3,218876 0,003708
втрое 3,506558 0,004040
входит 0,653926 0,000753
выпуска 1,714798 0,001976
выпускалась 3,912023 0,004507
выпущен 3,218876 0,003708
высокую 1,832581 0,002111
выступление 2,120264 0,002443
вычислительных 2,407946 0,002774
генеральным 2,525729 0,002910
год 0,235722 0,000543
года -0,009950 -0,000229
году 0,072571 0,000251
годувикипедия 2,407946 0,002774
годупрограммы 3,506558 0,004040
голуб 3,506558 0,004040
групп 1,514128 0,001744
группы 0,634878 0,000731
дата 0,030459 0,000386
действовать -0,009950 -0,000011
декабре 0,798508 0,000920
демон 3,506558 0,008080
демоном 3,912023 0,004507
директором 2,813411 0,003241
дистрибутив 3,218876 0,003708
дистрибутива 3,218876 0,003708
дмк 3,218876 0,003708
дополнительного 1,609438 0,001854
дополнительные -0,009950 -0,000011
достигнуто 3,218876 0,003708
доступ 1,203973 0,002774
доступен -0,009950 -0,000011
доступным 2,813411 0,003241
доступных 2,407946 0,002774
драйвер 3,218876 0,003708
другие 0,030459 0,000035
других -0,009950 -0,000023
зависимости 0,798508 0,000920
зависимостями 3,506558 0,004040
заглавная -0,009950 -0,000011
записать 2,995732 0,003451
записи 1,560648 0,001798
записываются 3,912023 0,004507
записьвойти -0,009950 -0,000011
запускаемых 3,912023 0,004507
запускается 2,813411 0,003241
запускать 3,506558 0,012119
запущенных 3,912023 0,004507
зарегистрированный -0,009950 -0,000011
зафиксирован 2,207275 0,002543
заявление -0,009950 -0,000011
знак -0,009950 -0,000011
значительное 1,309333 0,001508
изменения 0,562119 0,001943
изначально 1,309333 0,001508
изоляцию 3,912023 0,009014
имеет 0,235722 0,000543
имен 1,771957 0,004083
имеют 0,371064 0,000427
инженеры 2,659260 0,003064
инструменты -0,009950 -0,000023
интерфейса 2,407946 0,002774
интерфейсам 3,912023 0,004507
интерфейсе 3,912023 0,004507
информациейстраницы 3,912023 0,004507
использовал 2,120264 0,002443
использование 0,891598 0,002054
использования -0,009950 -0,000011
использовать 1,171183 0,001349
использует 1,514128 0,001744
используют 1,309333 0,001508
использующие 0,040822 0,000047
история 0,051293 0,000177
источник -0,009950 -0,000011
источниками 0,776529 0,000895
июля 0,116534 0,000403
июне 0,967584 0,001115
июня 0,116534 0,000134
каждого 1,427116 0,001644
каждый 0,733969 0,000846
каскадно-объединенного 3,912023 0,004507
категории -0,009950 -0,000023
клиентские 3,218876 0,003708
клиентских 3,506558 0,004040
ключевой 2,813411 0,003241
код -0,009950 -0,000069
кодекс -0,009950 -0,000011
кодистория 0,116534 0,000134
команд 1,660731 0,003827
команда 1,272966 0,001467
командной 2,525729 0,005820
командой 2,407946 0,002774
команды 1,560648 0,001798
коммерческая 2,995732 0,003451
коммерческого 2,525729 0,002910
компанией 1,514128 0,001744
компании 0,579818 0,000668
компания 0,653926 0,001507
контейнер 3,218876 0,007417
контейнера 3,506558 0,008080
контейнерами 2,995732 0,010354
контейнерах 3,218876 0,007417
контейнере 3,506558 0,004040
контейнеризатор 3,912023 0,004507
контейнеризатора 3,912023 0,004507
контейнеризации 2,995732 0,003451
контейнеризациипрограммное 3,506558 0,004040
контейнеров 2,525729 0,017459
контейнеры 2,813411 0,009724
контрольные 3,506558 0,004040
контрольных 2,995732 0,003451
конференции 1,139434 0,001313
конфигурационные 3,912023 0,004507
конфиденциальности -0,009950 -0,000011
копии 0,653926 0,000753
копирования 3,506558 0,004040
корневая 3,912023 0,004507
короткий -0,009950 -0,000011
котором 0,301105 0,000694
который 0,105361 0,000121
кроме 0,235722 0,000272
куки -0,009950 -0,000011
литература 0,061875 0,000143
лицензией 2,659260 0,009191
лицензии -0,009950 -0,000023
лицензия 2,040221 0,002350
локально 3,506558 0,004040
локальной 2,995732 0,003451
локальную 3,912023 0,004507
лудзарди 3,912023 0,004507
любой 1,514128 0,001744
любым 2,525729 0,002910
мае 0,867501 0,000999
марта 0,139262 0,000642
марте 0,967584 0,002229
массового 1,966113 0,002265
массовому 3,218876 0,003708
материал -0,009950 -0,000011
мая 0,139262 0,001765
медиафайлы 0,301105 0,000347
менеджер 2,659260 0,003064
мес 3,912023 0,004507
механизм 1,660731 0,001913
млн 0,462035 0,000532
многоконтейнерные 3,912023 0,004507
мобильная -0,009950 -0,000011
могут -0,009950 -0,000023
модульной 3,912023 0,004507
мониторинг 1,832581 0,002111
монолитной 3,912023 0,004507
монолитные 3,912023 0,004507
монтирования 3,912023 0,004507
моуэт 3,912023 0,004507
набор 1,469676 0,003386
навигации -0,009950 -0,000011
навигация -0,009950 -0,000023
название 0,198451 0,000229
названием 0,820981 0,000946
нами -0,009950 -0,000011
написан 2,407946 0,002774
написана 2,207275 0,002543
например 0,328504 0,000378
наряду 1,078810 0,001243
начал 0,798508 0,000920
начался 1,347074 0,001552
начат 2,525729 0,002910
начиная 0,733969 0,000846
недоступная 0,527633 0,000608
недоступные 0,755023 0,000870
нежели 3,218876 0,003708
некоммерческой -0,009950 -0,000011
нем 0,356675 0,000411
нему 1,203973 0,001387
непосредственно 0,478036 0,000551
ниже 0,693147 0,001597
новой 0,653926 0,000753
новые 0,342490 0,000395
новый 0,446287 0,000514
новых 0,430783 0,000496
носит 1,309333 0,001508
ноября 0,127833 0,000442
нська 0,000000 0,000000
обеспечение 1,237874 0,011409
обеспечения 0,867501 0,001999
обеспечивает 1,108663 0,001277
область 0,385662 0,000444
образ 1,771957 0,004083
образами 3,912023 0,004507
образов 2,813411 0,003241
образы 2,525729 0,011639
обращения 0,030459 0,000351
общественной 1,832581 0,002111
объявлено 1,832581 0,002111
одноименного 1,771957 0,002041
одноименной 2,207275 0,002543
одному 1,514128 0,001744
ожидают 1,897120 0,002186
около 0,000000 0,000000
окружением 3,506558 0,004040
октябре 0,967584 0,002229
оперативной 2,525729 0,002910
операционная 2,659260 0,003064
операционной 2,813411 0,003241
операционные 2,302585 0,002653
операционных 2,525729 0,002910
операциях 2,407946 0,002774
описание -0,009950 -0,000011
описывать 3,506558 0,004040
описываются 2,813411 0,003241
опубликован 2,120264 0,002443
организации -0,009950 -0,000011
организаций 0,776529 0,001789
оркестровки 3,506558 0,004040
основанной 2,302585 0,002653
основанные 0,776529 0,000895
основных 0,634878 0,001463
останавливать 3,912023 0,004507
осуществить 2,407946 0,002774
осуществлять 2,120264 0,002443
ответственности -0,009950 -0,000011
отдельную 1,832581 0,002111
отдельных -0,009950 -0,000011
отказ -0,009950 -0,000011
открытое 1,714798 0,001976
отладки 2,995732 0,003451
отправить 2,995732 0,003451
отредактирована -0,009950 -0,000011
ошибкекак -0,009950 -0,000011
пакетный 3,912023 0,004507
памяти 1,078810 0,001243
первоначальной 2,813411 0,003241
перезапуску 3,912023 0,004507
переименована 1,771957 0,002041
перейти -0,009950 -0,000023
переход 1,427116 0,001644
перешли 1,771957 0,002041
персональные -0,009950 -0,000011
печати -0,009950 -0,000011
печать -0,009950 -0,000011
платформ 2,407946 0,002774
платформа 1,714798 0,001976
платформу 2,659260 0,003064
платформы 1,272966 0,007333
поведения -0,009950 -0,000011
поглощенной 3,506558 0,004040
поддерживается 1,897120 0,004371
поддерживающим 3,218876 0,003708
поддержка 1,832581 0,004223
поддержке 1,469676 0,001693
поддержки 1,560648 0,003596
поддержкой 2,525729 0,014549
подобная 2,659260 0,003064
подписипро 3,912023 0,004507
подписке 3,506558 0,004040
подробнее -0,009950 -0,000011
подчеркивая 2,995732 0,003451
позволяет 0,755023 0,003479
позволяющие 2,525729 0,002910
позволяющий 2,207275 0,005086
поиск -0,009950 -0,000023
поиску -0,009950 -0,000011
показал 1,832581 0,002111
политика -0,009950 -0,000011
полная 2,040221 0,002350
полную 2,207275 0,002543
пользователей 1,714798 0,001976
пользователя 1,966113 0,002265
помощи 0,843970 0,000972
последний -0,009950 -0,000011
последняя 0,342490 0,000789
поставляется 3,912023 0,004507
построения 1,897120 0,002186
потенциально 2,813411 0,003241
потребления 2,302585 0,005305
появлением 1,347074 0,001552
править -0,009950 -0,000138
правка 0,328504 0,000378
правкиновые -0,009950 -0,000011
правкипостоянная -0,009950 -0,000011
предварительно 3,912023 0,004507
предоставляет 1,347074 0,001552
представились -0,009950 -0,000011
прежним 3,506558 0,004040
пресс 2,407946 0,002774
привязанному 3,912023 0,004507
приглашен 3,912023 0,004507
приложение 1,309333 0,001508
приложений 1,832581 0,008445
приложения 1,514128 0,001744
приложениями 2,813411 0,003241
применение 1,469676 0,003386
примечания -0,009950 -0,000023
приняли 1,347074 0,001552
приостанавливать 3,912023 0,004507
прирост 1,427116 0,003288
проведенном 3,912023 0,004507
проверена 3,506558 0,004040
проверки 0,994252 0,001145
программирования 1,714798 0,001976
программно 3,218876 0,003708
программного 1,660731 0,003827
программное 1,714798 0,011853
программных 2,525729 0,002910
продававшаяся 3,912023 0,004507
продала 3,912023 0,004507
продукт 1,660731 0,001913
продукта 2,207275 0,005086
продуктом 3,218876 0,003708
проект 0,400478 0,001384
проектах -0,009950 -0,000011
производительность 2,659260 0,003064
проприетарная 3,218876 0,003708
просмотры -0,009950 -0,000011
пространств 2,525729 0,002910
пространства 1,049822 0,001209
пространству 3,506558 0,004040
профессиональных 1,771957 0,002041
процессов 1,347074 0,003104
процессорных 3,912023 0,004507
процессы 1,514128 0,005233
прочие 1,203973 0,002774
прошлом 1,108663 0,001277
публичной 2,525729 0,002910
публичным 2,995732 0,003451
работать 1,108663 0,001277
работы 0,314711 0,000363
развернут 3,912023 0,004507
развертывания 2,659260 0,006127
разделены 2,207275 0,002543
различных 0,385662 0,000444
размещение 2,120264 0,002443
размещенных 3,506558 0,004040
размещены 2,120264 0,002443
разрабатывавшей 3,912023 0,004507
разрабатывается 2,813411 0,003241
разработанное 2,813411 0,003241
разработка 1,347074 0,003104
разработке 1,560648 0,003596
разработчик 2,040221 0,002350
разработчики -0,009950 -0,000011
разработчиков 2,302585 0,005305
ранее 0,430783 0,000993
расположен 0,733969 0,000846
распределенного 2,995732 0,003451
распределенных 2,407946 0,002774
распространяемой 3,912023 0,004507
распространяется 1,897120 0,002186
рассказывает 2,659260 0,003064
реализована 2,407946 0,002774
редакции 1,966113 0,004530
редакция 1,469676 0,001693
режимом 2,813411 0,003241
результатам 1,049822 0,001209
релиз 3,218876 0,003708
репозиторием 3,912023 0,004507
репозиторий 2,995732 0,003451
ресурсов 0,798508 0,001840
ресурсы 0,020203 0,000047
руководивший 3,506558 0,004040
руководство 1,272966 0,001467
русский -0,009950 -0,000011
русской 0,673345 0,000776
сайт 0,371064 0,000427
сайте 0,967584 0,001115
сайты 0,478036 0,000551
сборки 3,506558 0,004040
свободно 2,302585 0,002653
свободное 2,407946 0,002774
свободной -0,009950 -0,000011
своим 0,967584 0,001115
свяжитесь -0,009950 -0,000011
сделанные 3,218876 0,003708
семейства 1,966113 0,002265
сентября 0,072571 0,000418
сервер 2,120264 0,002443
сервером 2,525729 0,002910
серия 1,237874 0,001426
сетевому 3,912023 0,004507
сетевым 3,912023 0,004507
сетей 1,272966 0,001467
сети 0,494296 0,001139
сетях 1,139434 0,001313
система 0,235722 0,000543
системах 1,771957 0,004083
системе 0,733969 0,002537
системеобсуждениевкладсоздать -0,009950 -0,000011
систему 0,673345 0,001551
системы 0,342490 0,001578
скачать -0,009950 -0,000011
скачивать 3,912023 0,004507
скрытые 3,218876 0,003708
случаях -0,009950 -0,000011
смещение 0,798508 0,000920
собранные 2,995732 0,006903
собственная 3,218876 0,003708
собственническая 3,912023 0,004507
собственной 1,660731 0,001913
собственную 2,407946 0,002774
событияпожертвовать -0,009950 -0,000011
соглашение 1,139434 0,001313
содержание 0,010050 0,000012
создаваемые 3,912023 0,004507
создавать 1,832581 0,002111
созданию 1,609438 0,001854
создания 0,653926 0,000753
соломон 3,506558 0,004040
соломона 3,506558 0,004040
соломоном 3,912023 0,004507
сообщить -0,009950 -0,000011
соответствующим 1,897120 0,002186
сосредоточена 2,407946 0,002774
состав 0,400478 0,000461
состоянию 0,544727 0,000628
сохранена 3,218876 0,007417
сохранением -0,009950 -0,000011
социальных 0,941609 0,001085
специализированные 2,120264 0,002443
специального 2,120264 0,002443
сравнение 2,040221 0,002350
средах 2,659260 0,003064
среде 1,660731 0,003827
среди 0,198451 0,000457
средств 0,597837 0,001378
средства 0,415515 0,000479
средствами 1,771957 0,002041
среду 1,897120 0,002186
српски 0,000000 0,000000
ссылка 0,274437 0,000316
ссылками 0,186330 0,000215
ссылкасведения -0,009950 -0,000011
ссылки -0,009950 -0,000080
стабильная 0,994252 0,001145
статистика -0,009950 -0,000011
статьи 0,072571 0,000334
статьислучайная -0,009950 -0,000011
статьисообществофорумсправкасвежие -0,009950 -0,000011
статьяобсуждение -0,009950 -0,000011
статьятекущие -0,009950 -0,000011
стиле 0,994252 0,001145
стоимостью 2,207275 0,002543
страница -0,009950 -0,000011
страницасодержаниеизбранные -0,009950 -0,000011
страницецитировать -0,009950 -0,000011
страницуполучить -0,009950 -0,000011
страницы -0,009950 -0,000034
страницыслужебные -0,009950 -0,000011
строки 2,040221 0,004701
существенно 1,108663 0,001277
существуют 0,162519 0,000187
сценария 3,506558 0,004040
сценарного 3,912023 0,004507
сюдасвязанные -0,009950 -0,000011
также 0,000000 0,000000
текст -0,009950 -0,000011
текставикипедия 3,912023 0,004507
тематические 0,510826 0,000589
тесте 3,912023 0,004507
тестирования 2,525729 0,002910
технической 2,207275 0,002543
технологии 0,798508 0,002760
технологию 2,302585 0,002653
тип 0,356675 0,000411
тиражируемой 3,912023 0,004507
тиражируемую 3,912023 0,004507
товарный -0,009950 -0,000011
тыс 0,430783 0,000496
узел 0,891598 0,001027
узле 2,302585 0,005305
узлов 1,660731 0,003827
указанием -0,009950 -0,000011
укра 0,000000 0,000000
уничтожению 2,995732 0,003451
упаковать 3,912023 0,004507
управлением 1,427116 0,001644
управления 0,415515 0,001436
управлять 2,040221 0,004701
уровень 0,579818 0,001336
уровеньуниверсальныемикроядро 3,912023 0,004507
уровне 0,916291 0,003167
условий -0,009950 -0,000011
условия -0,009950 -0,000023
услугами 2,525729 0,002910
устаревшей 3,912023 0,004507
участие -0,009950 -0,000023
учетную -0,009950 -0,000011
файл 2,040221 0,002350
файла 2,525729 0,002910
файлов 1,966113 0,004530
файловая 3,218876 0,003708
файловой 2,995732 0,010354
файловую 3,506558 0,004040
файлы 2,525729 0,002910
фирме 3,912023 0,004507
фирмой 2,659260 0,003064
фокуса 3,912023 0,004507
фонд -0,009950 -0,000011
форматы 2,407946 0,005548
форме 0,941609 0,001085
фото 1,203973 0,001387
франсуа-ксавье 3,912023 0,004507
фреймворка 3,506558 0,004040
функций 1,660731 0,001913
функционирует 1,203973 0,001387
функциями 2,659260 0,003064
хайкс 3,912023 0,004507
хайкса 3,912023 0,004507
хайксом 3,912023 0,009014
хранения 1,427116 0,003288
целью 0,733969 0,000846
ценам 3,218876 0,003708
частичная 1,897120 0,002186
частности 0,462035 0,000532
читаемые 3,912023 0,004507
читатьтекущая 1,237874 0,001426
шаблонов 2,302585 0,002653
шаблоном 1,897120 0,002186
экономии 3,218876 0,003708
экспорт -0,009950 -0,000011
элементы 0,891598 0,001027
эмуляции 3,506558 0,004040
энциклопедии -0,009950 -0,000011
эта 0,000000 0,000000
этими 1,560648 0,001798
ядра 2,407946 0,002774
ядре 3,218876 0,003708
ядром 1,832581 0,002111
языках -0,009950 -0,000011
языке 0,867501 0,001999
языков 1,203973 0,001387
