августа 0,072571 0,000767
аврора 2,302585 0,000869
автоматизации 2,207275 0,000833
автоматики 2,525729 0,000953
автоматически 2,120264 0,000800
авторами 2,525729 0,000953
авторства -0,009950 -0,000004
агитации 3,218876 0,001215
аза 3,912023 0,001476
активный 2,659260 0,001003
алан 2,525729 0,000953
алфавитуоперационные 3,506558 0,001323
алфавитупро 1,771957 0,000669
анализируется 3,912023 0,001476
аналогичную 3,506558 0,001323
англ 0,174353 0,001842
андалусии 3,912023 0,001476
анна 1,714798 0,000647
аппаратной 2,995732 0,001130
аппаратные 3,218876 0,001215
аппаратных 3,506558 0,001323
апреле 0,994252 0,000750
апреля 0,174353 0,000921
ари 3,912023 0,001476
архив 0,462035 0,000349
архивировано 0,020203 0,000488
архивная 0,400478 0,000453
архитектур 3,506558 0,001323
архитектуры 0,755023 0,000570
аудиозаписью 3,912023 0,001476
базе 0,776529 0,001465
базирующейся 3,912023 0,001476
барьер 3,912023 0,001476
баш 3,506558 0,001323
бездисковых 3,912023 0,001476
бейкон 3,912023 0,001476
беларуская 0,000000 0,000000
беларускаябългарски 0,000000 0,000000
бенджамин 3,506558 0,001323
бесплатно 2,207275 0,000833
би-би-си 2,995732 0,001130
библиографических 0,094311 0,000036
библиотека 0,462035 0,000174
библиотеками 3,218876 0,001215
библиотеки 0,843970 0,000318
бизнеса 0,967584 0,000365
бинарно 3,912023 0,001476
бинарной 3,912023 0,001476
благодаря 0,527633 0,000398
большая 0,072571 0,000110
большей 1,078810 0,000407
большинства 1,609438 0,001215
большинстве 1,386294 0,000523
большинство 0,597837 0,001128
ботвик 3,912023 0,001476
бразилии 2,659260 0,001003
бхв 3,912023 0,001476
бхв-петербург 3,506558 0,001323
бывают 1,897120 0,000716
быстро 1,139434 0,000860
бытовых 2,302585 0,000869
важной 2,207275 0,000833
вариантов 1,771957 0,000669
варианты 1,309333 0,000494
ввода-вывода 3,506558 0,001323
веб-разработчиков 3,506558 0,001323
веб-сайтов 3,218876 0,002429
веб-серверах 3,912023 0,001476
веб-серверов 3,506558 0,001323
ведомства 2,813411 0,001062
версии 0,446287 0,000168
версий 1,347074 0,000508
версия -0,009950 -0,000011
версиях 2,659260 0,001003
вещей 2,207275 0,000833
взаимодействия 1,660731 0,001253
взаимодействовать 2,525729 0,000953
взаимодействует 2,995732 0,001130
взаимодействуя 3,912023 0,001476
виде 0,235722 0,000267
видеоплеерами 3,912023 0,001476
видов 0,616186 0,000233
видом 1,514128 0,000571
виду 1,966113 0,000742
визуальных 2,995732 0,001130
викиверситет 3,912023 0,001476
викиданные 0,776529 0,000293
викиданных -0,009950 -0,000004
викиданныхпро 2,659260 0,001003
викимедиа -0,009950 -0,000004
викиновости 3,912023 0,001476
википедии -0,009950 -0,000008
википедия -0,009950 -0,000019
викисклад 1,897120 0,001432
викискладе 0,174353 0,000066
викискладепортал 2,207275 0,000833
викискладстатьи 0,891598 0,000336
викискладэлемент 2,659260 0,001003
вильямс 1,966113 0,000742
виртуализация 3,218876 0,002429
виртуальной 2,302585 0,000869
вклад 1,108663 0,000418
включает 0,462035 0,000349
включают 1,609438 0,000607
включающей 2,207275 0,000833
включающие 2,995732 0,001130
включающих 2,813411 0,002123
включая 0,527633 0,000398
включения 1,771957 0,000669
владела 3,506558 0,001323
владения 2,040221 0,000770
влиятельное 3,912023 0,001476
вместе 0,510826 0,000193
внедрение 2,302585 0,000869
внедряться 3,506558 0,001323
внешние 0,051293 0,000019
внешним 2,525729 0,000953
внутреннее 0,733969 0,000554
внутренней 2,040221 0,000770
внутренний 2,302585 0,000869
военные 1,237874 0,000467
возможно 0,867501 0,000327
возможности 0,891598 0,000336
возможность 0,616186 0,000465
возможностями 2,040221 0,000770
вокруг 0,693147 0,000262
волонтеров 3,912023 0,001476
волшебные 0,040822 0,000015
вообще 1,560648 0,000589
вопросе 2,995732 0,001130
вопросы 1,049822 0,000396
вредоносные 3,506558 0,001323
временем 0,616186 0,000233
времени 0,186330 0,000070
время 0,030459 0,000046
всемирной 1,897120 0,000716
вскоре 1,309333 0,000494
вследствие 1,203973 0,000454
встраиваемые 3,218876 0,006073
встраиваемых 3,506558 0,007939
встроенного 3,912023 0,002952
вудфорд 3,912023 0,001476
входящих 1,771957 0,000669
выбрать 2,659260 0,001003
выделенные 2,659260 0,001003
выключения 3,912023 0,001476
выполняется 2,207275 0,000833
выполняют 2,120264 0,000800
выпуск 0,916291 0,000346
выпуска 1,714798 0,000647
выпускаются 2,302585 0,000869
выпустило 3,218876 0,001215
высок 2,659260 0,001003
высокого 1,514128 0,000571
выходит 1,427116 0,000539
вычисления 2,040221 0,000770
выше 0,616186 0,000233
географического 1,386294 0,000523
германия 1,203973 0,000454
гипервизор 3,912023 0,001476
год 0,235722 0,000178
года -0,009950 -0,000259
годов 0,356675 0,000538
году 0,072571 0,000301
годустатьи 3,218876 0,001215
годы 0,356675 0,000135
голом 3,912023 0,001476
госструктурах 3,912023 0,002952
государственной 0,616186 0,000233
государственный 0,430783 0,000163
государственных 0,994252 0,000375
госуправлении 3,506558 0,001323
готовой 3,506558 0,002646
готовую 3,506558 0,001323
графический 3,218876 0,004859
графическим 2,995732 0,001130
графических 2,659260 0,001003
графического 3,218876 0,001215
группа 0,693147 0,000523
группы 0,634878 0,000240
давно 2,302585 0,000869
далеко 1,966113 0,000742
данные 0,510826 0,000193
данным 0,415515 0,000784
дата 0,030459 0,000667
дата-центрах 3,912023 0,001476
датская 0,342490 0,000129
двумя 1,021651 0,000386
действовать -0,009950 -0,000004
декабрь 1,108663 0,000837
декабря 0,105361 0,000318
делают 2,120264 0,000800
демоны 3,912023 0,001476
десяти 1,560648 0,000589
дешевое 3,506558 0,001323
джеймс 2,659260 0,001003
джоно 3,912023 0,001476
джонс 3,912023 0,001476
диск 3,506558 0,001323
диска 2,813411 0,001062
дистрибутив 3,218876 0,007288
дистрибутива 3,218876 0,003644
дистрибутивам 3,912023 0,001476
дистрибутивами 3,912023 0,001476
дистрибутивов 3,912023 0,014762
дистрибутивом 3,506558 0,001323
дистрибутивы 3,912023 0,022144
дмитрий 0,967584 0,000365
добавила 3,912023 0,001476
добавлены 2,659260 0,001003
документов 0,653926 0,000494
долгих 2,995732 0,001130
долей 2,813411 0,002123
доли 1,832581 0,000692
долларов 1,832581 0,000692
долю 1,427116 0,001077
доля 0,733969 0,001385
дом 0,562119 0,000212
домашних 2,813411 0,001062
доминирует 3,506558 0,001323
дополнительно 2,525729 0,000953
дополнительные -0,009950 -0,000004
дорогое 3,506558 0,001323
дорогую 3,912023 0,001476
достиг 1,469676 0,000555
достигая 2,525729 0,000953
достоверность 2,659260 0,001003
доступа 1,309333 0,000494
доступе 2,995732 0,001130
доступен -0,009950 -0,000004
доступна 2,302585 0,000869
доступного 3,506558 0,001323
доступны 2,302585 0,000869
доступным 2,813411 0,001062
доступом 2,525729 0,000953
драйверов 3,506558 0,001323
драйверы 3,912023 0,002952
друг 1,108663 0,000418
другие 0,030459 0,000034
других -0,009950 -0,000038
другом 1,514128 0,001143
дружелюбный 3,506558 0,001323
дэниел 3,506558 0,001323
единственного 2,813411 0,001062
едиными 3,912023 0,001476
желании 3,912023 0,001476
журнал 0,510826 0,000193
зависящие 3,912023 0,001476
заглавная -0,009950 -0,000004
загружаемых 3,912023 0,001476
загрузка 2,995732 0,001130
задач 1,386294 0,001046
задачи 1,469676 0,000555
заинтересовался 3,912023 0,001476
заинтересованных 3,506558 0,001323
заказу 2,207275 0,000833
закон 0,616186 0,000465
закрыт 1,386294 0,000523
закрытых 2,525729 0,000953
заложенных 3,912023 0,001476
заменили 2,659260 0,001003
заменить 0,562119 0,000424
замену 2,813411 0,001062
занимает 0,616186 0,000233
занимают 1,347074 0,000508
занял 1,139434 0,000430
заняли 2,207275 0,000833
записьвойти -0,009950 -0,000004
запросы 1,897120 0,000716
запускается 2,813411 0,002123
запустить 2,525729 0,000953
зарегистрирована 2,040221 0,000770
зарегистрированный -0,009950 -0,000004
заслуга 3,506558 0,001323
заставила 3,506558 0,001323
затратить 3,218876 0,001215
защищенности 3,218876 0,001215
заявление -0,009950 -0,000004
заявляющими 3,912023 0,001476
збекча 0,000000 0,000000
знак -0,009950 -0,000004
знакомы 3,912023 0,001476
значительно 0,510826 0,000386
значительное 1,309333 0,000494
значительную 1,309333 0,000988
значительный 1,347074 0,000508
значительными 2,813411 0,001062
зрелости 3,218876 0,001215
игровой 2,995732 0,001130
игровые 2,995732 0,004522
идентифицируется 3,912023 0,001476
идет 1,078810 0,000407
из-за 0,415515 0,000470
известия 1,021651 0,000386
известно 1,237874 0,000467
известны 1,309333 0,000494
изд 0,314711 0,000238
изучении 2,407946 0,000909
изучения 1,272966 0,000480
имеет 0,235722 0,000267
имеется 0,653926 0,000247
именно 0,544727 0,000411
именование 3,218876 0,001215
именовании 3,506558 0,001323
имеют 0,371064 0,000420
имеющих 1,272966 0,000480
индийского 2,995732 0,001130
иной 1,714798 0,001294
инструкции 2,207275 0,000833
инструментов 1,771957 0,002006
инструменты -0,009950 -0,000008
интеграцией 3,912023 0,001476
интегрированы 3,506558 0,001323
интегрируемых 3,912023 0,001476
интернет 0,916291 0,000692
интернет-браузером 3,912023 0,001476
интернет-компаний 3,912023 0,001476
интернете 1,771957 0,000669
интерпретаторы 3,506558 0,001323
интерфейс 2,120264 0,004801
интерфейса 2,407946 0,000909
интерфейсов 2,813411 0,002123
интерфейсы 2,659260 0,002007
ирон 0,000000 0,000000
исключало 3,912023 0,001476
исключена 3,912023 0,001476
исключительно 1,272966 0,000480
испании 2,659260 0,001003
использован 2,813411 0,001062
использование 0,891598 0,001682
использования -0,009950 -0,000023
использовать 1,171183 0,000442
использует 1,514128 0,001714
используется 0,616186 0,000930
используют 1,309333 0,001482
используются 0,916291 0,001383
использующие 0,040822 0,000031
исправлять 3,218876 0,001215
исследованию 2,040221 0,000770
исследования-кейсы 3,912023 0,001476
истории 0,248461 0,000094
история 0,051293 0,000097
источник -0,009950 -0,000011
источниками 0,776529 0,000293
исходном 3,218876 0,001215
исходному 3,506558 0,001323
исходный 2,407946 0,000909
исходных 2,995732 0,002261
ит-специалист 3,912023 0,001476
итоге 1,427116 0,000539
июль 0,579818 0,000219
июля 0,116534 0,000088
июнь 0,544727 0,000206
июня 0,116534 0,000792
каждая 1,560648 0,000589
какой-либо 2,407946 0,001817
кампании 2,659260 0,001003
кампанию 3,506558 0,002646
кампания 2,407946 0,001817
каталанская 0,527633 0,000199
каталогах 0,094311 0,000036
категории -0,009950 -0,000008
категория 0,916291 0,000692
качестве 0,478036 0,000902
квалифицированный 3,912023 0,001476
керала 3,912023 0,001476
кетов 3,218876 0,001215
китай 0,867501 0,000327
китайская 0,776529 0,000293
класс 1,514128 0,000571
клаус 3,506558 0,001323
клиент 2,813411 0,001062
клиентов 2,207275 0,000833
ключевым 2,813411 0,001062
книга 0,843970 0,000318
кноппер 3,912023 0,001476
код -0,009950 -0,000075
кода 0,798508 0,000301
коде 2,525729 0,000953
кодекс -0,009950 -0,000004
кодистория 0,116534 0,000044
кодов 2,813411 0,001062
кодовое 2,995732 0,001130
коду 2,995732 0,001130
кокс 3,218876 0,001215
количества 0,941609 0,000355
количество 0,328504 0,000248
командная 3,218876 0,002429
командной 2,525729 0,001906
командную 3,506558 0,002646
команды 1,560648 0,000589
комикыргызча 0,000000 0,000000
коммерческих 1,714798 0,000647
коммерческого 2,525729 0,001906
коммерческое 2,407946 0,000909
коммерческой 2,207275 0,000833
коммуникации 2,302585 0,000869
компании 0,579818 0,000219
компаний 0,967584 0,000365
компания 0,653926 0,000247
компиляторов 3,506558 0,001323
комплекса 1,272966 0,000480
комплекта 3,506558 0,001323
комплектации 3,506558 0,001323
комплектующих 3,218876 0,001215
компонентов 1,660731 0,003760
компонентом 2,995732 0,001130
компоненты 1,609438 0,002429
компьютера 2,302585 0,000869
компьютерах 2,995732 0,001130
компьютере 2,120264 0,003200
компьютеров 1,897120 0,005011
конечной 2,525729 0,000953
консоли 3,912023 0,001476
консоль 3,506558 0,001323
конференции 1,139434 0,000430
конфиденциальности -0,009950 -0,000004
конца 0,562119 0,000212
концепции 1,347074 0,000508
координатор 3,506558 0,001323
копирование 3,506558 0,001323
копия 0,328504 0,000372
короткий -0,009950 -0,000004
корпорация 2,040221 0,001540
костромин 3,912023 0,001476
которая 0,287682 0,000326
которого 0,301105 0,000114
которое 0,478036 0,000180
которой 0,174353 0,000132
котором 0,301105 0,000341
которые 0,162519 0,000307
который 0,105361 0,000119
которых 0,094311 0,000071
критика 2,120264 0,002400
критиковалась 3,912023 0,001476
критиковать 3,912023 0,001476
критическая 3,912023 0,002952
кроме 0,235722 0,000178
кросс-компиляция 3,912023 0,001476
кросс-разработка 3,912023 0,001476
кросс-разработки 3,912023 0,001476
круглов 3,506558 0,001323
круглосуточная 3,912023 0,001476
крупное 1,897120 0,000716
кузьмина 2,659260 0,001003
куки -0,009950 -0,000004
лав 3,912023 0,001476
ларри 3,506558 0,001323
лемке 3,912023 0,001476
лет 0,223144 0,000084
либо 0,000000 0,000000
лидируют 3,218876 0,001215
линейке 3,912023 0,001476
линукс 3,912023 0,004429
линукс-систем 3,912023 0,001476
линус 3,912023 0,005905
линуса 3,912023 0,002952
линусу 3,912023 0,001476
литература 0,061875 0,000047
лицензией 2,659260 0,003010
лицензии -0,009950 -0,000008
лицу 3,506558 0,001323
логотипом 3,506558 0,001323
любое 2,120264 0,000800
любой 1,514128 0,000571
людей 0,693147 0,000262
май 0,597837 0,000226
македонскимонгол 0,000000 0,000000
мако 3,912023 0,001476
малого 1,427116 0,000539
маломощных 3,912023 0,001476
марк 2,120264 0,000800
марка 0,867501 0,000327
маркетинговую 3,912023 0,001476
марта 0,139262 0,000631
мартиросян 3,912023 0,001476
массовое 1,771957 0,000669
материал -0,009950 -0,000004
матт 3,912023 0,001476
мая 0,139262 0,000631
медиафайлы 0,301105 0,000227
межпроцессного 3,912023 0,001476
мейнфреймах 3,912023 0,001476
мейнфреймов 3,912023 0,002952
менеджер 2,659260 0,002007
менеджеры 3,218876 0,002429
мердок 3,912023 0,001476
место 0,371064 0,000280
механизм 1,660731 0,001253
микропроцессорных 3,912023 0,001476
миллиардов 2,302585 0,000869
миллионам 3,506558 0,001323
минимальной 3,506558 0,001323
министерстве 3,506558 0,001323
минобороны 3,218876 0,001215
мире 0,494296 0,000746
млн 0,462035 0,000174
млрд 0,820981 0,000620
многие 0,356675 0,000673
многих 0,494296 0,000746
множестве 2,659260 0,001003
множество 0,597837 0,000226
мобильная -0,009950 -0,000004
мобильность 3,912023 0,001476
мобильные 2,207275 0,002499
мобильных 2,525729 0,000953
могут -0,009950 -0,000008
модель 1,469676 0,001109
моделью 2,813411 0,001062
моделях 3,218876 0,001215
модулей 2,525729 0,000953
модули 2,525729 0,000953
модульных 3,506558 0,001323
модулях 3,506558 0,001323
молодой 1,832581 0,000692
монолитное 3,506558 0,001323
мортон 3,912023 0,001476
мощного 2,659260 0,001003
мощную 3,912023 0,001476
мощный 2,207275 0,000833
мощных 2,995732 0,001130
мсвс 3,912023 0,001476
музыкальными 3,218876 0,001215
муниципальных 0,776529 0,000293
мыши 2,525729 0,000953
мюнхенский 3,912023 0,001476
набор 1,469676 0,001664
навигации -0,009950 -0,000004
навигация -0,009950 -0,000008
надежности 3,218876 0,001215
надежных 3,506558 0,001323
название 0,198451 0,000075
назначения 1,427116 0,000539
наиболее 0,139262 0,000210
наибольшей 2,120264 0,000800
нами -0,009950 -0,000004
наподобие 2,525729 0,000953
например 0,328504 0,000620
напрямую 1,660731 0,000627
наряду 1,078810 0,000407
настольной 3,912023 0,002952
настольном 3,912023 0,002952
настольные 3,912023 0,002952
настольных 3,506558 0,007939
настоящее 0,328504 0,000124
настроить 3,912023 0,001476
настройке 3,218876 0,001215
настройки 2,813411 0,001062
наулинукс 3,912023 0,002952
находить 2,813411 0,001062
находят 2,813411 0,001062
находящийся 1,966113 0,000742
нацеленные 3,912023 0,001476
начал 0,798508 0,000904
начала 0,314711 0,000238
начале 0,314711 0,000119
наше 1,609438 0,000607
независимости 2,813411 0,001062
независимые 2,302585 0,000869
независимых 2,302585 0,000869
неидеальности 3,912023 0,001476
нейл 3,912023 0,001476
некоммерческих 3,912023 0,001476
некоммерческой -0,009950 -0,000004
некоторое 1,771957 0,000669
некоторые 0,301105 0,000454
некоторых 0,494296 0,000373
нему 1,203973 0,000454
неофициальныепривязанные 3,912023 0,001476
непосредственно 0,478036 0,000361
нетбука 3,912023 0,001476
нетбуков 3,912023 0,002952
неудобство 3,912023 0,001476
неуклонно 2,995732 0,001130
нехватки 2,659260 0,001003
низкоуровневых 3,912023 0,001476
ними 1,049822 0,000792
новые 0,342490 0,000258
норвежская 0,248461 0,000094
ноутбуков 3,218876 0,001215
ноябрь 1,171183 0,000442
ноября 0,127833 0,000579
нська 0,000000 0,000000
нукс 0,000000 0,000000
нуля 2,040221 0,000770
обвиняли 3,506558 0,001323
оберткибиблиотек 3,912023 0,001476
обеспечение 1,237874 0,000934
обеспечении 2,525729 0,000953
обеспечения 0,867501 0,001964
обеспечивает 1,108663 0,000418
обеспечивают 1,514128 0,000571
обзор 1,171183 0,000442
обзоры 3,506558 0,001323
обладает 1,171183 0,000442
облачные 2,995732 0,001130
облегчающий 3,912023 0,001476
обновлен 3,506558 0,001323
обновлений 2,995732 0,001130
обновления 1,514128 0,000571
обойтись 2,995732 0,001130
оболочек 3,506558 0,001323
обороны 1,309333 0,000494
оборудование 1,347074 0,000508
оборудования 1,049822 0,002377
обособленные 3,218876 0,001215
образовании 1,832581 0,000692
образования 0,478036 0,000180
образовательными 3,218876 0,001215
образом 0,371064 0,000140
обращения 0,030459 0,000667
обслуживанию 2,659260 0,001003
обучения 1,660731 0,000627
обширную 2,813411 0,001062
общаются 3,506558 0,001323
общего 0,713350 0,000269
общее 1,237874 0,000467
общепризнанной 2,995732 0,001130
общих 1,771957 0,000669
объединений 2,040221 0,000770
объединенных 2,120264 0,000800
объединяют 2,995732 0,001130
объявила 2,995732 0,001130
обычно 0,693147 0,000785
ограниченными 2,040221 0,000770
ограниченных 3,218876 0,001215
ограничивала 3,912023 0,001476
огромная 2,995732 0,001130
однако 0,174353 0,000263
одним 0,494296 0,000187
одноименном 2,995732 0,001130
одной 0,371064 0,000140
одном 1,139434 0,000430
означает 1,237874 0,000467
окно 2,407946 0,000909
около 0,000000 0,000000
окон 2,813411 0,003185
оконные 3,912023 0,001476
оконный 3,912023 0,001476
окружение 2,659260 0,002007
октября 0,083382 0,000126
онлайн 0,198451 0,000075
операционной 2,813411 0,012740
операционную 2,995732 0,001130
операционные 2,302585 0,002607
операционными 3,218876 0,001215
операционных 2,525729 0,005719
описание -0,009950 -0,000008
определенной 1,832581 0,000692
оптического 2,407946 0,000909
опубликовала 2,995732 0,001130
опытных 2,995732 0,001130
организации -0,009950 -0,000011
организаций 0,776529 0,000293
организацияядро 0,000000 0,000000
оригинала 0,162519 0,002024
ортса 0,000000 0,000000
оснащенную 3,912023 0,001476
оснащенных 3,506558 0,001323
основан 0,579818 0,000438
основана 1,272966 0,000480
основанные 0,776529 0,000293
основанный 1,386294 0,000523
основаны 1,771957 0,001337
основатель 1,609438 0,000607
основе 0,494296 0,000560
основная 0,116534 0,000044
основной 0,653926 0,000987
основном 0,510826 0,000386
основному 3,506558 0,001323
основные 0,223144 0,000168
основными 1,203973 0,000454
основывается 2,207275 0,000833
особенно 0,562119 0,000424
острых 3,912023 0,001476
осуществляют 1,469676 0,000555
ответственности -0,009950 -0,000004
отдельной 2,407946 0,000909
отдельные 1,078810 0,000407
отдельный 1,832581 0,000692
отдельных -0,009950 -0,000008
отказ -0,009950 -0,000008
открытого 1,771957 0,000669
открытому 3,506558 0,001323
открытый 1,049822 0,000396
отладка 3,218876 0,002429
отличие 0,891598 0,000336
отложенных 3,912023 0,001476
отображаться 3,218876 0,001215
отредактирована -0,009950 -0,000004
отчасти 2,302585 0,000869
отшлифовал 3,912023 0,001476
офисный 3,912023 0,001476
офисных 3,218876 0,001215
официально 0,693147 0,000262
официальные 1,469676 0,000555
официальным 1,272966 0,000480
оценен 3,218876 0,001215
оценивалась 2,813411 0,001062
очень 0,494296 0,000373
ошибкекак -0,009950 -0,000004
ошибки 1,897120 0,000716
ощутимой 3,912023 0,001476
пакет 1,714798 0,000647
пакетов 2,813411 0,003185
памела 3,912023 0,001476
памяти 1,078810 0,000814
патрик 3,912023 0,001476
паутины 2,407946 0,000909
первого 0,733969 0,000277
первоначальной 2,813411 0,001062
первоначальном 3,506558 0,001323
первый 0,385662 0,000146
перевод 1,427116 0,000539
переводамистатьи 3,912023 0,001476
перейти -0,009950 -0,000011
перенаправлений 3,218876 0,001215
перенес 2,995732 0,001130
переноса 2,120264 0,000800
переписке 3,506558 0,001323
пересборки 3,912023 0,002952
переходе 2,659260 0,001003
переходить 2,813411 0,001062
периферией 3,912023 0,001476
персоналии 2,525729 0,000953
персональные -0,009950 -0,000004
персональных 2,525729 0,001906
печати -0,009950 -0,000004
печать -0,009950 -0,000004
пингвин 3,506558 0,002646
пингвина 3,218876 0,001215
питер 1,966113 0,000742
пк-консоль 3,912023 0,001476
планеты 2,040221 0,000770
планировщики 3,912023 0,001476
планируется 1,021651 0,000386
платным 3,506558 0,001323
платформ 2,407946 0,000909
платформах 2,995732 0,001130
платформе 2,302585 0,001738
платформой 2,525729 0,001906
платформу 2,659260 0,001003
платформы 1,272966 0,000961
поведения -0,009950 -0,000004
повседневного 3,506558 0,001323
повторяющихся 3,912023 0,001476
поглощена 3,506558 0,001323
поддерживаемые 2,407946 0,001817
поддерживающих 2,995732 0,001130
поддержка 1,832581 0,001383
поддержки 1,560648 0,001767
поддержкой 2,525729 0,001906
поддержку 1,469676 0,001109
подобная 2,659260 0,001003
подобные 1,609438 0,001215
подобных 2,040221 0,000770
подписку 3,912023 0,001476
подписчикам 3,912023 0,001476
подразумеваются 3,506558 0,001323
подробнее -0,009950 -0,000004
подходит 2,207275 0,000833
позволяет 0,755023 0,000855
позволяющий 2,207275 0,000833
позже 0,733969 0,000277
поиск -0,009950 -0,000004
поиску -0,009950 -0,000004
показывали 3,218876 0,001215
политика -0,009950 -0,000004
полной 1,832581 0,000692
полностью 0,400478 0,000302
полнофункциональной 3,912023 0,001476
полноценных 3,506558 0,001323
полный 1,272966 0,000480
половину 1,660731 0,001253
положение 0,510826 0,000193
получили 0,967584 0,000365
пользователей 1,714798 0,007118
пользователи 2,659260 0,004014
пользователь 2,813411 0,002123
пользовательские 2,813411 0,004247
пользовательский 2,659260 0,001003
пользовательских 2,813411 0,001062
пользовательского 2,813411 0,001062
пользовательскогопространствафс 0,000000 0,000000
пользователя 1,966113 0,004452
пользуется 2,407946 0,000909
пользуются 1,966113 0,001484
помощью 0,634878 0,000479
понимании 1,897120 0,000716
популярен 2,813411 0,001062
популярности 2,207275 0,000833
популярность 2,302585 0,002607
популярностью 2,207275 0,001666
популярные 2,407946 0,000909
популярным 2,120264 0,000800
популярных 1,832581 0,001383
портал 0,342490 0,000129
порталстраницы 3,218876 0,001215
портируется 3,912023 0,001476
португалия 2,813411 0,001062
порядка 1,139434 0,000430
последний -0,009950 -0,000004
последних 1,347074 0,000508
последняя 0,342490 0,000129
пособия 3,218876 0,001215
поставить 2,407946 0,000909
поставляемом 3,912023 0,001476
построен 0,798508 0,000301
потребовалось 3,218876 0,001215
пошаговой 3,912023 0,001476
поэтапно 3,506558 0,001323
поэтому 0,616186 0,000233
появившись 3,912023 0,001476
появилась 0,820981 0,000310
правило 0,891598 0,000673
правительство 0,843970 0,000637
править -0,009950 -0,000128
правка 0,328504 0,000124
правкиновые -0,009950 -0,000004
правкипостоянная -0,009950 -0,000004
превалирующими 3,912023 0,001476
превращает 2,995732 0,001130
предназначен 2,525729 0,000953
предназначенные 2,995732 0,001130
предоставила 3,912023 0,001476
предоставляет 1,347074 0,001525
предоставляют 1,427116 0,001077
предоставляющих 2,995732 0,001130
предписание 3,506558 0,001323
предполагающие 3,912023 0,001476
предпринимают 3,912023 0,001476
предприятий 0,713350 0,000269
представились -0,009950 -0,000004
представляло 2,995732 0,001130
прекратила 2,407946 0,000909
премиум-подписка 3,912023 0,001476
приборах 3,506558 0,001323
привлечения 2,302585 0,000869
приводя 3,506558 0,001323
прикладных 2,120264 0,000800
приложение 1,309333 0,000494
приложений 1,832581 0,003458
приложения 1,514128 0,003428
приложениям 3,506558 0,001323
применение 1,469676 0,003882
применений 3,218876 0,001215
применения 1,272966 0,001441
применяется 1,714798 0,000647
пример 1,171183 0,000442
примечания -0,009950 -0,000008
принадлежит 1,203973 0,000909
принимают 1,771957 0,000669
принципах 2,302585 0,000869
принята 1,714798 0,000647
приобрел 2,040221 0,001540
присоединиться 3,506558 0,001323
приспособленность 3,912023 0,002952
приставки 3,912023 0,005905
приставов 3,912023 0,001476
притом 3,506558 0,002646
проблем 0,798508 0,000301
проблемой 1,660731 0,000627
проблему 1,514128 0,000571
проверенная 1,049822 0,000396
программ 1,203973 0,002726
программа 0,994252 0,000750
программирование 2,525729 0,001906
программного 1,660731 0,003133
программное 1,714798 0,001294
программном 2,995732 0,001130
программными 2,813411 0,001062
программой 2,659260 0,002007
программы 0,713350 0,001077
продвижение 2,659260 0,001003
продолжать 3,506558 0,001323
продуктов 1,237874 0,000467
проект 0,400478 0,000756
проекта 0,616186 0,000930
проектах -0,009950 -0,000008
проектов 1,469676 0,001109
проекты 1,108663 0,000418
прозрачность 2,525729 0,000953
производитель 2,407946 0,000909
производные 2,995732 0,001130
произношениявикипедия 3,912023 0,001476
проприетарное 3,218876 0,001215
проприетарных 3,506558 0,003970
просмотра 2,040221 0,000770
просмотры -0,009950 -0,000004
простой 2,659260 0,001003
простые 2,407946 0,000909
процесса 1,714798 0,000647
процессами 2,302585 0,000869
процессов 1,347074 0,000508
процессорами 3,506558 0,001323
процессорах 3,218876 0,001215
процессоров 2,995732 0,001130
прочее 0,653926 0,000247
прочих 1,560648 0,000589
прошлом 1,108663 0,000418
прощай 3,506558 0,001323
проще 2,659260 0,001003
путеводитель 0,713350 0,000269
пыталась 2,995732 0,001130
работает 0,755023 0,000285
работали 1,469676 0,001109
работать 1,108663 0,001255
работают 0,673345 0,000254
работающим 3,506558 0,001323
работу 0,693147 0,000262
работы 0,314711 0,000475
рабочая 2,207275 0,000833
рабочего 1,897120 0,002864
рабочие 1,832581 0,001383
рабочих 1,108663 0,000418
разбивать 3,218876 0,001215
развернув 3,912023 0,001476
развитие 0,314711 0,000356
развития 0,287682 0,000109
раздел 0,891598 0,000336
разделы 2,407946 0,000909
различном 3,912023 0,001476
различные 0,693147 0,000262
различными 1,609438 0,000607
различных 0,385662 0,000728
размере 1,897120 0,000716
размещением 2,813411 0,001062
разное 1,966113 0,000742
разным 1,609438 0,001215
разных 0,510826 0,000193
разочарован 3,912023 0,001476
разрабатываемая 3,506558 0,001323
разработали 2,659260 0,002007
разработан 1,347074 0,000508
разработанные 3,506558 0,002646
разработанным 3,506558 0,001323
разработать 2,995732 0,001130
разработке 1,560648 0,000589
разработки 1,203973 0,004089
разработку 1,897120 0,001432
разработчик 2,040221 0,000770
разработчиками 3,218876 0,003644
разработчики -0,009950 -0,000011
разработчиков 2,302585 0,000869
разработчику 3,912023 0,001476
райзер 3,912023 0,001476
рамках 0,544727 0,000206
рамки 2,207275 0,000833
рамм 3,912023 0,001476
ранее 0,430783 0,000163
ранняя 2,525729 0,001906
распространение 1,237874 0,001868
распространенные 2,525729 0,001906
распространенными 2,525729 0,000953
распространенных 2,120264 0,000800
распространяются 2,525729 0,001906
растет 1,660731 0,000627
расчеты 2,813411 0,001062
расширение 0,527633 0,000199
расширяется 2,407946 0,000909
реализации 0,994252 0,000375
реализация 1,560648 0,001178
реализовывать 2,813411 0,001062
реализуемыми 3,912023 0,001476
реализуются 2,659260 0,001003
реальном 2,525729 0,000953
революционная 3,506558 0,001323
региональной 1,966113 0,000742
региональный 1,347074 0,000508
регионы 1,049822 0,000396
ред 0,235722 0,000178
редакторы 3,218876 0,001215
реже 2,302585 0,000869
результат 1,469676 0,000555
результате 0,342490 0,000129
результаты 1,237874 0,000467
рекламную 3,912023 0,001476
рекомендуемой 3,912023 0,001476
ремнант 3,912023 0,001476
ресурсами 2,040221 0,000770
ресурсов 0,798508 0,000301
ресурсы 0,020203 0,000008
решающие 3,912023 0,001476
решений 1,660731 0,000627
решения 0,967584 0,000730
ричард 3,506558 0,002646
роббинс 3,506558 0,001323
роберт 2,302585 0,000869
родственными 3,506558 0,001323
роли 1,966113 0,001484
россии 0,186330 0,000141
российское 1,771957 0,000669
рус 0,162519 0,000123
русиньскыйсаха 0,000000 0,000000
русский -0,009950 -0,000004
рынка 1,237874 0,002336
рынках 2,659260 0,001003
рынке 1,609438 0,001822
рынок 1,021651 0,000771
рыночная 2,407946 0,001817
ряд 0,385662 0,001164
самвел 3,912023 0,001476
самого 0,891598 0,000673
самой 0,916291 0,000346
самостоятельную 2,207275 0,000833
самую 2,659260 0,001003
самые 1,021651 0,000771
самый 0,579818 0,000438
самых 0,544727 0,000411
сборке 3,218876 0,001215
сборку 3,912023 0,001476
свернуть 3,912023 0,001476
света 1,714798 0,000647
свободная 2,659260 0,001003
свободного 3,218876 0,002429
свободное 2,407946 0,000909
свободной -0,009950 -0,000008
свободном 2,995732 0,001130
свободные 2,813411 0,001062
свободных 2,040221 0,002310
своего 0,776529 0,000293
своей 0,776529 0,000879
свои 0,755023 0,000285
своим 0,967584 0,000365
своих 0,776529 0,000586
свой 0,653926 0,000494
свыше 0,891598 0,000336
свяжитесь -0,009950 -0,000004
связаны 1,237874 0,000467
сгладил 3,912023 0,001476
сделать 1,386294 0,000523
себестоимость 3,912023 0,004429
сегодня 0,616186 0,000233
семейства 1,966113 0,002226
семействе 3,506558 0,001323
семейство 2,813411 0,004247
семейством 3,506558 0,001323
семь 1,309333 0,000494
сентября 0,072571 0,000329
серверного 3,506558 0,001323
серверное 3,506558 0,001323
серверных 2,995732 0,002261
серверов 2,813411 0,004247
серверы 2,995732 0,003391
сервисные 3,912023 0,001476
сервисы 2,525729 0,000953
середину 2,659260 0,001003
сертифицируются 3,912023 0,001476
серьезную 2,407946 0,000909
сетевого 2,995732 0,001130
сетевыми 3,912023 0,001476
сети 0,494296 0,000187
систем 0,798508 0,006629
система 0,235722 0,000178
системами 1,832581 0,001383
системах 1,771957 0,003343
системе 0,733969 0,000831
системеобсуждениевкладсоздать -0,009950 -0,000004
системное 3,506558 0,001323
системных 3,506558 0,001323
системой 1,309333 0,001976
систему 0,673345 0,000762
системы 0,342490 0,003231
системыдля 3,506558 0,001323
системыоперационные 3,912023 0,001476
сказали 3,506558 0,001323
скачать -0,009950 -0,000004
скомпилированное 3,912023 0,001476
сконцентрировались 3,912023 0,001476
скотт 2,995732 0,001130
скрытым 3,912023 0,001476
словари 0,116534 0,000044
слово 0,673345 0,000254
сложнее 3,218876 0,001215
сложность 2,040221 0,000770
службы 0,798508 0,000301
служебные 3,218876 0,001215
служебных 2,525729 0,000953
случае 0,843970 0,000637
случаев 1,469676 0,000555
случаях -0,009950 -0,000004
сми 0,867501 0,000327
смысле 1,832581 0,000692
снабжение 3,912023 0,001476
снижает 2,302585 0,000869
снизить 2,302585 0,000869
собственной 1,660731 0,000627
собственном 3,506558 0,001323
собственные 1,469676 0,000555
собственным 2,995732 0,001130
событияпожертвовать -0,009950 -0,000004
совместимой 3,912023 0,002952
совместимы 3,912023 0,002952
совместимый 3,912023 0,001476
совокупная 3,506558 0,001323
совокупный 3,218876 0,001215
современного 0,653926 0,000494
современные 0,916291 0,000346
согласно 0,301105 0,000227
соглашениях 3,506558 0,001323
содержание 0,010050 0,000004
создания 0,653926 0,000494
созданного 2,659260 0,001003
созданный 1,560648 0,001178
создатель 2,302585 0,000869
создателю 3,506558 0,001323
создать 1,171183 0,000442
создаются 2,040221 0,001540
сомнение 2,407946 0,000909
сомнения 2,813411 0,001062
сообщить -0,009950 -0,000004
соответствии 0,446287 0,000168
соответствующих 1,609438 0,000607
сопровождения 3,218876 0,001215
сосредоточены 2,207275 0,000833
составе 0,616186 0,000233
составила 1,021651 0,000386
составляет 0,314711 0,000238
составляла 1,272966 0,000480
состоянию 0,544727 0,000206
состояния 1,203973 0,000454
сохранением -0,009950 -0,000004
спб 0,385662 0,000437
специально 1,714798 0,001294
специальные 1,660731 0,000627
специальныеминималистичные 3,912023 0,001476
спецификой 3,506558 0,001323
списка 1,469676 0,000555
список 0,248461 0,000094
спор 3,506558 0,003970
сравнение 2,040221 0,000770
сравнении 2,995732 0,002261
сравнений 3,912023 0,001476
сравнив 3,912023 0,001476
сравнивая 3,912023 0,001476
сравняется 3,912023 0,001476
сред 2,995732 0,001130
среда 1,386294 0,000523
средах 2,659260 0,001003
среди 0,198451 0,000524
средств 0,597837 0,000677
средства 0,415515 0,000314
српски 0,000000 0,000000
српскохрватски 0,000000 0,000000
ссылается 3,506558 0,001323
ссылками 0,186330 0,000141
ссылкасведения -0,009950 -0,000004
ссылки -0,009950 -0,000023
стабильная 0,994252 0,000375
стабильно 2,407946 0,000909
стабильные 3,912023 0,001476
стабильный 2,995732 0,001130
ставится 2,813411 0,001062
ставящих 3,912023 0,001476
стал 0,314711 0,000238
стала 0,462035 0,000349
стандартах 2,995732 0,001130
стандартизации 2,525729 0,000953
стандартная 2,207275 0,000833
стандартной 2,525729 0,001906
стандартным 3,218876 0,001215
стандартов 2,525729 0,000953
становится 0,527633 0,000199
станут 2,120264 0,000800
станции 0,693147 0,000523
станций 1,309333 0,000494
статистика -0,009950 -0,000004
статьи 0,072571 0,000082
статьислучайная -0,009950 -0,000004
статьисообществофорумсправкасвежие -0,009950 -0,000004
статья 0,105361 0,000080
статьяобсуждение -0,009950 -0,000004
статьятекущие -0,009950 -0,000004
стационарно 3,912023 0,001476
степени 0,843970 0,000318
стоимости 1,966113 0,000742
стола 2,813411 0,004247
столлман 3,912023 0,002952
столь 1,714798 0,000647
стороны 0,430783 0,000325
страница -0,009950 -0,000004
страницасодержаниеизбранные -0,009950 -0,000004
страницецитировать -0,009950 -0,000004
страницуполучить -0,009950 -0,000004
страницы -0,009950 -0,000008
страницыслужебные -0,009950 -0,000004
строка 2,525729 0,001906
строке 1,609438 0,000607
строки 2,040221 0,000770
строку 2,995732 0,002261
структур 2,659260 0,001003
структуры 1,171183 0,000442
студией 3,218876 0,001215
судебных 2,659260 0,001003
сумели 2,813411 0,001062
сумму 2,207275 0,000833
суперкомпьютер 3,218876 0,001215
суперкомпьютера 3,506558 0,001323
суперкомпьютерах 3,912023 0,001476
суперкомпьютеров 3,506558 0,002646
суперкомпьютеровскрытые 3,912023 0,001476
суперкомпьютеры 3,506558 0,002646
существовал 1,469676 0,000555
существует 0,446287 0,001684
существуют 0,162519 0,000123
существующему 3,506558 0,001323
сценарных 3,912023 0,001476
счет 0,673345 0,000254
сша 0,562119 0,000212
сюдасвязанные -0,009950 -0,000004
такая 1,386294 0,000523
также 0,000000 0,000000
такие 0,261365 0,000296
таким 0,527633 0,000398
такими 1,660731 0,000627
таких 0,510826 0,000771
таковыми 2,813411 0,001062
таковых 2,659260 0,001003
такого 1,237874 0,000934
таком 1,660731 0,000627
талисманом 3,912023 0,001476
таненбаума 3,912023 0,002952
тарашкев 0,000000 0,000000
татарча 0,000000 0,000000
тебе 0,000000 0,000000
текст -0,009950 -0,000004
текстах 2,525729 0,000953
текстовые 2,813411 0,001062
телефону 2,659260 0,001003
телефоны 2,813411 0,001062
теодор 3,506558 0,001323
терминала 2,525729 0,003812
тестировании 3,506558 0,001323
тестовые 3,912023 0,001476
технической 2,207275 0,000833
технологической 2,525729 0,000953
течение 0,527633 0,000199
типичного 3,506558 0,001323
товарный -0,009950 -0,000004
той 1,049822 0,000792
тонкий 3,218876 0,001215
торвальдс 3,912023 0,008857
торвальдса 3,912023 0,002952
торвальдсу 3,912023 0,001476
торговая 1,660731 0,000627
традиционно 1,347074 0,000508
традиционные 1,966113 0,000742
труд 1,660731 0,000627
трудно 2,407946 0,000909
трудности 2,407946 0,000909
тсо 3,912023 0,001476
тыла 1,897120 0,000716
тыс 0,430783 0,000163
тысяч 0,415515 0,000157
тысячи 0,597837 0,000226
увеличению 2,040221 0,000770
увеличилась 1,427116 0,000539
углов 3,218876 0,001215
удаленная 3,506558 0,001323
удмуртукра 0,000000 0,000000
удобен 3,218876 0,001215
удобной 3,506558 0,001323
удобству 3,506558 0,001323
указан 0,139262 0,000053
указанием -0,009950 -0,000004
указаны 3,218876 0,001215
улучшили 3,912023 0,001476
умный 2,813411 0,001062
умолчанию 2,525729 0,000953
университете 1,560648 0,000589
уорд 3,218876 0,001215
уоррен 3,218876 0,001215
упомянутых 3,506558 0,001323
управлением 1,427116 0,001616
управления 0,415515 0,000470
управляет 2,525729 0,000953
уровень 0,579818 0,000219
уровне 0,916291 0,000346
уровня 0,634878 0,000479
условий -0,009950 -0,000008
условия -0,009950 -0,000008
успеха 2,525729 0,000953
успешного 2,207275 0,000833
устанавливаются 2,995732 0,001130
устанавливая 3,912023 0,001476
установить 2,207275 0,000833
установка 2,659260 0,001003
установки 1,897120 0,004295
установку 3,218876 0,001215
установленной 2,995732 0,001130
установленные 2,525729 0,000953
установщик 3,912023 0,001476
устаревших 2,525729 0,000953
устройств 2,120264 0,003200
устройства 1,309333 0,000494
устройство 1,021651 0,000771
утверждая 2,995732 0,001130
утилит 3,912023 0,001476
участие -0,009950 -0,000008
учебные 1,108663 0,000418
учетную -0,009950 -0,000004
уязвимостей 2,995732 0,001130
уязвимостями 3,912023 0,001476
уязвимостях 3,912023 0,001476
файле 2,120264 0,000800
файловой 2,995732 0,001130
фальсификации 3,506558 0,001323
февраль 1,272966 0,000480
февраля 0,051293 0,000290
федеральное 1,832581 0,000692
федеральной 0,891598 0,000336
фирмах 3,506558 0,001323
фирменных 3,506558 0,001323
фирмы 2,120264 0,000800
флеш-накопителя 3,912023 0,001476
фолькердинг 3,912023 0,001476
фонд -0,009950 -0,000004
форки 3,912023 0,001476
форма 1,514128 0,000571
формальных 2,995732 0,001130
формам 2,659260 0,001003
форматов 2,525729 0,000953
форматы 2,407946 0,000909
форме 0,941609 0,000355
франция 1,560648 0,000589
фрг 2,995732 0,001130
функции 1,049822 0,000396
функциональностью 3,912023 0,001476
функциями 2,659260 0,001003
хакер 3,506558 0,002646
хакеров 3,218876 0,001215
ханс 3,912023 0,001476
характерна 1,966113 0,000742
хельсинкском 3,912023 0,001476
хилл 3,912023 0,001476
хорватская 1,897120 0,000716
хостинг 3,506558 0,001323
хостинга 3,506558 0,001323
хотя 0,653926 0,000494
целевой 2,302585 0,001738
целей 1,966113 0,000742
целенаправленно 3,506558 0,001323
целом 0,755023 0,000570
целый 1,609438 0,000607
целью 0,733969 0,000554
целями 3,218876 0,001215
центра 0,562119 0,000212
централизованы 3,506558 0,001323
цену 2,813411 0,001062
цены 2,040221 0,001540
циммерман 3,506558 0,001323
части 0,198451 0,000150
частному 3,506558 0,001323
частности 0,462035 0,000697
часто 0,415515 0,000470
часть 0,105361 0,000080
частью 0,755023 0,000285
чаще 1,171183 0,000442
человеко-лет 3,912023 0,001476
ченнел 3,912023 0,001476
четвертое 2,040221 0,000770
числе 0,248461 0,000188
читатьправитьправить 0,494296 0,000187
чрезвычайно 2,120264 0,000800
шагов 2,813411 0,001062
шаттлворт 3,912023 0,001476
широко 0,673345 0,000254
широком 2,120264 0,000800
школ 0,994252 0,000375
школьный 2,813411 0,001062
штата 2,813411 0,002123
экспорт -0,009950 -0,000004
электронного 1,897120 0,000716
электронных 1,897120 0,000716
элементов 1,309333 0,000494
элементы 0,891598 0,000336
эльбрус 2,995732 0,002261
эльбрус-д 0,000000 0,000000
эмулятора 3,912023 0,002952
энди 3,912023 0,001476
эндрю 2,995732 0,001130
энциклопедии -0,009950 -0,000008
эстремадуре 3,912023 0,001476
эта 0,000000 0,000000
этих 0,400478 0,000453
это 0,000000 0,000000
юингом 3,912023 0,001476
является 0,094311 0,000178
являлась 2,040221 0,000770
являются 0,248461 0,000563
ядра 2,407946 0,009995
ядре 3,218876 0,001215
ядро 1,660731 0,005640
ядром 1,832581 0,000692
язык 0,116534 0,000044
языка 0,798508 0,000603
языках -0,009950 -0,000004
языков 1,203973 0,000454
января 0,116534 0,000792
янукс 3,912023 0,001476
