август 1,237874 0,001647
августа 0,072571 0,000257
аврора 2,302585 0,001021
автоматическое 2,659260 0,001179
автоматы 3,506558 0,003110
авторства -0,009950 -0,000004
администратор 3,218876 0,001427
администрирования 3,912023 0,001735
адресация 3,506558 0,001555
адресном 3,912023 0,001735
адресных 3,912023 0,001735
аза 3,912023 0,001735
активные 2,813411 0,001248
актуальное 2,995732 0,001328
алгоритмыпланирования 3,912023 0,001735
алфавитуоперационные 3,506558 0,001555
алфавитупро 1,771957 0,000786
альбомы 3,218876 0,001427
альтернатив 3,506558 0,001555
аналогичная 2,995732 0,001328
англ 0,174353 0,003247
аппаратного 3,506558 0,001555
аппаратноеобеспечение 3,912023 0,001735
апрель 1,469676 0,001303
апреля 0,174353 0,001160
архивации 3,912023 0,001735
архивированная 1,560648 0,001384
архивировано 0,020203 0,000511
архитектура 0,755023 0,000335
архитектурами 3,912023 0,001735
архитектурах 3,506558 0,001555
архитектуре 1,609438 0,000714
аспекты 2,120264 0,000940
ассоциации 1,771957 0,000786
атрибуты 2,813411 0,001248
аудио 2,120264 0,000940
балмер 3,912023 0,001735
банкоматы 3,506558 0,001555
баш 3,506558 0,001555
безопасности 1,139434 0,001516
безопасность 1,469676 0,000652
безопасными 3,506558 0,001555
беларуская 0,000000 0,000000
беларускаябългарски 0,000000 0,000000
бесплатны 3,912023 0,001735
бесплатные 2,302585 0,001021
беспроводная 3,218876 0,001427
библиографических 0,094311 0,000042
библиотек 0,967584 0,000429
бизнеса 0,967584 0,000429
битного 3,912023 0,003470
битное 3,912023 0,001735
битной 3,912023 0,001735
битные 3,912023 0,001735
битными 3,912023 0,001735
битных 3,218876 0,001427
блог 2,302585 0,001021
блокировало 3,912023 0,001735
блокнот 3,218876 0,001427
боковая 3,506558 0,001555
большая 0,072571 0,000097
брайан 3,218876 0,001427
брандмауэр 3,506558 0,001555
браузер 2,525729 0,001120
браузера 2,659260 0,001179
брябрин 3,912023 0,001735
варианты 1,309333 0,001161
ввод-вывод 3,506558 0,001555
ввода 2,207275 0,000979
веб-сайт 2,813411 0,001248
ведет 1,203973 0,000534
верно 3,506558 0,001555
версией 2,813411 0,001248
версии 0,446287 0,001979
версий 1,347074 0,003584
версию 2,207275 0,000979
версия -0,009950 -0,000221
версиябудущая 3,912023 0,001735
версияправитьправить 1,237874 0,000549
версиятекущая 3,912023 0,001735
версиятестовая 3,912023 0,001735
вести 0,843970 0,000374
видео 1,049822 0,000466
видеопроигрыватель 3,912023 0,001735
видишь 3,506558 0,001555
викиданных -0,009950 -0,000004
викимедиа -0,009950 -0,000004
википедии -0,009950 -0,000009
википедия -0,009950 -0,000013
викисклад 1,897120 0,000841
викискладвикиновостиэлемент 1,897120 0,000841
викискладе 0,174353 0,000077
викисловарь 3,218876 0,001427
викиучебник 2,659260 0,001179
виктор 1,386294 0,000615
вильямс 1,966113 0,001744
виртуальная 1,897120 0,002524
виртуальное 2,995732 0,001328
виртуальной 2,302585 0,001021
виртуальную 3,506558 0,001555
включает 0,462035 0,000615
включать 1,897120 0,000841
включают 1,609438 0,000714
включения 1,771957 0,000786
включительно 2,995732 0,002657
внешние 0,051293 0,000023
возможен 2,120264 0,000940
возможность 0,616186 0,000547
возобновления 3,506558 0,001555
вокруг 0,693147 0,000307
волшебные 0,040822 0,000018
восстановление 1,609438 0,000714
восстановления 1,897120 0,001683
времени 0,186330 0,000744
время 0,030459 0,000081
встраиваемая 3,912023 0,001735
встраиваемые 3,218876 0,001427
встраиваемых 3,506558 0,004665
встраиванию 3,912023 0,001735
встроенные 3,218876 0,001427
вся 0,994252 0,000441
второе 1,272966 0,000565
второй 0,274437 0,000243
входа 1,832581 0,000813
вхождением 3,506558 0,001555
вывода 2,302585 0,001021
выделенного 3,506558 0,001555
выделенной 3,912023 0,001735
выделенный 3,912023 0,001735
выделяет 2,995732 0,001328
вызовов 3,912023 0,001735
вызовы 3,506558 0,003110
выплатила 3,912023 0,001735
выполнения 1,560648 0,001384
выполняла 3,912023 0,001735
выпуск 0,916291 0,000406
выпуска 1,714798 0,000760
выпускались 3,218876 0,001427
выпускаются 2,302585 0,001021
выпущена 1,609438 0,000714
выпущенная 2,995732 0,001328
выравнены 3,912023 0,001735
вытесняющая 3,912023 0,001735
вытесняющей 3,912023 0,001735
вытесняющую 3,912023 0,001735
вычислительная 2,659260 0,001179
вышло 2,525729 0,001120
гейтс 3,506558 0,001555
гибридное 3,912023 0,003470
гилмартин 3,912023 0,001735
главнейшая 3,912023 0,001735
года -0,009950 -0,000287
годах 0,385662 0,000171
году 0,072571 0,000161
готовых 2,207275 0,001958
графики 2,120264 0,000940
графику 2,995732 0,001328
графические 2,995732 0,002657
графических 2,659260 0,001179
графического 3,218876 0,002855
графической 3,506558 0,001555
групп 1,514128 0,000671
группа 0,693147 0,000307
данного 1,714798 0,000760
данному 1,966113 0,000872
данный 0,713350 0,000316
данным 0,415515 0,000921
данными 1,514128 0,000671
данных 0,616186 0,000547
дата 0,030459 0,000675
действовать -0,009950 -0,000004
декабрь 1,108663 0,000492
декабря 0,105361 0,000280
ден 3,912023 0,001735
дефрагментация 3,912023 0,003470
диалектика 2,207275 0,000979
диктор 3,912023 0,001735
динамических 3,218876 0,001427
директоров 2,995732 0,001328
диска 2,813411 0,002495
дисков 3,506558 0,001555
дискуссий 2,813411 0,001248
диспетчер 2,995732 0,017270
длинных 2,813411 0,001248
добавлен 2,813411 0,001248
добавлением 3,506558 0,003110
добавлены 2,659260 0,001179
добавляющим 3,912023 0,001735
довольно 0,891598 0,000395
долей 2,813411 0,001248
должного 3,912023 0,001735
доли 1,832581 0,000813
доля 0,733969 0,000651
дома 0,798508 0,000354
доменов 3,506558 0,001555
дополнительные -0,009950 -0,000009
достаточно 0,820981 0,000364
доступа 1,309333 0,001161
доступен -0,009950 -0,000004
драйвер 3,218876 0,001427
драйверов 3,506558 0,001555
другие 0,030459 0,000081
другим 0,733969 0,000325
другими 0,616186 0,000273
других -0,009950 -0,000013
другое 1,049822 0,000466
другому 2,302585 0,002042
дублон 3,912023 0,001735
единообразие 3,912023 0,001735
жизненного 3,506558 0,006220
журнал 0,510826 0,000227
журналирование 3,912023 0,001735
зависание 3,912023 0,001735
заглавная -0,009950 -0,000004
загрузка 2,995732 0,001328
загрузки 2,995732 0,007971
загрузку 3,218876 0,001427
загрузчик 3,912023 0,001735
задач 1,386294 0,003074
закончен 3,506558 0,001555
закрытый 2,407946 0,001068
заметили 3,912023 0,001735
замечена 3,506558 0,001555
записей 2,525729 0,001120
записи 1,560648 0,001384
записки 1,560648 0,000692
запись 2,040221 0,000905
записьвойти -0,009950 -0,000004
запрос 1,514128 0,000671
запроса 2,407946 0,001068
запуск 2,120264 0,002821
запуска 1,832581 0,000813
зарегистрированный -0,009950 -0,000004
захваченном 3,912023 0,001735
защита 1,469676 0,003259
защитник 3,218876 0,001427
защиты 0,941609 0,001253
защищенного 3,506558 0,001555
заявление -0,009950 -0,000004
збекча 0,000000 0,000000
звукозапись 3,218876 0,001427
знак -0,009950 -0,000004
значения 0,105361 0,000140
значительно 0,510826 0,000227
иадресация 3,912023 0,001735
играй 3,912023 0,001735
игровые 2,995732 0,001328
игры 1,203973 0,001068
издание 0,776529 0,000344
изменен 2,813411 0,001248
изменений 1,272966 0,000565
изначально 1,309333 0,000581
имеет 0,235722 0,000314
имел 1,469676 0,000652
имен 1,771957 0,001572
имени 0,462035 0,000205
иметь 1,272966 0,000565
имеют 0,371064 0,000165
индекс 0,941609 0,000418
индустрии 1,771957 0,000786
инициализации 3,506558 0,003110
инструменты -0,009950 -0,000009
интегрированные 2,995732 0,002657
интернет 0,916291 0,000406
интернет-статистика 3,912023 0,005204
интерпретатор 2,995732 0,001328
интерфейс 2,120264 0,003761
интерфейса 2,407946 0,003203
интерфейсов 2,813411 0,002495
интерфейсы 2,659260 0,002359
исключила 3,912023 0,001735
исполнения 1,469676 0,001303
исполняемых 2,995732 0,001328
исполнять 2,995732 0,001328
использовала 2,659260 0,001179
использовалась 1,771957 0,000786
использовались 1,660731 0,000736
использование 0,891598 0,000791
использования -0,009950 -0,000004
использованы 2,659260 0,001179
используется 0,616186 0,000273
используются 0,916291 0,000406
использующие 0,040822 0,000036
исправленное 2,813411 0,001248
исправляло 3,912023 0,001735
испытывались 3,506558 0,001555
исследователи 1,469676 0,000652
исторические 0,941609 0,000418
история 0,051293 0,000023
источник -0,009950 -0,000004
источников 0,371064 0,000165
исходный 2,407946 0,002136
июля 0,116534 0,000827
июнь 0,544727 0,000725
июня 0,116534 0,002119
каждое 1,714798 0,001521
каждому 1,966113 0,001744
каждый 0,733969 0,000325
календарь 1,514128 0,000671
калькулятор 2,659260 0,001179
кампании 2,659260 0,001179
карманные 3,912023 0,001735
карусели 3,506558 0,001555
кассовые 3,506558 0,001555
каталанская 0,527633 0,000234
каталогах 0,094311 0,000042
категории -0,009950 -0,000009
категория 0,916291 0,000406
качество 1,309333 0,000581
кбайт 3,912023 0,001735
квант 2,995732 0,002657
кванта 3,506558 0,001555
киев 1,560648 0,000692
киностудия 2,302585 0,001021
китайская 0,776529 0,000689
китайском 3,506558 0,001555
классов 1,660731 0,000736
клиент 2,813411 0,001248
клиенты 2,995732 0,001328
книга 0,843970 0,000374
книги 0,916291 0,000406
код -0,009950 -0,000075
кода 0,798508 0,000354
кодекс -0,009950 -0,000004
кодистория 0,116534 0,000052
кодовое 2,995732 0,001328
кольца 2,120264 0,000940
командной 2,525729 0,001120
коммерческих 1,714798 0,000760
компании 0,579818 0,000257
компанию 2,302585 0,001021
компания 0,653926 0,000290
компоненты 1,609438 0,003569
компьютер 2,659260 0,001179
компьютерной 2,207275 0,000979
компьютеров 1,897120 0,001683
компьютеры 2,525729 0,001120
конкурентов 3,218876 0,001427
конкуренции 2,659260 0,001179
конкурирующих 3,218876 0,001427
консоль 3,506558 0,004665
контакты 2,659260 0,001179
контекста 2,995732 0,002657
контроль 1,427116 0,000633
конфигурация 3,218876 0,001427
конфиденциальности -0,009950 -0,000004
кооперативная 3,506558 0,001555
координатор 3,506558 0,001555
копия 0,328504 0,000583
короткий -0,009950 -0,000004
корпорации 2,120264 0,000940
кортана 3,912023 0,001735
косынка 3,912023 0,001735
которое 0,478036 0,000212
который 0,105361 0,000047
которых 0,094311 0,000042
куки -0,009950 -0,000004
куча 3,218876 0,001427
кыргызча 0,000000 0,000000
кэш 2,995732 0,002657
легенда 2,407946 0,001068
ливингстон 3,912023 0,001735
литература 0,061875 0,000055
литовская 1,309333 0,000581
лицензии -0,009950 -0,000009
лицензионная 3,506558 0,001555
лицензионную 3,912023 0,001735
лицензирование 3,506558 0,001555
лицензированной 3,912023 0,001735
лицензия 2,040221 0,000905
логических 2,813411 0,001248
логотип 3,506558 0,013995
локальных 2,207275 0,000979
лупа 3,912023 0,001735
люди 0,755023 0,000335
майкрософт 3,218876 0,007137
мак-федрис 3,912023 0,001735
македонски 0,000000 0,000000
мало 1,427116 0,001266
маркурдт 3,912023 0,001735
март 0,616186 0,000547
марта 0,139262 0,000556
материал -0,009950 -0,000004
машина 2,040221 0,001810
машину 2,813411 0,001248
мая 0,139262 0,000926
медиапроигрыватели 3,912023 0,001735
медиафайлы 0,301105 0,000134
медицинские 1,897120 0,000841
менеджер 2,659260 0,001179
менеджеры 3,218876 0,001427
меньше 0,755023 0,000335
меню 2,659260 0,001179
месяце 3,506558 0,001555
метод 1,771957 0,000786
механизм 1,660731 0,000736
микро 3,912023 0,001735
мире 0,494296 0,000219
михайлович 1,386294 0,000615
мнению 0,967584 0,000429
многозадачности 3,912023 0,001735
многозадачность 3,912023 0,005204
многозадачностью 3,912023 0,001735
многопользовательскими 3,912023 0,001735
многопоточность 3,912023 0,001735
многоуровневые 2,995732 0,001328
многофункциональным 3,218876 0,001427
многоязычная 3,506558 0,001555
мобильная -0,009950 -0,000009
мобильности 2,995732 0,001328
мобильные 2,207275 0,000979
мобильных 2,525729 0,001120
могут -0,009950 -0,000018
модулей 2,525729 0,001120
модуль 0,941609 0,000418
момент 0,597837 0,000265
монгол 0,000000 0,000000
монолитное 3,506558 0,001555
морозов 2,207275 0,000979
музыкальные 1,966113 0,000872
музыкальный 1,469676 0,000652
мультимедиа 3,506558 0,001555
мультимедийные 3,218876 0,001427
мультипрограммирование 3,912023 0,001735
мьютекс 3,912023 0,001735
навигаторы 3,912023 0,001735
навигации -0,009950 -0,000004
навигационное 3,912023 0,001735
навигация -0,009950 -0,000009
наделла 3,912023 0,001735
назаров 2,813411 0,001248
название 0,198451 0,000176
названием 0,820981 0,000364
называется 0,916291 0,000406
называются 1,832581 0,000813
наиболее 0,139262 0,000124
наличие 1,108663 0,000492
наличии 2,040221 0,001810
нами -0,009950 -0,000004
нано 3,506558 0,001555
написания 1,897120 0,000841
например 0,328504 0,000437
нарушение 2,813411 0,001248
настоящее 0,328504 0,000728
настройка 3,218876 0,001427
наука 0,301105 0,000134
находился 0,776529 0,000344
начиная 0,733969 0,000976
неактуальны 3,912023 0,001735
недокументированный 3,912023 0,001735
недокументированных 3,912023 0,001735
некоммерческой -0,009950 -0,000004
некоторые 0,301105 0,000134
некоторых 0,494296 0,000219
нем 0,356675 0,000316
немедленно 3,218876 0,001427
немного 1,714798 0,000760
необходимо 1,237874 0,000549
неопр 3,506558 0,001555
неотъемлемой 2,813411 0,001248
неподдерживаемые 3,912023 0,001735
нераспознанным 3,506558 0,001555
несовместимую 3,506558 0,001555
нижележащей 3,912023 0,001735
новый 0,446287 0,000198
новых 0,430783 0,000191
ножницы 3,912023 0,001735
норвежская 0,248461 0,000110
носки 3,912023 0,001735
ноутбуков 3,218876 0,001427
ноябрь 1,171183 0,000519
ноября 0,127833 0,000567
нська 0,000000 0,000000
нуждаются 2,659260 0,001179
ныне 0,653926 0,000290
обеспечение 1,237874 0,001098
обеспечению 2,407946 0,001068
обеспечения 0,867501 0,001154
обеспечивал 2,659260 0,001179
обеспечивали 2,995732 0,001328
область 0,385662 0,000171
обмен 1,832581 0,001625
обновление 2,120264 0,000940
обновления 1,514128 0,002014
оболочка 3,912023 0,001735
оболочками 3,912023 0,001735
оболочки 2,525729 0,002240
оборачивались 3,912023 0,001735
оборудование 1,347074 0,000597
обработки 1,897120 0,000841
образование 0,494296 0,000219
образом 0,371064 0,000165
обратной 2,407946 0,001068
обращается 2,995732 0,001328
обращений 3,218876 0,001427
обращения 0,030459 0,000648
обслуживает 1,771957 0,000786
общая 0,673345 0,000299
общедоступности 3,912023 0,001735
общее 1,237874 0,000549
общий 0,916291 0,000406
объектам 2,659260 0,001179
объектов 0,527633 0,000234
объеме 1,832581 0,000813
объясняя 3,912023 0,001735
обязательный 2,813411 0,001248
ограниченном 3,218876 0,001427
ограничено 3,218876 0,001427
одинаковый 3,506558 0,001555
однако 0,174353 0,000232
окна 2,659260 0,002359
окнах 3,912023 0,001735
около 0,000000 0,000000
окон 2,813411 0,001248
октябрь 0,867501 0,001154
октября 0,083382 0,001257
онлайн 0,198451 0,000088
оно 0,000000 0,000000
оперативной 2,525729 0,001120
операционная 2,659260 0,001179
операционной 2,813411 0,004991
операционные 2,302585 0,009190
операционным 3,506558 0,001555
операционными 3,218876 0,002855
операционных 2,525729 0,007840
описание -0,009950 -0,000004
определение 1,660731 0,000736
определенный 2,120264 0,000940
опытными 1,714798 0,000760
организации -0,009950 -0,000004
оригинала 0,162519 0,000577
ориентированных 3,506558 0,001555
ортса 0,000000 0,000000
осведомленностью 3,912023 0,001735
основная 0,116534 0,000310
основные 0,223144 0,000495
основу 1,203973 0,000534
особенностей 1,832581 0,000813
особенностями 3,218876 0,001427
особой 2,120264 0,000940
оставалась 2,302585 0,001021
остальных 1,660731 0,000736
ответственности -0,009950 -0,000004
отвечал 2,813411 0,001248
отдельные 1,078810 0,000478
отдельных -0,009950 -0,000004
отказ -0,009950 -0,000004
отказаться 2,525729 0,001120
отличалась 2,813411 0,001248
отличаться 1,560648 0,000692
отличие 0,891598 0,000791
отличительными 3,506558 0,001555
отмененные 3,912023 0,001735
относится 0,733969 0,000325
относятся 0,713350 0,000316
отображение 2,525729 0,001120
отредактирована -0,009950 -0,000004
отсутствию 3,506558 0,001555
отчеты 2,995732 0,001328
официально 0,693147 0,000307
официального 2,040221 0,000905
официальный 0,510826 0,000453
очень 0,494296 0,000219
очереди 1,966113 0,001744
очередь 0,527633 0,000234
очистка 3,218876 0,001427
ошибка 1,832581 0,002438
ошибках 2,995732 0,001328
ошибкекак -0,009950 -0,000004
ошибки 1,897120 0,000841
падение 2,302585 0,001021
пакет 1,714798 0,001521
пакетов 2,813411 0,001248
пакеты 2,995732 0,001328
памяти 1,078810 0,001914
память 0,891598 0,001582
памятью 2,813411 0,002495
панель 2,813411 0,004991
панке 3,912023 0,001735
параметры 2,120264 0,001880
пасьянсы 3,912023 0,001735
паук 3,912023 0,001735
пер 1,108663 0,000492
первая 0,430783 0,000382
первой 0,462035 0,000205
первую 0,867501 0,000385
первые 0,494296 0,000438
первый 0,385662 0,000342
первых 0,653926 0,000290
передает 2,659260 0,001179
передаче 2,813411 0,001248
перейти -0,009950 -0,000009
переключение 2,995732 0,001328
переключением 3,912023 0,001735
перемещаемые 3,912023 0,001735
перенаправляется 1,771957 0,000786
переноса 2,120264 0,000940
переработка 2,995732 0,001328
перехватывает 3,912023 0,001735
периферийных 3,506558 0,001555
персональные -0,009950 -0,000004
персональных 2,525729 0,002240
печати -0,009950 -0,000009
печать -0,009950 -0,000009
пинбол 3,912023 0,001735
пионеры 3,912023 0,001735
планирование 3,506558 0,001555
планировщик 2,995732 0,003985
платежные 2,813411 0,001248
платная 3,506558 0,001555
платформа 1,714798 0,000760
платформы 1,272966 0,000565
плохой 3,912023 0,001735
поведения -0,009950 -0,000004
повторной 3,506558 0,001555
подала 3,506558 0,001555
поддерживаемая 2,659260 0,008255
поддерживаемые 2,407946 0,002136
поддерживаемым 3,506558 0,001555
поддерживает 1,609438 0,000714
поддерживается 1,897120 0,025239
поддерживаетсястарая 3,912023 0,001735
поддерживали 3,912023 0,001735
поддерживаются 2,813411 0,001248
поддержка 1,832581 0,005689
поддержки 1,560648 0,004845
поддержкой 2,525729 0,001120
поддержку 1,469676 0,001955
подкачка 3,912023 0,001735
подключил 3,912023 0,001735
подмножеством 3,506558 0,001555
подобные 1,609438 0,001427
подразделения 2,302585 0,001021
подробнее -0,009950 -0,000004
подсемейства 3,912023 0,001735
подсистема 3,506558 0,004665
подсистему 3,506558 0,001555
позднее 0,798508 0,000354
поиск -0,009950 -0,000009
поиску -0,009950 -0,000004
пока 0,843970 0,000374
поколения 1,897120 0,000841
пол 1,897120 0,001683
политика -0,009950 -0,000026
полная 2,040221 0,000905
полное 1,139434 0,000505
полностью 0,400478 0,000178
полные 2,407946 0,001068
полными 2,995732 0,001328
положено 2,813411 0,001248
получишь 3,506558 0,001555
пользователей 1,714798 0,001521
пользовательский 2,659260 0,001179
пользовательских 2,813411 0,001248
пользовательского 2,813411 0,001248
пользовательское 3,912023 0,001735
пользователя 1,966113 0,002616
помощник 3,506558 0,001555
помощью 0,634878 0,000845
понимают 2,302585 0,001021
понятие 1,469676 0,000652
популярна 3,506558 0,001555
популярность 2,302585 0,002042
поскольку 0,941609 0,000835
последней 1,714798 0,000760
последний -0,009950 -0,000004
последняя 0,342490 0,000759
последующего 2,813411 0,001248
поток 1,660731 0,001473
потока 2,302585 0,001021
потоками 2,813411 0,001248
потоки 2,040221 0,000905
потокобезопасным 3,912023 0,001735
потоков 2,813411 0,002495
потоку 3,218876 0,002855
почта 1,609438 0,001427
почтовый 1,108663 0,000492
появилась 0,820981 0,000728
прав 1,514128 0,000671
правами 2,659260 0,001179
править -0,009950 -0,000132
правка 0,328504 0,000146
правки 2,207275 0,000979
правкиновые -0,009950 -0,000004
правкипостоянная -0,009950 -0,000004
прародителем 3,912023 0,001735
предоставлялись 3,506558 0,001555
предотвращение 2,995732 0,001328
представились -0,009950 -0,000004
представлена 1,171183 0,000519
представленная 2,525729 0,001120
представлены 0,867501 0,000385
предыдущая 3,218876 0,001427
прекращена 2,659260 0,002359
прекращения 2,813411 0,001248
препятствия 3,506558 0,001555
прерывание 3,912023 0,001735
приборы 2,995732 0,001328
прикладных 2,120264 0,000940
приложение 1,309333 0,000581
приложений 1,832581 0,001625
приложению 3,912023 0,001735
приложения 1,514128 0,003357
приложениями 2,813411 0,001248
приложениях 2,659260 0,001179
применения 1,272966 0,000565
примененные 3,912023 0,001735
примерно 0,634878 0,000282
примечания -0,009950 -0,000009
принадлежит 1,203973 0,000534
принципу 2,302585 0,001021
приоритет 2,813411 0,001248
приоритетом 2,813411 0,001248
присутствовала 3,912023 0,001735
причем 0,994252 0,000441
проблемы 0,544727 0,000242
проверенной 1,771957 0,000786
проверка 2,995732 0,001328
проверки 0,994252 0,000441
проверялась 1,771957 0,000786
проводник 3,912023 0,003470
программ 1,203973 0,002136
программа 0,994252 0,000882
программное 1,714798 0,001521
программные 2,813411 0,002495
программный 2,995732 0,001328
программой-надстройкой 3,912023 0,001735
продаж 2,813411 0,001248
продаются 3,912023 0,003470
продуктов 1,237874 0,001647
продукты 1,832581 0,002438
проектах -0,009950 -0,000004
проекты 1,108663 0,000492
проигрыватели 3,912023 0,001735
проигрыватель 3,506558 0,001555
производителей 1,897120 0,000841
производительности 2,207275 0,000979
происходит 0,634878 0,000282
проприетарная 3,218876 0,002855
проприетарного 0,000000 0,000000
проприетарный 3,912023 0,001735
проприеттарных 0,000000 0,000000
просмотр 2,813411 0,002495
просмотробсуждениеправить 3,912023 0,001735
просмотры -0,009950 -0,000004
пространств 2,525729 0,001120
пространстве 1,897120 0,000841
пространство 1,203973 0,001068
профили 3,218876 0,001427
процесс 1,108663 0,000492
процессами 2,302585 0,001021
процессов 1,347074 0,000597
процессора 2,813411 0,004991
процессорами 3,506558 0,003110
процессорах 3,218876 0,001427
процессорного 3,912023 0,001735
процессоров 2,995732 0,005314
процессоры 3,506558 0,004665
прочее 0,653926 0,000290
прямо 1,714798 0,000760
публиковался 3,912023 0,001735
пуск 2,995732 0,002657
работаем 3,912023 0,001735
работает 0,755023 0,000335
работали 1,469676 0,000652
работать 1,108663 0,000492
работают 0,673345 0,000299
работы 0,314711 0,000279
рабочего 1,897120 0,000841
рабочий 1,427116 0,000633
рабочих 1,108663 0,001475
равно 2,040221 0,000905
развертывания 2,659260 0,001179
разгорается 3,912023 0,001735
разделение 1,660731 0,002209
различных 0,385662 0,000513
разные 1,139434 0,001011
разработанные 3,506558 0,001555
разработано 3,218876 0,002855
разработка 1,347074 0,002389
разработки 1,203973 0,000534
разработчик 2,040221 0,000905
разработчики -0,009950 -0,000004
разработчиков 2,302585 0,001021
рамки 2,207275 0,000979
ранние 1,660731 0,000736
ранних 2,302585 0,001021
распознавание 3,912023 0,001735
распределенная 2,813411 0,001248
распределенных 2,407946 0,001068
распространения 1,660731 0,000736
распространенной 2,659260 0,002359
распространенность 3,912023 0,005204
расширение 0,527633 0,000234
расширением 2,813411 0,001248
расширения 1,514128 0,001343
расширенная 3,506558 0,001555
реального 2,120264 0,004701
регистров 3,912023 0,001735
реестр 1,469676 0,000652
режим 1,108663 0,000492
режима 2,120264 0,002821
режиме 1,514128 0,000671
режимов 3,506558 0,001555
рекламные 2,659260 0,001179
релиз 3,218876 0,001427
репликации 3,218876 0,001427
ресурс 1,514128 0,000671
ресурса 3,218876 0,001427
ресурсов 0,798508 0,000708
ресурсы 0,020203 0,000009
речи 2,040221 0,000905
роботы 3,506558 0,001555
роль 0,579818 0,000257
руководство 1,272966 0,001694
рус 0,162519 0,000288
русиньскыйсаха 0,000000 0,000000
русский -0,009950 -0,000009
рыночная 2,407946 0,002136
сайт 0,371064 0,000165
сайта 1,771957 0,000786
сайты 0,478036 0,000212
сапер 3,912023 0,001735
свободно 2,302585 0,001021
свободной -0,009950 -0,000004
сводилась 3,218876 0,001427
своем 1,560648 0,000692
своих 0,776529 0,000344
свяжитесь -0,009950 -0,000004
связанные 1,021651 0,000453
связано 1,078810 0,000478
связи 0,235722 0,000105
связью 3,218876 0,001427
сегментации 3,506558 0,001555
сегментация 3,912023 0,001735
сегментная 3,912023 0,001735
секреты 2,995732 0,001328
сектор 1,714798 0,000760
семейств 2,995732 0,001328
семейства 1,966113 0,009591
семействе 3,506558 0,001555
семейство 2,813411 0,019962
семейством 3,506558 0,001555
семейству 3,912023 0,001735
сентября 0,072571 0,000579
серверное 3,506558 0,001555
серверные 3,218876 0,001427
серверных 2,995732 0,002657
серверов 2,813411 0,002495
серверы 2,995732 0,001328
серьезная 3,506558 0,001555
сетевая 2,813411 0,001248
сетей 1,272966 0,000565
сети 0,494296 0,000438
сеть 0,616186 0,000547
сетях 1,139434 0,000505
сжатие 2,995732 0,001328
символов 1,560648 0,000692
систем 0,798508 0,002833
система 0,235722 0,000627
системам 3,506558 0,001555
системами 1,832581 0,002438
системах 1,771957 0,000786
системе 0,733969 0,001302
системеобсуждениевкладсоздать -0,009950 -0,000004
системного 3,218876 0,001427
системные 2,995732 0,001328
системных 3,506558 0,003110
системой 1,309333 0,001161
систему 0,673345 0,000299
системы 0,342490 0,002582
системыдля 3,506558 0,001555
сканирование 3,218876 0,001427
скачаны 3,912023 0,001735
скачать -0,009950 -0,000004
скрытые 3,218876 0,001427
следующие 0,544727 0,000483
словари 0,116534 0,000052
сложной 2,659260 0,001179
служба 0,693147 0,001230
службами 3,506558 0,001555
службы 0,798508 0,001771
службыуправления 3,912023 0,001735
случае 0,843970 0,000374
случаях -0,009950 -0,000004
смартфонов 2,995732 0,002657
смартфоны 3,912023 0,001735
собой 0,328504 0,000146
собственной 1,660731 0,000736
событий 1,386294 0,001230
событияпожертвовать -0,009950 -0,000004
совет 0,916291 0,000406
совместимости 2,813411 0,001248
совместимость 2,813411 0,001248
совместимых 3,218876 0,001427
согласно 0,301105 0,000134
содержание 0,010050 0,000004
соединения 1,897120 0,000841
создает 1,832581 0,000813
создания 0,653926 0,000290
сокр 2,525729 0,001120
сокращению 2,407946 0,001068
солитер 3,912023 0,001735
сомнение 2,407946 0,001068
соображений 2,659260 0,001179
сообщениями 2,525729 0,001120
сообщить -0,009950 -0,000004
состава 1,171183 0,000519
составе 0,616186 0,000820
составила 1,021651 0,000453
состоится 2,813411 0,001248
состояли 2,995732 0,001328
состояние 0,733969 0,000651
состоянии 1,309333 0,000581
состоянию 0,544727 0,000242
сохранением -0,009950 -0,000004
сохранения 1,660731 0,000736
сохраняет 2,207275 0,000979
социальных 0,941609 0,000418
специально 1,714798 0,001521
списки 1,714798 0,000760
споров 3,218876 0,001427
способность 1,897120 0,000841
среди 0,198451 0,000176
средства 0,415515 0,000369
средство 2,525729 0,001120
среды 0,755023 0,000335
српски 0,000000 0,000000
српскохрватски 0,000000 0,000000
ссылкасведения -0,009950 -0,000004
ссылки -0,009950 -0,000026
ставят 2,659260 0,001179
стандартизацию 3,912023 0,001735
стандартного 3,912023 0,001735
стандартные 2,659260 0,001179
стандартных 2,813411 0,001248
станций 1,309333 0,001161
старая 0,430783 0,007068
статистика -0,009950 -0,000004
статьи 0,072571 0,000064
статьислучайная -0,009950 -0,000004
статьисообществофорумсправкасвежие -0,009950 -0,000004
статья 0,105361 0,000234
статьяобсуждение -0,009950 -0,000004
статьятекущие -0,009950 -0,000004
стек 3,506558 0,001555
стефан 2,995732 0,001328
стол 3,218876 0,001427
стола 2,813411 0,001248
сторонних 3,218876 0,002855
страниц 2,407946 0,001068
страница -0,009950 -0,000004
страницасодержаниеизбранные -0,009950 -0,000004
страницецитировать -0,009950 -0,000004
страницуполучить -0,009950 -0,000004
страницы -0,009950 -0,000018
страницыслужебные -0,009950 -0,000004
страничная 3,912023 0,001735
строки 2,040221 0,000905
структура 0,967584 0,000429
структуре 1,272966 0,000565
студия 1,966113 0,000872
суд 1,469676 0,000652
суперкомпьютера 3,506558 0,001555
сути 2,120264 0,000940
суффикса 3,506558 0,003110
существовали 1,309333 0,000581
существуют 0,162519 0,000072
сферы 1,309333 0,000581
сюда 1,108663 0,000492
сюдасвязанные -0,009950 -0,000004
таблица 0,653926 0,000580
также 0,000000 0,000000
такие 0,261365 0,000116
таким 0,527633 0,000234
такими 1,660731 0,000736
таких 0,510826 0,000906
такое 1,108663 0,000492
тарашкев 0,000000 0,000000
таррот 3,912023 0,001735
татарча 0,000000 0,000000
текст -0,009950 -0,000004
текущая 1,609438 0,002141
текущем 0,544727 0,000242
тематические 0,510826 0,000227
тенденцией 2,813411 0,001248
теневая 3,506558 0,003110
термина 0,400478 0,000178
терминалы 2,813411 0,003743
термином 2,302585 0,001021
тестовая 3,912023 0,001735
технологии 0,798508 0,000354
технологий 0,653926 0,000580
тип 0,356675 0,000158
типа 0,462035 0,000205
типы 1,514128 0,000671
товарный -0,009950 -0,000004
той 1,049822 0,000466
томашевский 3,506558 0,001555
тонкие 3,218876 0,001427
точка 1,309333 0,001161
транзакций 2,659260 0,002359
требуют 1,609438 0,000714
третий 1,203973 0,000534
трех 0,713350 0,000316
тыла 1,897120 0,000841
уведомлений 3,506558 0,001555
увеличением 2,120264 0,000940
удаленного 3,218876 0,001427
удаленной 3,912023 0,001735
удаленный 2,525729 0,001120
указан 0,139262 0,000062
указанием -0,009950 -0,000004
укра 0,000000 0,000000
улучшена 3,506558 0,003110
уни 3,912023 0,001735
универсальная 0,891598 0,000791
управление 0,527633 0,001170
управлением 1,427116 0,000633
управлениепроцессамиконцепции 3,912023 0,001735
управления 0,415515 0,000921
упреждающее 3,912023 0,001735
условии 2,813411 0,001248
условий -0,009950 -0,000004
условия -0,009950 -0,000009
усовершенствования 3,218876 0,001427
установки 1,897120 0,001683
устранены 3,912023 0,001735
устройств 2,120264 0,006582
уступили 3,506558 0,001555
участие -0,009950 -0,000004
участниками 1,309333 0,000581
учетная 3,912023 0,001735
учетную -0,009950 -0,000004
учетных 3,218876 0,001427
файл 2,040221 0,000905
файлов 1,966113 0,007847
файловая 3,218876 0,002855
файловыесистемы 3,912023 0,001735
файлы 2,525729 0,001120
факсы 3,912023 0,001735
факта 2,302585 0,001021
фатальные 3,912023 0,001735
февраль 1,272966 0,001694
февраля 0,051293 0,000205
фиксированным 3,506558 0,001555
фильтр 3,506558 0,001555
флеш-памяти 3,912023 0,001735
фойц 3,912023 0,001735
фонд -0,009950 -0,000004
фото 1,203973 0,000534
фотоальбом 3,506558 0,001555
фотографии 1,203973 0,000534
фотографий 2,659260 0,001179
функции 1,049822 0,000931
функция 1,832581 0,000813
хастингс 3,912023 0,001735
хорватская 1,897120 0,000841
хронология 1,771957 0,003143
цветков 3,912023 0,001735
целом 0,755023 0,000335
целостности 2,813411 0,001248
центр 0,400478 0,001066
центру 1,966113 0,000872
цикл 2,207275 0,000979
цикла 1,832581 0,003251
цифровые 0,673345 0,000299
часто 0,415515 0,000184
частью 0,755023 0,000335
червы 3,912023 0,001735
числе 0,248461 0,000110
читатьтекущая 1,237874 0,000549
шине 3,912023 0,001735
ширли 3,912023 0,001735
шифрование 2,813411 0,001248
шрифты 3,506558 0,001555
штраф 3,506558 0,001555
шульманом 3,912023 0,001735
эвм 2,659260 0,001179
экзо 3,912023 0,001735
экранная 3,912023 0,001735
экранный 3,912023 0,001735
экспорт -0,009950 -0,000004
эмуляторов 3,912023 0,001735
эндрю 2,995732 0,001328
энциклопедии -0,009950 -0,000009
эта 0,000000 0,000000
этих 0,400478 0,000178
это 0,000000 0,000000
юникода 3,218876 0,001427
юридических 2,207275 0,000979
является 0,094311 0,000167
являлись 1,897120 0,002524
являются 0,248461 0,000110
ядра 2,407946 0,007475
ядро 1,660731 0,005155
ядроархитектура 3,912023 0,001735
язык 0,116534 0,000052
языках -0,009950 -0,000004
языке 0,867501 0,000385
языки 1,309333 0,000581
языком 1,514128 0,000671
января 0,116534 0,000827
