абонент 2,120264 0,000806
абсолютно 2,302585 0,000875
абстрактный 2,120264 0,000806
август 0,072571 0,000055
автоматизировать 2,407946 0,001830
авторские 1,966113 0,000747
авторство -0,009950 -0,000008
агентство 0,798508 0,000607
агентура 3,912023 0,002973
агентурный 3,912023 0,001486
аз 2,302585 0,000875
акт 1,237874 0,000470
активный 0,527633 0,000200
акция 1,660731 0,000631
ал-кинди 3,912023 0,001486
алгоритм 1,771957 0,010772
алфавит 2,302585 0,002625
алфавитувикипедия 0,776529 0,000295
альберти 3,912023 0,001486
альпина 2,407946 0,000915
американский 0,994252 0,000378
анализ 0,967584 0,001838
анализданных 3,912023 0,001486
англ 0,174353 0,000397
апрель 0,150823 0,000287
арв 3,506558 0,001332
архив 0,446287 0,000170
архивировать 0,020203 0,000015
архивный 0,248461 0,000189
аршинов 3,912023 0,001486
ас 3,218876 0,001223
асимметричный 2,659260 0,009093
атака 2,120264 0,002417
атаковать 2,995732 0,001138
атбаш 3,912023 0,001486
аукцион 2,995732 0,001138
аутентификация 2,995732 0,002276
бабаш 3,912023 0,004459
байт 2,813411 0,001069
бакалавриат 3,218876 0,001223
банковский 1,427116 0,001084
баранова 2,659260 0,001010
баричев 3,912023 0,001486
баттиста 3,912023 0,001486
баш 3,506558 0,001332
безопасность 0,916291 0,002785
бенало 3,912023 0,001486
библиографический 0,083382 0,000032
бизнес-разведка 3,912023 0,001486
бит 2,995732 0,003415
битовый 3,218876 0,001223
ближний 1,469676 0,000558
блок 1,347074 0,001024
блюм 3,912023 0,001486
большой 0,040822 0,000062
брюс 3,912023 0,001486
буква 1,427116 0,001084
бумага 1,560648 0,001186
бюджет 1,171183 0,000445
бюро 1,427116 0,000542
введение 1,078810 0,001640
вводить 1,832581 0,000696
век 0,248461 0,000472
вербовка 3,912023 0,001486
вероятно 1,560648 0,000593
вероятность 2,040221 0,000775
версия -0,009950 -0,000015
версияправитьправить 1,237874 0,000470
верхуффа 3,912023 0,001486
взаимодействие 1,203973 0,000457
взвешенность 3,218876 0,001223
взлом 2,995732 0,002276
вид 0,061875 0,000141
видовой 2,525729 0,000960
викиданных -0,009950 -0,000004
викимедиа -0,009950 -0,000004
википедии -0,009950 -0,000011
википедия -0,009950 -0,000019
викискладвикиновостиэлемент 1,897120 0,000721
викискладепортал 2,207275 0,000839
викискладстатьи 0,891598 0,000339
викисловаремедиафайлы 2,120264 0,000806
викисловарьстатьи 1,347074 0,000512
вильям 2,995732 0,001138
вильямс 1,966113 0,001494
включать 0,235722 0,000179
включая 0,527633 0,000601
включение 1,108663 0,000421
включить 0,634878 0,000241
власть 0,544727 0,000207
вместе 0,510826 0,000194
внедрение 1,609438 0,000611
внешнеэкономический 2,525729 0,000960
внешний 0,051293 0,000019
возможно 0,867501 0,000659
возможность 0,314711 0,000239
возникать 1,021651 0,000388
война 0,430783 0,000327
войско 0,798508 0,000303
волшебный 0,030459 0,000012
вообще 1,560648 0,000593
восток 0,494296 0,000188
время 0,020203 0,000031
вскрытие 2,302585 0,000875
втора 0,274437 0,000313
вуз 0,820981 0,000312
вход 0,755023 0,000287
входной 2,525729 0,000960
выбор 0,634878 0,000241
выдаваться 1,139434 0,000433
выдача 2,659260 0,002021
выделять 1,139434 0,000433
вызвать 1,049822 0,000399
выполнение 1,049822 0,001197
выполнить 0,843970 0,000321
высокий 0,139262 0,000159
выходная 3,912023 0,001486
вычисление 1,897120 0,000721
вычислительный 1,514128 0,000575
вычислить 2,995732 0,001138
гаммирование 3,912023 0,001486
гелиос 3,506558 0,001332
генеральный 0,755023 0,000287
геополитика 3,912023 0,001486
геополитический 2,302585 0,000875
геофизический 2,813411 0,001069
герасименко 2,995732 0,001138
гипотеза 1,560648 0,000593
глобализациивикипедия 3,912023 0,001486
глобализация 2,995732 0,001138
говорить 1,049822 0,000399
год -0,009950 -0,000045
годавикипедия 0,616186 0,000468
гольдвассер 3,912023 0,002973
гончар 2,525729 0,000960
горячий 2,040221 0,000775
господство 2,207275 0,000839
гост 2,813411 0,007482
государственный 0,261365 0,000199
государство 0,579818 0,000661
греции 1,560648 0,000593
греча 1,427116 0,000542
дайджест 2,659260 0,001010
дамгорда 3,912023 0,001486
дамма 3,912023 0,001486
дата 0,030459 0,000035
датский 0,328504 0,000125
дать 0,072571 0,000607
два 0,150823 0,000115
двухключевой 3,912023 0,001486
действие 0,776529 0,000295
действовать -0,009950 -0,000015
декабрь 0,094311 0,000143
деление 0,579818 0,000441
день 0,210721 0,000240
дерево 0,867501 0,000330
десятка 1,139434 0,000433
дешифрование 3,912023 0,002973
дешифровка 3,506558 0,001332
деятельность 0,342490 0,001952
деятельностьсборданныхагентурнаяразведка 3,912023 0,001486
диалектик 2,207275 0,000839
диалог-мифи 3,912023 0,001486
дискретный 2,813411 0,002138
дифференциальный 2,995732 0,001138
диффи 3,912023 0,001486
длина 0,579818 0,001762
днейвикипедия 0,967584 0,000368
добавить 0,562119 0,000214
договор 1,171183 0,000890
доказательство 1,660731 0,000631
документ 0,415515 0,000474
документооборот 2,995732 0,001138
дополнительный -0,009950 -0,000004
допрос 3,506558 0,001332
достаточный 1,966113 0,000747
достигаться 2,207275 0,000839
доступный -0,009950 -0,000008
древние 0,967584 0,000368
древний 0,653926 0,000497
дробно -0,009950 -0,000004
другое 0,462035 0,000351
другой -0,009950 -0,000053
европа 0,301105 0,000114
единый 0,544727 0,000207
желать 1,660731 0,000631
жельников 3,912023 0,001486
жесткий 1,966113 0,000747
жизнь 0,342490 0,000130
журнал 0,301105 0,000114
забывчивый 3,912023 0,001486
зависеть 1,171183 0,000445
зависимость 0,713350 0,000271
заглавный -0,009950 -0,000004
задача 0,820981 0,000312
заказ 1,660731 0,000631
заключаться 1,609438 0,001223
закон 0,462035 0,000176
законность 2,813411 0,002138
законный 2,407946 0,000915
законодательство 1,609438 0,001223
закрыть 0,798508 0,000910
замена 1,660731 0,001262
заменить 0,494296 0,000188
запад 0,634878 0,000241
записьвойти -0,009950 -0,000004
заполнять 2,659260 0,001010
запрет 1,771957 0,000673
запретить 1,309333 0,000497
запуск 1,347074 0,000512
зарегистрировать -0,009950 -0,000004
зарождение 1,832581 0,000696
зашифровать 3,218876 0,002446
зашифровывание 3,912023 0,002973
защита 0,616186 0,003746
защитить 1,139434 0,004762
заявление -0,009950 -0,000004
знак -0,009950 -0,000008
знаменоваться 3,506558 0,001332
знание 1,108663 0,000421
знать 1,469676 0,000558
значение 0,061875 0,000047
значительно 0,510826 0,000194
из-за 0,415515 0,000316
известно 1,237874 0,000470
известное 0,994252 0,000378
известный 0,287682 0,000437
извлечение 2,407946 0,000915
изд 0,314711 0,000239
издать 1,386294 0,000527
изложение 2,525729 0,000960
изменять 1,966113 0,000747
изначально 1,309333 0,000995
изучать 1,427116 0,001084
изучение 0,713350 0,000271
иметь 0,094311 0,000215
имитовставка 3,912023 0,004459
имитовставки 3,912023 0,001486
имитозащита 3,912023 0,002973
имитозащиты 3,912023 0,001486
импорт 2,813411 0,002138
импортный 2,995732 0,002276
индивидуальный 1,560648 0,001779
инженерно-технические 3,912023 0,001486
инициативник 3,912023 0,001486
инн 3,912023 0,001486
инструмент -0,009950 -0,000008
интернет-браузеров 3,506558 0,001332
информатик 1,469676 0,000558
информатор 3,912023 0,001486
информационно-телекоммуникационных 3,912023 0,001486
информационный 0,462035 0,002633
информация 0,162519 0,002161
инфраструктура 0,891598 0,000339
искажение 2,525729 0,000960
исключать 2,525729 0,000960
исключение 0,891598 0,000678
исключительный 2,207275 0,000839
использование -0,009950 -0,000091
использовать 0,020203 0,000084
использоваться 0,223144 0,000593
история 0,051293 0,000156
источник -0,009950 -0,000030
источниковвикипедия 1,966113 0,000747
исходный 1,714798 0,003258
итальянский 1,139434 0,000866
каждый 0,261365 0,000199
какой 0,820981 0,000312
канал 0,673345 0,000256
карт 0,301105 0,000114
каталог 0,094311 0,000036
категория -0,009950 -0,000008
качество 0,287682 0,000109
квалификация 2,120264 0,000806
квалифицировать 2,207275 0,000839
квантовый 2,407946 0,000915
квота 3,218876 0,001223
керкгоффса 3,912023 0,001486
киберсбор 3,912023 0,001486
кибершпионаж 3,912023 0,001486
китайский 0,653926 0,000248
классический 0,755023 0,000287
клод 3,912023 0,001486
ключ 1,309333 0,025371
ключомалгоритмыфакторизация 3,912023 0,001486
клюшина 3,912023 0,001486
книжный 0,798508 0,000303
кнорус 3,506558 0,001332
когнитивный 3,218876 0,001223
код -0,009950 -0,000083
кодекс -0,009950 -0,000004
кодистория 0,116534 0,000044
козлова 2,813411 0,001069
количественный 1,966113 0,000747
количество 0,210721 0,000160
коллизия 2,995732 0,001138
кольцо 1,021651 0,000388
коммерция 2,525729 0,000960
коммерческий 1,021651 0,000776
компьютер 1,427116 0,000542
компьютерный 1,347074 0,001024
конец 0,198451 0,000302
конкретизациивикипедия 1,714798 0,000652
конкретный 1,171183 0,000890
конкурировать 2,995732 0,001138
конкурс 1,171183 0,000445
контракт 1,609438 0,001223
контроль 0,994252 0,000756
контрольная 2,525729 0,003838
контрольный 2,525729 0,000960
контрразведка 3,912023 0,002973
контрразведывательный 3,912023 0,001486
контртеррористический 3,218876 0,001223
конференция 0,941609 0,000358
конфиденциальность -0,009950 -0,000015
конфиденциальный 3,218876 0,003669
конхейм 3,912023 0,001486
копие 0,223144 0,000170
короткий -0,009950 -0,000004
корректно 2,659260 0,001010
корректный 2,813411 0,001069
космический 1,309333 0,000497
который 0,000000 0,000000
кража 2,207275 0,000839
крамера 3,506558 0,001332
краткий 0,653926 0,000248
кривая 2,302585 0,000875
криптоанализ 3,912023 0,008918
криптоанализа 3,506558 0,003997
криптоанализу 3,912023 0,001486
криптоаналитик 3,912023 0,001486
криптоаналитика 3,912023 0,001486
криптоанархизм 2,813411 0,001069
криптограмма 3,912023 0,001486
криптографически 3,218876 0,001223
криптографический 3,218876 0,068487
криптография 2,659260 0,063653
криптозащита 3,912023 0,001486
криптологию 3,912023 0,001486
криптомашина 3,912023 0,001486
криптосистема 3,506558 0,017320
криптосистемыпотоковые 3,912023 0,001486
криптостойких 3,912023 0,001486
критерий 1,386294 0,000527
кругосвет 1,560648 0,000593
кузнечик 3,912023 0,002973
куки -0,009950 -0,000004
культурный 0,597837 0,000227
курс 1,171183 0,000890
лань 2,995732 0,001138
ларусса 1,078810 0,000410
легальный 3,506558 0,001332
лежать 0,994252 0,000756
лекция 1,714798 0,000652
леон 3,218876 0,001223
ликбез 3,506558 0,001332
линейный 1,714798 0,000652
линия 0,462035 0,000176
литература 0,051293 0,000097
лифшиц 3,506558 0,001332
лицензирование 2,995732 0,010244
лицензировать 3,506558 0,001332
лицензия -0,009950 -0,000030
лицо 0,673345 0,002047
лицу-соискателю 3,912023 0,001486
личность 1,897120 0,000721
лишь 0,478036 0,000363
ловушка 3,218876 0,001223
логарифмирование 3,912023 0,002973
ложный 2,813411 0,001069
луна 2,407946 0,000915
лэмпорта 3,506558 0,001332
магистратура 2,995732 0,001138
магма 3,912023 0,002973
маккей 3,912023 0,001486
малый 0,139262 0,000053
мао 3,912023 0,001486
март 0,116534 0,000177
массив 0,891598 0,000339
математик 1,347074 0,001535
математический 1,832581 0,003481
материал -0,009950 -0,000004
мафтик 3,912023 0,001486
машина 0,713350 0,000271
мвэс 3,912023 0,001486
мельник 2,040221 0,000775
мера 0,820981 0,000624
мерклый 3,506558 0,002665
мероприятие 0,916291 0,000348
мертвый 2,525729 0,000960
место 0,139262 0,000053
месяц 0,415515 0,000158
метод 1,049822 0,003191
механизм 1,347074 0,000512
мешок 2,525729 0,000960
микали 3,912023 0,001486
министерство 0,653926 0,000248
минцифры 3,912023 0,001486
мир 0,094311 0,000072
мировая 0,527633 0,000401
мифи 3,912023 0,001486
млрд 0,820981 0,000312
много 0,150823 0,000115
многократный 2,040221 0,000775
многомиллиардный 3,912023 0,001486
мобильный -0,009950 -0,000004
модификация 2,207275 0,000839
молдовян 3,912023 0,002973
моноалфавитных 3,912023 0,001486
москва 0,400478 0,000152
мочь -0,009950 -0,000011
наблюдение 1,108663 0,000421
набор 1,237874 0,000941
навигация -0,009950 -0,000011
навязывание 3,912023 0,001486
название 0,105361 0,000040
назначение 1,108663 0,000842
называть 0,174353 0,000199
называться 0,328504 0,000374
наименование 0,994252 0,000378
найти 0,733969 0,000279
накаша 3,912023 0,001486
наличие 0,867501 0,000330
намеренно 2,995732 0,001138
наоборот 1,832581 0,001393
направление 0,385662 0,000293
например 0,328504 0,000125
нарушать 1,714798 0,000652
нарушение 1,560648 0,000593
настоящее 0,287682 0,000219
насчитывать 1,203973 0,000457
наука 0,235722 0,000358
наукискрытые 2,995732 0,001138
научно-образовательный 0,967584 0,000368
научный 0,248461 0,000283
нацелить 2,813411 0,001069
национальный 0,342490 0,000651
начало 0,116534 0,000177
начиная 0,733969 0,000279
невозможно 1,832581 0,000696
негласный 3,912023 0,001486
недостаток 0,579818 0,000220
независимо 1,966113 0,000747
незашифрованные 3,912023 0,001486
нейрокриптография 3,912023 0,001486
некоммерческий -0,009950 -0,000004
некоммутативный 3,506558 0,001332
некоторые 0,127833 0,000097
нелегал 3,506558 0,001332
немецкий 0,798508 0,000607
необходимый 1,078810 0,000410
неоспоримый 3,506558 0,001332
неотъемлемый 2,407946 0,000915
неоформленный 3,912023 0,002973
нередко 1,108663 0,000421
нечаев 3,506558 0,001332
нечитаемую 3,912023 0,001486
ниже 0,693147 0,000263
нильс 3,506558 0,001332
новое 0,287682 0,000109
новый 0,083382 0,000063
номенклатура 2,813411 0,001069
номерной 2,659260 0,001010
норвежский 0,248461 0,000094
нормальный 2,302585 0,001750
ноябрь 0,127833 0,000097
нтццк 3,912023 0,005945
нужда 1,237874 0,000941
нуждаться 1,660731 0,000631
нулевой 1,609438 0,000611
оба 0,597837 0,000227
обворачивать 3,912023 0,001486
обеспечение 0,634878 0,002171
обеспечивать 0,415515 0,000158
обиход 2,525729 0,000960
область 0,150823 0,000688
обман 3,218876 0,001223
обмен 1,309333 0,001990
обработка 1,309333 0,000995
образец 1,203973 0,000457
образование 0,356675 0,000407
образовать 0,385662 0,000293
обратимый 3,218876 0,002446
обратный 2,040221 0,000775
обращение 0,030459 0,000023
обслуживание 0,941609 0,002147
обучение 1,309333 0,000995
общее 0,301105 0,000114
общество 0,415515 0,000158
общий 0,186330 0,000071
обычно 0,693147 0,000790
обязательно 2,040221 0,000775
обязательный 1,427116 0,001084
оговорить 2,995732 0,001138
ограничение 1,237874 0,002352
огрн 3,912023 0,001486
огрнип 3,912023 0,001486
один 0,051293 0,000097
одинаковый 1,714798 0,000652
однако 0,174353 0,000066
односторонний 3,506558 0,002665
ознаменоваться 2,120264 0,000806
оказание 2,120264 0,001611
окамото 3,912023 0,001486
окато 0,820981 0,000312
окпо 3,912023 0,001486
октябрь 0,072571 0,000110
онлайн 0,198451 0,000075
операция 0,776529 0,001180
описание -0,009950 -0,000004
описывать 1,427116 0,000542
определение 0,967584 0,000368
определять 0,867501 0,000659
определяться 1,078810 0,000410
опытный 1,108663 0,000421
организация -0,009950 -0,000015
организоваться 2,995732 0,001138
основа 0,210721 0,000961
основное 0,235722 0,000090
основной 0,040822 0,000171
оставаться 0,544727 0,000414
осуществление 1,427116 0,001627
осуществлять 0,597837 0,000227
осуществляться 0,616186 0,000468
ответственность -0,009950 -0,000004
отдельный -0,009950 -0,000019
отказ -0,009950 -0,000004
отклонение 2,813411 0,001069
открыть 0,150823 0,001318
отличаться 0,342490 0,000521
отличие 0,798508 0,000303
отменить 1,427116 0,001084
относительно 0,415515 0,000316
отношение 0,430783 0,000164
отрасль 0,653926 0,000248
отредактировать -0,009950 -0,000004
официальный 0,356675 0,000136
оформить 1,514128 0,000575
оформление 1,609438 0,000611
оформляться 3,506558 0,001332
охрана 0,843970 0,000321
оценка 0,400478 0,000304
ошибка 0,994252 0,000756
ошибкекак -0,009950 -0,000004
паблишер 2,659260 0,001010
пакет 1,427116 0,000542
палка 3,506558 0,001332
папирус 2,995732 0,001138
пар 1,309333 0,001990
параметр 1,139434 0,000433
первое 0,150823 0,000057
первый 0,162519 0,000062
перевернуть 3,912023 0,001486
передавать 1,560648 0,001186
передача 1,078810 0,001640
перейти -0,009950 -0,000008
перенести 0,994252 0,000378
переписка 2,813411 0,001069
переподготовка 3,506558 0,001332
перестановка 3,506558 0,001332
переть 1,108663 0,000421
переход 0,653926 0,000248
период 0,274437 0,000626
периодизация 3,506558 0,001332
персонал 2,040221 0,000775
персональный -0,009950 -0,000004
печать -0,009950 -0,000008
писать 0,820981 0,000624
питер 1,966113 0,000747
пкз 3,912023 0,002973
планироваться 0,891598 0,000339
поведение -0,009950 -0,000004
подборка 2,995732 0,001138
подготовка 0,916291 0,000348
подделать 3,506558 0,001332
подзаконный 3,506558 0,001332
подкуп 3,912023 0,001486
подлежать 2,120264 0,000806
подлинность 2,995732 0,003415
подпись 2,407946 0,013723
подстановка 3,506558 0,001332
подтверждать 1,560648 0,000593
подтверждение 1,771957 0,000673
подход 0,994252 0,000378
подчеркнуть 2,659260 0,001010
пожалуйста 1,469676 0,000558
позволять 0,462035 0,000176
поиск -0,009950 -0,000008
пока 0,843970 0,000321
показать 0,891598 0,000339
поле 1,049822 0,000399
полиалфавитных 3,912023 0,002973
политик -0,009950 -0,000004
полный 0,328504 0,000125
положение 0,415515 0,001579
получение 1,203973 0,000915
получить 0,150823 0,000057
пользование 1,609438 0,000611
помещение 1,560648 0,000593
помимо 0,562119 0,000214
помочь 1,171183 0,000445
помощь 0,342490 0,000130
попытка 1,272966 0,000484
портал 0,342490 0,000130
порталвикипедия 2,120264 0,000806
порядок 0,994252 0,001133
послание 2,407946 0,000915
послать 2,040221 0,000775
последний -0,009950 -0,000004
последовательность 2,302585 0,000875
последствие 1,427116 0,000542
постановить 2,407946 0,000915
постановление 0,891598 0,002710
постквантовая 3,912023 0,001486
построение 1,560648 0,000593
потайной 3,912023 0,001486
почтовый 0,653926 0,000248
появление 0,653926 0,000248
появляться 0,733969 0,000558
правило 0,478036 0,000363
правительственный 1,832581 0,001393
правительство 0,510826 0,001553
править -0,009950 -0,000144
правка 0,274437 0,000104
правкиновые -0,009950 -0,000004
правкипостоянная -0,009950 -0,000004
право 0,314711 0,000478
правовой 1,021651 0,000388
практик 1,049822 0,000798
практический 1,560648 0,001186
предложить 0,820981 0,000312
предоставление 1,609438 0,002446
предотвратить 2,813411 0,001069
предполагать 1,171183 0,000890
предприниматель 1,609438 0,002446
предприятие 0,527633 0,000401
представиться -0,009950 -0,000004
предусмотреть 1,427116 0,000542
предыдущий 1,609438 0,000611
прежнее 1,560648 0,000593
президент 0,597837 0,000909
преимущество 1,514128 0,000575
преобразование 1,347074 0,006653
преобразовать 0,967584 0,000735
прерогатива 3,506558 0,001332
приблизительно 1,514128 0,000575
привести 0,356675 0,000136
привнести 3,912023 0,001486
придти 0,755023 0,000287
приказ 1,203973 0,001372
прикладной 1,078810 0,000410
прикрытие 3,218876 0,001223
приложение 0,733969 0,000279
применение 0,967584 0,001838
применительно 2,995732 0,001138
применять 0,510826 0,000582
применяться 1,139434 0,000433
пример 0,527633 0,001002
примечание -0,009950 -0,000008
примитив 3,912023 0,007432
принцип 0,867501 0,001318
принять 0,248461 0,000283
провал 2,407946 0,000915
проведение 0,673345 0,000256
проверить 0,478036 0,000545
проверка 0,843970 0,000641
проверять 0,820981 0,000312
проверяться 1,714798 0,000652
проводиться 0,653926 0,000248
программа 0,415515 0,000316
программный 1,272966 0,001451
продажа 1,514128 0,000575
продолжаться 1,049822 0,000399
проект -0,009950 -0,000011
производительность 1,609438 0,000611
производство 0,527633 0,001804
произвольный 2,120264 0,001611
происхождение 0,776529 0,000295
пройти 0,544727 0,000207
промышленность 0,494296 0,000188
промышлять 0,462035 0,000176
просмотр -0,009950 -0,000011
простой 1,108663 0,000421
противостоять 2,995732 0,001138
протокол 1,139434 0,005195
профессиональный 0,733969 0,000837
процедура 1,714798 0,000652
процесс 0,415515 0,000789
публиковаться 2,407946 0,000915
публично 2,659260 0,001010
пункт 0,494296 0,000376
пустой 2,525729 0,000960
пэйе 3,912023 0,001486
рабина 3,912023 0,001486
работа 0,127833 0,000486
работать 0,314711 0,000120
работник 1,108663 0,000421
радио 0,891598 0,000678
радиолокационный 3,218876 0,001223
радиопеленгация 3,506558 0,001332
радиостанция 1,021651 0,000388
радиочастотный 3,912023 0,001486
радиоэлектроннаяразведка 3,912023 0,001486
радиоэлектронный 2,207275 0,002516
разведданные 3,912023 0,001486
разведка 2,525729 0,006717
разведывательный 3,912023 0,005945
развитие 0,127833 0,000146
разглашение 3,506558 0,001332
раздел 0,342490 0,000390
различаться 2,040221 0,000775
различный 0,116534 0,000044
размер 0,755023 0,000287
размещение 0,673345 0,000256
разный 0,314711 0,000359
разовые 3,506558 0,001332
разовый 3,506558 0,001332
разрабатывать 1,609438 0,000611
разработка 0,653926 0,002733
разработчик -0,009950 -0,000004
разрешать 2,659260 0,002021
разрешаться 2,995732 0,001138
разрешение 1,660731 0,000631
рамка 0,478036 0,000182
рано 0,261365 0,000099
ранцевый 3,912023 0,001486
распределить 0,693147 0,000263
распространение 0,891598 0,001694
распространить 0,616186 0,000234
распространяться 1,272966 0,000484
расход 1,347074 0,000512
расшифрования 3,912023 0,001486
расшифровать 3,506558 0,003997
расшифровка 2,995732 0,001138
расшифровывание 3,912023 0,002973
расшифровывать 3,912023 0,002973
реализация 0,798508 0,001820
реализовать 0,673345 0,000256
реализоваться 1,966113 0,001494
реализовывать 2,813411 0,001069
революционер 2,302585 0,000875
регион 0,385662 0,000293
регламентировать 3,218876 0,002446
регулирование 2,040221 0,000775
регулироваться 2,995732 0,001138
регулярный 0,798508 0,000303
ред 0,235722 0,000090
режим 0,653926 0,000497
резидент 2,995732 0,001138
результат 0,174353 0,000132
рекомендация 0,776529 0,000295
рекомендовать 1,966113 0,000747
реконструкция 0,820981 0,000312
ресурс 0,020203 0,000008
решетка 2,525729 0,000960
романец 3,912023 0,001486
российский 0,105361 0,000360
россия 0,174353 0,000331
роторный 3,912023 0,001486
руб 1,171183 0,000445
руководитель 1,203973 0,000457
руководить 1,309333 0,000497
руководство 0,544727 0,000414
рус 0,162519 0,000062
русский -0,009950 -0,000004
рябко 3,912023 0,002973
ряд 0,223144 0,000085
садовский 3,506558 0,001332
сам 0,162519 0,000062
сборник 0,597837 0,000227
свертка 3,912023 0,004459
свободно 2,302585 0,000875
свободный -0,009950 -0,000008
связать 0,174353 0,000331
связаться -0,009950 -0,000004
связь 0,174353 0,000397
сдвиг 2,813411 0,001069
секрет 2,040221 0,000775
секретная 2,659260 0,006062
секретность 3,506558 0,001332
секретный 2,813411 0,005345
семейство 1,660731 0,000631
сентябрь 0,072571 0,000028
середина 0,356675 0,000271
серов 2,813411 0,001069
сертификат 2,995732 0,002276
сертификация 2,813411 0,002138
сеть 0,356675 0,000813
сильно 0,755023 0,000287
символ 0,733969 0,000558
симметричный 2,995732 0,011382
синельников 3,912023 0,001486
синклер 3,912023 0,001486
система 0,051293 0,000526
системеобсуждениевкладсоздать -0,009950 -0,000004
ситуация 0,693147 0,000527
скачать -0,009950 -0,000004
скитала 3,912023 0,002973
скрыть 2,207275 0,002516
следовать 0,235722 0,000179
следует 0,755023 0,000287
словарь 0,094311 0,000036
слово 0,210721 0,000320
сложно 2,207275 0,000839
случай -0,009950 -0,000011
случайно 2,813411 0,001069
случайный 2,302585 0,000875
смежныетемы 3,912023 0,001486
смена 1,272966 0,000484
снилс 3,912023 0,001486
соблюдение 2,525729 0,001919
собственный 0,446287 0,000339
событияпожертвовать -0,009950 -0,000004
совет 0,462035 0,000176
совместно 1,427116 0,000542
совмещать 2,525729 0,000960
современный 0,150823 0,000745
согласно 0,301105 0,000343
согласовать 2,525729 0,000960
содержание 0,010050 0,000004
содержать 0,634878 0,000241
создавать 0,798508 0,000303
создание 0,301105 0,000686
создать 0,210721 0,000080
соискатель 3,506558 0,001332
сообщение 0,478036 0,001271
сообщить -0,009950 -0,000004
соответствие 0,371064 0,000141
соответствовать 0,371064 0,000282
составить 0,400478 0,000152
составлять 0,198451 0,000075
сохранение -0,009950 -0,000004
спать 3,912023 0,001486
спб 0,385662 0,000293
специализация 2,302585 0,000875
специалист 0,755023 0,000287
специальный 0,415515 0,000474
список 0,210721 0,000160
способ 1,078810 0,000820
способность 1,139434 0,000433
сравнение 0,733969 0,000837
сравнительно 1,897120 0,000721
среда 0,385662 0,000147
среди 0,198451 0,000075
средство 0,287682 0,004372
срок 0,798508 0,000910
ссср 0,314711 0,000120
ссылка -0,009950 -0,000038
ссылкасведения -0,009950 -0,000004
стаж 3,912023 0,002973
сталь 0,415515 0,000158
стандарт 0,867501 0,001318
статистик -0,009950 -0,000008
статистически 3,506558 0,001332
стать 0,083382 0,000095
статьислучайная -0,009950 -0,000004
статьисообществофорумсправкасвежие -0,009950 -0,000004
статья 0,020203 0,000146
статьяобсуждение -0,009950 -0,000004
статьятекущие -0,009950 -0,000004
стеганография 3,912023 0,002973
стойка 3,218876 0,001223
стойкость 2,407946 0,001830
столлингс 3,912023 0,001486
сторона 0,235722 0,000269
стороны-участники 3,912023 0,001486
страна 0,235722 0,000627
страница -0,009950 -0,000015
страницасодержаниеизбранные -0,009950 -0,000004
страницецитировать -0,009950 -0,000004
страницуполучить -0,009950 -0,000004
страницыслужебные -0,009950 -0,000004
стрибог 3,912023 0,002973
строгий 1,897120 0,000721
строка 1,078810 0,000410
стык 1,832581 0,000696
сумма 1,386294 0,001580
существовать 0,020203 0,000008
схема 0,916291 0,001044
счет 0,562119 0,000427
считаться 0,385662 0,000147
сша 0,562119 0,000641
сюдасвязанные -0,009950 -0,000004
табл 0,867501 0,000330
тайник 3,912023 0,001486
тайный 1,832581 0,001393
такое 0,328504 0,000125
такой 0,162519 0,000185
текст -0,009950 -0,000053
текстовой 2,207275 0,000839
телек 2,302585 0,000875
телекоммуникационный 2,659260 0,008083
телекоммуникация 2,120264 0,001611
тема 0,693147 0,000263
теория 1,049822 0,001197
термин 0,198451 0,000075
терминология 2,302585 0,002625
техническаяразведка 3,912023 0,001486
технический 0,462035 0,002107
технологииформальные 3,912023 0,001486
технологический 1,272966 0,000967
технология 0,400478 0,000304
течение 0,314711 0,000120
течь 0,274437 0,000209
тимофеев 2,995732 0,001138
тип 0,072571 0,000055
товар 0,916291 0,001393
товарный -0,009950 -0,000008
токарева 3,218876 0,001223
торговля 0,579818 0,000220
традиционный 0,941609 0,000358
трафик 2,207275 0,000839
требование 0,967584 0,000735
требовать 0,562119 0,001068
требоваться 1,386294 0,000527
третий 0,616186 0,000702
трехэтапный 3,912023 0,001486
триумф 2,659260 0,001010
тысяча 0,371064 0,000141
тысячелетие 1,427116 0,000542
уведомление 2,659260 0,001010
угроза 1,469676 0,000558
указ 0,733969 0,000558
указание -0,009950 -0,000004
указать 0,083382 0,000158
уникальный 0,776529 0,000295
уполномочить 2,813411 0,001069
управление 0,248461 0,000661
упразднить 1,237874 0,000470
уравнение 2,525729 0,000960
условие -0,009950 -0,000011
услуга 0,755023 0,002295
успешный 1,309333 0,000497
установить 0,328504 0,000125
установление 1,021651 0,000388
устройство 0,527633 0,000401
утвердить 0,755023 0,000287
утверждение 0,400478 0,001065
утиямы 3,912023 0,001486
уточнение 1,469676 0,000558
уточнить 1,714798 0,000652
ухлинов 3,912023 0,001486
участие -0,009950 -0,000004
участник 0,510826 0,000194
учебник 1,609438 0,000611
ученый 0,653926 0,000248
учетный -0,009950 -0,000004
уязвимость 2,525729 0,000960
февраль 0,051293 0,000039
федеральный 0,462035 0,000878
федерация 0,510826 0,001553
фейстеля 3,912023 0,001486
фергюсон 3,912023 0,001486
фиксировать 1,427116 0,001084
философия 2,040221 0,003101
финансовый 0,733969 0,000279
финансы 0,733969 0,000279
фионов 3,912023 0,002973
флаг 0,597837 0,000227
флетчера 3,912023 0,001486
фонд -0,009950 -0,000004
форма 0,287682 0,000109
формирование 0,597837 0,000227
форсировать 2,525729 0,000960
фото 1,203973 0,000457
фсб 2,407946 0,003659
функция 0,693147 0,001317
характеризоваться 0,891598 0,000678
характеристика 0,415515 0,000158
характерно 1,609438 0,000611
хеллмана 3,912023 0,002973
хеш 3,218876 0,001223
хеш-кодом 3,912023 0,001486
хеш-сумма 3,912023 0,001486
хеш-функцией 3,912023 0,001486
хеш-функции 3,912023 0,005945
хеш-функциикриптографиябанковские 3,912023 0,001486
хеш-функцииобщего 3,912023 0,001486
хеш-функций 3,912023 0,001486
хеш-функция 3,912023 0,001486
хеш-функциями 3,912023 0,001486
хешей 3,218876 0,002446
хеширование 2,995732 0,002276
химико-биологическая 3,912023 0,001486
хотя 0,653926 0,000248
хранение 1,309333 0,000497
храниться 1,560648 0,000593
хронологический 2,659260 0,001010
целевой 1,771957 0,000673
целик 1,897120 0,000721
целостность 2,525729 0,001919
целый 1,108663 0,000421
цель 0,371064 0,000141
центр 0,287682 0,000656
цивилизация 1,771957 0,000673
цикл 1,237874 0,000470
циклический 2,659260 0,001010
цифровой 0,562119 0,002136
частно-государственное 3,912023 0,001486
частность 0,462035 0,000176
частный 0,634878 0,000724
часть 0,061875 0,000047
чей 1,386294 0,001053
человечество 1,660731 0,000631
черный 0,843970 0,000641
честность 3,218876 0,001223
четвертый 0,994252 0,000378
число 0,186330 0,000283
читатьтекущая 1,237874 0,000470
чужое 3,218876 0,001223
шаблон 0,462035 0,000176
шанкин 3,912023 0,001486
шантаж 3,912023 0,001486
шаньгин 3,912023 0,001486
шеннон 3,912023 0,001486
шеннона 3,218876 0,001223
широкий 0,494296 0,000188
широко 0,653926 0,000497
шифр 2,995732 0,021626
шифровальная 3,506558 0,042633
шифровальщик 3,912023 0,001486
шифрование 2,407946 0,021957
шифровать 2,995732 0,007967
шифроваться 3,506558 0,003997
шифровка 3,912023 0,001486
шифротекст 3,912023 0,004459
шифротекста 3,912023 0,001486
школа 0,478036 0,000363
шнайер 3,912023 0,002973
шнорра 3,912023 0,001486
шоупа 3,912023 0,001486
шпионаж 3,506558 0,002665
штат 1,560648 0,000593
штерна 3,912023 0,001486
штрих-код 3,912023 0,001486
штрихкод 3,506558 0,001332
эвм 2,659260 0,001010
экз 0,415515 0,000474
экономика 0,400478 0,000152
эксплуатационный 2,995732 0,001138
эксплуатация 0,776529 0,001475
экспорт -0,009950 -0,000026
экспортный 3,506558 0,006661
электромеханический 2,813411 0,001069
электронно-оптическая 3,912023 0,001486
электронный 0,478036 0,001998
электротехник 2,995732 0,001138
элемент 0,544727 0,000207
эллиптический 3,506558 0,002665
эль-гамаль 3,912023 0,001486
эль-гамаля 3,912023 0,001486
энергоатомиздат 3,912023 0,001486
энигма 3,506558 0,001332
энтропия 3,506558 0,001332
энциклопедия -0,009950 -0,000008
эпоха 0,713350 0,000271
этап 0,634878 0,000241
эцп 3,912023 0,001486
юридический 0,994252 0,001511
юрий 1,203973 0,000457
юрика 3,912023 0,001486
являться 0,040822 0,000062
ядерный 1,771957 0,000673
язык -0,009950 -0,000011
январь 0,105361 0,000040
ященко 3,506558 0,001332
ящик 3,218876 0,001223
