абитуриент 3,912023 0,000458
абрамов 2,995732 0,000351
абсолютный 0,616186 0,000433
авангард 1,660731 0,000195
авг 0,820981 0,000192
август 0,072571 0,000765
авиационный 1,386294 0,000162
автобус 0,820981 0,001154
автобусный 1,021651 0,000239
автовокзал 1,078810 0,000379
автодор-метар 3,912023 0,000458
автодорога 0,891598 0,000418
автомобиль 1,108663 0,000649
автомобильный 0,713350 0,000418
автономный 0,867501 0,000102
автор 0,462035 0,000054
авторство -0,009950 -0,000001
автостанция 1,714798 0,000603
агаповка 3,506558 0,000411
агаповский 3,912023 0,000458
агафонов 3,506558 0,000411
агломерация 0,798508 0,000655
аграрный 1,203973 0,000141
ад 1,966113 0,000230
аддитивный 3,912023 0,000916
административно-политическое 3,506558 0,000821
административно-территориальная 2,302585 0,000270
административно-территориального 1,660731 0,000195
административно-территориальное 0,820981 0,000288
административно-территориальной 2,995732 0,000351
административно-территориальном 1,309333 0,000153
административный 0,597837 0,000490
администрация 0,755023 0,001150
аз 2,302585 0,000270
азиатский 1,609438 0,000377
азия 0,755023 0,000088
азот 1,714798 0,000803
ак-мечеть 3,506558 0,001232
академический 0,916291 0,000215
академия 0,544727 0,000128
акт 1,237874 0,000145
активно 0,733969 0,000172
активный 0,527633 0,000062
актобе 2,995732 0,000351
алдан 1,309333 0,000153
александр 0,462035 0,000433
александрович 1,609438 0,000189
алексей 1,049822 0,000369
алишева 3,912023 0,000458
аллея 1,347074 0,000158
алтай 2,407946 0,000282
алфавитунаселенные 0,867501 0,000102
алый 2,659260 0,000623
альтернативный 1,203973 0,000141
алябьева 3,912023 0,000458
аммиак 2,659260 0,000311
аммоний 3,912023 0,000458
анализ 0,967584 0,000113
аналоговый 1,609438 0,000377
ангел 2,120264 0,000248
андрей 0,967584 0,000453
андрея 1,832581 0,000215
аннексия 0,941609 0,000110
анонсировать 2,995732 0,000351
анри 2,659260 0,000311
антенна 2,995732 0,000351
антон 1,832581 0,000215
антропоним 3,506558 0,000821
аппаратно-студийного 3,912023 0,000458
апр 0,798508 0,000187
апрель 0,150823 0,000336
аракаева 3,912023 0,000458
аргази 3,912023 0,000458
аргазинского 3,912023 0,000458
аргаяш 3,912023 0,000458
аргаяшский 3,912023 0,000458
аргумент 1,108663 0,000260
арен 1,237874 0,000290
арина 3,912023 0,000458
армянин 1,021651 0,000120
арт-сквер 3,912023 0,000458
артем 2,302585 0,000270
артиллерийский 1,609438 0,000189
артур 3,218876 0,000754
арх 0,544727 0,000064
архив 0,446287 0,000157
архивировать 0,020203 0,000369
архивный 0,248461 0,000291
архитектор 0,916291 0,000322
архитектурный 1,078810 0,000126
астахов 3,912023 0,000458
астрахань 0,967584 0,000113
атмосфера 0,994252 0,000466
аудиозапись 2,995732 0,000351
аудиостатей 3,218876 0,000377
афганистане 3,506558 0,000411
аша 3,912023 0,000916
ашинский 3,912023 0,000458
аэродром 1,237874 0,000290
аэропорт 0,776529 0,000637
бажова 3,506558 0,000411
баз 0,371064 0,000261
базироваться 1,272966 0,000149
байгазина 3,912023 0,000458
байдашево 3,912023 0,000458
байрамгулово 3,912023 0,000458
бакал 3,912023 0,000458
бакланское 3,912023 0,000458
баландино 3,912023 0,000458
балет 1,469676 0,000172
балл 1,966113 0,000230
банк 0,693147 0,000162
банкрот 2,659260 0,000311
баптист 2,207275 0,000259
бар 2,407946 0,000282
барнаул 1,203973 0,000141
баск 3,912023 0,000458
баскетбольный 1,714798 0,000402
бассейн 0,653926 0,000153
батыр 3,506558 0,000411
баш 3,506558 0,000411
башкир 1,347074 0,000473
башкирский 2,302585 0,002157
башкортостан 2,207275 0,000259
башкортостана 3,218876 0,000377
безрельсовый 2,302585 0,000270
белковский 3,912023 0,000458
белое 0,994252 0,000116
белорус 1,171183 0,000137
белоярское 3,912023 0,000458
белый 0,867501 0,000305
беляева 2,659260 0,000311
бензапирена 3,218876 0,000377
бензол 3,912023 0,000458
берег 0,478036 0,000448
береговой 1,469676 0,000344
бескондукторный 3,912023 0,000458
библиографический 0,083382 0,000010
билайн 1,272966 0,000149
билетный 2,995732 0,000351
биметаллический 3,912023 0,000458
битва 1,560648 0,000366
благовещенский 1,832581 0,000215
благодаря 0,527633 0,000124
благополучие 2,302585 0,000270
благородный 1,966113 0,000230
благоустройство 1,560648 0,002011
блок 1,347074 0,000316
блоха 3,506558 0,000411
бог 1,832581 0,001932
богатство 1,771957 0,000208
богатый 1,049822 0,000123
богатырь 2,525729 0,000296
богородицкий 2,995732 0,000351
боевой 1,237874 0,000290
божественный 2,995732 0,000351
божий 1,272966 0,000149
бологое 1,347074 0,000158
болото 1,771957 0,000208
больница 1,078810 0,000632
больничный 2,207275 0,000259
большее 1,309333 0,000153
большинство 0,342490 0,000201
большое 0,385662 0,000361
большой 0,040822 0,000110
бориса 1,832581 0,000215
боровичи 1,347074 0,000158
бред 3,912023 0,000458
брединский 3,912023 0,000458
бреслиной 3,912023 0,000458
брокгауза 0,328504 0,000154
бронницы 2,813411 0,000330
бульвар 1,237874 0,000290
бум 1,897120 0,000222
бумага 1,560648 0,000183
бурак 3,912023 0,000458
бурный 1,660731 0,000195
бутаки 3,912023 0,000458
бушков 3,912023 0,000458
бывает 1,660731 0,000195
бык 2,659260 0,000311
быстрый 0,916291 0,000322
быть -0,009950 -0,000008
бюджет 1,171183 0,000549
вагон 1,660731 0,000195
важенин 3,912023 0,000458
важенина 3,912023 0,000458
важно 2,040221 0,000239
важный 0,494296 0,000174
вал 1,514128 0,000177
валовой 1,832581 0,000429
вариант 0,634878 0,000074
варлаково 3,912023 0,000458
варламов 3,218876 0,000377
варна 2,525729 0,000296
варненский 3,506558 0,000411
василий 1,078810 0,000379
вблизи 1,139434 0,000267
введение 1,078810 0,000253
ввести 0,634878 0,000074
ввс 2,995732 0,000351
ведение 1,427116 0,000167
ведро 3,506558 0,000411
ведрообразную 3,912023 0,000458
век 0,248461 0,000116
векегорода-миллионеры 2,995732 0,000351
великий 0,356675 0,000167
великобритания 2,120264 0,000248
великодушие 2,995732 0,000351
величие 2,659260 0,000311
величина 1,108663 0,000130
венгрии 2,813411 0,000330
верблюд 3,506558 0,001643
вернуться 1,171183 0,000137
вероятно 1,560648 0,000183
версия -0,009950 -0,000021
верста 2,302585 0,000539
верхнеуральск 3,506558 0,000821
верхнеуральский 3,912023 0,000458
верхний 0,494296 0,000174
весенний 1,660731 0,000195
весна 0,713350 0,000251
весновский 3,912023 0,000916
вести 0,356675 0,000084
вестись 0,673345 0,000079
вестник 1,049822 0,000123
весь 0,301105 0,000176
ветер 0,713350 0,000585
ветеран 1,832581 0,000215
ветровой 2,813411 0,000330
вечерний 1,347074 0,000473
вечный 1,309333 0,000153
вещание 1,108663 0,000260
вещать 1,609438 0,001131
вещество 0,994252 0,000116
взвесить 2,302585 0,000270
взять 0,755023 0,000177
виадук 2,995732 0,000351
вид 0,061875 0,000043
видео 1,049822 0,000246
видеообращений 3,912023 0,000458
видеоролик 3,912023 0,000458
видеофайлы 3,506558 0,000821
видимость 2,525729 0,000296
виза 2,525729 0,000592
визовый 2,302585 0,000539
викигидвикипедия 1,427116 0,000167
викигиде 0,776529 0,000182
викиданные 0,776529 0,000182
викиданных -0,009950 -0,000001
викиданныхаудиостатьи 3,506558 0,000411
викиданныхвикипедия 0,891598 0,000104
викимапиипро 1,427116 0,000167
викимедиа -0,009950 -0,000001
википедии -0,009950 -0,000002
википедия -0,009950 -0,000013
викискладвикиновостивикигидэлемент 1,609438 0,000189
викискладе 0,174353 0,000020
викискладепутеводитель 0,713350 0,000084
викискладстатьи 0,891598 0,000104
викисловаретексты 3,218876 0,000377
викисловарьвикипедия 1,309333 0,000153
викитекемедиафайлы 1,272966 0,000149
викитеку 1,347074 0,000158
виталием 3,912023 0,000458
виталий 1,966113 0,000230
витвицкого 3,912023 0,000458
витевский 3,912023 0,000916
вице-мэр 2,995732 0,000351
вич 3,506558 0,000821
вклад 0,994252 0,000349
включать 0,235722 0,000028
включая 0,527633 0,000062
включить 0,634878 0,000149
владелец 1,660731 0,000195
владение 0,916291 0,000107
владивостока 2,525729 0,000296
владимир 0,653926 0,000230
владислав 2,302585 0,000270
владов 3,912023 0,000458
владовым 3,912023 0,000458
власть 0,544727 0,000510
влияние 0,527633 0,000185
влиятельный 2,120264 0,000248
вместимость 1,897120 0,000889
внедрение 1,609438 0,000189
внести 1,021651 0,000120
внешний 0,051293 0,000036
внутренний 0,314711 0,000074
внутригородской 0,867501 0,000914
вода 0,527633 0,000309
воденникова 3,912023 0,000458
водно-спортивных 3,912023 0,000458
водный 0,562119 0,000066
водоем 1,139434 0,000133
водоотведение 2,659260 0,000623
водопроводный 2,207275 0,000259
водород 3,218876 0,000754
водоснабжение 1,514128 0,001241
водохранилище 1,139434 0,000667
военно-воздушный 2,995732 0,000702
военное 0,916291 0,000107
военный 0,494296 0,000463
возвести 1,139434 0,000133
возглавлять 1,203973 0,000141
воздух 0,616186 0,000433
воздушный 0,798508 0,000094
возле 1,386294 0,000325
возможно 0,867501 0,000102
возможность 0,314711 0,000037
вознесение 2,525729 0,000296
возникать 1,021651 0,000120
возраст 1,078810 0,000126
возродить 2,207275 0,000259
воин 1,714798 0,000201
война 0,430783 0,000151
войско 0,798508 0,000094
войти 0,634878 0,000297
вокзал 0,755023 0,000265
волгоград 1,139434 0,000133
волейбольный 1,514128 0,000177
вологда 1,203973 0,000141
володина 3,912023 0,000458
волшебный 0,030459 0,000004
вольховского 3,912023 0,000458
вообще 1,560648 0,000183
вооружить 1,609438 0,000189
воркута 1,237874 0,000145
воронеж 1,203973 0,000141
воронов 2,813411 0,000330
ворот 1,078810 0,000632
восемь 1,469676 0,000344
восстание 1,237874 0,000145
восток 0,494296 0,000174
восточный 0,430783 0,000303
восходить 1,609438 0,000189
восьмерка 2,995732 0,000351
восьмой 2,207275 0,000259
воткинск 1,309333 0,000153
вотчинный 3,912023 0,000916
впадать 1,309333 0,000153
впадина 2,207275 0,000259
вполне 2,407946 0,000282
впоследствии 0,653926 0,000077
врач 1,347074 0,000316
временно 1,309333 0,000153
временной 0,967584 0,000113
время 0,020203 0,000033
все 0,040822 0,000005
всероссийский 0,634878 0,000372
всесоюзный 0,776529 0,000546
вследствие 1,203973 0,000282
втора 0,274437 0,000096
второе 0,653926 0,000077
вуз 0,820981 0,000481
вхл 2,659260 0,000623
вход 0,755023 0,000088
входить 0,287682 0,000202
вчера 2,525729 0,000296
выбирать 1,897120 0,000222
выброс 1,347074 0,000316
выводить 1,832581 0,000215
выглядеть 1,832581 0,000215
выделить 0,544727 0,000064
выделять 1,139434 0,000133
выйти 0,798508 0,000094
выкупить 3,218876 0,000754
вынуждать 2,813411 0,000330
выпуск 0,693147 0,000081
выпускать 1,237874 0,000145
выпустить 0,891598 0,000209
выражаться 2,659260 0,000311
выразиться 3,506558 0,000411
вырасти 1,108663 0,000779
высказываться 2,525729 0,000296
высокий 0,139262 0,000163
высокотехнологичный 2,040221 0,000239
высота 0,415515 0,000243
выставка 1,139434 0,000133
выставочный 1,171183 0,000274
выступать 0,916291 0,000215
выше 0,616186 0,000433
вяткино 3,912023 0,000458
вячеслав 1,897120 0,000222
гаганово 3,912023 0,000458
гагарина 1,427116 0,000167
газета 0,579818 0,000407
газон 3,218876 0,000377
галеев 3,912023 0,000458
гандбольный 2,120264 0,000248
гацкан 3,912023 0,000458
генеральный 0,755023 0,000088
географический 0,356675 0,000251
география 0,415515 0,000097
геологический 1,139434 0,000267
гера 1,272966 0,000149
геральдический 1,560648 0,000183
герб 0,798508 0,000468
герой 1,139434 0,000133
гидрометеоцентр 3,218876 0,000377
гимн 0,776529 0,000091
гкгн 0,994252 0,000116
гкгнпро 0,916291 0,000107
глава 0,494296 0,000405
главное 1,469676 0,000172
главный 0,210721 0,000197
главпочтамт 2,525729 0,000296
гладковой 3,912023 0,000458
глинка 2,407946 0,000564
гмелина 3,912023 0,000458
гмлпуз 3,912023 0,000458
говорить 1,049822 0,000123
говорят 2,040221 0,000239
год -0,009950 -0,000416
годовой 0,994252 0,000233
годурайонные 3,506558 0,000411
гора 0,616186 0,000072
гордиевских 3,912023 0,000458
гордума 2,995732 0,000351
горка 1,897120 0,000222
горловка 1,309333 0,000153
горный 0,941609 0,000110
город 0,371064 0,006041
город-побратим 0,843970 0,000297
город-спутник 1,771957 0,000208
города-миллионеры 1,714798 0,000201
города-партнера 3,912023 0,000458
городище 1,469676 0,000172
городовой 2,207275 0,000259
городпро 0,867501 0,000102
городской 0,544727 0,004083
городчелябинск 3,912023 0,000458
горожанин 1,139434 0,000267
горшково 3,912023 0,000458
горький 0,941609 0,000110
горячко 1,609438 0,000189
госкомстат 0,891598 0,000209
гостиница 0,843970 0,000198
гость 1,347074 0,000316
государственный 0,261365 0,000765
готовый 1,386294 0,000162
градоначальник 1,427116 0,000167
градостроительство 1,660731 0,000195
гражданин 0,733969 0,000516
гранат 1,386294 0,000162
гранит 2,659260 0,000311
граница 0,356675 0,000251
граничить 1,832581 0,000215
греции 1,560648 0,000183
грецию 3,506558 0,000411
гроза 1,966113 0,000230
грузовая 1,139434 0,000133
грузопассажирский 3,506558 0,000411
группа 0,314711 0,000037
грязь 2,407946 0,000564
гтрк 1,049822 0,000369
губернатор 0,967584 0,000227
губерния 0,891598 0,000418
дальний 0,446287 0,000052
дарья 3,218876 0,000754
дата 0,030459 0,000621
датский 0,328504 0,000038
датчик 3,912023 0,000458
дать 0,072571 0,000161
дачный 2,040221 0,000239
два 0,150823 0,000053
дважды 1,272966 0,000149
движение 0,544727 0,000064
двое 2,995732 0,000351
дворец 0,843970 0,000395
дворник 3,218876 0,000377
девушка 2,407946 0,000282
дедовщина 3,912023 0,000458
действие 0,776529 0,000182
действительно 2,302585 0,000539
действовать -0,009950 -0,000006
дек 0,820981 0,000192
декабрь 0,094311 0,000144
декоративный 2,120264 0,000248
делать 0,867501 0,000102
делаться 2,120264 0,000248
деление 0,579818 0,000679
деловой 1,237874 0,000435
демидова 2,525729 0,000296
демоскоп 0,820981 0,000288
деноминация 2,995732 0,000351
день 0,210721 0,000765
деньга 1,386294 0,000649
депо 1,771957 0,000415
депутат 0,776529 0,000182
деревня 1,021651 0,000479
десятилетие 1,203973 0,000141
десятка 1,139434 0,000534
детская 0,653926 0,000077
деятель 1,108663 0,000130
дзержинск 1,347074 0,000158
дзюдо 2,995732 0,001053
диаметр 2,302585 0,000270
дилерский 3,506558 0,000411
динамо 1,171183 0,000412
диоксид 2,040221 0,000239
диспансер 1,832581 0,000644
дитя 0,867501 0,000102
длина 0,579818 0,000136
длительный 1,309333 0,000153
дмитрий 0,967584 0,000227
днейвикипедия 0,967584 0,000113
дно 1,469676 0,000172
добираться 2,659260 0,000311
доблестичелябинскгорода 3,912023 0,000458
доблестный 3,218876 0,000377
доблесть 1,309333 0,000613
добровольцам-танкистам 3,912023 0,000916
добрый 2,207275 0,000259
договоренность 2,659260 0,000311
дождливый 2,407946 0,000282
дождь 1,469676 0,000172
доклад 1,237874 0,000290
документ 0,415515 0,000097
документальный 1,427116 0,000167
долгий 1,021651 0,000120
долго 2,207275 0,000259
долговая 3,912023 0,000916
долговское 3,912023 0,000458
долгодеревенское 3,912023 0,000458
долгоруков 3,912023 0,000458
долгота 0,820981 0,000096
должностной 1,514128 0,000177
должность 1,049822 0,000246
долина 0,916291 0,000107
доля 0,544727 0,000191
дом 0,446287 0,000157
домашние 2,207275 0,000259
доминиканский 3,506558 0,000411
доп 0,597837 0,000490
дополн 3,912023 0,000458
дополнительный -0,009950 -0,000001
дополнить 1,714798 0,000201
допустимый 1,771957 0,000208
дореволюционный 1,347074 0,000158
дорога 0,527633 0,000618
дорожный 1,021651 0,000120
доска 1,897120 0,000667
доставить 1,966113 0,000230
достаточно 0,820981 0,000096
достаться 2,995732 0,000351
достигать 0,843970 0,000099
достигнуть 1,272966 0,000149
достичь 0,733969 0,000086
достопримечательность 0,867501 0,000305
доступ 0,755023 0,000177
доступный -0,009950 -0,000001
дотация 3,506558 0,000411
дошкольный 1,309333 0,000307
драма 1,469676 0,000172
драматический 1,108663 0,000649
древние 0,967584 0,000113
дробно -0,009950 -0,000001
друг 0,916291 0,000107
другое 0,462035 0,000108
другой -0,009950 -0,000013
дубль 3,912023 0,000458
дубровский 3,912023 0,000458
дубровского 3,912023 0,000458
дума 0,916291 0,000859
дуть 2,813411 0,000330
дюрягина 3,912023 0,000458
дюрягино 3,912023 0,000458
евгений 1,347074 0,000158
евгения 2,207275 0,000517
евлашево 2,813411 0,000330
евразия 1,347074 0,000316
еврейский 0,755023 0,000088
европа 0,301105 0,000141
европейский 0,494296 0,000116
евросоюз 3,506558 0,000411
егоров 2,813411 0,000330
единица 0,478036 0,000448
единоборство 2,120264 0,000248
единственное 1,021651 0,000120
единый 0,544727 0,000064
ежегодник 0,820981 0,001346
ежегодно 0,916291 0,000107
ежегодный 1,171183 0,000137
ежедневно 1,714798 0,000402
ездить 2,813411 0,000330
екатерина 1,514128 0,000355
екатеринбург 0,843970 0,000395
екатеринбурга 2,525729 0,000296
екатеринбургский 2,659260 0,000311
екатерины 1,514128 0,000177
елены 3,218876 0,000377
елесиной 3,912023 0,000458
елькина 3,912023 0,000458
ельцина 2,659260 0,000311
еманжелинск 3,912023 0,000916
еманжелинский 3,912023 0,000458
емельянова 3,506558 0,000411
емкость 2,120264 0,000248
еткуль 3,912023 0,000458
еткульский 3,912023 0,000458
ефрона 0,328504 0,000154
ехать 2,659260 0,000311
жабаков 3,912023 0,000458
жар 2,040221 0,000239
жарникова 3,912023 0,000458
железа 2,207275 0,000259
железнодорожник 2,040221 0,000239
железнодорожный 0,579818 0,000679
железный 0,616186 0,000505
желтый 1,609438 0,000189
женский 0,867501 0,000508
женщина 1,171183 0,000137
живописный 2,040221 0,000239
жигулевск 1,832581 0,000215
жизнь 0,342490 0,000080
жилина 3,506558 0,000411
жиромская 1,021651 0,000120
житель 0,562119 0,000593
житинев 3,912023 0,000458
жить 0,820981 0,000192
жукова 2,302585 0,000270
журавлево 3,912023 0,000458
журнал 0,301105 0,000071
журналист 1,660731 0,000195
заболеваемость 2,813411 0,002307
заболевание 1,771957 0,000208
заведение 0,867501 0,000305
завершение 1,609438 0,000189
завершить 0,867501 0,000305
завести 2,813411 0,000330
зависеть 1,171183 0,000274
завод 0,693147 0,001137
завтра 2,207275 0,000259
заглавный -0,009950 -0,000001
загрязнение 0,891598 0,000418
задача 0,820981 0,000096
заилить 3,912023 0,000458
заимка 2,659260 0,000311
зайков 3,218876 0,000377
заключить 1,309333 0,000153
закон 0,462035 0,000162
законодательный 1,347074 0,000158
закрыть 0,798508 0,000094
закупить 2,995732 0,000351
закупка 2,995732 0,000702
зал 0,843970 0,000395
замена 1,660731 0,000195
заменить 0,494296 0,000116
замер 2,659260 0,000311
заместитель 1,514128 0,000177
заметка 2,120264 0,000248
заморозка 1,966113 0,001151
заморозок 3,506558 0,000411
занимать 0,430783 0,000303
заниматься 0,634878 0,000149
запад 0,634878 0,000223
западный 0,462035 0,000162
запах 3,218876 0,000377
записать 1,609438 0,000189
записка 1,139434 0,000133
записьвойти -0,009950 -0,000001
запланировать 1,832581 0,000215
запрос 1,021651 0,000120
запустить 0,755023 0,000354
зарегистрировать -0,009950 -0,000001
заречный 2,120264 0,000248
зарифов 3,912023 0,000458
зарубежный 0,994252 0,000233
заслужить 1,714798 0,000402
застройщик 2,995732 0,000351
затем 0,527633 0,000062
зато 1,560648 0,000548
затопить 1,832581 0,000215
зафиксировать 1,078810 0,000126
заявить 1,386294 0,000162
заявление -0,009950 -0,000001
заявлять 2,525729 0,000296
звание 0,891598 0,000313
звать 2,659260 0,000311
звезда 0,916291 0,000107
здание 0,673345 0,000473
здзярский 2,813411 0,000330
здравоохранение 0,843970 0,000198
здравствуйте 3,912023 0,000458
здравый 3,218876 0,000377
зеленовка 2,813411 0,000330
зеленодольск 1,237874 0,000145
зеленый 0,755023 0,000265
земля 0,400478 0,000281
зенит 2,302585 0,000270
зеркальный 2,995732 0,000351
зима 0,478036 0,000112
зимний 0,798508 0,000094
зинченко 3,506558 0,000821
златоуст 1,347074 0,000473
знак -0,009950 -0,000002
значение 0,061875 0,000029
значительно 0,510826 0,000060
значительный 0,328504 0,000077
значить 1,427116 0,000167
зной 3,912023 0,000458
золотой 0,597837 0,000350
золотоносный 3,506558 0,000411
зона 0,400478 0,000094
зритель 1,108663 0,000130
зубова 2,407946 0,000282
иваницкий 3,912023 0,000458
иваницкому 3,912023 0,000458
иванково 3,912023 0,000458
иванов 1,560648 0,000183
иваново 1,139434 0,000133
игнатьев 2,995732 0,000351
игнатьева 3,912023 0,000458
игра 0,843970 0,000099
играть 0,867501 0,000203
игрок 2,207275 0,000259
игуменка 3,912023 0,000458
идентификатор 0,693147 0,000081
идет 1,078810 0,000126
идти 0,820981 0,000192
ижевск 1,139434 0,000133
из-за 0,415515 0,000292
известие 0,994252 0,000116
известное 0,994252 0,000233
известный 0,287682 0,000135
извозчик 3,218876 0,000377
изд 0,314711 0,000295
издаваться 1,660731 0,000778
издание 0,415515 0,000146
издательский 1,272966 0,000149
издательство 0,494296 0,000174
издать 1,386294 0,000162
издевательство 3,506558 0,000411
изделие 1,108663 0,000130
излюбить 2,813411 0,000330
изменение 0,301105 0,000176
изменить 1,049822 0,000123
измениться 1,021651 0,000120
изменяться 1,203973 0,000423
изображение 0,693147 0,000081
изобразительный 1,347074 0,000158
изобразить 1,386294 0,000325
изотов 3,506558 0,000411
израиль 2,525729 0,000296
икона 1,309333 0,000153
илл 2,813411 0,000659
ильино 3,506558 0,000411
ильчигулово 3,912023 0,000458
илья 2,040221 0,000239
именоваться 1,469676 0,000172
иметь 0,094311 0,000099
иметься 0,385662 0,000316
имидж 3,506558 0,000411
император 1,139434 0,000133
императрица 1,514128 0,000177
империя 0,653926 0,000306
имущество 1,660731 0,000584
имя 0,274437 0,000161
имя-звание 3,912023 0,000458
инвалидность 3,912023 0,000458
инвестиционный 1,514128 0,000532
инвестор 2,120264 0,000497
индекс 0,634878 0,000074
индукционный 3,912023 0,000458
индустриализация 1,832581 0,000215
инна 3,506558 0,000411
инновационный 1,771957 0,000208
инновация 2,302585 0,000270
иногородний 2,120264 0,000248
иностранный 0,916291 0,000107
институт 0,371064 0,000130
институции 3,912023 0,000458
инструмент -0,009950 -0,000002
интеллект 2,040221 0,000239
интересный 1,832581 0,000429
интернет-портал 1,897120 0,000667
интернет-провайдеров 2,659260 0,000311
интерсвязь 3,506558 0,000411
интерфакс 1,832581 0,000429
инфографика 2,813411 0,000330
информационный 0,462035 0,000108
инфраструктура 0,891598 0,000313
инфраструктурный 2,207275 0,000259
иоганна 3,912023 0,000458
ирина 1,609438 0,000377
иркутск 1,171183 0,000137
иртыш 3,218876 0,000377
исакова 3,912023 0,000458
исетский 3,218876 0,000377
искалечить 3,912023 0,000458
исключительный 2,207275 0,000259
искусство 0,478036 0,000224
исламский 1,771957 0,000208
исполнение 0,867501 0,000102
исполнительный 1,171183 0,000137
исполнять 1,108663 0,000130
использование -0,009950 -0,000002
использовать 0,020203 0,000007
использоваться 0,223144 0,000026
испр 1,832581 0,001502
исправить 1,347074 0,000158
исследователь 0,941609 0,000221
исследовательский 1,237874 0,000145
исток 0,755023 0,000088
исторически 1,078810 0,000253
исторический 0,314711 0,000147
история 0,051293 0,000150
источник -0,009950 -0,000034
исходный 1,714798 0,000201
исчезнуть 1,771957 0,000208
исчерпать 2,525729 0,000296
исчисление 0,776529 0,000091
италии 1,966113 0,000230
итог 0,494296 0,000289
ишимбай 1,309333 0,000153
июл 2,659260 0,000311
июль 0,116534 0,000751
июн 2,659260 0,000311
июне-августе 3,912023 0,000458
июнь 0,116534 0,000409
каждый 0,261365 0,000031
казанцево 3,912023 0,000458
казань 0,891598 0,000313
казах 1,427116 0,000167
казахстан 1,469676 0,000172
казырова 3,912023 0,000458
кайгородово 3,912023 0,000458
какой 0,820981 0,000288
калачево 3,912023 0,000458
калининский 2,207275 0,000776
каменный 0,733969 0,000602
каменск-уральский 1,347074 0,000158
камень 0,994252 0,000233
камерный 1,660731 0,000584
кампус 2,813411 0,000659
канадей 2,813411 0,000330
канал 0,673345 0,000237
канцелярия 1,832581 0,000215
карабаш 3,506558 0,000411
карасево 3,912023 0,000458
карачельское 3,912023 0,000458
каргаполье 3,912023 0,000458
кардинально 2,813411 0,000330
кардиоцентр 3,218876 0,000377
карманный 2,995732 0,000351
карт 0,301105 0,000141
карталинский 3,912023 0,000458
карталы 3,912023 0,000916
касли 3,912023 0,000916
каслинский 3,218876 0,000377
каспийск 1,272966 0,000149
катав-ивановск 3,912023 0,000916
катав-ивановский 3,912023 0,000458
каталанский 0,527633 0,000062
каталог 0,094311 0,000011
категория -0,009950 -0,000003
католический 1,237874 0,000145
кафа 1,514128 0,000177
кафедральный 0,967584 0,000680
качественный 1,832581 0,000215
качество 0,287682 0,000168
каштак 2,995732 0,000351
квартал 0,994252 0,000116
кемерово 1,237874 0,000145
кибер-ножом 3,912023 0,000458
кизильский 3,912023 0,000458
кизильское 3,506558 0,000411
километр 0,693147 0,000081
кира 3,506558 0,000411
кирилла 1,966113 0,000230
киров 1,309333 0,000153
кирова 1,386294 0,000325
кировец 2,995732 0,000351
кировка 3,912023 0,000916
кировке 3,912023 0,000458
кирово 3,506558 0,000411
китай 0,776529 0,000182
китайский 0,653926 0,000077
китап 3,912023 0,000458
класс 0,616186 0,000217
классик 2,120264 0,000248
классический 0,755023 0,000088
климат 0,446287 0,000366
клинический 1,386294 0,000487
клуб 0,798508 0,000935
кмвладивосток 2,813411 0,000330
кмказань 2,040221 0,000239
кмкрасноярск 2,995732 0,000351
кмкурган 3,912023 0,000458
кммосква 1,832581 0,000215
кмновосибирск 2,525729 0,000296
кморенбург 2,659260 0,000311
кморск 3,506558 0,000411
кмсамара 2,407946 0,000282
кмсанкт-петербург 2,120264 0,000248
кмсочи 2,120264 0,000248
кмтроицк 3,912023 0,000458
кмтюмень 3,218876 0,000377
кмуфа 2,407946 0,000282
книжный 0,798508 0,000094
князь 0,867501 0,000102
код -0,009950 -0,000051
кодекс -0,009950 -0,000001
кодистория 0,116534 0,000014
койка 2,040221 0,000239
кокетка 3,912023 0,000458
колбина 3,912023 0,000458
колесо 2,407946 0,000564
количество 0,210721 0,000173
коллаборации 3,912023 0,000458
коллектор 2,120264 0,000248
колмаково-миасское 3,912023 0,000458
коломна 1,272966 0,000298
колумбия 2,813411 0,000330
колупаевка 3,912023 0,000458
кольцевой 1,714798 0,000201
кольцо 1,021651 0,000239
колющенко 3,912023 0,000458
команда 0,798508 0,000281
командно-инженерное 3,912023 0,000458
командный 1,347074 0,000158
комбинат 1,021651 0,000479
комитет 0,653926 0,000230
коммерсантъ 1,139434 0,000534
коммерческий 1,021651 0,000120
коммунар 2,659260 0,000623
компания 0,371064 0,000348
компетенция 2,659260 0,000311
комплекс 0,579818 0,000340
композиция 1,386294 0,000325
компонент 0,967584 0,000113
комсомольск-на-амуре 1,203973 0,000141
комсомольский 0,891598 0,000940
кон 2,659260 0,000311
конарев 3,912023 0,000458
кондрашова 3,218876 0,000377
конец 0,198451 0,000070
конечный 1,514128 0,000177
константин 1,560648 0,000183
конструктивизм 1,771957 0,000208
консультативный 2,995732 0,000351
контактный 2,407946 0,000282
континентальный 0,527633 0,000247
контракт 1,609438 0,000189
контроль 0,994252 0,000233
конфессия 1,049822 0,000123
конфиденциальность -0,009950 -0,000001
конфликт 1,347074 0,000158
концентрация 1,203973 0,000282
концертный 1,108663 0,000390
концессионер 3,912023 0,000458
концессионный 3,506558 0,000411
концессия 3,912023 0,000458
конькобежный 2,995732 0,000351
конюшенко 3,912023 0,000458
копейск 3,912023 0,001833
копейска 3,912023 0,000458
копие 0,223144 0,000261
корень 1,609438 0,000189
корить 1,309333 0,000153
коркино 3,912023 0,000916
коркинский 3,218876 0,000377
королев 1,897120 0,000222
короткий -0,009950 -0,000001
корпус 1,171183 0,000274
корчажка 3,912023 0,000458
кострома 1,171183 0,000137
костыль 3,912023 0,000458
косулино 3,912023 0,000458
котельная 1,966113 0,000230
котловина 1,897120 0,000222
котов 3,218876 0,000377
который 0,000000 0,000000
кочегарова 3,912023 0,000458
кочкина 3,506558 0,000411
край 0,544727 0,000064
кран 3,218876 0,000377
красивый 1,660731 0,000195
красноармейский 1,714798 0,000402
краснов 3,218876 0,000377
краснодар 1,386294 0,000162
красноярка 3,912023 0,000458
красноярск 0,967584 0,000227
красноярский 1,609438 0,000189
красный 0,597837 0,000210
краткий 0,653926 0,000077
кратковременный 2,302585 0,000270
кредит 2,525729 0,000296
крепость 0,994252 0,000932
крестьянин 1,832581 0,000215
кризис 1,386294 0,000325
криминальный 2,302585 0,000539
кром 0,235722 0,000110
крупный 0,210721 0,000494
крутой 1,514128 0,000177
крыма 0,843970 0,000099
ксения 2,302585 0,000539
ксилол 3,912023 0,000458
кубок 1,237874 0,000145
кузнецк 2,302585 0,000270
кузнецов 1,771957 0,000208
кузнечно-прессовый 3,912023 0,000458
куки -0,009950 -0,000001
кукла 0,891598 0,000104
куликово 3,506558 0,000411
куликовый 3,912023 0,000458
кулуево 3,912023 0,000458
кулукаева 3,912023 0,000458
культура 0,356675 0,000460
культурный 0,597837 0,000210
кумейко 3,912023 0,000458
кунашак 3,912023 0,000458
кунашакский 3,912023 0,000458
купание 2,659260 0,000311
купаться 3,218876 0,000377
купец 1,078810 0,000126
купить 2,525729 0,000592
курган 1,203973 0,000282
курганова 3,912023 0,000458
курганский 2,525729 0,000296
курчатовский 3,506558 0,000821
курчатову 3,912023 0,000458
кус 3,912023 0,000916
кусинский 3,912023 0,000458
кустарник 1,771957 0,000208
кхл 2,525729 0,000592
кыштым 3,912023 0,000458
кэшемвикипедия 3,912023 0,000458
кятиб 3,912023 0,000458
лаборатория 1,309333 0,000153
лев 0,967584 0,000227
левша 3,218876 0,000377
легенда 1,469676 0,000172
легендарный 1,897120 0,000444
легкий 0,967584 0,000113
легкоатлетический 2,525729 0,000296
ледовый 1,078810 0,000379
ленин 0,755023 0,000531
ленинанаселенные 2,659260 0,000311
ленинградский 1,560648 0,000183
ленинск-кузнецкий 1,347074 0,000158
ленинский 0,941609 0,000221
леннарт 3,912023 0,000458
леонов 2,659260 0,000311
леонова 2,995732 0,000351
лес 0,733969 0,000086
лесостепной 1,771957 0,000208
летию 1,078810 0,000253
летний 0,579818 0,000136
лето 0,891598 0,000104
лечить 3,506558 0,000411
лига 0,941609 0,000331
ликвидировать 1,309333 0,000307
линия 0,462035 0,000054
литература 0,051293 0,000018
лицензия -0,009950 -0,000001
лицо 0,673345 0,000237
личное 1,714798 0,000201
личность 1,897120 0,000222
ложбина 2,995732 0,000351
локальный 0,673345 0,000079
локомотив 1,714798 0,000201
локомотивный 2,525729 0,000296
лом 2,525729 0,000296
лошкин 3,912023 0,000458
луганск 1,203973 0,000141
луговой 2,302585 0,000270
лужа 3,912023 0,000916
луховицы 2,659260 0,000311
лучший 0,776529 0,000091
лысьва 1,347074 0,000158
любительский 1,832581 0,000215
любовь 1,966113 0,000230
любой 1,386294 0,000162
людмила 2,207275 0,000259
лютеранин 2,525729 0,000296
мавлютова 3,912023 0,000458
магадан 1,237874 0,000145
магистраль 0,867501 0,000305
магистральный 1,771957 0,000208
магнитогорск 1,272966 0,000447
май 0,127833 0,000464
максим 1,237874 0,000145
максимальный 0,867501 0,000203
максимум 0,579818 0,000272
малахит 3,912023 0,000458
мало 0,579818 0,000068
малое 0,994252 0,000116
малой 0,776529 0,000091
малоснежный 2,525729 0,000296
малый 0,139262 0,000033
малышево 2,995732 0,000351
мальчик 3,218876 0,000377
манекен 3,912023 0,000458
мар 2,040221 0,000239
марганец 3,506558 0,000821
марий 2,525729 0,000296
мария 1,832581 0,000644
марка 0,733969 0,000172
март 0,116534 0,000423
маршрут 0,673345 0,000710
маршрутка 2,659260 0,000311
маршрутный 1,049822 0,000615
масса 0,916291 0,000107
мастер 1,171183 0,000137
масштабный 1,139434 0,000133
материал -0,009950 -0,000003
материк 2,040221 0,000478
матч 1,108663 0,000130
мать 1,203973 0,000282
мачта 2,995732 0,000351
машина 0,713350 0,000418
машиностроение 1,049822 0,000246
машиностроительный 1,347074 0,000158
мвд 1,309333 0,000153
мвт 2,525729 0,000592
мегаполис 2,040221 0,000956
мегафон 1,237874 0,000290
медведица 2,659260 0,000311
медведь 1,660731 0,000195
медиафайлы 0,301105 0,000035
медицинский 0,653926 0,000230
медь 2,040221 0,000239
междугородная 1,832581 0,000215
междугородный 1,832581 0,000429
международный 0,385662 0,000452
мельник 2,040221 0,000239
мельчакова 3,912023 0,000458
мемориал 1,514128 0,000177
мемориальный 1,139434 0,000133
меньшенина 3,912023 0,000458
меню 2,659260 0,000311
меридиан 2,207275 0,000517
мероприятие 0,916291 0,000107
местный 0,478036 0,000280
место 0,139262 0,000228
местоположение 1,660731 0,000195
месяцевикипедия 0,776529 0,000091
металлический 1,771957 0,000208
металлург 2,302585 0,000539
металлургический 1,469676 0,000861
металлургия 1,714798 0,000402
метель 2,525729 0,000592
метеоусловия 3,506558 0,000411
метка 2,813411 0,000330
метр 0,653926 0,000153
метро 1,272966 0,000596
метротрамвай 3,506558 0,000411
механический 1,660731 0,000389
мехмед 3,912023 0,000458
мечел 3,912023 0,001375
мечеть 0,994252 0,000466
миасс 1,309333 0,002760
миасса 3,912023 0,000916
миассгорода 3,912023 0,000458
миасский 3,912023 0,001833
микрорайон 0,916291 0,000215
миллионник 2,813411 0,000330
миллионный 1,771957 0,000208
миловидный 3,912023 0,000458
милославская 3,912023 0,000458
миндортранс 3,912023 0,000458
мини-футбольный 2,207275 0,000259
минимум 0,653926 0,000306
министерство 0,653926 0,000613
министр 1,171183 0,000412
минута 1,272966 0,000298
миньяр 3,912023 0,000458
мир 0,094311 0,000099
мировой 1,469676 0,000172
михаил 0,916291 0,000107
михайлович 1,386294 0,000162
мишустина 3,912023 0,000458
мкад 2,407946 0,000282
младший 2,525729 0,000296
млн 0,462035 0,000108
млрд 0,820981 0,000481
мнение 0,634878 0,000074
многие 0,356675 0,000084
многочисленный 0,693147 0,000162
множество 0,462035 0,000379
мобайл 2,813411 0,000330
мобильный -0,009950 -0,000002
модернизация 1,660731 0,000195
модница 3,912023 0,000458
модуль 0,562119 0,000066
мокшанин 2,659260 0,000311
молния 2,813411 0,000659
молодежный 1,078810 0,000126
мольберт 3,912023 0,000458
момент 0,527633 0,000185
монастырский 2,302585 0,000270
монастырь 0,867501 0,000305
монах 2,659260 0,000311
монгольский 1,832581 0,000215
монета 0,994252 0,000466
мониторинг 1,108663 0,000260
монография 2,040221 0,000239
монумент 1,272966 0,000298
мончегорск 1,347074 0,000158
мордва 1,309333 0,000153
мордовия 2,302585 0,000270
море 0,562119 0,000132
москва 0,400478 0,000281
москвамосквамосковская 2,813411 0,000330
москвачелябинск 3,912023 0,000458
москвичев 3,912023 0,000458
москвой 1,237874 0,000145
москвы 0,653926 0,000077
московский 0,527633 0,000124
мост 0,713350 0,000251
мочь -0,009950 -0,000001
мощность 1,386294 0,000162
мск 0,843970 0,000099
мтс 1,237874 0,000145
мужской 1,108663 0,000130
мужчина 1,347074 0,000158
музей 0,653926 0,000536
музыка 0,941609 0,000110
муниципальный 0,713350 0,002339
муп 1,897120 0,000667
муровать 3,218876 0,000377
мусульман 1,171183 0,000137
мухамет-галиевым 3,912023 0,000458
мухаметово 3,912023 0,000458
мучилище 3,912023 0,000458
мышьяк 3,218876 0,000377
мэрия 1,560648 0,000183
набережная 0,891598 0,000522
набиться 3,912023 0,000458
наблюдаться 0,755023 0,000177
навигация -0,009950 -0,000003
навьючить 3,912023 0,001375
нагайбакский 3,912023 0,000458
награда 0,798508 0,000094
наградить 0,941609 0,000110
награждение 2,302585 0,000270
надежда 1,469676 0,000344
назад 1,108663 0,000130
название 0,105361 0,000136
назвать 0,371064 0,000087
назначить 1,203973 0,000141
называть 0,174353 0,000041
называться 0,328504 0,000038
наиболее 0,139262 0,000065
наилы 3,912023 0,000458
найти 0,733969 0,000086
накинуть 3,912023 0,000458
налог 1,897120 0,000222
наместничество 1,514128 0,000355
направление 0,385662 0,000045
направленность 2,120264 0,000497
например 0,328504 0,000038
народ 0,579818 0,000136
народный 0,616186 0,000433
наружный 3,912023 0,000458
население 0,462035 0,003626
населить 0,597837 0,000700
наследие 0,713350 0,000167
насосная 3,506558 0,000411
настил 3,912023 0,000458
настолько 1,897120 0,000222
настоящее 0,287682 0,000034
наступать 0,843970 0,000099
насчитываться 0,967584 0,000113
наталья 1,660731 0,000195
наука 0,235722 0,000055
наума 3,912023 0,000458
наумов 2,525729 0,000296
научно-исследовательский 0,798508 0,000094
научный 0,248461 0,000116
находиться 0,174353 0,000327
находка 0,994252 0,000116
национальность 0,867501 0,000203
национальный 0,342490 0,000080
нач 2,995732 0,000351
начало 0,116534 0,000041
началось 0,616186 0,000361
начальный 0,967584 0,000340
начаться 0,562119 0,000132
начинать 1,049822 0,000123
наш 0,527633 0,000124
небезопасно 3,912023 0,000458
неблагоприятный 2,040221 0,000956
небо 1,272966 0,000149
небольшой 0,494296 0,000058
невозможно 1,832581 0,000215
невский 1,272966 0,000298
негативный 1,347074 0,000158
неглубокий 3,506558 0,000411
недоступный 0,446287 0,000627
незавершенный 2,525729 0,000296
некоммерческий -0,009950 -0,000001
некоторые 0,127833 0,000060
нелегко 3,912023 0,000458
немалое 3,218876 0,000377
немец 1,108663 0,000260
немецкий 0,798508 0,000094
неофициальный 1,139434 0,000400
неплюев 3,506558 0,000411
непосредственно 0,478036 0,000056
нерабочий 0,994252 0,000116
нерегулируемый 3,506558 0,000411
нержавеющий 3,912023 0,000458
нерожденный 3,912023 0,000458
несколько 0,116534 0,000096
нефтепродукт 1,660731 0,000195
нехватка 1,966113 0,000230
нечисловыми 2,659260 0,000311
ниже 0,693147 0,000162
нижнее 0,916291 0,000107
нижний 0,494296 0,000347
низкопольные 3,218876 0,000377
никакой 1,609438 0,000189
никель 2,407946 0,000564
николаевич 1,309333 0,000153
николаевичу 2,995732 0,000351
николая 0,916291 0,000107
нитрат 2,659260 0,000311
нитрит 3,218876 0,000377
ниу 2,407946 0,000282
нихао 3,912023 0,000458
нищий 3,506558 0,000411
нму 3,912023 0,000916
новгород 0,867501 0,000305
новоандреевка 3,912023 0,000458
новое 0,287682 0,000168
новокузнецк 1,272966 0,000149
новомосковск 1,203973 0,000141
новосибирск 0,916291 0,000215
новоспасское 2,659260 0,000311
новость 0,544727 0,000319
новотагилка 3,912023 0,000458
новый 0,083382 0,000205
номер 0,634878 0,000074
норвежский 0,248461 0,000029
норильск 1,203973 0,000141
норма 0,597837 0,000140
носить 0,798508 0,000094
ноттингемшир 3,912023 0,000458
ночь 1,309333 0,000307
нояб 0,820981 0,000096
ноябрь 0,127833 0,000374
нужно 1,049822 0,000123
нулевой 1,609438 0,000377
нумизматика 1,966113 0,000461
нхт 3,912023 0,000458
ныне 0,653926 0,000077
ныть 2,407946 0,000282
нязепетровск 3,912023 0,000916
нязепетровский 3,912023 0,000458
оба 0,597837 0,000210
обеспеченность 1,771957 0,000208
обеспечивать 0,415515 0,000049
обеспечить 1,386294 0,000162
обещать 2,407946 0,000282
обзор 1,078810 0,000253
облагородить 3,218876 0,000377
областинаселенные 3,506558 0,000411
областной 0,994252 0,001514
область 0,150823 0,001007
областьгорода 1,309333 0,000153
областьсеверноетатарстанбавлыбашкортостан 2,813411 0,000330
облик 1,203973 0,000282
обнаружить 1,021651 0,000120
обновить 1,203973 0,000282
обновление 1,203973 0,000141
обогнать 2,407946 0,000282
обозрение 1,897120 0,000444
оборона 1,108663 0,000130
оборудование 0,653926 0,000077
оборудовать 1,897120 0,000222
обособление 3,912023 0,000458
образ 0,287682 0,000101
образование 0,356675 0,001044
образовательный 0,891598 0,000104
образовать 0,385662 0,000090
образоваться 0,967584 0,000113
обращение 0,030459 0,000617
обслуживать 1,469676 0,000172
обстановка 1,386294 0,000487
общегородской 2,040221 0,000239
общее 0,301105 0,000176
общеизвестный 3,218876 0,000377
общеобразовательный 1,021651 0,000120
общероссийский 1,427116 0,000334
общественный 0,494296 0,000405
общество 0,415515 0,000097
общий 0,186330 0,000153
община 1,078810 0,000253
объединение 0,776529 0,000091
объединить 0,867501 0,000102
объект 0,235722 0,000083
объем 0,400478 0,000281
объявить 0,798508 0,000187
объявление 1,966113 0,000230
обязанность 1,347074 0,000158
огибать 2,659260 0,000311
огласить 3,506558 0,000411
огонь 1,139434 0,000133
ограничить 0,653926 0,000077
одарить 2,995732 0,000351
одигитриевский 3,912023 0,000916
один 0,051293 0,000060
ожидать 1,272966 0,000149
ожидаться 2,302585 0,001079
ожоговый 2,995732 0,000702
озеро 0,673345 0,000552
озерск 3,506558 0,000411
означать 0,798508 0,000187
оказывать 0,867501 0,000102
оказываться 1,966113 0,000461
окато 0,820981 0,000288
океан 0,994252 0,000116
окно 1,714798 0,000201
окончание 1,309333 0,000153
окрестность 0,941609 0,000110
округ 0,562119 0,001053
округгорода 3,912023 0,000458
окружать 0,755023 0,000265
окружной 1,609438 0,000189
оксана 2,995732 0,000351
оксид 2,207275 0,000517
окт 0,798508 0,000187
октмо 0,843970 0,000198
октябрь 0,072571 0,000306
октябрьский 0,776529 0,000273
окунево 3,912023 0,000916
окуневское 3,912023 0,000458
олимпийский 1,108663 0,000130
ольга 1,347074 0,000473
омск 1,021651 0,000479
онкодиспансер 3,506558 0,000411
онкозаболеваемость 3,912023 0,000458
онкозаболевание 3,912023 0,000458
онкологический 1,897120 0,000667
онлайн 0,198451 0,000046
ооо 0,843970 0,000395
опасный 1,272966 0,000298
опер 1,469676 0,000172
оператор 0,941609 0,000110
операция 0,776529 0,000091
описание -0,009950 -0,000002
оплата 1,609438 0,000189
определить 0,527633 0,000062
определяться 1,078810 0,000126
опубликовать 0,891598 0,000104
орган 0,616186 0,000289
организация -0,009950 -0,000006
организовать 0,634878 0,000074
органический 1,832581 0,000215
органный 1,966113 0,000461
орда 1,714798 0,000402
орден 0,891598 0,000209
оренбургский 1,714798 0,001004
оригинал 0,139262 0,000571
оркестр 1,386294 0,000162
орлова 2,995732 0,000351
орловка 2,995732 0,000351
орлову 3,912023 0,000458
орография 3,506558 0,000411
орск 1,272966 0,000149
ортпц 2,407946 0,000564
осадок 0,544727 0,000191
осадочный 2,407946 0,000282
освятить 1,560648 0,000183
осенний 2,302585 0,000270
осипов 0,527633 0,000062
основа 0,210721 0,000025
основание 0,494296 0,000058
основатель 0,967584 0,000113
основать 0,274437 0,000289
основное 0,235722 0,000028
основной 0,040822 0,000053
особенно 0,562119 0,000132
особенность 0,693147 0,000081
особо 1,237874 0,000145
остановка 1,514128 0,000177
остановочный 2,207275 0,000517
остаток 1,203973 0,000141
острый 2,407946 0,000282
осуществлять 0,597837 0,000070
осуществляться 0,616186 0,000072
отв 0,755023 0,000354
отважный 3,218876 0,000377
ответственность -0,009950 -0,000001
отвечать 1,609438 0,000189
отгрузить 1,386294 0,000162
отдел 1,171183 0,000137
отделение 0,713350 0,000084
отделка 3,912023 0,000458
отдельный -0,009950 -0,000002
отечественный 0,634878 0,000149
отечество 1,966113 0,000230
отказ -0,009950 -0,000001
открываться 1,347074 0,000316
открытие 0,616186 0,000072
открытка 2,207275 0,000259
открыть 0,150823 0,000141
отличаться 0,342490 0,000040
отметить 0,616186 0,000289
отмечать 1,078810 0,000126
относительно 0,415515 0,000097
относиться 0,328504 0,000115
отправить 1,560648 0,000183
отправлять 2,040221 0,000239
отрасль 0,653926 0,000077
отредактировать -0,009950 -0,000001
отремонтировать 2,407946 0,000282
отчет 1,272966 0,000447
официальный 0,356675 0,000251
оформить 1,514128 0,000177
ох 1,347074 0,000158
охрана 0,843970 0,000099
оценка 0,400478 0,000094
очистной 1,832581 0,000215
очищать 2,995732 0,000351
ошибкекак -0,009950 -0,000001
павлин 1,714798 0,000201
памятник 0,597837 0,001190
памятник-мавзолей 3,912023 0,000458
памятный 0,798508 0,000374
память 0,820981 0,000096
панорама 1,203973 0,000141
пао 1,427116 0,000167
парк 0,653926 0,000306
паровоз 2,525729 0,000296
партия 1,514128 0,000177
паспорт 1,897120 0,000222
пассажир 1,272966 0,000596
пассажиропоток 1,609438 0,000377
пассажирский 0,941609 0,000331
пасть 2,120264 0,000248
патриарх 2,040221 0,000239
пациент 2,302585 0,000809
пдк 2,207275 0,000517
педагогический 0,867501 0,000102
пенза 1,108663 0,000260
пензенская 2,207275 0,000259
первенство 1,469676 0,000172
первое 0,150823 0,000177
первомайский 1,347074 0,000158
первопоселенец 3,506558 0,000411
первый 0,162519 0,000095
перевод 0,941609 0,000551
перевозка 0,891598 0,000731
переволок 2,302585 0,000270
передаваться 2,207275 0,000259
передатчик 2,813411 0,000330
передать 0,798508 0,000281
передача 1,078810 0,000126
передвижение 2,995732 0,000351
перейти -0,009950 -0,000002
перекат 2,995732 0,000351
перенести 0,994252 0,000116
переписать 3,218876 0,000377
перепись 0,755023 0,001061
пересветом 3,912023 0,000458
пересечение 1,171183 0,000137
переть 1,108663 0,000130
переходный 2,407946 0,000282
период 0,274437 0,000064
периодический 1,560648 0,000366
пермский 1,966113 0,000230
пермь 0,994252 0,000233
персонал 2,040221 0,000239
персональный -0,009950 -0,000001
першино 3,218876 0,000377
петербурге 2,995732 0,000351
петля 2,995732 0,000351
петрить 1,714798 0,000201
петропавловск 2,995732 0,000351
петь 2,407946 0,000282
печально 3,506558 0,000411
печатный 1,021651 0,000239
печать -0,009950 -0,000005
печерский 2,302585 0,000270
печь 2,525729 0,000296
пешеходный 1,560648 0,000183
пилотный 2,659260 0,000311
пионеров-героев 3,912023 0,000458
писать 0,820981 0,000192
питание 1,171183 0,000137
питьевой 1,897120 0,000222
план 0,527633 0,000247
планироваться 0,891598 0,000104
плановый 2,659260 0,000311
пласт 2,813411 0,000659
пластовский 3,912023 0,000458
платформа 1,049822 0,000369
плечо 3,218876 0,000377
плотников 3,506558 0,000411
плотность 0,634878 0,000074
плохое 2,525729 0,000296
плохоцкий 3,912023 0,000458
площадь 0,385662 0,000407
пляж 1,609438 0,000189
по-летнему 3,912023 0,000458
победа 0,755023 0,000354
повв 3,912023 0,000458
поведение -0,009950 -0,000001
повестка 2,995732 0,000351
поворачивать 2,995732 0,000351
повысить 1,021651 0,000120
повышение 1,078810 0,000126
погибший 1,203973 0,000141
погода 0,693147 0,000244
подать 1,714798 0,000402
подвергаться 1,609438 0,000189
подвиг 2,040221 0,000239
подвижной 1,832581 0,000429
подготовка 0,916291 0,000215
подземка 3,506558 0,000411
подземный 1,469676 0,000172
подковать 3,912023 0,000458
подковообразно 3,912023 0,000458
подкорытов 3,912023 0,000458
подниматься 1,427116 0,000167
подольск 1,272966 0,000149
подпрудить 3,912023 0,000458
подрядчик 2,813411 0,000330
подскочить 3,912023 0,000458
подтвердить 1,309333 0,000153
подтверждение 1,771957 0,000208
подчеркивать 2,120264 0,000497
подчинение 1,237874 0,000145
подъезд 1,897120 0,000222
поединок 3,912023 0,000458
пожертвовать 2,995732 0,000351
позволить 0,967584 0,000340
поздний 1,171183 0,000137
поздно 0,713350 0,000084
поздравительный 3,506558 0,000411
поиск -0,009950 -0,000002
показатель 0,494296 0,000637
показать 0,891598 0,000104
показуха 3,506558 0,000411
показывать 1,237874 0,000145
покров 0,843970 0,000198
покрыть 1,309333 0,000153
покупать 2,525729 0,000296
пол 0,446287 0,000523
полдень 0,916291 0,000107
полетаево 3,912023 0,001375
поливанов 3,912023 0,000458
поликлиника 1,309333 0,000153
политик -0,009950 -0,000002
политический 0,597837 0,000210
полмиллиона 2,995732 0,000351
полномочие 1,203973 0,000423
полноценный 1,771957 0,000208
полный 0,328504 0,000077
поло 2,995732 0,000351
половина 0,430783 0,000050
пологий 2,302585 0,000270
положение 0,415515 0,000097
полугорного 3,912023 0,000458
получать 0,916291 0,000107
получение 1,203973 0,000141
получить 0,150823 0,000124
польза 1,714798 0,000603
пользоваться 1,139434 0,000133
поляк 0,820981 0,000096
поляна 1,427116 0,000167
поменять 2,995732 0,000351
помимо 0,562119 0,000263
поморский 2,525729 0,000296
помощь 0,342490 0,000120
понижение 2,040221 0,000239
попадать 1,771957 0,000208
популярность 1,609438 0,000189
порода 1,427116 0,000167
портал 0,342490 0,000040
поручение 1,832581 0,000215
порядковый 1,609438 0,000189
посвятить 0,634878 0,000297
поселение 0,634878 0,000669
поселок 0,634878 0,000149
посетить 1,203973 0,000141
поскольку 0,941609 0,000221
послевоенный 1,309333 0,000307
последнее 0,843970 0,000099
последний -0,009950 -0,000005
посмотреть 2,407946 0,000564
поспелов 1,021651 0,000120
поспелова 3,218876 0,000377
пост 1,078810 0,000126
поставка 2,207275 0,000517
постепенный 1,966113 0,000230
постоянная 0,843970 0,000099
постоянный 0,579818 0,000543
построить 0,301105 0,000106
поступать 1,609438 0,000189
поступить 2,302585 0,000270
потенциал 0,967584 0,000113
поток 0,967584 0,000227
потомок 2,040221 0,000239
потратить 2,040221 0,000239
поцелуй 3,912023 0,000458
почетный 0,820981 0,000769
почтамт 2,659260 0,000623
почтовый 0,653926 0,000153
появиться 0,248461 0,000175
появление 0,653926 0,000306
появляться 0,733969 0,000086
пояс 0,597837 0,000700
пояснительный 2,120264 0,000248
правда 0,820981 0,000577
правило 0,478036 0,000056
правительство 0,510826 0,000179
править -0,009950 -0,000096
правка 0,274437 0,000032
правкиновые -0,009950 -0,000001
правкипостоянная -0,009950 -0,000001
правопорядок 2,995732 0,000351
православный 0,755023 0,000265
пребывание 1,832581 0,000215
превратить 1,832581 0,000215
превратиться 1,386294 0,000162
превышение 1,660731 0,000389
предание 1,771957 0,000208
предел 0,400478 0,000141
предельно 2,302585 0,000270
предложить 0,820981 0,000096
предприниматель 1,609438 0,000189
предприятие 0,527633 0,000494
председ 1,203973 0,000141
председатель 0,916291 0,000215
представительный 1,237874 0,000145
представительство 0,994252 0,000233
представить 0,328504 0,000077
представиться -0,009950 -0,000001
представлять 0,328504 0,000077
предшествовать 1,771957 0,000208
прежде 1,049822 0,000123
прежнее 1,560648 0,000183
президентский 2,120264 0,000248
прекратить 0,916291 0,000107
преобладать 0,713350 0,000084
преобразиться 3,506558 0,000411
преступление 1,514128 0,000709
преступность 1,771957 0,000415
прибавить 3,912023 0,000458
прибытие 1,897120 0,000222
привести 0,356675 0,000084
привокзальный 1,832581 0,000215
приганюк 3,912023 0,000458
пригородный 0,967584 0,000340
придти 0,755023 0,000177
прием 1,347074 0,000158
признание 0,867501 0,000203
признать 0,494296 0,000174
применять 0,510826 0,000120
примечание -0,009950 -0,000002
примыкать 1,386294 0,000162
принадлежать 0,755023 0,000088
принимать 0,634878 0,000074
принятие 1,560648 0,000183
принять 0,248461 0,000058
приобрести 1,139434 0,000133
природа 0,653926 0,000077
природный 0,510826 0,000120
прирост 1,309333 0,000153
присваиваться 2,525729 0,000592
присвоить 0,798508 0,000094
приурочить 1,966113 0,000230
приходиться 0,693147 0,000244
прицеп 3,218876 0,000377
причина 0,562119 0,000066
проба 2,120264 0,000248
проблема 0,274437 0,000129
пробный 2,302585 0,000270
провал 2,407946 0,000282
провальный 3,912023 0,000458
проверить 0,478036 0,000056
провести 0,579818 0,000136
провинция 1,309333 0,000153
проводить 0,843970 0,000099
проглядеть 3,912023 0,000458
программа 0,415515 0,000195
продажа 1,514128 0,000177
продвигать 3,218876 0,000377
продление 2,525729 0,000296
продолжать 1,049822 0,000246
продолжаться 1,049822 0,000369
продолжительность 1,021651 0,000359
продолжительный 1,560648 0,000366
продолжиться 2,120264 0,000497
продукт 0,634878 0,000149
продукция 0,941609 0,000221
проезд 1,171183 0,000274
проект -0,009950 -0,000007
проектахзначения 1,237874 0,000145
проектирование 1,560648 0,000183
проехаться 3,912023 0,000458
проживание 1,832581 0,000429
производитель 1,309333 0,000153
производить 0,916291 0,000107
производственный 1,078810 0,000126
производство 0,527633 0,000494
произношениео 2,813411 0,000330
произойти 0,430783 0,000101
происходить 0,328504 0,000077
происхождение 0,776529 0,000091
происшествие 2,207275 0,000259
пройти 0,544727 0,000064
прокопьевск 1,272966 0,000149
прокофьева 3,506558 0,000411
прокофьеву 3,912023 0,000458
промышленность 0,494296 0,000232
промышлять 0,462035 0,000433
пропускной 2,040221 0,000239
просветиться 3,912023 0,000458
прослушать 3,218876 0,000377
просмотр -0,009950 -0,000001
просп 3,218876 0,000377
проспект 0,891598 0,000104
пространство 0,634878 0,000297
протекать 1,108663 0,000390
протестант 2,040221 0,000239
протестантский 2,120264 0,000248
противник 2,040221 0,000239
протяженность 0,776529 0,000182
профессиональный 0,733969 0,000086
профилировать 3,506558 0,000411
проходить 0,462035 0,000216
проходная 2,407946 0,000282
прохождение 2,659260 0,000311
прохоров 1,078810 0,000126
прохорово 3,912023 0,000458
прочее 0,544727 0,000128
прочие 0,798508 0,000094
прочность 2,659260 0,000311
пруд 1,609438 0,000377
пруф 3,912023 0,000458
псевдоним 2,525729 0,000296
пугачеваскрытые 3,506558 0,000411
пункт 0,494296 0,000984
пустить 1,514128 0,000177
путеводитель 0,713350 0,000418
путешественник 1,714798 0,000603
путь 0,261365 0,000153
путятино 2,813411 0,000330
пушкин 0,916291 0,000107
пышма 1,309333 0,000153
пэт-центром 3,912023 0,000458
пятерка 2,040221 0,000239
пятидесятник 2,040221 0,000239
пятизвездочный 3,506558 0,000411
пятилетка 1,897120 0,000444
пятково 3,912023 0,000458
пятый 0,994252 0,000233
пять 0,693147 0,000162
работа 0,127833 0,000120
работать 0,314711 0,000184
рабоче-крестьянский 2,995732 0,000351
рабочий 0,597837 0,000280
равняться 2,407946 0,000846
радио 0,891598 0,000313
радиостанция 1,021651 0,000120
радонежского 2,525729 0,000296
радость 2,302585 0,000270
раз -0,009950 -0,000001
разбить 1,514128 0,000355
развиваться 0,597837 0,000210
развитие 0,127833 0,000150
развить 0,616186 0,000072
развлекательный 1,714798 0,000201
разделить 0,527633 0,000062
разлить 3,912023 0,000458
различный 0,116534 0,000096
размещение 0,673345 0,000158
разработчик -0,009950 -0,000001
разрез 2,120264 0,000497
разрезаться 3,912023 0,000458
разрушить 1,139434 0,000133
район 0,430783 0,001463
районный 1,171183 0,000274
райцентр 0,941609 0,000110
рак 3,218876 0,001508
раковый 3,912023 0,000458
рамка 0,478036 0,000224
рамла 3,912023 0,000458
рана 0,776529 0,000364
ранний 0,733969 0,000086
рано 0,261365 0,000092
раскидать 3,912023 0,000458
раскрытие 3,218876 0,000377
расписание 1,832581 0,000215
располагаться 0,544727 0,000128
расположение 0,776529 0,000091
расположить 0,385662 0,000497
распоряжение 1,139434 0,000133
распределение 1,203973 0,000282
распределить 0,693147 0,000081
распространить 0,616186 0,000072
рассказать 1,966113 0,000230
рассказывать 1,832581 0,000215
расстояние 0,713350 0,000084
расти 0,941609 0,000221
расход 1,347074 0,000158
расходоваться 3,218876 0,000377
расширение 0,415515 0,000097
расшириться 2,407946 0,000282
реализовать 0,673345 0,000079
революция 0,562119 0,000066
регион 0,385662 0,000316
региональный 0,634878 0,000223
регнум 2,995732 0,000351
регулировать 2,207275 0,000259
регулярно 1,272966 0,000149
регулярный 0,798508 0,000094
ред 0,235722 0,000110
редакция 0,916291 0,000107
режим 0,653926 0,000077
режиссер 1,660731 0,000195
резко 0,967584 0,000113
результат 0,174353 0,000061
рейтинг 0,967584 0,000227
река 0,446287 0,000836
реклама 1,832581 0,000215
рекламный 1,966113 0,000230
рекомендация 0,776529 0,000091
реконструировать 1,237874 0,000145
реконструкция 0,820981 0,000192
религия 0,755023 0,000177
рельеф 0,798508 0,000094
рельсовый 2,525729 0,000296
ремонт 1,139434 0,000133
репортаж 2,995732 0,000351
республика 0,527633 0,000124
ресторан 1,469676 0,000172
ресурс 0,020203 0,000007
ретрансляция 2,525729 0,000296
реформа 1,108663 0,001039
речка 1,427116 0,000167
решение 0,328504 0,000192
решить 0,941609 0,000110
ржд 1,832581 0,000215
риск 1,897120 0,000222
родина 1,108663 0,000260
родиться 1,237874 0,000145
родственный 0,579818 0,000068
рождение 1,078810 0,000126
рождество 1,660731 0,000195
роза 0,916291 0,000107
розенбауму 3,912023 0,000458
розничный 1,171183 0,000137
росавиация 3,506558 0,000411
росгидромет 3,218876 0,000377
росгидромета 2,995732 0,000351
роспотребнадзор 3,506558 0,001643
росприроднадзора 3,506558 0,000411
росреестра 3,218876 0,000377
россииобластные 2,207275 0,000259
россиичелябинский 3,912023 0,000458
российский 0,105361 0,000679
российско-украинской 1,108663 0,000130
россия 0,174353 0,000980
россия-культура 3,912023 0,000458
росспэн 0,994252 0,000349
росстат 0,776529 0,000364
росстата 2,207275 0,000259
рост 0,597837 0,000070
ростелеком 1,386294 0,000487
ростов-на-дону 1,237874 0,000145
рсфср 0,733969 0,000516
ртрс 1,514128 0,000177
рубеж 1,021651 0,000120
рублевая 3,218876 0,000754
рубль 0,755023 0,000531
рубцовск 1,347074 0,000158
рука 1,139434 0,000133
рус 0,162519 0,001161
русло 1,386294 0,000162
русский -0,009950 -0,000015
рыбинск 1,203973 0,000141
рыльских 3,912023 0,000458
ряд 0,223144 0,000131
рядовой 2,813411 0,000659
рязанский 1,966113 0,000230
рязань 1,049822 0,000369
сад 0,843970 0,000395
сайт 0,210721 0,000173
саксофонист 3,912023 0,000458
сактаево 3,912023 0,000458
салехард 1,347074 0,000158
сам 0,162519 0,000019
самара 0,891598 0,000209
самарская 2,207275 0,000259
самодин 3,912023 0,000458
самоуправление 0,891598 0,000209
самуэльсон 3,912023 0,000916
самый 0,174353 0,000204
санитарно 3,506558 0,000411
санкт-петербург 0,616186 0,000144
санто-доминго 3,912023 0,000458
саратов 0,967584 0,000113
сартасово 3,912023 0,000458
сатаров 3,912023 0,000458
сатка 3,912023 0,000916
саткинский 3,912023 0,000458
сафиулин 3,912023 0,000458
сафоново 3,506558 0,000411
сбермобайл 3,218876 0,000377
сборник 0,597837 0,000140
сборный 2,813411 0,000330
свалка 1,897120 0,000222
сведение 0,579818 0,000136
светить 2,995732 0,000351
светлана 2,302585 0,000270
световой 2,040221 0,000239
свидетельство 1,714798 0,000201
свинец 2,302585 0,000270
свободный -0,009950 -0,000001
свое 0,287682 0,000101
свой 0,150823 0,000035
свойство 0,415515 0,000097
связаться -0,009950 -0,000001
связь 0,174353 0,000204
свято-георгиевского 3,912023 0,000458
свято-симеоновский 3,912023 0,001375
святой 0,755023 0,000265
сгореть 1,660731 0,000195
сдать 1,427116 0,000167
сделать 0,616186 0,000289
себя 0,198451 0,000023
север 0,527633 0,000062
северные 1,171183 0,000274
северо-восток 1,237874 0,000290
северо-запад 1,469676 0,000516
северова 3,912023 0,000916
северодвинск 1,171183 0,000137
сегодня 0,616186 0,000289
сегодняшний 1,560648 0,000366
сей 0,693147 0,000162
секрет 2,040221 0,000478
селение 1,832581 0,000644
сельский 0,634878 0,000521
сельскохозяйственный 0,941609 0,000110
селяба 3,912023 0,000916
селяби 3,912023 0,000458
селяби-челеби 3,912023 0,000458
селябке 3,912023 0,000458
селямбей 3,912023 0,000458
семь 0,820981 0,000096
семья 0,843970 0,000099
сен 2,407946 0,000282
сент 0,843970 0,000099
сентябре-декабре 3,912023 0,000458
сентябрь 0,072571 0,000391
сервис 1,108663 0,000390
сергей 0,967584 0,000793
сергия 2,525729 0,000296
сердечно-сосудистой 2,995732 0,000351
серебряный 0,891598 0,000209
середина 0,356675 0,000042
серия 0,713350 0,000084
сероводород 2,813411 0,000330
сеть 0,356675 0,000710
сибири 1,347074 0,001104
сибирский 1,049822 0,000492
сибирь 1,469676 0,001033
сигнал 2,040221 0,000478
сила 0,494296 0,000116
сильно 0,755023 0,000088
сильный 0,544727 0,000128
символ 0,733969 0,000258
символизировать 1,469676 0,000172
символика 1,237874 0,000145
синагога 1,347074 0,000158
синара 3,506558 0,000821
синеглазово 3,912023 0,000916
синоптик 2,659260 0,000311
система 0,051293 0,000036
системеобсуждениевкладсоздать -0,009950 -0,000001
ситуация 0,693147 0,000406
сказ 2,813411 0,000330
скалистый 2,659260 0,000311
скачать -0,009950 -0,000001
сквер 0,941609 0,000221
склон 1,347074 0,000158
сколько 0,653926 0,000153
скопление 2,995732 0,000351
скорбеть 2,302585 0,000539
скоро 1,560648 0,000183
скоробогатова 3,912023 0,000458
скоростной 1,309333 0,000153
скорость 0,755023 0,000442
скульптор 1,237874 0,000290
скульптура 0,916291 0,000322
скульптурный 1,966113 0,000230
слабохолмистый 3,912023 0,000458
слабый 1,660731 0,000195
слава 0,941609 0,000221
славянка 2,813411 0,000330
следовать 0,235722 0,000028
следует 0,755023 0,000088
словарь 0,094311 0,000066
слово 0,210721 0,000099
сложный 0,446287 0,000157
слой 1,272966 0,000149
слон 2,207275 0,000259
служба 0,527633 0,000433
служить 0,820981 0,000096
случай -0,009950 -0,000001
смешать 1,309333 0,000153
смешение 3,506558 0,000411
смещение 0,733969 0,000086
сми 0,867501 0,000406
смог 2,207275 0,001293
смолино 3,912023 0,002291
смородинка 3,506558 0,000411
смочь 1,203973 0,000141
смысл 1,272966 0,000149
снег 1,386294 0,000325
снегопад 2,659260 0,000311
снежинск 3,912023 0,000458
снежный 1,078810 0,000505
снимать 2,525729 0,000296
снимок 1,660731 0,000195
снять 1,237874 0,000145
собор 0,733969 0,000602
соборный 1,049822 0,000123
собрание 0,634878 0,000074
собственно 1,386294 0,000162
событияпожертвовать -0,009950 -0,000001
совершить 0,994252 0,000116
совет 0,462035 0,000162
советский 0,261365 0,000184
современник 1,609438 0,000189
современный 0,150823 0,000053
согласно 0,301105 0,000212
соглашение 0,994252 0,000116
содержание 0,010050 0,000001
соединять 1,108663 0,000130
создавать 0,798508 0,000094
создание 0,301105 0,000035
создать 0,210721 0,000074
соколово 3,912023 0,000458
солдат 1,469676 0,000172
солнечный 0,597837 0,000210
солнце 1,347074 0,000158
солнцеподобный 3,912023 0,000458
солнцестояние 2,659260 0,000311
солосин 3,912023 0,000458
сообщение 0,478036 0,000168
сообщить -0,009950 -0,000001
сооружение 0,733969 0,000172
соответственно 1,021651 0,000239
соответствие 0,371064 0,000043
соответствовать 0,371064 0,000130
сопровождаться 1,609438 0,000189
сослуживец 3,912023 0,000458
сосновка 2,525729 0,000296
сосновский 3,218876 0,000754
сост 0,597837 0,000560
состав 0,248461 0,000204
составить 0,400478 0,000328
составлять 0,198451 0,000418
состояние 0,248461 0,000233
состоять 0,385662 0,000136
состояться 0,713350 0,000084
сотни 1,427116 0,000167
сохранение -0,009950 -0,000002
сохраняться 1,108663 0,000130
социально-ориентированный 3,912023 0,000458
социально-экономического 1,237874 0,000145
союз 0,579818 0,000272
спартак 1,771957 0,000415
спасск 2,813411 0,000330
спб 0,385662 0,000090
специальность 1,832581 0,000215
спешить 3,912023 0,000458
список 0,210721 0,000099
спонсор 3,218876 0,000377
спорт 0,713350 0,000752
спортивный 0,891598 0,000627
спортшколами 3,912023 0,000458
способность 1,139434 0,000133
справочник 0,798508 0,000187
спутниковый 2,120264 0,000248
среда 0,385662 0,000316
среди 0,198451 0,000209
средне-азиатским 3,912023 0,000458
средневековье 1,660731 0,000195
среднее 0,342490 0,000080
среднероссийского 3,506558 0,000821
средний 0,371064 0,000522
средство 0,287682 0,000101
срок 0,798508 0,000094
срочный 3,218876 0,000377
сср 0,820981 0,000192
ссср 0,314711 0,000258
ссылка -0,009950 -0,000026
ссылкамистраницы 2,525729 0,000296
ссылкасведения -0,009950 -0,000001
стабильный 0,820981 0,000096
ставка 2,120264 0,000248
стадион 0,891598 0,000522
сталинец 3,912023 0,000458
сталь 0,415515 0,000097
стальной 2,525729 0,000296
стандарт 0,867501 0,000102
станкомаш 3,912023 0,000458
становиться 0,415515 0,000049
станция 0,579818 0,000883
старожил 2,813411 0,000330
старообрядческий 1,427116 0,000167
стартовать 1,714798 0,000201
старый 0,314711 0,000074
статистик -0,009950 -0,000010
статистический 0,713350 0,001337
статус 0,430783 0,000202
стать 0,083382 0,000078
статьестатьи 0,843970 0,000099
статьислучайная -0,009950 -0,000001
статьисообществофорумсправкасвежие -0,009950 -0,000001
статья 0,020203 0,000050
статьяобсуждение -0,009950 -0,000001
статьятекущие -0,009950 -0,000001
стеннозубчатой 3,506558 0,000411
степанщино 2,813411 0,000330
стиль 0,673345 0,000079
стоимость 1,021651 0,000120
стоить 0,891598 0,000209
столетие 1,469676 0,000172
столица 0,755023 0,000177
столыпина 3,218876 0,000377
столыпинский 3,912023 0,000458
столыпину 3,218876 0,001131
сторона 0,235722 0,000110
сточный 1,560648 0,000183
стоять 1,386294 0,000162
стр 1,309333 0,000460
страдать 2,207275 0,000259
страна 0,235722 0,000138
страница -0,009950 -0,000008
страницасодержаниеизбранные -0,009950 -0,000001
страницецитировать -0,009950 -0,000001
страницуполучить -0,009950 -0,000001
страницыслужебные -0,009950 -0,000001
стрелочник 3,912023 0,000458
строго 2,525729 0,000296
строительно-дорожные 3,912023 0,000458
строительный 0,891598 0,000104
строительство 0,462035 0,000758
строиться 0,693147 0,000081
структура 0,400478 0,000094
студент 1,237874 0,000145
ступино 1,347074 0,000158
субботино 3,912023 0,000458
субъект 0,597837 0,000280
суд 0,693147 0,000081
сулейманово 3,912023 0,000458
султан 2,525729 0,000296
суммарный 1,386294 0,000162
суперлига 1,560648 0,000366
сутки 1,427116 0,000167
суточный 0,755023 0,000177
сухова 3,218876 0,000377
суходол 2,525729 0,000296
сухой 1,049822 0,000123
существенно 1,108663 0,000130
существование 0,693147 0,000244
существовать 0,020203 0,000014
сфера 0,562119 0,000132
схема 0,916291 0,000107
считать 0,597837 0,000140
сша 0,562119 0,000066
сызрань 1,237874 0,000290
сын 1,660731 0,000195
сычев 3,218876 0,000377
сычева 3,912023 0,000458
сычево 3,912023 0,000458
сюдасвязанные -0,009950 -0,000001
сюртук 3,912023 0,000458
таб 3,218876 0,000377
табл 0,867501 0,000102
таблица 0,544727 0,000255
тагил 1,272966 0,000149
тагильский 3,912023 0,000458
таджик 1,272966 0,000149
таймаса 3,912023 0,000458
такое 0,328504 0,000115
такой 0,162519 0,000038
такси 1,021651 0,000239
талипова 3,912023 0,000458
талый 2,813411 0,000330
танец 1,832581 0,000429
танк 2,040221 0,000717
танкистам-добровольцам 3,912023 0,000458
танковый 2,302585 0,000809
танкоград 3,912023 0,002291
танцевальный 2,525729 0,000296
тариф 2,120264 0,000248
тарифный 3,506558 0,000411
тархан 2,995732 0,000351
тасс 1,171183 0,000137
тат 2,120264 0,000248
татарин 0,733969 0,000258
театр 0,713350 0,001086
текст -0,009950 -0,000001
телебашня 1,897120 0,000222
телевидение 0,820981 0,000385
телевизионный 1,078810 0,000253
телеграмма 2,525729 0,000296
телеграф 2,120264 0,000497
телеканал 0,916291 0,000644
телефон 1,347074 0,000158
телефонный 0,776529 0,000182
телецентр 1,897120 0,000222
тема 0,693147 0,000081
тематика 1,897120 0,000222
тематический 0,510826 0,000060
температура 0,510826 0,000419
тенденция 1,237874 0,000145
теневой 2,659260 0,000311
тепловой 1,660731 0,000389
теплое 1,309333 0,000153
теплоснабжение 2,813411 0,000989
теплоэнергии 3,912023 0,000458
теплый 1,171183 0,000137
термин 0,198451 0,000023
терминалыжелезнодорожные 2,407946 0,000282
территориальный 0,713350 0,000334
территория 0,356675 0,000543
тефтелева 3,912023 0,000458
техник 0,713350 0,000418
технология 0,400478 0,000141
течение 0,314711 0,000147
течь 0,274437 0,000096
тил 3,912023 0,000458
тинькофф 3,218876 0,000377
тип 0,072571 0,000042
тихо 2,995732 0,000351
тищенко 3,506558 0,000821
тмк-сигнал-чгау 3,912023 0,000458
тобол 2,813411 0,000330
товарищество 1,966113 0,000230
товарный -0,009950 -0,000001
толмачев 3,506558 0,000411
толуол 3,912023 0,000458
тольятти 1,514128 0,000177
томограф 3,912023 0,000458
томск 1,108663 0,000130
тоннель 2,302585 0,000270
тонуть 3,506558 0,000411
топ 1,347074 0,000316
топоним 1,078810 0,000253
топонимический 0,776529 0,000182
торбинский 3,912023 0,000458
торговля 0,579818 0,000204
торгово-развлекательных 2,659260 0,000311
торговый 0,597837 0,000420
точка 0,478036 0,000056
трактор 2,302585 0,001079
тракторный 2,995732 0,000351
тракторозаводский 3,506558 0,000821
тракторстрой 3,912023 0,000458
трамвай 0,891598 0,001566
трамвайный 1,139434 0,000534
транспорт 0,616186 0,000938
транспортный 0,616186 0,000938
транссиб 2,040221 0,000478
транссибирский 1,714798 0,000201
требование 0,967584 0,000113
тревожный 3,506558 0,000411
трехгорный 3,912023 0,000458
триллион 2,525729 0,000296
трифоново 3,912023 0,000458
трк 1,771957 0,000415
троица 1,832581 0,000429
троицк 3,506558 0,000821
троицкий 1,560648 0,000366
троллейбус 0,867501 0,001321
троллейбусный 0,967584 0,000340
труба 2,207275 0,000517
трубный 2,995732 0,000351
трубопрокатный 3,912023 0,000458
труд 0,597837 0,000140
трудиться 1,560648 0,000183
трудовой 0,967584 0,000567
труженик 2,302585 0,000270
туберкулез 2,995732 0,001053
туктубаево 3,912023 0,000458
туракаева 3,912023 0,000458
турбина 3,506558 0,000411
тургояк 3,912023 0,000458
турецкий 1,771957 0,000623
турцией 2,995732 0,000351
тхэквондо 3,912023 0,000458
тыл 1,771957 0,000623
тыс 0,430783 0,000656
тысяча 0,371064 0,000826
тэц 1,272966 0,000745
тюз 2,659260 0,000311
тюмень 1,171183 0,000274
тюркский 1,386294 0,000974
тяжкий 2,407946 0,000564
убийство 1,714798 0,000201
убираться 3,218876 0,000377
уборка 2,407946 0,000846
увеличиваться 1,309333 0,000307
увеличить 1,309333 0,000153
увеличиться 0,843970 0,000297
увельский 3,912023 0,000916
углерод 1,897120 0,000444
удаление 1,966113 0,000230
удобный 1,427116 0,000334
удостоиться 3,912023 0,000916
удручать 3,506558 0,000411
удушать 3,912023 0,000458
уезд 1,272966 0,000447
уездный 1,469676 0,000172
узбекистан 2,302585 0,000270
узбекистана 3,506558 0,000411
узловой 2,659260 0,000311
уйский 3,912023 0,000458
уйское 3,912023 0,000458
уйти 1,237874 0,000145
указ 0,733969 0,000086
указание -0,009950 -0,000001
указать 0,083382 0,000225
укв 2,407946 0,000282
украина 0,527633 0,000062
украинец 0,867501 0,000203
улан-удэ 1,237874 0,000145
улица 0,776529 0,001000
улично-дорожной 2,207275 0,000259
улучшить 1,049822 0,000123
ульяновск 1,078810 0,000126
ульяновский 1,966113 0,000230
умвд 2,813411 0,000330
уменьшать 2,207275 0,000259
умеренно 1,021651 0,000359
умеренно-теплая 3,912023 0,000458
умеренно-холодная 3,506558 0,000411
умереть 1,309333 0,000153
умерить 1,049822 0,000246
умет 2,659260 0,000311
университет 0,328504 0,000308
упор 3,506558 0,000411
управление 0,248461 0,000058
упростить 2,207275 0,000259
ура 3,506558 0,001643
урал 1,560648 0,002559
урал-пресс-информ 3,912023 0,000916
урал-приволжье 3,506558 0,000411
урала 1,609438 0,002262
уралавтоприцеп 3,912023 0,000458
уралгуфк 3,912023 0,000458
урале 2,525729 0,001479
уралтрак 3,912023 0,000458
уральск 2,302585 0,000270
уральский 1,560648 0,002011
урбаника 2,995732 0,000351
урбанист 2,995732 0,001053
уро 2,995732 0,000351
уровень 0,150823 0,000124
урочище 2,525729 0,000592
урумчи 3,506558 0,000411
урц 3,912023 0,000458
усиление 1,832581 0,000215
условие -0,009950 -0,000003
устав 0,843970 0,000198
установить 0,328504 0,000115
установление 1,021651 0,000120
устиново 3,912023 0,000458
устроить 1,609438 0,000189
устройство 0,527633 0,000247
усть-катав 3,912023 0,000458
усть-миасское 3,912023 0,000458
устье 0,634878 0,000074
устьянцево 3,912023 0,000458
устюгова 3,912023 0,000458
утвердить 0,755023 0,000265
утверждение 0,400478 0,000094
утренний 2,407946 0,000282
утроиться 2,995732 0,000351
утск 3,912023 0,000458
уфа 0,967584 0,000567
уфалей 3,912023 0,000458
уфимский 2,995732 0,000702
участвовать 1,021651 0,000239
участие -0,009950 -0,000001
участник 0,510826 0,000299
участок 0,616186 0,000217
учебно-научный 3,506558 0,000411
учебный 0,673345 0,000315
ученый 0,653926 0,000153
учет 0,597837 0,000210
учетный -0,009950 -0,000001
училище 0,967584 0,000340
учитель 1,427116 0,000167
учиться 1,272966 0,000298
учредить 1,108663 0,000260
учреждение 0,653926 0,000460
фадюшина 3,912023 0,000458
файл 1,347074 0,000158
факт 0,634878 0,000074
фев 2,525729 0,000296
февр 0,820981 0,000096
февраль 0,051293 0,000294
федеральный 0,462035 0,001028
федерация 0,510826 0,001256
федоровка 3,218876 0,000377
фенол 2,302585 0,000270
ферросплав 3,506558 0,000411
фершампенуаз 3,912023 0,000458
фигурировать 2,525729 0,000296
физико-географический 0,693147 0,000162
физкультурный 2,525729 0,000296
фиксироваться 2,120264 0,000248
филармония 1,049822 0,000246
филателия 1,469676 0,000344
филатова 2,659260 0,000311
филиал 0,755023 0,000442
филимонов 3,506558 0,000411
фильм 1,049822 0,000123
финадеева 3,912023 0,000458
финал 2,120264 0,000248
финансирование 1,714798 0,000201
финансовый 0,733969 0,000086
финансы 0,733969 0,000258
фишев 3,912023 0,000458
флаг 0,597837 0,000350
фон 1,203973 0,000423
фонд -0,009950 -0,000002
фонтан 1,309333 0,000153
формальдегид 2,302585 0,000539
фортум 3,912023 0,002291
фосфат 2,659260 0,000311
фосфор 2,995732 0,000351
фото 1,203973 0,000282
фоторепортаж 2,659260 0,000311
фототипогравюрами 2,813411 0,000330
френкеля 3,506558 0,000411
фторид 2,995732 0,000702
функционировать 0,798508 0,000374
футбол 1,139434 0,000267
футбольный 0,941609 0,000110
хагуш 3,912023 0,000458
хадж 2,813411 0,000330
халиф 3,506558 0,000411
ханников 3,912023 0,000458
ханты-мансийск 1,347074 0,000158
характер 0,653926 0,000077
характеризоваться 0,891598 0,000104
характеристика 0,415515 0,000146
характерный 0,693147 0,000081
харбин 2,813411 0,000659
харлуши 3,912023 0,000458
хвойка 3,218876 0,000377
химический 0,867501 0,000102
хирургия 2,407946 0,000282
ход 0,510826 0,000120
хозяйство 0,579818 0,000272
хоккей 1,171183 0,000412
хоккейный 1,108663 0,000130
хороший 1,660731 0,000195
хотеть 1,832581 0,000215
храм 0,733969 0,000860
хранитель 2,525729 0,000296
хребет 1,560648 0,000366
христов 1,832581 0,000215
христорождественский 3,506558 0,000821
хром 3,218876 0,000377
художественный 0,653926 0,000153
художник 0,967584 0,000453
худяково 3,912023 0,000458
царевич 2,995732 0,000351
цвет 0,941609 0,000221
цгмс 3,912023 0,000458
целый 1,108663 0,000130
центр 0,287682 0,001415
центральный 0,400478 0,000375
церковь 0,673345 0,000079
циклон 2,207275 0,000259
цинк 2,525729 0,000592
цинковый 3,912023 0,000458
цирк 1,078810 0,000126
цифра 1,272966 0,000149
цифровой 0,562119 0,000198
цнти 3,912023 0,000458
чаадаевка 2,813411 0,000330
чапаева 2,813411 0,000330
час 0,867501 0,000508
часовой 0,713350 0,000418
частник 3,506558 0,000411
частность 0,462035 0,000054
частный 0,634878 0,000223
частота 1,309333 0,000153
частый 1,309333 0,000153
часть 0,061875 0,000058
чгрэс 3,912023 0,000916
чебаркуль 2,659260 0,000934
чебаркульский 3,912023 0,000458
чебоксары 1,171183 0,000137
челгу 3,912023 0,001375
челеби 3,506558 0,002875
челибиром 3,912023 0,000458
челмет 3,912023 0,000458
чело 0,713350 0,000418
человек 0,186330 0,000284
челубей 3,912023 0,000916
челяб 3,912023 0,000458
челяба 3,912023 0,000458
челябавтотранс 3,912023 0,000458
челябгэт 3,912023 0,001375
челяби 3,912023 0,001375
челябинец 3,912023 0,002291
челябинск 0,994252 0,012111
челябинск-главный 3,912023 0,001833
челябинск-сити 3,912023 0,000458
челябинска 2,302585 0,024541
челябинскагород 3,912023 0,000458
челябинскадействующийрельсовый 3,912023 0,000458
челябинская 2,302585 0,005124
челябинске 3,506558 0,025053
челябинскепо 3,912023 0,000458
челябинские 3,912023 0,000916
челябинский 3,912023 0,015120
челябинскими 3,912023 0,000458
челябинских 3,912023 0,000916
челябинского 2,995732 0,003158
челябинское 3,912023 0,000916
челябинской 3,218876 0,013572
челябинскстат 3,912023 0,000458
челябинску 3,912023 0,001833
челябинскую 3,506558 0,000821
челябка 3,912023 0,000458
челябъ 3,912023 0,000458
челябэнерго 3,912023 0,000458
чемодановка 2,813411 0,000330
чемпионат 0,994252 0,001048
черкасово 3,912023 0,000458
черниговский 2,813411 0,000330
черноземцев 3,912023 0,003207
чернушка 3,218876 0,000377
черт 0,916291 0,000322
чесма 3,912023 0,000458
чесменский 3,912023 0,000458
честь 0,562119 0,000132
четкий 2,525729 0,000296
четыре 0,597837 0,000070
чехии 2,407946 0,000564
чехию 3,506558 0,000411
чикинка 3,912023 0,000458
численность 0,616186 0,002526
число 0,186330 0,000153
чистая 1,427116 0,000167
чита 1,203973 0,000141
читатьправитьправить 0,494296 0,000058
чишма 3,912023 0,000458
чкад 3,912023 0,000458
член 0,755023 0,000088
чмз 3,912023 0,000458
чрезвычайный 2,407946 0,000282
чтз 3,912023 0,001375
чулково 2,659260 0,000311
чумляк 3,912023 0,000458
чурилово 3,506558 0,000411
шагол 3,912023 0,000458
шаимова 3,912023 0,000458
шайба 1,966113 0,000230
шапиро 3,912023 0,000458
шахматова 3,912023 0,000458
шацк 2,813411 0,000330
шведск 3,912023 0,000458
шевченко 2,302585 0,000270
шелюгино 3,912023 0,000458
шенгенский 3,506558 0,000411
шервинский 3,218876 0,000377
шершень 3,912023 0,000916
шершневского 3,912023 0,000458
шершневское 3,912023 0,001375
шестнадцатый 3,506558 0,000411
шигаево 3,912023 0,000458
шинель 3,912023 0,000458
шквалистый 3,912023 0,000458
школа 0,478036 0,000224
шраменко 3,912023 0,000458
штиль 2,659260 0,000311
штурман 3,218876 0,000377
шум 3,506558 0,000411
шумина 3,912023 0,000916
щапина 3,912023 0,000916
эвакуация 1,832581 0,000215
эвакуировать 1,272966 0,000149
эвлия 3,912023 0,000458
экз 0,415515 0,000097
экологический 0,693147 0,000649
экологичность 3,912023 0,000458
экология 0,562119 0,000461
экономика 0,400478 0,000141
экономический 0,478036 0,000168
экспедиция 1,469676 0,000172
эксперт 1,203973 0,000282
эксплуатация 0,776529 0,000091
экспорт -0,009950 -0,000001
экспочел 3,912023 0,000458
экспресс 2,120264 0,000248
элеватор 2,995732 0,000351
электрический 1,309333 0,000307
электрометаллургический 3,912023 0,000916
электронный 0,478036 0,000336
электростанция 2,040221 0,000478
электротранспорт 2,302585 0,000539
энергия 1,021651 0,000120
энергосистема 2,995732 0,000351
энергоснабжение 3,506558 0,001232
энциклопедический 0,733969 0,000172
энциклопедия -0,009950 -0,000030
эпидемиологический 3,912023 0,000458
эпитет 2,813411 0,000330
эр-телеком 1,897120 0,000222
этап 0,634878 0,000149
этилбензол 3,912023 0,000916
этимология 0,616186 0,000144
эффективность 1,347074 0,000158
эхо 2,407946 0,000282
юбилейный 0,798508 0,000187
юго-запад 1,309333 0,000153
юго-западный 1,049822 0,000246
южнее 1,832581 0,000215
южно-уральский 3,912023 0,000458
южно-уральское 3,506558 0,000411
южно-уральской 3,506558 0,000821
южноуральск 3,912023 0,000916
южноуральский 3,912023 0,000458
южный 0,385662 0,000768
южуралэкспо 3,912023 0,000458
юлия 2,407946 0,000846
юниорский 3,506558 0,000411
юность 1,660731 0,000195
юрий 1,203973 0,000141
юрузановка 3,912023 0,000458
юрюзань 2,813411 0,000659
юургу 3,912023 0,001375
являться 0,040822 0,000124
язык -0,009950 -0,000007
якупово 3,912023 0,000458
якутск 1,203973 0,000141
якушко 3,912023 0,000916
ялтырова 3,912023 0,000458
ям 2,659260 0,000311
ямбирно 2,813411 0,000330
янв 0,820981 0,000192
январь 0,105361 0,000506
ярославль 1,078810 0,000126
