август 0,072571 0,000495
авиакомпания 1,771957 0,001007
автомат 2,525729 0,000718
автоматически 2,120264 0,000603
автоматический 1,560648 0,000443
автономный 0,867501 0,000740
автор 0,462035 0,000919
авторство -0,009950 -0,000003
агрегировать 3,912023 0,001112
административный 0,597837 0,000170
адрес 1,078810 0,000307
аз 2,302585 0,000654
акст 3,506558 0,000996
актив 2,040221 0,001160
активировать 3,506558 0,007972
активно 0,733969 0,000417
активность 1,309333 0,000744
активный 0,527633 0,000300
алгоритм 1,771957 0,004028
алексей 1,049822 0,000298
ализе 3,912023 0,001112
алфавитупро 1,771957 0,000504
алфавитупрограммное 2,813411 0,000799
альтернатива 2,302585 0,000654
альтернативный 1,203973 0,000342
альфа-банка 2,995732 0,000851
альфа-версия 3,912023 0,001112
альянс 2,813411 0,000799
амбициозный 3,912023 0,001112
амер 2,302585 0,000654
аналог 1,660731 0,000472
аналогичный 1,139434 0,000324
англ 0,174353 0,000743
андреас 3,912023 0,001112
анонимный 2,407946 0,000684
анонсировать 2,995732 0,000851
антонопулос 3,912023 0,001112
апгрейд 3,506558 0,001993
апгрейдов 3,912023 0,002223
апрель 0,150823 0,001457
арбитраж 3,912023 0,001112
аренда 1,832581 0,000521
архивировать 0,020203 0,000609
архивный 0,248461 0,001342
ассемблер 2,995732 0,000851
атака 2,120264 0,000603
атаковать 2,995732 0,001703
аудио 2,120264 0,000603
аудиторский 3,506558 0,000996
баз 0,371064 0,000949
банк 0,693147 0,002758
банковский 1,427116 0,000406
баш 3,506558 0,000996
безопасность 0,916291 0,000781
белый 0,867501 0,000247
бесконечный 3,218876 0,002744
бесперебойный 2,813411 0,000799
беспрецедентный 3,218876 0,000915
бизнес 0,820981 0,000467
бизнес-процессы 3,912023 0,001112
билет 2,302585 0,000654
биомедицина 3,912023 0,001112
биткоин 2,995732 0,000851
биткойн 3,506558 0,001993
биткойна 2,995732 0,001703
биткойны 3,506558 0,000996
бич 3,506558 0,000996
благодаря 0,527633 0,000300
благотворительный 2,207275 0,000627
блок 1,347074 0,005359
блокирование 3,506558 0,000996
блокчейн 2,995732 0,019580
блокчейн-защита 3,912023 0,001112
блокчейн-оракул 3,912023 0,001112
блокчейн-оракулы 3,506558 0,000996
блокчейн-платформа 3,912023 0,001112
блокчейн-платформы 3,218876 0,000915
блокчейн-проект 3,912023 0,001112
блокчейн-систему 3,506558 0,000996
блокчейн-специалистов 3,912023 0,001112
блокчейна 2,813411 0,016789
блокчейне 2,995732 0,001703
блокчейнов 3,506558 0,000996
блокчейном 3,506558 0,000996
блокчейну 3,506558 0,001993
богатый 1,049822 0,000298
большой 0,040822 0,000023
борьба 0,820981 0,000233
бостон 3,506558 0,000996
буква 1,427116 0,000406
бурков 2,995732 0,000851
бутерин 3,218876 0,018294
бутерина 3,218876 0,000915
бутерине 3,912023 0,001112
бутериным 3,912023 0,002223
быть -0,009950 -0,000011
важный 0,494296 0,000140
валидаторов 3,506558 0,000996
валидатору 3,912023 0,001112
валидаторы 3,506558 0,001993
валюта 2,407946 0,002737
валютный 2,813411 0,000799
вариант 0,634878 0,000541
введение 1,078810 0,000613
ввод 1,347074 0,000383
великий 0,356675 0,000101
верификация 2,659260 0,000756
веркла 3,912023 0,002223
вернуть 1,897120 0,001617
вероника 3,912023 0,002223
версия -0,009950 -0,000023
версияправитьправить 1,237874 0,000352
весна 0,713350 0,000203
ветка 1,427116 0,001622
вещь 1,771957 0,000504
взаимодействие 1,203973 0,000342
взлом 2,995732 0,005959
взломать 3,218876 0,000915
вид 0,061875 0,000018
видео 1,049822 0,000298
видеопамять 3,912023 0,002223
видеть 1,272966 0,000362
викиданных -0,009950 -0,000003
викиданныхпро 2,659260 0,000756
викимедиа -0,009950 -0,000003
википедии -0,009950 -0,000008
википедия -0,009950 -0,000011
викискладвикиновостиэлемент 1,897120 0,000539
викискладе 0,174353 0,000050
винкельманн 3,912023 0,001112
вирджил 3,912023 0,001112
виртуальный 1,139434 0,001295
виталик 3,218876 0,012806
виталика 3,506558 0,000996
виталике 3,912023 0,001112
виталиком 3,912023 0,002223
включать 0,235722 0,000335
включая 0,527633 0,000150
включить 0,634878 0,000180
владение 0,916291 0,000521
владимир 0,653926 0,000372
власть 0,544727 0,000310
влиятельный 2,120264 0,000603
влиять 1,347074 0,000383
вложить 2,120264 0,000603
вместе 0,510826 0,000145
вмешательство 2,813411 0,000799
внедрение 1,609438 0,000457
внедрить 2,407946 0,000684
внешнее 1,609438 0,000457
внешний 0,051293 0,000044
внешэкономбанк 3,218876 0,001829
внимание 1,108663 0,000315
возврат 2,040221 0,000580
возможность 0,314711 0,000268
возняк 3,912023 0,002223
война 0,430783 0,000122
войти 0,634878 0,000180
волатильности 3,506558 0,000996
волатильность 3,218876 0,000915
волшебный 0,030459 0,000009
вопрос 0,371064 0,000105
вор 2,813411 0,000799
воспользоваться 2,120264 0,000603
восстановление 1,078810 0,000307
восьмой 2,207275 0,000627
впервые 0,385662 0,000219
время 0,020203 0,000017
все 0,040822 0,000012
вселить 2,407946 0,000684
вскоре 1,309333 0,000372
всплеск 3,218876 0,000915
встретиться 2,659260 0,000756
встроить 1,897120 0,000539
вступить 1,514128 0,001291
втб 1,714798 0,000487
втора 0,274437 0,000156
второе 0,653926 0,000372
вуд 3,912023 0,004447
вудом 3,506558 0,001993
выбор 0,634878 0,000541
выбрать 1,139434 0,000648
выброс 1,347074 0,000383
вывести 2,120264 0,000603
вывод 1,386294 0,000788
выводить 1,832581 0,000521
выдача 2,659260 0,000756
выделить 0,544727 0,000155
выйти 0,798508 0,000454
выполнение 1,049822 0,000597
выполнять 0,867501 0,000740
выполняться 1,272966 0,000362
выпуск 0,693147 0,000197
высокий 0,139262 0,000079
высота 0,415515 0,000118
выход 1,078810 0,000920
вычисление 1,897120 0,000539
вэб 3,218876 0,000915
вэй 3,506558 0,000996
газ 0,941609 0,000803
газета 0,579818 0,000165
гарантировать 2,302585 0,001309
генерация 2,813411 0,000799
герман 2,207275 0,001254
германий 0,843970 0,000240
гибкость 2,659260 0,000756
гибридный 2,995732 0,000851
гипотетический 2,302585 0,000654
глава 0,494296 0,000281
главный 0,210721 0,000120
год -0,009950 -0,000503
годовой 0,994252 0,000283
годуанонимные 3,912023 0,001112
голосование 1,309333 0,000744
гораздо 1,714798 0,000487
горьков 3,912023 0,001112
горячева 3,912023 0,001112
госдуме 3,506558 0,001993
государственный 0,261365 0,000074
гражданин 0,733969 0,000417
грань 1,966113 0,000559
график 1,560648 0,000443
греф 3,912023 0,002223
греческий 1,469676 0,000418
гриффит 3,912023 0,001112
группа 0,314711 0,000268
гэвин 3,218876 0,003659
гэвином 3,506558 0,001993
дай 3,506558 0,000996
дальний 0,446287 0,000254
дата 0,030459 0,000917
дать 0,072571 0,000144
два 0,150823 0,000043
двоичный 2,659260 0,000756
двойной 2,813411 0,000799
действие 0,776529 0,000441
действовать -0,009950 -0,000008
декабрь 0,094311 0,000348
делать 0,867501 0,000493
денежный 1,660731 0,000472
день 0,210721 0,000299
деньга 1,386294 0,001576
дерево 0,867501 0,000740
держатель 3,218876 0,000915
дериватив 2,995732 0,000851
десятка 1,139434 0,000324
детский 0,967584 0,000275
дефляция 3,506558 0,001993
децентрализация 2,813411 0,000799
децентрализовать 2,659260 0,011335
джерринг 3,912023 0,001112
джозеф 2,995732 0,001703
диоксид 2,040221 0,000580
добавить 0,562119 0,000479
добавление 2,302585 0,001309
доброволец 2,525729 0,000718
доверенность 3,912023 0,004447
доверие 2,302585 0,001309
доверить 2,659260 0,000756
доверять 3,218876 0,000915
договор 1,171183 0,000333
договоренность 2,659260 0,001511
договориться 2,659260 0,001511
доказательство 1,660731 0,003775
доклад 1,237874 0,000352
документальный 1,427116 0,000406
долгожданный 3,218876 0,000915
долгосрочный 1,966113 0,001117
должен 1,078810 0,000613
должно 1,714798 0,000487
должный 0,356675 0,000304
доллар 1,714798 0,004386
доля 0,544727 0,000464
дом 0,446287 0,000380
дональд 2,525729 0,000718
дополнительный -0,009950 -0,000006
дорожный 1,021651 0,000581
доступный -0,009950 -0,000006
дробно -0,009950 -0,000003
дробный 3,506558 0,000996
другой -0,009950 -0,000040
дыра 2,813411 0,000799
европа 0,301105 0,000086
единица 0,478036 0,000272
единственное 1,021651 0,000290
единый 0,544727 0,000155
елкина 3,912023 0,001112
желать 1,660731 0,000472
железа 2,207275 0,000627
желтый 1,609438 0,000457
жестко 3,506558 0,000996
жизнь 0,342490 0,000097
журнал 0,301105 0,000086
завершать 2,525729 0,000718
завершиться 1,309333 0,000372
заглавный -0,009950 -0,000003
задача 0,820981 0,000233
задействовать 2,813411 0,001599
зайти 2,813411 0,000799
заказчик 2,995732 0,000851
закладывать 2,995732 0,000851
заключаться 1,609438 0,001372
закон 0,462035 0,000263
залоговый 3,506558 0,000996
заморозить 2,302585 0,000654
заморозка 1,966113 0,000559
заняться 2,207275 0,000627
записьвойти -0,009950 -0,000003
запланировать 1,832581 0,000521
заплатить 3,506558 0,000996
запрограммировать 3,218876 0,000915
запуск 1,347074 0,003062
запустить 0,755023 0,001502
зарегистрировать -0,009950 -0,000003
затрата 2,407946 0,000684
затратить 2,995732 0,000851
затруднить 2,407946 0,000684
защита 0,616186 0,000525
защитить 1,139434 0,000648
заявить 1,386294 0,002758
заявление -0,009950 -0,000003
звучать 2,659260 0,000756
здравоохранение 0,843970 0,000240
злонамеренный 3,218876 0,000915
злоумышленник 3,218876 0,002744
знак -0,009950 -0,000003
знать 1,469676 0,000835
значение 0,061875 0,000035
игра 0,843970 0,000240
идентификация 2,659260 0,000756
идеологический 2,995732 0,000851
изабелла 3,912023 0,001112
избирательный 1,609438 0,000457
известно 1,237874 0,000704
издержка 2,995732 0,000851
излишний 3,506558 0,000996
изменение 0,301105 0,000086
измениться 1,021651 0,000290
изначально 1,309333 0,000372
изобретатель 2,525729 0,000718
изучение 0,713350 0,000203
илон 3,912023 0,001112
именно 0,544727 0,000310
иметь 0,094311 0,000027
иметься 0,385662 0,000110
инвестиционный 1,514128 0,000861
инвестор 2,120264 0,001205
инновационный 1,771957 0,000504
инструмент -0,009950 -0,000008
интегрировать 1,771957 0,000504
интервью 1,660731 0,000472
интерес 1,021651 0,000581
интересоваться 3,218876 0,000915
интернет 0,755023 0,000429
инфляция 2,813411 0,000799
инфографика 2,813411 0,000799
информационный 0,462035 0,000263
информация 0,162519 0,000139
иорио 3,912023 0,002223
ипотека 3,218876 0,000915
ипотечный 3,218876 0,000915
искать 1,966113 0,000559
исключение 0,891598 0,000253
исключить 2,207275 0,000627
исполнение 0,867501 0,001479
использование -0,009950 -0,000031
использовать 0,020203 0,000029
использоваться 0,223144 0,000254
испытательный 3,218876 0,000915
исследование 0,462035 0,000263
история 0,051293 0,000160
источник -0,009950 -0,000008
исчезнуть 1,771957 0,000504
итальянский 1,139434 0,000324
итог 0,494296 0,000140
июль 0,116534 0,000861
июнь 0,116534 0,000695
каждый 0,261365 0,000223
казаться 2,407946 0,000684
какой 0,820981 0,000233
кальяри 3,506558 0,000996
камилой 3,912023 0,001112
каминска 3,912023 0,001112
капитал 1,469676 0,000418
капитализация 3,218876 0,000915
карт 0,301105 0,000171
касперского 3,506558 0,000996
категория -0,009950 -0,000011
качество 0,287682 0,000245
квартал 0,994252 0,000283
кевин 3,912023 0,001112
кинокомпания 2,659260 0,000756
клиент 1,714798 0,000487
клиринг 3,506558 0,000996
ключевой 1,203973 0,001026
книга 0,415515 0,000708
код -0,009950 -0,000040
кодекс -0,009950 -0,000003
кодистория 0,116534 0,000033
кодовый 2,995732 0,001703
количество 0,210721 0,000060
ком 1,832581 0,001042
команда 0,798508 0,000454
комиссия 0,967584 0,001650
коммерсантъ 1,139434 0,000648
компания 0,371064 0,000738
компетенция 2,659260 0,000756
компонент 0,967584 0,000275
компьютеризовать 3,912023 0,001112
компьютерный 1,347074 0,000383
конвертация 3,218876 0,000915
конец 0,198451 0,000169
консенсус 2,995732 0,003405
консорциум 2,407946 0,000684
контекст 1,427116 0,000406
контракт 1,609438 0,008690
контролировать 1,469676 0,000418
контроль 0,994252 0,000848
конференция 0,941609 0,000535
конфиденциальность -0,009950 -0,000006
концепт 3,912023 0,002223
концепция 0,967584 0,000275
копие 0,223144 0,001205
короткий -0,009950 -0,000003
коррупция 2,659260 0,000756
космос 1,237874 0,000352
кот 1,966113 0,000559
который 0,000000 0,000000
кошелек 3,218876 0,002744
красиво 3,218876 0,000915
краудфандингового 3,912023 0,001112
краудфандинговым 3,912023 0,001112
крах 3,506558 0,000996
кредитование 2,995732 0,000851
крипто 3,506558 0,001993
криптоанархизм 2,813411 0,000799
криптовалюта 2,995732 0,019580
криптовалютные 3,218876 0,000915
криптовалютный 3,912023 0,002223
криптографически 3,218876 0,000915
криптодолина 2,995732 0,000851
криптокомпаний 3,912023 0,001112
криптокошелек 2,995732 0,000851
криптотопливом 3,912023 0,001112
критик 1,560648 0,001330
кром 0,235722 0,000201
кроссплатформенное 3,506558 0,000996
крупный 0,210721 0,000299
кси 3,912023 0,001112
кто 1,203973 0,000684
кто-то 3,506558 0,000996
куки -0,009950 -0,000003
курс 1,171183 0,000998
лаборатория 1,309333 0,000372
лагерь 1,514128 0,000430
лекция 1,714798 0,000487
лендинг 3,912023 0,001112
либеральный 2,813411 0,000799
лимит 2,995732 0,002554
лири 3,912023 0,001112
литература 0,051293 0,000029
литрес 3,506558 0,000996
лицензия -0,009950 -0,000006
личность 1,897120 0,000539
лучшее 1,427116 0,000406
лучший 0,776529 0,000221
любин 3,912023 0,002223
люди 0,755023 0,000215
май 0,127833 0,000872
майами 3,912023 0,001112
майк 3,218876 0,000915
майнерам 3,912023 0,001112
майнеров 3,218876 0,002744
майнеру 3,506558 0,000996
майнинг 2,995732 0,001703
майнинга 3,506558 0,003986
майнинге 3,912023 0,001112
майнинговая 3,912023 0,001112
майнить 3,506558 0,000996
мало 0,579818 0,000165
малое 0,994252 0,000283
малый 0,139262 0,000040
март 0,116534 0,001292
маск 3,912023 0,001112
массив 0,891598 0,000253
мастерчейн 3,912023 0,002223
масштабирование 3,506558 0,002989
масштабируемости 2,995732 0,002554
масштабный 1,139434 0,001295
материал -0,009950 -0,000003
машина 0,713350 0,001014
машинный 2,659260 0,000756
медиа 1,966113 0,000559
медиафайлы 0,301105 0,000086
международный 0,385662 0,000219
мелкий 1,309333 0,000372
мемкойн 2,995732 0,000851
менять 1,714798 0,000487
мерклый 3,506558 0,000996
место 0,139262 0,000079
месяц 0,415515 0,000236
метавселенной 3,912023 0,001112
метафора 3,218876 0,000915
метод 1,049822 0,000597
механизм 1,347074 0,001148
миллион 0,776529 0,001324
минимизация 3,506558 0,001993
минцифрой 3,912023 0,001112
мир 0,094311 0,000107
михай 3,506558 0,000996
много 0,150823 0,000043
множество 0,462035 0,000131
мобильный -0,009950 -0,000006
модель 0,891598 0,000760
модернизация 1,660731 0,000944
момент 0,527633 0,000450
москвы 0,653926 0,000372
мочь -0,009950 -0,000023
мошенничество 2,207275 0,000627
мфти 3,506558 0,000996
мысль 1,469676 0,000418
набирать 2,813411 0,000799
набиуллина 3,912023 0,001112
наблюдаться 0,755023 0,000215
набор 1,237874 0,000352
набрать 2,407946 0,000684
навигация -0,009950 -0,000008
награда 0,798508 0,000227
надежный 2,120264 0,000603
название 0,105361 0,000120
назвать 0,371064 0,000422
называть 0,174353 0,000149
называться 0,328504 0,000187
найти 0,733969 0,000209
намерить 2,207275 0,000627
написать 0,867501 0,000740
направить 0,867501 0,000247
например 0,328504 0,000280
нарушать 1,714798 0,000487
нарушить 2,659260 0,000756
наука 0,235722 0,000067
научный 0,248461 0,000141
начало 0,116534 0,000166
начальный 0,967584 0,000275
начать 0,510826 0,000145
начаться 0,562119 0,000160
наш 0,527633 0,000150
небезопасный 3,218876 0,000915
небольшой 0,494296 0,000140
невзаимозаменяемый 2,995732 0,000851
невидимый 3,218876 0,000915
невозможно 1,832581 0,000521
недействующие 2,813411 0,000799
неделя 1,309333 0,000372
недоступный 0,446287 0,000507
нежелательный 2,813411 0,000799
неизбежный 3,218876 0,000915
неизвестное 2,207275 0,000627
неизменность 3,506558 0,000996
нейросетей 3,912023 0,001112
некоммерческий -0,009950 -0,000006
необходимое 1,771957 0,000504
необходимость 1,139434 0,000324
необходимый 1,078810 0,000613
несанкционированный 2,407946 0,000684
несколько 0,116534 0,000099
неформально 2,995732 0,000851
нефтегазовый 2,120264 0,000603
нидерландами 3,912023 0,001112
ник 2,659260 0,002267
никакой 1,609438 0,000457
нововведение 2,525729 0,000718
новое 0,287682 0,000164
новость 0,544727 0,000310
новый 0,083382 0,000213
номер 0,634878 0,000180
ноябрь 0,127833 0,001126
нудить 3,218876 0,000915
нужно 1,049822 0,000597
нужный 1,771957 0,000504
нулевой 1,609438 0,000457
нью-йорк 2,995732 0,000851
нью-йорке 3,218876 0,000915
обеспечение 0,634878 0,001082
обеспечениепоявились 3,912023 0,001112
обеспечениесвободное 3,506558 0,001993
обеспечивать 0,415515 0,000118
обеспечить 1,386294 0,000394
область 0,150823 0,000043
обмен 1,309333 0,001860
обменный 3,506558 0,000996
обнаружить 1,021651 0,000290
обновить 1,203973 0,001026
обновление 1,203973 0,007527
обновляться 2,207275 0,000627
обозначение 1,386294 0,000394
оборот 1,139434 0,000324
обосновать 2,525729 0,000718
обработка 1,309333 0,000372
образ 0,287682 0,000082
образоваться 0,967584 0,000275
обращение 0,030459 0,000883
обрушить 3,506558 0,000996
обслуживание 0,941609 0,000268
обсудить 2,302585 0,000654
обсуждать 2,302585 0,000654
обсуждение 2,120264 0,000603
обусловить 1,237874 0,000352
обучение 1,309333 0,000744
общий 0,186330 0,000265
объем 0,400478 0,000228
объявить 0,798508 0,001588
объяснение 1,897120 0,001617
ограничивать 2,120264 0,000603
ограничить 0,653926 0,000372
огромный 0,776529 0,000221
один 0,051293 0,000102
одиночка 3,912023 0,001112
однако 0,174353 0,000198
одноранговой 3,506558 0,000996
ожидать 1,272966 0,000362
ожидаться 2,302585 0,000654
означать 0,798508 0,000227
оказаться 0,820981 0,000467
октябрь 0,072571 0,001031
онлайн-платежей 3,506558 0,000996
онлайн-сервис 2,995732 0,000851
онлайн-сервисов 3,912023 0,001112
оон 1,560648 0,000443
операционная 1,897120 0,000539
операция 0,776529 0,000441
описание -0,009950 -0,000003
описать 1,347074 0,000766
описывать 1,427116 0,000406
оплата 1,609438 0,000457
определить 0,527633 0,000600
оптимизировать 2,995732 0,000851
опубликовать 0,891598 0,000507
опуститься 2,659260 0,000756
оракул 3,506558 0,000996
орган 0,616186 0,000350
организатор 1,771957 0,000504
организация -0,009950 -0,000014
организовать 0,634878 0,000180
оригинал 0,139262 0,000119
осваивать 2,813411 0,000799
основа 0,210721 0,000359
основание 0,494296 0,000140
основатель 0,967584 0,000550
основать 0,274437 0,000234
основной 0,040822 0,000081
особенно 0,562119 0,000160
особенность 0,693147 0,000197
остановить 1,832581 0,000521
остаться 0,867501 0,000247
осуществить 1,237874 0,000352
ответ 0,941609 0,000268
ответвление 2,407946 0,002053
ответно 3,912023 0,001112
ответственность -0,009950 -0,000006
ответственный 2,659260 0,000756
отделение 0,713350 0,000203
отдельный -0,009950 -0,000003
отзываться 3,218876 0,000915
отказ -0,009950 -0,000003
отказаться 1,427116 0,000406
откат 3,912023 0,001112
открытие 0,616186 0,000175
открыть 0,150823 0,000129
отличие 0,798508 0,000227
отмена 1,714798 0,000975
отменить 1,427116 0,000406
отметить 0,616186 0,000175
относиться 0,328504 0,000093
отношение 0,430783 0,000245
отныне 3,218876 0,000915
отправитель 3,218876 0,000915
отредактировать -0,009950 -0,000003
отсутствие 0,891598 0,000253
отходить 1,897120 0,000539
официально 0,693147 0,000197
официальный 0,356675 0,000101
оцифровывать 3,912023 0,001112
очень 0,494296 0,000140
очередной 1,560648 0,000443
ошибка 0,994252 0,000283
ошибкекак -0,009950 -0,000003
павел 1,078810 0,000307
падать 1,771957 0,000504
пар 1,309333 0,000372
параллельно 1,237874 0,000352
партнерство 1,771957 0,000504
первичное 2,525729 0,000718
первое 0,150823 0,000300
первоначально 1,203973 0,000684
первоначальный 1,203973 0,000684
первый 0,162519 0,000139
перевести 0,994252 0,000283
перевод 0,941609 0,000268
передаваться 2,207275 0,000627
перейти -0,009950 -0,000014
перекрыть 2,995732 0,000851
переместить 2,995732 0,000851
перенаправить 3,218876 0,000915
переход 0,653926 0,000743
период 0,274437 0,000078
персональный -0,009950 -0,000003
перспектива 1,049822 0,000895
печать -0,009950 -0,000006
пирамида 2,207275 0,001254
письмо 1,237874 0,000352
питер 1,966113 0,000559
план 0,527633 0,000600
планировать 1,272966 0,001085
планироваться 0,891598 0,000253
плат 1,771957 0,000504
платеж 2,525729 0,001435
платежейсистемы 3,506558 0,000996
платежный 2,525729 0,001435
платформа 1,049822 0,005370
площадка 0,867501 0,000247
поведение -0,009950 -0,000003
повысить 1,021651 0,000290
повышение 1,078810 0,000613
подвергаться 1,609438 0,000457
подготовить 1,386294 0,000394
подготовка 0,916291 0,000521
поддерживать 0,994252 0,000283
поддержка 0,653926 0,000557
поделиться 3,912023 0,001112
подключиться 2,995732 0,000851
подлинность 2,995732 0,000851
подобное 1,832581 0,000521
подорвать 2,995732 0,000851
подписать 0,941609 0,000268
подписчик 3,506558 0,000996
подразумеваться 2,407946 0,000684
подтвердить 1,309333 0,000372
подход 0,994252 0,000283
позволить 0,967584 0,000825
позволять 0,462035 0,000525
позже 0,733969 0,000209
поиск -0,009950 -0,000006
поколение 1,203973 0,000342
пол 0,446287 0,000127
полагать 2,120264 0,000603
поле 1,049822 0,000298
политик -0,009950 -0,000003
полностью 0,400478 0,000114
полный 0,328504 0,000093
половина 0,430783 0,000122
положительно 2,995732 0,000851
получается 2,659260 0,000756
получить 0,150823 0,000129
пользователь 1,427116 0,002433
помимо 0,562119 0,000160
помочь 1,171183 0,000333
помощь 0,342490 0,000195
понравиться 2,813411 0,000799
понятное 2,659260 0,000756
понять 2,407946 0,000684
пополниться 2,813411 0,000799
популяризовать 3,912023 0,001112
популярность 1,609438 0,000457
портал 0,342490 0,000097
поскольку 0,941609 0,000268
последний -0,009950 -0,000008
последствие 1,427116 0,000811
последующее 1,714798 0,000487
посредник 2,302585 0,001309
посреднический 3,912023 0,001112
пост-трейдингового 3,912023 0,001112
поставить 1,021651 0,000290
поставка 2,207275 0,000627
построить 0,301105 0,000171
посчитать 3,218876 0,000915
потенциальный 1,832581 0,000521
потеря 1,660731 0,000472
потребление 2,120264 0,001808
потреблять 2,407946 0,000684
потребность 1,514128 0,000430
потребоваться 2,302585 0,000654
похитить 3,506558 0,000996
похожее 2,659260 0,000756
появление 0,653926 0,000186
пояснить 3,912023 0,001112
правило 0,478036 0,000272
правительство 0,510826 0,000290
править -0,009950 -0,000068
правка 0,274437 0,000156
правкиновые -0,009950 -0,000003
правкипостоянная -0,009950 -0,000003
право 0,314711 0,000089
правовой 1,021651 0,000290
практик 1,049822 0,000298
практически 0,755023 0,000215
превращать 2,407946 0,000684
превышать 0,673345 0,000191
предвидеть 3,218876 0,000915
предводительство 1,897120 0,000539
предлагать 1,514128 0,000861
предложение 1,609438 0,001372
предложить 0,820981 0,000467
предназначить 1,139434 0,000971
предотвращение 2,302585 0,000654
предполагаться 1,078810 0,000307
предположение 1,897120 0,000539
предпринять 2,040221 0,000580
предсказание 2,525729 0,000718
представитель 0,653926 0,000186
представить 0,328504 0,000467
представиться -0,009950 -0,000003
представлять 0,328504 0,000187
предстоять 2,995732 0,000851
предыдущий 1,609438 0,000457
прежний 1,021651 0,000581
президент 0,597837 0,000170
претворить 3,912023 0,001112
приближаться 2,995732 0,000851
прибыть 1,514128 0,000430
привести 0,356675 0,000203
привлечь 2,040221 0,001739
приводить 0,776529 0,000221
придумать 2,207275 0,000627
призвать 1,560648 0,000443
признание 0,867501 0,000247
приложение 0,733969 0,001877
применение 0,967584 0,000825
применить 1,609438 0,001829
применять 0,510826 0,000145
применяться 1,139434 0,000648
примерно 0,634878 0,000541
примечание -0,009950 -0,000006
принудительный 2,813411 0,000799
присматриваться 3,912023 0,001112
присутствовать 1,021651 0,000290
проблема 0,274437 0,000546
проведение 0,673345 0,000191
проверить 0,478036 0,000272
проверка 0,843970 0,000240
проверять 0,820981 0,000233
провести 0,579818 0,000165
проводить 0,843970 0,000240
программа 0,415515 0,000118
программирование 1,609438 0,001829
программный 1,272966 0,002170
продавать 2,302585 0,000654
продолжать 1,049822 0,000597
продолжение 1,347074 0,000383
продолжить 1,771957 0,000504
продукт 0,634878 0,000361
проект -0,009950 -0,000028
прозрачность 2,302585 0,000654
произвести 1,203973 0,000342
производить 0,916291 0,000260
произойти 0,430783 0,000367
происходить 0,328504 0,000280
промежуточный 1,771957 0,000504
пронизывать 3,912023 0,001112
прописать 3,218876 0,000915
пропорциональный 3,218876 0,000915
пропускной 2,040221 0,000580
просмотр -0,009950 -0,000006
простимулировать 3,912023 0,002223
просто 1,171183 0,000666
простое 2,659260 0,000756
простой 1,108663 0,000315
протокол 1,139434 0,002590
профиль 1,427116 0,000811
профильный 3,912023 0,001112
процесс 0,415515 0,000236
процессор 2,207275 0,000627
прошлое 0,673345 0,000191
проявить 2,120264 0,000603
псевдоним 2,525729 0,000718
публикация 1,272966 0,000362
публично 2,659260 0,000756
публичный 1,078810 0,000613
пузырь 2,813411 0,000799
путешествовать 2,813411 0,000799
путина 1,386294 0,000394
путиным 2,995732 0,000851
путь 0,261365 0,000074
пытаться 1,237874 0,000704
пэй 3,506558 0,000996
работа 0,127833 0,000218
работать 0,314711 0,000715
раваль 3,912023 0,001112
раз -0,009950 -0,000008
развитие 0,127833 0,000145
разглашение 3,506558 0,000996
раздать 3,912023 0,001112
разделение 1,021651 0,000581
различный 0,116534 0,000066
размер 0,755023 0,000429
разный 0,314711 0,000089
разработать 0,616186 0,000525
разработка 0,653926 0,001487
разработчик -0,009950 -0,000042
разрешить 1,560648 0,000443
разыскать 3,912023 0,001112
рамка 0,478036 0,000136
рано 0,261365 0,000074
распасться 2,525729 0,000718
распознать 3,506558 0,000996
распределение 1,203973 0,000342
распределить 0,693147 0,000591
рассказывать 1,832581 0,000521
расследование 2,525729 0,000718
рассматриваться 1,203973 0,000342
рассчитывать 2,407946 0,001369
расход 1,347074 0,000383
расходование 2,659260 0,000756
расчет 0,820981 0,000233
расчетный 2,302585 0,000654
рбк 1,386294 0,001182
реализация 0,798508 0,000227
реализовать 0,673345 0,000574
регистрация 1,832581 0,000521
редактор 1,427116 0,000406
реестр 1,272966 0,000362
режим 0,653926 0,000186
результат 0,174353 0,000050
рейтинг 0,967584 0,000825
рекомендовать 1,966113 0,000559
релиз 2,407946 0,000684
репозиторий 2,995732 0,000851
репутация 2,995732 0,000851
рестейкинг 3,912023 0,001112
ресурс 0,020203 0,000029
реформа 1,108663 0,000315
решение 0,328504 0,000467
решить 0,941609 0,000535
ридли 3,912023 0,002223
рискованный 2,813411 0,000799
роль 0,494296 0,000140
росреестр 2,813411 0,000799
росреестром 3,912023 0,001112
российский 0,105361 0,000180
россия 0,174353 0,000297
руководитель 1,203973 0,000342
руководство 0,544727 0,000155
рус 0,162519 0,000416
руслан 2,659260 0,000756
русский -0,009950 -0,000003
руссо 3,218876 0,001829
рутинный 3,506558 0,000996
рынок 0,713350 0,000405
рыночный 1,771957 0,001007
сабо 2,995732 0,002554
сайт 0,210721 0,000240
самостоятельный 0,820981 0,000233
самый 0,174353 0,000099
сбербанк 1,714798 0,004386
сбор 1,347074 0,000766
сбп 3,506558 0,000996
сбпэй 3,506558 0,000996
свет 0,941609 0,000268
свободный -0,009950 -0,000003
свое 0,287682 0,000082
свой 0,150823 0,000129
свойство 0,415515 0,000118
связать 0,174353 0,000099
связаться -0,009950 -0,000003
сделать 0,616186 0,000700
сделка 2,525729 0,001435
себастьен 3,912023 0,001112
себя 0,198451 0,000113
сегодня 0,616186 0,000175
сегодняшний 1,560648 0,000443
секунда 2,207275 0,000627
сентябрь 0,072571 0,000536
сервис 1,108663 0,000945
сергей 0,967584 0,000550
середина 0,356675 0,000101
серия 0,713350 0,000405
сетевой 1,049822 0,000597
сетикриптографическое 3,506558 0,000996
сеть 0,356675 0,003041
сигнальный 3,506558 0,000996
сила 0,494296 0,000140
символ 0,733969 0,000209
сингапура 3,912023 0,001112
сирадж 3,912023 0,001112
система 0,051293 0,000189
системеобсуждениевкладсоздать -0,009950 -0,000003
системный 1,966113 0,000559
скачать -0,009950 -0,000003
скобка 1,897120 0,000539
сколково 3,912023 0,001112
сколько 0,653926 0,000186
скотт 2,995732 0,000851
скотта 3,218876 0,000915
след 1,427116 0,000406
следовать 0,235722 0,000335
следует 0,755023 0,000215
слишком 2,525729 0,000718
слияние 1,609438 0,001372
слово 0,210721 0,000060
сложно 2,207275 0,000627
случай -0,009950 -0,000003
случайный 2,302585 0,000654
смарт-контракт 2,995732 0,002554
смарт-контрактов 3,218876 0,003659
смарт-контракту 3,506558 0,000996
смарт-контракты 3,218876 0,008232
сменить 1,714798 0,000487
сми 0,867501 0,000247
смириться 3,912023 0,001112
смотреть 2,302585 0,000654
смочь 1,203973 0,000684
снижать 2,040221 0,000580
снижение 1,171183 0,000998
снизить 1,560648 0,001330
снизиться 1,609438 0,000457
снова 1,386294 0,000394
снять 1,237874 0,000352
собираться 1,966113 0,000559
соблюдение 2,525729 0,000718
соблюсти 3,506558 0,000996
собрать 1,386294 0,001970
собственно 1,386294 0,000788
событие 0,733969 0,000209
событияпожертвовать -0,009950 -0,000003
совершаться 2,120264 0,000603
совместимость 2,407946 0,000684
совместно 1,427116 0,000406
совместный 1,514128 0,000861
согласие 1,897120 0,000539
соглашение 0,994252 0,000565
содержание 0,010050 0,000003
содержать 0,634878 0,000180
создавать 0,798508 0,000227
создаваться 1,078810 0,000307
создание 0,301105 0,000428
создать 0,210721 0,000180
сократить 1,560648 0,000887
сократиться 1,386294 0,000394
сокращение 0,867501 0,000247
сообщаться 2,407946 0,000684
сообщение 0,478036 0,000136
сообщество 1,514128 0,002151
сообщить -0,009950 -0,000003
сооснователями 3,912023 0,001112
соответствовать 0,371064 0,000105
сопрячь 2,813411 0,000799
сопутствовать 2,525729 0,000718
состав 0,248461 0,000282
составить 0,400478 0,000114
составлять 0,198451 0,000056
состояться 0,713350 0,001014
сотрудничать 2,302585 0,000654
соучредитель 3,218876 0,000915
софт-форк 3,912023 0,001112
софт-форка 3,912023 0,001112
софтверный 3,912023 0,001112
сохранение -0,009950 -0,000003
социальный 0,527633 0,000450
спам 3,506558 0,000996
специализировать 0,994252 0,000283
специалист 0,755023 0,000215
спецслужба 3,218876 0,000915
список 0,210721 0,000120
сплав 2,995732 0,000851
спокойно 3,218876 0,000915
способ 1,078810 0,000307
способность 1,139434 0,000324
спродюсирует 3,912023 0,001112
сразу 0,994252 0,000283
среда 0,385662 0,000110
среди 0,198451 0,000169
средство 0,287682 0,000491
ссылка -0,009950 -0,000025
ссылкасведения -0,009950 -0,000003
стабильный 0,820981 0,000233
став 1,771957 0,000504
сталь 0,415515 0,000236
стандарт 0,867501 0,000493
становиться 0,415515 0,000118
стартапов 3,218876 0,000915
стартапы 3,912023 0,002223
статистик -0,009950 -0,000003
стать 0,083382 0,000166
статьислучайная -0,009950 -0,000003
статьисообществофорумсправкасвежие -0,009950 -0,000003
статья 0,020203 0,000023
статьяобсуждение -0,009950 -0,000003
статьятекущие -0,009950 -0,000003
стейблкоинов 3,506558 0,000996
стейблкойн 2,995732 0,000851
стейблкойны 3,912023 0,001112
стейкинга 3,912023 0,002223
стив 2,813411 0,001599
стоимость 1,021651 0,000871
столкнуться 2,525729 0,000718
столь 1,714798 0,000975
столько 1,832581 0,000521
сторона 0,235722 0,000134
сторонний 2,525729 0,000718
страна 0,235722 0,000067
страница -0,009950 -0,000008
страницасодержаниеизбранные -0,009950 -0,000003
страницецитировать -0,009950 -0,000003
страницуполучить -0,009950 -0,000003
страницыслужебные -0,009950 -0,000003
стратегия 1,514128 0,000861
стремительно 2,302585 0,001309
стремиться 2,120264 0,000603
суметь 2,207275 0,001254
сумма 1,386294 0,001182
суммарный 1,386294 0,000394
существенно 1,108663 0,000630
существовать 0,020203 0,000006
сфера 0,562119 0,000479
сформировать 1,078810 0,000307
счет 0,562119 0,001118
считать 0,597837 0,000170
считаться 0,385662 0,000219
сша 0,562119 0,000319
сюдасвязанные -0,009950 -0,000003
таймс 3,912023 0,001112
такое 0,328504 0,000840
такой 0,162519 0,000092
твиттер 3,912023 0,001112
твиттере 3,218876 0,001829
твтч 3,912023 0,001112
тейлор 3,912023 0,001112
текст -0,009950 -0,000003
тема 0,693147 0,000197
тематический 0,510826 0,000145
термин 0,198451 0,000113
тестирование 2,040221 0,000580
тестировать 2,659260 0,000756
технология 0,400478 0,001935
течение 0,314711 0,000179
тинькофф 3,218876 0,000915
тип 0,072571 0,000062
товарно-сырьевой 3,506558 0,000996
товарный -0,009950 -0,000003
тогдашний 2,407946 0,000684
токен 2,995732 0,001703
токена 3,912023 0,001112
токенизированной 3,912023 0,001112
токенсейл 2,995732 0,000851
тонна 1,108663 0,000315
торговаться 3,912023 0,001112
торговля 0,579818 0,000165
торговый 0,597837 0,000340
трамп 2,995732 0,001703
транзакционного 3,912023 0,001112
транзакционных 3,506558 0,000996
транзакция 2,407946 0,009580
траст 3,218876 0,000915
требование 0,967584 0,000550
требовать 0,562119 0,000319
требоваться 1,386294 0,000788
треть 1,237874 0,000352
трлн 2,207275 0,000627
туристический 1,021651 0,000290
тыс 0,430783 0,000122
убрать 1,609438 0,000457
увеличить 1,309333 0,000372
увлекательный 3,912023 0,001112
углерод 1,897120 0,000539
углеродный 3,912023 0,001112
угольная 2,525729 0,000718
удалить 0,579818 0,000165
удаться 1,203973 0,000342
удобство 2,659260 0,000756
удовлетворение 2,659260 0,000756
удостоверение 2,995732 0,000851
узел 0,527633 0,000150
уильям 3,218876 0,000915
указание -0,009950 -0,000003
указать 0,083382 0,000047
украсть 3,218876 0,002744
улучшение 1,309333 0,000744
уменьшать 2,207275 0,000627
уменьшение 1,469676 0,000418
уменьшить 2,407946 0,000684
умный 2,302585 0,009815
университет 0,328504 0,000093
уничтожаться 3,218876 0,000915
уплатить 3,506558 0,000996
управление 0,248461 0,000353
упростить 2,207275 0,001254
упрощать 3,218876 0,000915
уровень 0,150823 0,000257
ускорить 2,040221 0,001160
условие -0,009950 -0,000025
успешно 1,771957 0,000504
установить 0,328504 0,000093
установка 1,272966 0,000362
устранить 2,995732 0,000851
утверждать 1,660731 0,000944
участие -0,009950 -0,000008
участник 0,510826 0,001016
учетный -0,009950 -0,000003
уязвимость 2,525729 0,000718
фантастика 2,407946 0,000684
фбр 3,506558 0,000996
февраль 0,051293 0,000321
фильм 1,049822 0,000597
финансовый 0,733969 0,000626
финансы 0,733969 0,000417
финляндии 2,207275 0,000627
финни 3,218876 0,000915
фонд -0,009950 -0,000008
форжинг 2,995732 0,000851
форк 3,506558 0,000996
формально 2,525729 0,000718
формат 0,843970 0,000240
формировать 1,272966 0,000362
фото 1,203973 0,000342
функциональность 2,525729 0,000718
функционирование 1,714798 0,000487
функционировать 0,798508 0,000227
функция 0,693147 0,000591
хабр 3,506558 0,000996
хакер 2,813411 0,002398
характер 0,653926 0,000186
хард 3,912023 0,001112
хард-форков 3,912023 0,001112
хардфорк 3,506558 0,005979
хардфорка 3,912023 0,001112
хитрость 3,506558 0,000996
хоскинсон 3,912023 0,002223
хотя 0,653926 0,000186
хранение 1,309333 0,001116
хэл 3,218876 0,000915
цель 0,371064 0,000316
цена 1,237874 0,002111
цензурирования 3,912023 0,001112
ценность 1,609438 0,000457
центр 0,287682 0,000245
централизация 2,813411 0,000799
центральный 0,400478 0,000341
цепочка 2,040221 0,002319
цикл 1,237874 0,000352
цифровой 0,562119 0,000958
чарльз 2,995732 0,001703
час 0,867501 0,000493
частность 0,462035 0,000263
часть 0,061875 0,000053
человек 0,186330 0,000106
чернышев 2,813411 0,000799
честь 0,562119 0,000160
число 0,186330 0,000053
чистка 2,813411 0,000799
читатьтекущая 1,237874 0,000352
шаг 1,714798 0,000975
швейцарии 2,659260 0,002267
шесть 1,021651 0,000290
эйрдроп 2,995732 0,000851
эквивалентно 3,506558 0,000996
эквивалентный 2,813411 0,001599
экономический 0,478036 0,000408
экономия 2,525729 0,000718
экранизация 3,218876 0,000915
эксмо 2,525729 0,000718
эксперимент 1,832581 0,000521
экспериментировать 3,912023 0,001112
экспорт -0,009950 -0,000003
электричество 2,207275 0,000627
электронный 0,478036 0,000408
электростанция 2,040221 0,000580
электроэнергия 1,609438 0,000915
элемент 0,544727 0,000310
эльвира 3,218876 0,000915
энергетик 1,108663 0,000315
энергия 1,021651 0,000290
энергоемкий 3,912023 0,001112
энергозатрата 3,912023 0,001112
энергозатратного 3,912023 0,001112
энергопотребление 3,506558 0,000996
энергоэффективности 3,506558 0,000996
энтони 2,995732 0,001703
энтрикен 3,912023 0,001112
энциклопедия -0,009950 -0,000003
эпоха 0,713350 0,000203
этап 0,634878 0,000722
эфир 1,427116 0,008111
эфириум 3,912023 0,006670
эфириума 3,912023 0,004447
эффективность 1,347074 0,000766
эффективный 1,609438 0,000457
юнисеф 3,912023 0,001112
являться 0,040822 0,000023
ядерный 1,771957 0,000504
язык -0,009950 -0,000017
январь 0,105361 0,000359
яндекс 1,714798 0,000975
ясный 1,347074 0,000383
