августа 0,072571 0,000474
августе 0,994252 0,000283
авиакомпании 2,525729 0,000718
авиакомпания 2,302585 0,000654
автомат 3,218876 0,000915
автоматически 2,120264 0,000603
автоматических 2,659260 0,000756
автономного 2,659260 0,000756
автономное 2,813411 0,000799
автономные 2,525729 0,000718
авторам 3,506558 0,000996
авторства -0,009950 -0,000003
авторы 1,660731 0,002832
агрегируют 3,912023 0,001112
административное 0,843970 0,000240
адреса 1,897120 0,000539
аза 3,912023 0,001112
акст 3,506558 0,000996
активами 3,218876 0,000915
активировали 3,912023 0,007782
активировано 3,912023 0,001112
активнее 3,506558 0,000996
активно 0,755023 0,000215
активного 2,040221 0,001160
активности 1,560648 0,000887
активов 2,525729 0,000718
алгоритм 2,120264 0,001808
алгоритме 3,506558 0,001993
алгоритму 3,218876 0,000915
алгоритмы 2,207275 0,001254
алексей 1,049822 0,000298
ализе 3,912023 0,001112
алфавитупро 1,771957 0,000504
алфавитупрограммное 2,813411 0,000799
альтернативная 2,659260 0,000756
альтернативы 3,506558 0,000996
альфа-банка 2,995732 0,000851
альфа-версия 3,912023 0,001112
альянс 2,995732 0,000851
амбициозную 3,912023 0,001112
амер 2,302585 0,000654
аналог 2,120264 0,000603
аналогичную 3,506558 0,000996
англ 0,174353 0,000743
андреас 3,912023 0,001112
анонимной 3,912023 0,001112
анонсировал 3,912023 0,001112
антонопулос 3,912023 0,001112
апгрейд 3,506558 0,001993
апгрейдов 3,912023 0,002223
апреле 0,994252 0,000565
апреля 0,174353 0,001585
арбитраж 3,912023 0,001112
аренда 2,659260 0,000756
архивировано 0,020203 0,000609
архивная 0,400478 0,002048
архивной 0,713350 0,000203
ассемблера 3,218876 0,000915
атак 2,813411 0,000799
атаковать 3,912023 0,001112
атакующей 3,912023 0,001112
аудио 2,120264 0,000603
аудиторские 3,912023 0,001112
база 0,916291 0,000260
базе 0,776529 0,001765
банк 1,078810 0,001533
банка 0,941609 0,001070
банки 1,560648 0,000443
банков 1,272966 0,000723
банковские 2,995732 0,000851
банком 2,302585 0,001309
баш 3,506558 0,000996
безопасности 1,139434 0,000971
белой 1,660731 0,000472
бесконечная 3,912023 0,002223
бесконечных 3,912023 0,001112
бесперебойную 3,912023 0,001112
беспрецедентную 3,506558 0,000996
бизнес 1,514128 0,000430
бизнес-процессы 3,912023 0,001112
бизнеса 0,967584 0,000275
билеты 2,995732 0,000851
биомедицине 3,912023 0,001112
биткоин 2,995732 0,000851
биткойн 3,506558 0,001993
биткойна 2,995732 0,001703
биткойны 3,506558 0,000996
бич 3,912023 0,001112
благодаря 0,527633 0,000300
благотворительная 3,218876 0,000915
блок 1,832581 0,002083
блока 2,207275 0,001254
блоками 2,813411 0,000799
блоке 2,995732 0,001703
блокирования 3,912023 0,001112
блоков 2,120264 0,003013
блокчейн 2,995732 0,019580
блокчейн-защита 3,912023 0,001112
блокчейн-оракул 3,912023 0,001112
блокчейн-оракулы 3,506558 0,000996
блокчейн-платформа 3,912023 0,001112
блокчейн-платформы 3,218876 0,000915
блокчейн-проект 3,912023 0,001112
блокчейн-систему 3,506558 0,000996
блокчейн-специалистов 3,912023 0,001112
блокчейна 2,813411 0,016789
блокчейне 2,995732 0,001703
блокчейнов 3,506558 0,000996
блокчейном 3,506558 0,000996
блокчейнскрытые 0,000000 0,000000
блокчейну 3,506558 0,001993
богатый 2,659260 0,000756
больших 1,272966 0,000362
большую 0,891598 0,000253
борьбе 1,469676 0,000418
бостоне 3,912023 0,001112
будут 1,203973 0,000684
будущее 1,386294 0,000394
будущие 2,995732 0,000851
буквы 2,659260 0,000756
бурков 2,995732 0,000851
бутерин 3,218876 0,018294
бутерина 3,218876 0,000915
бутерине 3,912023 0,001112
бутериным 3,912023 0,002223
важных 1,714798 0,000487
валидаторов 3,506558 0,000996
валидатору 3,912023 0,001112
валидаторы 3,506558 0,001993
валют 2,995732 0,000851
валюта 2,659260 0,002267
валютный 3,506558 0,000996
вариант 1,386294 0,000394
варианта 2,302585 0,000654
варианты 1,309333 0,000372
введение 1,609438 0,000457
введением 2,302585 0,000654
ввод 1,897120 0,000539
великим 2,120264 0,000603
верификацию 3,506558 0,000996
веркла 3,912023 0,002223
вернуть 2,407946 0,002053
вероника 3,912023 0,002223
версии 0,446287 0,000254
версию 2,207275 0,000627
версия -0,009950 -0,000014
версияправитьправить 1,237874 0,000352
весной 1,049822 0,000298
ветке 2,813411 0,000799
ветки 2,407946 0,001369
веток 2,813411 0,000799
вещей 2,207275 0,000627
взаимодействия 1,660731 0,000472
взлом 2,995732 0,003405
взлома 3,218876 0,002744
взломанная 3,912023 0,001112
виде 0,235722 0,000067
видел 2,813411 0,000799
видео 1,049822 0,000298
видеопамяти 3,912023 0,002223
викиданных -0,009950 -0,000003
викиданныхпро 2,659260 0,000756
викимедиа -0,009950 -0,000003
википедии -0,009950 -0,000008
википедия -0,009950 -0,000011
викискладвикиновостиэлемент 1,897120 0,000539
викискладе 0,174353 0,000050
винкельманн 3,912023 0,001112
вирджил 3,912023 0,001112
виртуальная 1,897120 0,001617
виртуальной 2,302585 0,000654
виталик 3,218876 0,012806
виталика 3,506558 0,000996
виталике 3,912023 0,001112
виталиком 3,912023 0,002223
включает 0,462035 0,000263
включало 2,995732 0,000851
включают 1,609438 0,000457
включающее 2,659260 0,000756
включая 0,527633 0,000150
включена 1,514128 0,000430
владения 2,040221 0,001160
владимир 0,733969 0,000209
владимиром 2,813411 0,000799
власти 0,634878 0,000361
влияет 1,832581 0,000521
влиятельным 3,506558 0,000996
вложить 3,506558 0,000996
вместе 0,510826 0,000145
вмешательства 3,912023 0,001112
внедрения 2,813411 0,000799
внедривших 3,912023 0,001112
внешние 0,051293 0,000029
внешним 2,525729 0,000718
внешних 1,966113 0,000559
внешэкономбанк 3,218876 0,000915
внешэкономбанка 3,912023 0,001112
внимание 1,347074 0,000383
возврат 2,407946 0,000684
возможности 0,891598 0,000253
возможность 0,616186 0,000175
возможностях 3,912023 0,001112
возняк 3,912023 0,002223
война 1,171183 0,000333
волатильности 3,506558 0,000996
волатильность 3,218876 0,000915
волшебные 0,040822 0,000012
вопроса 2,302585 0,000654
вора 3,912023 0,001112
воспользоваться 2,525729 0,000718
восстановление 1,609438 0,000457
восьмой 2,813411 0,000799
вошли 1,347074 0,000383
впервые 0,385662 0,000219
времени 0,186330 0,000053
время 0,030459 0,000017
вселенную 3,506558 0,000996
всеми 1,386294 0,000394
вскоре 1,309333 0,000372
всплеск 3,912023 0,001112
встретился 3,506558 0,000996
встроенном 3,912023 0,001112
вступивший 3,912023 0,001112
вступил 2,302585 0,001309
втб 1,714798 0,000487
второго 1,139434 0,000324
второй 0,274437 0,000156
вторым 1,832581 0,000521
вуд 3,912023 0,004447
вудом 3,506558 0,001993
выбор 1,832581 0,000521
выборах 1,514128 0,000861
выбрал 2,659260 0,001511
выбросами 3,506558 0,000996
вывести 3,218876 0,000915
вывод 2,407946 0,000684
вывода 2,302585 0,000654
выводить 3,912023 0,001112
выдачи 3,218876 0,000915
выделить 1,386294 0,000394
выполнения 1,560648 0,000887
выполняет 1,832581 0,000521
выполняется 2,207275 0,000627
выполнять 2,813411 0,000799
выполняют 2,120264 0,000603
выпуска 1,714798 0,000487
высокие 1,560648 0,000443
высокий 1,347074 0,000383
высоте 1,514128 0,000430
выхода 1,771957 0,001511
вычислений 2,302585 0,000654
вышел 1,469676 0,000418
вышло 2,525729 0,000718
вэб 3,218876 0,000915
вэй 3,506558 0,000996
газ 1,660731 0,000944
газа 1,309333 0,000372
газета 0,616186 0,000175
гарантировали 3,912023 0,001112
гарантирует 2,813411 0,000799
генерация 3,506558 0,000996
герман 2,302585 0,001309
германии 1,427116 0,000406
гибкость 3,218876 0,000915
гибридной 3,912023 0,001112
гипотетической 3,218876 0,000915
глава 0,673345 0,000383
главной 0,941609 0,000268
главных 1,078810 0,000307
год 0,235722 0,000335
года -0,009950 -0,000450
годовое 2,525729 0,000718
году 0,072571 0,000289
годуанонимные 3,912023 0,001112
годукриптовалютыкриптография 0,000000 0,000000
голосованиях 3,912023 0,002223
гораздо 1,714798 0,000487
горьков 3,912023 0,001112
горячева 3,912023 0,001112
госдуме 3,506558 0,001993
государственного 0,616186 0,000175
гражданина 2,407946 0,001369
грань 3,218876 0,000915
графики 2,120264 0,000603
греф 3,912023 0,002223
греческой 2,659260 0,000756
гриффит 3,912023 0,001112
группа 0,693147 0,000197
группы 0,634878 0,000361
гэвин 3,218876 0,003659
гэвином 3,506558 0,001993
дай 3,506558 0,000996
дальнейшего 2,525729 0,000718
дальнейшим 3,912023 0,001112
данным 0,415515 0,000118
данных 0,616186 0,000700
даст 2,525729 0,000718
дата 0,030459 0,000909
дату 2,302585 0,000654
дать 2,407946 0,000684
две 0,527633 0,000150
двоичных 3,912023 0,001112
двойное 2,995732 0,000851
действие 1,897120 0,000539
действии 3,218876 0,000915
действовал 1,660731 0,000944
действовать -0,009950 -0,000003
декабре 0,798508 0,000227
декабрь 1,108663 0,000315
декабря 0,105361 0,000329
делать 1,832581 0,001042
денег 1,560648 0,000887
денежной 2,659260 0,000756
день 0,562119 0,000319
деньги 1,771957 0,001007
деревьев 1,469676 0,000418
деревья 2,120264 0,000603
деревьями 3,218876 0,000915
держателей 3,912023 0,001112
деривативов 3,912023 0,001112
десятки 1,347074 0,000383
детский 1,171183 0,000333
дефляции 3,506558 0,000996
дефляция 3,912023 0,001112
децентрализации 3,218876 0,000915
децентрализованная 3,506558 0,003986
децентрализованные 3,218876 0,004574
децентрализованный 3,912023 0,001112
децентрализованных 3,218876 0,004574
джерринг 3,912023 0,001112
джозеф 2,995732 0,001703
диоксида 2,813411 0,000799
дней 0,446287 0,000254
дня 0,478036 0,000136
добавить 2,813411 0,000799
добавление 2,995732 0,001703
добавленный 3,912023 0,001112
добавят 3,506558 0,000996
добровольцев 2,995732 0,000851
доверенности 3,912023 0,002223
доверенность 3,912023 0,002223
доверенных 3,218876 0,000915
доверие 2,813411 0,000799
доверием 2,995732 0,000851
доверять 3,218876 0,000915
договора 2,207275 0,000627
договоренностей 3,506558 0,000996
договоренности 3,506558 0,000996
договорились 2,995732 0,001703
доказательств 2,525729 0,000718
доказательства 2,207275 0,001254
доказательство 2,302585 0,003272
доклада 3,506558 0,000996
документальный 2,207275 0,000627
долгожданной 3,912023 0,001112
долгосрочное 3,506558 0,000996
долгосрочной 3,218876 0,000915
должен 1,078810 0,000613
должна 0,544727 0,000310
должно 1,714798 0,000487
должны 1,021651 0,000290
доли 1,832581 0,001562
долларам 3,912023 0,001112
долларов 1,832581 0,004166
дом 0,562119 0,000479
дональд 2,525729 0,000718
дополнительное 2,207275 0,000627
дополнительные -0,009950 -0,000003
дорожную 3,218876 0,001829
доступен -0,009950 -0,000003
доступного 3,506558 0,000996
дробные 3,912023 0,001112
другие 0,030459 0,000069
других -0,009950 -0,000017
дыру 3,912023 0,001112
европе 0,916291 0,000260
единая 1,469676 0,000418
единица 1,609438 0,000457
единицы 1,386294 0,000394
единственное 2,302585 0,000654
елкина 3,912023 0,001112
желающего 3,912023 0,001112
железу 3,506558 0,000996
желтой 3,506558 0,000996
жестко 3,506558 0,000996
жизнь 0,693147 0,000197
журнал 0,510826 0,000145
завершает 3,218876 0,000915
завершилось 2,302585 0,000654
заглавная -0,009950 -0,000003
задач 1,386294 0,000394
задействует 3,912023 0,001112
задействуют 3,506558 0,000996
займется 3,218876 0,000915
зайти 3,912023 0,001112
заказчиков 3,912023 0,001112
закладывали 3,912023 0,001112
заключается 1,897120 0,000539
заключалась 2,995732 0,000851
заключаются 3,912023 0,001112
законов 1,660731 0,000472
законы 2,120264 0,000603
залоговые 3,506558 0,000996
заморозивших 3,912023 0,001112
заморозки 2,207275 0,000627
записьвойти -0,009950 -0,000003
запланирована 3,912023 0,001112
заплатить 3,506558 0,000996
запрограммирован 3,912023 0,001112
запуск 2,120264 0,001808
запуска 1,832581 0,001562
запуске 2,995732 0,000851
запуску 3,218876 0,000915
запустил 2,659260 0,000756
запустили 1,897120 0,001078
запустить 2,525729 0,000718
запустят 3,218876 0,000915
запущена 1,714798 0,000975
зарегистрированный -0,009950 -0,000003
затрат 2,813411 0,000799
затратить 3,218876 0,000915
затруднило 3,912023 0,001112
защита 1,469676 0,000835
защитой 2,813411 0,000799
защищенной 3,218876 0,000915
защищенных 2,995732 0,000851
заявил 1,771957 0,002518
заявили 2,525729 0,001435
заявление -0,009950 -0,000003
збекча 0,000000 0,000000
звучал 3,912023 0,001112
здравоохранение 0,941609 0,000268
злонамеренных 3,912023 0,001112
злоумышленник 3,506558 0,000996
злоумышленника 3,506558 0,000996
злоумышленнику 3,912023 0,001112
знаете 2,995732 0,000851
знак -0,009950 -0,000003
знать 2,525729 0,000718
значения 0,105361 0,000060
игры 1,203973 0,000342
идентификация 3,218876 0,000915
идеологическая 3,912023 0,001112
изабелла 3,912023 0,001112
избирательная 2,813411 0,000799
известно 1,237874 0,000704
издержек 2,995732 0,000851
излишней 3,506558 0,000996
изменения 0,562119 0,000160
изменилось 2,525729 0,000718
изначально 1,309333 0,000372
изобретатель 3,218876 0,000915
изучения 1,272966 0,000362
илон 3,912023 0,001112
имевшегося 3,506558 0,000996
именно 0,544727 0,000310
имеют 0,371064 0,000105
инвестиционной 2,302585 0,000654
инвестиционным 3,912023 0,001112
инвесторам 3,912023 0,002223
инновационном 3,506558 0,000996
инструмента 2,995732 0,000851
инструменты -0,009950 -0,000006
интегрировал 3,912023 0,001112
интервью 1,660731 0,000472
интерес 1,714798 0,000487
интересе 3,912023 0,001112
интересовались 3,912023 0,001112
интернет 0,916291 0,000521
инфляции 2,813411 0,000799
инфографика 2,813411 0,000799
информацией 1,714798 0,000487
информационную 2,995732 0,001703
информацию 1,237874 0,000352
информация 0,446287 0,000127
иорио 3,912023 0,002223
ипотеки 3,912023 0,001112
ипотечных 3,912023 0,001112
искали 3,912023 0,001112
исключений 3,218876 0,000915
исключить 2,995732 0,000851
исполнение 1,966113 0,001117
исполнения 1,469676 0,001671
использование 0,891598 0,001267
использованием 1,347074 0,001148
использования -0,009950 -0,000008
использовано 3,218876 0,000915
использовать 1,171183 0,000998
использоваться 1,714798 0,000975
используется 0,616186 0,000350
использующие 0,040822 0,000012
испытательная 3,912023 0,001112
исследование 1,427116 0,000406
исследования 0,733969 0,000209
истории 0,248461 0,000071
история 0,051293 0,000146
источник -0,009950 -0,000006
источниками 0,776529 0,000221
исчезнуть 3,506558 0,000996
итальянский 2,995732 0,000851
итоге 1,427116 0,000406
июле 0,967584 0,000275
июль 0,579818 0,000165
июля 0,116534 0,000795
июне 0,967584 0,000550
июня 0,116534 0,000629
каждая 1,560648 0,000443
каждый 0,733969 0,000417
казалась 3,912023 0,001112
каким 2,207275 0,000627
кальяри 3,506558 0,000996
камилой 3,912023 0,001112
каминска 3,912023 0,001112
капитализация 3,218876 0,000915
капиталом 3,912023 0,001112
карту 2,302585 0,001309
касперского 3,506558 0,000996
категории -0,009950 -0,000008
категория 0,916291 0,000260
качестве 0,478036 0,000408
квартале 2,407946 0,000684
кевин 3,912023 0,001112
кем-то 3,912023 0,001112
кинокомпания 3,218876 0,000915
клиентов 2,207275 0,000627
клиринг 3,506558 0,000996
ключевое 3,506558 0,000996
ключевой 2,813411 0,000799
ключевых 2,207275 0,000627
книг 1,660731 0,000472
книга 0,843970 0,000240
книге 1,309333 0,000744
книги 0,916291 0,000260
книгу 1,514128 0,000430
кого 2,207275 0,001254
код -0,009950 -0,000034
коде 2,525729 0,000718
кодекс -0,009950 -0,000003
кодистория 0,116534 0,000033
кодов 2,813411 0,000799
кодовое 2,995732 0,001703
количества 0,941609 0,000268
команда 1,272966 0,000723
комиссии 1,309333 0,001116
комиссий 2,813411 0,002398
коммерсантъ 1,139434 0,000648
компании 0,579818 0,000494
компанию 2,302585 0,000654
компания 0,653926 0,000557
компетенций 3,506558 0,000996
компонент 2,659260 0,000756
компьютеризованный 3,912023 0,001112
компьютерным 3,218876 0,000915
кому 2,207275 0,001254
конвертации 3,218876 0,000915
консенсуса 3,506558 0,003986
консорциума 2,525729 0,000718
контексте 1,560648 0,000443
контракт 2,207275 0,001254
контракта 3,218876 0,004574
контракте 3,912023 0,001112
контрактов 2,995732 0,003405
контракты 2,659260 0,005290
контролирующих 2,995732 0,000851
контроль 1,427116 0,000406
контроля 1,560648 0,000887
конференции 1,139434 0,000648
конфиденциальности -0,009950 -0,000003
конфиденциальность 3,218876 0,000915
конца 0,562119 0,000160
конце 0,430783 0,000245
концепт 3,912023 0,002223
концепции 1,347074 0,000383
копии 0,653926 0,000186
копия 0,328504 0,001680
короткий -0,009950 -0,000003
коррупцией 3,506558 0,000996
космосу 3,912023 0,001112
котов 3,218876 0,000915
которая 0,287682 0,000491
которого 0,301105 0,000086
которое 0,478036 0,000272
которой 0,174353 0,000099
котором 0,301105 0,000171
которую 0,867501 0,000740
которые 0,162519 0,000323
который 0,105361 0,000180
которым 0,798508 0,000227
которых 0,094311 0,000054
кошелек 3,218876 0,000915
кошельки 3,506558 0,001993
красиво 3,218876 0,000915
краудфандингового 3,912023 0,001112
краудфандинговым 3,912023 0,001112
крах 3,506558 0,000996
кредитование 3,218876 0,000915
крипто 3,506558 0,001993
криптоанархизм 2,813411 0,000799
криптовалют 2,995732 0,007662
криптовалюта 2,995732 0,005108
криптовалютам 3,912023 0,001112
криптовалютные 3,218876 0,000915
криптовалютный 3,912023 0,002223
криптовалютой 3,912023 0,001112
криптовалюту 3,506558 0,000996
криптовалюты 2,995732 0,004257
криптографически 3,218876 0,000915
криптодолина 2,995732 0,000851
криптокомпаний 3,912023 0,001112
криптокошелек 2,995732 0,000851
криптотопливом 3,912023 0,001112
критика 2,120264 0,001205
критике 2,525729 0,000718
кроме 0,235722 0,000201
кроссплатформенное 3,506558 0,000996
крупнейшей 1,560648 0,000887
крупнейший 0,755023 0,000215
крупнейшим 1,203973 0,000342
крупные 0,579818 0,000165
кси 3,912023 0,001112
куки -0,009950 -0,000003
курс 1,347074 0,000766
курсу 3,506558 0,000996
кыргызча 0,000000 0,000000
лабораторию 3,506558 0,000996
лагеря 2,302585 0,000654
лекция 2,995732 0,000851
лендинг 3,912023 0,001112
либеральные 3,912023 0,001112
лимит 3,506558 0,002989
лири 3,912023 0,001112
литература 0,061875 0,000035
литрес 3,506558 0,000996
лицензии -0,009950 -0,000003
лицензия 2,040221 0,000580
личности 2,207275 0,000627
лучшим 1,514128 0,000430
лучших 1,049822 0,000298
любин 3,912023 0,002223
люди 0,755023 0,000215
мае 0,867501 0,000493
майами 3,912023 0,001112
майк 3,218876 0,000915
майнерам 3,912023 0,001112
майнеров 3,218876 0,002744
майнеру 3,506558 0,000996
майнинг 2,995732 0,001703
майнинга 3,506558 0,003986
майнинге 3,912023 0,001112
майнинговая 3,912023 0,001112
майнить 3,506558 0,000996
македонски 0,000000 0,000000
малого 1,427116 0,000406
марта 0,139262 0,001504
марту 3,506558 0,000996
маск 3,912023 0,001112
массивов 1,966113 0,000559
мастерчейн 3,912023 0,002223
масштабирования 3,506558 0,002989
масштабируемости 2,995732 0,002554
масштабное 2,659260 0,001511
масштабный 3,218876 0,001829
материал -0,009950 -0,000003
машина 2,040221 0,002319
машине 2,407946 0,000684
машинное 3,218876 0,000915
мая 0,139262 0,000871
медиа 1,966113 0,000559
медиафайлы 0,301105 0,000086
международная 1,309333 0,000372
международный 0,713350 0,000203
мелких 1,897120 0,000539
мемкойн 2,995732 0,000851
менее 0,314711 0,000089
меньше 0,755023 0,000215
меняет 2,659260 0,000756
меркла 3,506558 0,000996
место 0,371064 0,000211
месяц 1,272966 0,000362
месяца 1,347074 0,000383
метавселенной 3,912023 0,001112
метафора 3,912023 0,001112
методом 2,407946 0,000684
методу 3,218876 0,000915
механизм 1,660731 0,001416
миллиона 1,386294 0,000394
миллионов 1,078810 0,001533
минимизации 3,912023 0,002223
минцифрой 3,912023 0,001112
мир 0,342490 0,000195
мире 0,494296 0,000140
миром 2,659260 0,000756
михай 3,506558 0,000996
многих 0,494296 0,000140
множество 0,597837 0,000170
мобильная -0,009950 -0,000003
мобильных 2,525729 0,000718
мог 1,609438 0,000457
могли 1,514128 0,000861
могут -0,009950 -0,000011
модели 1,171183 0,000333
модель 1,469676 0,000418
моделью 2,813411 0,000799
модернизация 2,525729 0,001435
можете 0,653926 0,000186
момент 0,597837 0,000170
момента 1,469676 0,000835
москвы 0,653926 0,000372
мошенничества 2,813411 0,000799
мфти 3,506558 0,000996
мысли 2,407946 0,000684
набирала 3,218876 0,000915
набиуллина 3,912023 0,001112
наблюдается 1,021651 0,000290
набора 2,995732 0,000851
набрала 3,506558 0,000996
навигации -0,009950 -0,000003
навигация -0,009950 -0,000006
награда 2,525729 0,000718
надежной 3,218876 0,000915
назвал 1,660731 0,000472
назвали 1,609438 0,000915
название 0,198451 0,000169
названия 0,342490 0,000097
названы 1,386294 0,000394
называемой 2,040221 0,001160
называлась 2,525729 0,000718
называли 1,347074 0,000383
называются 1,832581 0,000521
найти 1,771957 0,000504
нам 0,000000 0,000000
намерены 2,525729 0,000718
нами -0,009950 -0,000003
написал 1,897120 0,000539
написана 2,207275 0,001254
направленных 2,995732 0,000851
например 0,328504 0,000280
нарушает 2,525729 0,000718
нарушил 3,506558 0,000996
наука 0,301105 0,000086
научной 1,108663 0,000315
научные 1,049822 0,000298
начала 0,314711 0,000268
начале 0,314711 0,000089
начали 0,891598 0,000253
началом 1,171183 0,000333
начальном 2,813411 0,000799
начнется 2,995732 0,000851
наш 1,609438 0,000457
небезопасным 3,912023 0,001112
небольшие 1,832581 0,000521
невзаимозаменяемый 2,995732 0,000851
невидимой 3,506558 0,000996
невозможно 1,832581 0,000521
недействующие 2,813411 0,000799
недель 2,995732 0,000851
недоступная 0,527633 0,000300
недоступны 3,218876 0,000915
недоступные 0,755023 0,000215
нежелательного 3,506558 0,000996
неизбежен 3,912023 0,001112
неизвестным 2,995732 0,000851
неизменность 3,506558 0,000996
нейросетей 3,912023 0,001112
некоммерческий 2,995732 0,000851
некоммерческой -0,009950 -0,000003
нем 0,356675 0,000203
нему 1,203973 0,000342
необходимости 1,660731 0,000472
необходимые 2,407946 0,000684
необходимым 2,659260 0,000756
необходимых 2,407946 0,000684
несанкционированного 3,506558 0,000996
нескольких 0,755023 0,000215
несколько 0,150823 0,000086
неформально 2,995732 0,000851
нефтегазовая 3,218876 0,000915
нидерландами 3,912023 0,001112
ник 2,659260 0,002267
никакой 2,659260 0,000756
новая 0,634878 0,000180
нововведений 3,912023 0,001112
нового 0,579818 0,000165
новой 0,653926 0,000186
новости 0,579818 0,000330
новую 1,171183 0,000666
новые 0,342490 0,000195
новый 0,446287 0,000254
новым 1,049822 0,000298
новыми 1,560648 0,000443
номер 0,820981 0,000233
ноябре 0,994252 0,000283
ноября 0,127833 0,001090
нська 0,000000 0,000000
нужен 3,218876 0,000915
нужна 2,995732 0,000851
нужно 1,049822 0,000597
нулевым 3,506558 0,000996
нью-йорк 2,995732 0,000851
нью-йорке 3,218876 0,000915
обеспечение 1,237874 0,001407
обеспечениепоявились 3,912023 0,001112
обеспечениесвободное 3,506558 0,001993
обеспечения 0,867501 0,000493
обеспечивает 1,108663 0,000315
обеспечить 2,120264 0,000603
областях 1,560648 0,000443
обмен 1,832581 0,000521
обмена 1,560648 0,001330
обменные 3,506558 0,000996
обмену 3,506558 0,000996
обнаружена 2,995732 0,000851
обновление 2,120264 0,006628
обновлений 2,995732 0,000851
обновления 1,514128 0,004303
обновленного 3,506558 0,000996
обновленную 3,912023 0,002223
обновляющийся 3,912023 0,001112
обозначения 1,660731 0,000472
оборот 1,309333 0,000372
обосновал 3,506558 0,000996
обработку 3,218876 0,000915
образовалось 2,525729 0,000718
образом 0,371064 0,000105
обращения 0,030459 0,000883
обрушит 3,912023 0,001112
обслуживания 1,469676 0,000418
обсудил 3,218876 0,000915
обсуждало 3,912023 0,001112
обсуждения 2,525729 0,000718
обусловленных 3,912023 0,001112
обучение 1,714798 0,000487
обучения 1,660731 0,000472
общая 0,673345 0,000191
общие 0,673345 0,000191
общий 0,916291 0,000260
общих 1,771957 0,000504
общую 2,207275 0,000627
объем 0,616186 0,000350
объявил 1,714798 0,001462
объявили 2,659260 0,000756
объявлено 1,832581 0,001562
объяснение 2,407946 0,002053
ограниченным 2,659260 0,000756
ограничивают 2,995732 0,000851
ограничила 3,912023 0,001112
огромную 2,207275 0,000627
одиночку 3,912023 0,001112
однако 0,174353 0,000198
одни 1,714798 0,000487
одним 0,494296 0,000140
одно 0,693147 0,000197
одной 0,371064 0,000316
одноранговой 3,506558 0,000996
одну 1,237874 0,000352
ожидается 2,407946 0,000684
ожидают 1,897120 0,000539
означает 1,237874 0,000352
оказалась 1,771957 0,000504
оказаться 2,813411 0,000799
около 0,000000 0,000000
октябре 0,967584 0,000275
октября 0,083382 0,001161
онлайн-платежей 3,506558 0,000996
онлайн-сервис 2,995732 0,000851
онлайн-сервисов 3,912023 0,001112
оон 1,560648 0,000443
операции 1,139434 0,000648
операционных 2,525729 0,000718
описан 2,813411 0,001599
описание -0,009950 -0,000003
описывали 2,995732 0,000851
оплаты 1,966113 0,000559
определенной 1,832581 0,000521
определенный 2,120264 0,001205
определил 2,407946 0,000684
оптимизировать 2,995732 0,000851
опубликовал 2,302585 0,001309
опустилась 3,218876 0,000915
оракулы 3,912023 0,001112
органа 1,966113 0,000559
организаторов 2,407946 0,000684
организации -0,009950 -0,000008
организацию 2,207275 0,000627
организация 0,891598 0,000253
организованного 3,506558 0,000996
органов 0,994252 0,000283
оригинала 0,162519 0,000139
ортсабеларускаябългарски 0,000000 0,000000
осваиваем 3,912023 0,001112
основала 3,506558 0,000996
основана 1,272966 0,000362
основании 1,427116 0,000406
основаны 1,771957 0,000504
основателем 2,525729 0,000718
основатель 1,609438 0,000457
основе 0,494296 0,000843
основная 0,116534 0,000033
основной 0,653926 0,000743
основными 1,203973 0,000342
основных 0,634878 0,000180
особенно 0,562119 0,000160
особенности 0,994252 0,000283
остались 1,714798 0,000487
остановить 2,995732 0,000851
осуществить 2,407946 0,000684
ответ 1,560648 0,000443
ответвление 3,506558 0,001993
ответвления 2,813411 0,000799
ответно 3,912023 0,001112
ответственности -0,009950 -0,000006
ответственны 3,506558 0,000996
отделения 1,021651 0,000290
отдельных -0,009950 -0,000003
отзывались 3,912023 0,001112
откажется 3,506558 0,000996
отказ -0,009950 -0,000003
откатом 3,912023 0,001112
открытая 1,771957 0,000504
открытие 0,941609 0,000268
открытое 1,714798 0,000487
открыть 2,120264 0,000603
отличие 0,891598 0,000253
отменить 2,659260 0,000756
отмену 3,506558 0,000996
отмены 2,302585 0,000654
отметила 2,813411 0,000799
относящееся 2,525729 0,000718
отношении 1,203973 0,000342
отношению 1,966113 0,000559
отныне 3,218876 0,000915
отправитель 3,912023 0,001112
отредактирована -0,009950 -0,000003
отсутствие 1,347074 0,000383
отходя 3,912023 0,001112
официально 0,693147 0,000197
официальный 0,510826 0,000145
оцифровывают 3,912023 0,001112
очень 0,494296 0,000140
очередной 2,040221 0,000580
ошибка 1,832581 0,000521
ошибкекак -0,009950 -0,000003
павел 1,469676 0,000418
падал 3,218876 0,000915
параллельно 1,237874 0,000352
партнерстве 2,525729 0,000718
пару 2,995732 0,000851
первая 0,430783 0,000122
первичное 3,506558 0,000996
первое 0,544727 0,000155
первой 0,462035 0,000131
первом 1,237874 0,000352
первоначальная 3,218876 0,000915
первоначально 1,203973 0,000684
первоначальной 2,813411 0,000799
первый 0,385662 0,000110
первым 0,597837 0,000849
перевели 2,659260 0,000756
перевод 1,427116 0,000406
передается 2,813411 0,000799
перейти -0,009950 -0,000006
перекрыть 3,912023 0,001112
переместить 3,912023 0,001112
перенаправлено 3,218876 0,000915
перехода 1,514128 0,000861
переходом 2,302585 0,000654
переходу 2,995732 0,000851
перешел 1,832581 0,001042
перешли 1,771957 0,000504
периодам 3,912023 0,001112
персональные -0,009950 -0,000003
перспективе 2,120264 0,000603
перспективы 1,347074 0,000766
печати -0,009950 -0,000003
печать -0,009950 -0,000003
пирамид 2,659260 0,000756
пирамида 2,659260 0,000756
письмо 2,302585 0,000654
питер 1,966113 0,000559
планами 2,407946 0,000684
планах 2,040221 0,001739
планирует 2,120264 0,000603
планируется 1,021651 0,000290
планируют 2,302585 0,001309
плата 1,832581 0,000521
платежами 3,506558 0,000996
платежей 2,525729 0,000718
платежейсистемы 3,506558 0,000996
платежная 3,218876 0,000915
платежные 2,813411 0,000799
платформа 1,714798 0,001949
платформе 2,302585 0,003926
платформой 2,525729 0,000718
платформу 2,659260 0,002267
платформы 1,272966 0,001447
площадку 2,525729 0,000718
поведения -0,009950 -0,000003
повысит 3,912023 0,001112
повышение 1,609438 0,000915
подвергался 2,813411 0,000799
подготовил 2,659260 0,000756
подготовке 2,207275 0,000627
подготовку 1,897120 0,000539
поддерживает 1,609438 0,000457
поддержку 1,469676 0,001253
поделился 3,912023 0,001112
подключились 3,506558 0,000996
подлинность 3,506558 0,000996
подобным 2,995732 0,000851
подорванной 3,912023 0,001112
подписали 2,302585 0,000654
подписчики 3,912023 0,001112
подразумевалось 3,912023 0,001112
подробнее -0,009950 -0,000003
подтвердили 3,218876 0,000915
подход 1,771957 0,000504
позволила 2,995732 0,001703
позволили 2,207275 0,000627
позволяет 0,755023 0,000215
позволяют 1,469676 0,000835
позволяющей 3,218876 0,000915
позже 0,733969 0,000209
поиск -0,009950 -0,000003
поиску -0,009950 -0,000003
поколением 3,506558 0,000996
пол 1,897120 0,000539
полагаю 3,912023 0,001112
полем 2,407946 0,000684
политика -0,009950 -0,000003
полностью 0,400478 0,000114
полную 2,207275 0,000627
половине 0,634878 0,000180
положительно 2,995732 0,000851
получается 2,659260 0,000756
получили 0,967584 0,000550
получить 1,427116 0,000406
пользователей 1,714798 0,000975
пользователи 2,659260 0,000756
пользователя 1,966113 0,000559
пользователям 2,995732 0,001703
помимо 0,562119 0,000160
поможет 2,995732 0,000851
помощи 0,843970 0,000240
помощью 0,634878 0,000180
понравилось 2,995732 0,000851
понял 3,912023 0,001112
понятном 3,218876 0,000915
пополнился 3,218876 0,000915
популяризовать 3,912023 0,001112
популярность 2,302585 0,000654
портал 0,342490 0,000097
поскольку 0,941609 0,000268
последний -0,009950 -0,000003
последняя 0,342490 0,000195
последствия 2,040221 0,001160
последующим 2,407946 0,000684
посредниках 3,912023 0,001112
посредников 2,813411 0,000799
посреднической 3,912023 0,001112
пост-трейдингового 3,912023 0,001112
поставил 2,659260 0,000756
поставки 2,813411 0,000799
построенную 2,813411 0,000799
построенных 1,771957 0,000504
посчитали 3,506558 0,000996
потенциальных 3,912023 0,001112
потерь 2,813411 0,000799
потребление 3,218876 0,001829
потреблению 3,506558 0,000996
потреблял 3,912023 0,001112
потребность 2,995732 0,000851
потребуется 2,813411 0,000799
похищенные 3,912023 0,001112
похожим 2,995732 0,000851
почему 0,000000 0,000000
появлением 1,347074 0,000383
пояснил 3,912023 0,001112
права 0,755023 0,000215
правил 1,771957 0,001007
правительства 0,693147 0,000394
править -0,009950 -0,000068
правка 0,328504 0,000093
правкиновые -0,009950 -0,000003
правкипостоянная -0,009950 -0,000003
правовой 1,469676 0,000418
правок 2,407946 0,000684
практика 2,207275 0,000627
практически 0,755023 0,000215
превращая 3,506558 0,000996
превышает 0,967584 0,000275
предвидел 3,912023 0,001112
предводительством 1,966113 0,000559
предлагает 2,302585 0,000654
предлагают 2,659260 0,000756
предложен 3,218876 0,000915
предложение 2,525729 0,001435
предложений 3,218876 0,000915
предложил 1,832581 0,000521
предназначен 2,525729 0,000718
предназначена 2,813411 0,000799
предназначенной 3,218876 0,000915
предотвращения 2,813411 0,000799
предполагалось 1,771957 0,000504
предположение 2,659260 0,000756
предпринять 3,912023 0,001112
предсказаний 3,912023 0,001112
представил 2,995732 0,002554
представили 2,813411 0,000799
представились -0,009950 -0,000003
представителями 1,897120 0,000539
представлены 0,867501 0,000247
представляет 0,446287 0,000254
предстоящем 3,218876 0,000915
предыдущих 2,407946 0,000684
прежней 2,659260 0,000756
прежних 2,659260 0,000756
президент 1,386294 0,000394
претворили 3,912023 0,001112
приближается 2,995732 0,000851
прибудет 3,912023 0,001112
привела 1,771957 0,000504
привести 1,832581 0,000521
привлек 3,506558 0,000996
привлекло 3,912023 0,001112
привлечь 2,813411 0,000799
приводит 1,171183 0,000333
придумал 3,218876 0,000915
призван 2,659260 0,000756
признанию 3,912023 0,001112
приложений 1,832581 0,003125
приложения 1,514128 0,001291
применение 1,469676 0,000835
применения 1,272966 0,000362
применил 2,995732 0,002554
применит 3,506558 0,000996
применяемая 3,912023 0,001112
применяться 2,407946 0,000684
применяются 2,659260 0,000756
примерно 0,634878 0,000541
примечания -0,009950 -0,000006
принудительное 3,506558 0,000996
присматриваются 3,912023 0,001112
присутствуют 1,897120 0,000539
проблем 0,798508 0,000227
проблема 1,237874 0,000352
проблемой 1,660731 0,000472
проблему 1,514128 0,000861
проблемы 0,544727 0,000310
проведение 1,660731 0,000472
проведено 2,207275 0,000627
проверенная 1,049822 0,000298
проверить 2,207275 0,000627
проверки 0,994252 0,000283
проверяющих 3,912023 0,001112
проводили 2,813411 0,000799
программирования 1,714798 0,001949
программное 1,714798 0,002436
программном 2,995732 0,000851
программы 0,713350 0,000203
продавать 3,218876 0,000915
продолжает 1,714798 0,000487
продолжают 2,040221 0,000580
продолжение 1,832581 0,000521
продолжила 3,506558 0,000996
продукт 1,660731 0,000472
продуктов 1,237874 0,000352
проект 0,400478 0,000569
проекта 0,616186 0,000175
проектах -0,009950 -0,000003
проектов 1,469676 0,000418
проектом 2,040221 0,000580
проекты 1,108663 0,000315
прозрачность 2,525729 0,000718
произведен 2,813411 0,000799
производят 1,966113 0,000559
произойдет 2,525729 0,000718
произошел 1,171183 0,000666
происходило 1,832581 0,001562
промежуточном 3,912023 0,001112
пронизывает 3,912023 0,001112
прописаны 3,506558 0,000996
пропорциональна 3,506558 0,000996
пропускную 3,218876 0,000915
просмотра 2,040221 0,000580
просмотры -0,009950 -0,000003
простейшая 3,912023 0,001112
простимулировать 3,912023 0,002223
просто 1,272966 0,000723
простое 3,506558 0,000996
протокол 1,560648 0,001330
протокола 2,120264 0,000603
протоколам 3,218876 0,000915
протоколах 3,912023 0,001112
протоколов 2,207275 0,000627
протоколы 2,207275 0,000627
профиль 2,525729 0,001435
профильных 3,912023 0,001112
процессах 2,407946 0,000684
процессов 1,347074 0,000383
процессоров 2,995732 0,000851
прошлом 1,108663 0,000315
проявили 3,912023 0,001112
псевдонимом 2,813411 0,000799
публикация 2,659260 0,000756
публично 2,659260 0,000756
публичное 3,218876 0,000915
публичным 2,995732 0,000851
пузырь 2,995732 0,000851
путем 0,941609 0,000268
путешествовать 3,218876 0,000915
путин 1,714798 0,000487
путиным 2,995732 0,000851
пытались 2,120264 0,001205
пэй 3,506558 0,000996
работа 0,891598 0,000253
работавшей 3,912023 0,001112
работает 0,755023 0,000644
работал 1,309333 0,000372
работать 1,108663 0,000630
работающих 2,040221 0,000580
работу 0,693147 0,000197
работы 0,314711 0,000358
раваль 3,912023 0,001112
раза 0,867501 0,000493
развитие 0,314711 0,000268
развития 0,287682 0,000082
разглашением 3,506558 0,000996
разделение 1,660731 0,000944
различные 0,693147 0,000197
различных 0,385662 0,000110
размера 2,040221 0,000580
размере 1,897120 0,000539
разных 0,510826 0,000145
разработавшего 3,912023 0,001112
разработан 1,347074 0,000383
разработанное 2,813411 0,000799
разработке 1,560648 0,000887
разработки 1,203973 0,001369
разработку 1,897120 0,001078
разработчикам 3,218876 0,000915
разработчики -0,009950 -0,000034
разработчиков 2,302585 0,001309
разрешил 3,912023 0,001112
разы 3,218876 0,000915
разыскать 3,912023 0,001112
рамках 0,544727 0,000155
раньше 1,171183 0,000333
распалось 3,912023 0,001112
распознать 3,912023 0,001112
распределения 2,659260 0,000756
распределенного 2,995732 0,000851
распределенное 3,506558 0,000996
распределенные 1,514128 0,000430
рассказывал 3,912023 0,001112
расследованию 3,912023 0,001112
рассматривались 2,995732 0,000851
рассчитывал 3,912023 0,001112
рассчитывали 3,506558 0,000996
расходование 2,995732 0,000851
расходы 1,771957 0,000504
расчете 2,302585 0,000654
расчетная 2,995732 0,000851
рбк 1,386294 0,001182
реализации 0,994252 0,000283
реализована 2,407946 0,000684
реализованный 3,506558 0,000996
реализованы 2,407946 0,000684
регистрации 2,207275 0,000627
редактор 1,609438 0,000457
реестра 2,407946 0,000684
режим 1,108663 0,000315
результате 0,342490 0,000097
рейтинг 1,272966 0,000723
рейтинга 1,832581 0,000521
рекомендовал 3,218876 0,000915
релизе 3,912023 0,001112
репозиторий 2,995732 0,000851
репутация 3,506558 0,000996
рестейкинг 3,912023 0,001112
ресурсами 2,040221 0,000580
ресурсов 0,798508 0,000681
ресурсы 0,020203 0,000006
реформе 2,813411 0,000799
решений 1,660731 0,000944
решения 0,967584 0,000825
решил 2,407946 0,000684
решить 2,120264 0,000603
ридли 3,912023 0,002223
рискованных 3,912023 0,001112
розданы 3,912023 0,001112
роль 0,579818 0,000165
росреестр 2,813411 0,000799
росреестром 3,912023 0,001112
россии 0,186330 0,000318
российские 0,994252 0,000565
российским 1,514128 0,000861
российских 0,733969 0,000417
руководитель 1,966113 0,000559
руководство 1,272966 0,000362
рус 0,162519 0,000416
руслан 2,659260 0,000756
русский -0,009950 -0,000003
руссо 3,218876 0,001829
рутинных 3,506558 0,000996
рынка 1,237874 0,000704
рыночная 2,407946 0,000684
рыночного 3,506558 0,000996
сабо 2,995732 0,002554
сайт 0,371064 0,000211
сайте 0,967584 0,000275
сайты 0,478036 0,000136
самостоятельное 2,995732 0,000851
самый 0,579818 0,000165
самых 0,544727 0,000155
сбербанк 1,966113 0,004470
сбербанка 2,302585 0,000654
сбора 1,832581 0,000521
сборе 3,218876 0,000915
сбп 3,506558 0,000996
сбпэй 3,506558 0,000996
свету 3,218876 0,000915
свободной -0,009950 -0,000003
своем 1,560648 0,000443
свои 0,755023 0,000215
свой 0,653926 0,000372
свойство 0,653926 0,000186
свяжитесь -0,009950 -0,000003
связанные 1,021651 0,000581
сделает 3,506558 0,000996
сделали 2,407946 0,000684
сделаны 2,659260 0,000756
сделать 1,386294 0,000394
сделок 3,218876 0,001829
себастьен 3,912023 0,001112
сегодня 0,616186 0,000175
сегодняшний 1,660731 0,000472
секунду 2,525729 0,000718
сентябре 0,994252 0,000283
сентября 0,072571 0,000516
сервиса 1,514128 0,000861
сервисах 3,506558 0,000996
сергей 0,967584 0,000550
середину 2,659260 0,000756
серию 2,407946 0,001369
сетевое 2,407946 0,000684
сетевых 2,302585 0,000654
сети 0,494296 0,002669
сетикриптографическое 3,506558 0,000996
сеть 0,616186 0,000876
сетью 1,714798 0,001462
сетях 1,139434 0,000971
сигнальную 3,912023 0,001112
силу 1,021651 0,000290
символ 1,203973 0,000342
сингапура 3,912023 0,001112
сирадж 3,912023 0,001112
систем 0,798508 0,000227
система 0,235722 0,000201
системе 0,733969 0,000209
системеобсуждениевкладсоздать -0,009950 -0,000003
системными 3,912023 0,001112
систему 0,673345 0,000191
системы 0,342490 0,000681
скачать -0,009950 -0,000003
скобках 2,207275 0,000627
сколково 3,912023 0,001112
сколько 0,653926 0,000186
скотт 2,995732 0,000851
скотта 3,218876 0,000915
след 2,302585 0,000654
следует 0,755023 0,000215
следующая 2,525729 0,000718
следующие 0,544727 0,000155
следующим 1,386294 0,000788
следующих 1,386294 0,000394
слишком 2,525729 0,000718
слияние 2,659260 0,002267
слово 0,673345 0,000191
сложнее 3,218876 0,000915
случайных 2,659260 0,000756
случаях -0,009950 -0,000003
смарт-контракт 2,995732 0,002554
смарт-контрактов 3,218876 0,003659
смарт-контракту 3,506558 0,000996
смарт-контракты 3,218876 0,008232
сменили 3,506558 0,000996
сми 0,867501 0,000247
смирились 3,912023 0,001112
смогут 2,525729 0,000718
сможет 2,407946 0,000684
смотреть 2,659260 0,000756
снижает 2,302585 0,000654
снижение 1,609438 0,000915
снижения 1,714798 0,000487
снизило 3,506558 0,001993
снизится 2,995732 0,000851
снизить 2,302585 0,000654
снова 1,386294 0,000394
снят 1,897120 0,000539
собирались 2,995732 0,000851
соблюдения 2,995732 0,000851
соблюдены 3,912023 0,001112
собой 0,328504 0,000187
собрал 2,407946 0,002053
собрали 3,218876 0,000915
собрать 3,506558 0,000996
собственно 1,386294 0,000788
событием 2,659260 0,000756
событияпожертвовать -0,009950 -0,000003
совершаться 3,912023 0,001112
совместимости 2,813411 0,000799
совместно 1,427116 0,000406
совместной 2,995732 0,000851
совместную 3,506558 0,000996
согласия 2,302585 0,000654
соглашение 1,139434 0,000324
соглашений 2,813411 0,000799
содержание 0,010050 0,000003
содержит 1,386294 0,000394
создавался 2,995732 0,000851
создавать 1,832581 0,000521
создала 3,218876 0,000915
создан 0,693147 0,000197
создание 0,733969 0,000209
создании 1,203973 0,000684
создания 0,653926 0,000372
создаст 3,506558 0,000996
сократилась 2,525729 0,000718
сократить 2,525729 0,001435
сокращение 1,714798 0,000487
сообщалось 3,218876 0,000915
сообщение 1,049822 0,000298
сообществ 2,995732 0,000851
сообщества 2,120264 0,001205
сообщество 2,407946 0,001369
сообщить -0,009950 -0,000003
сооснователями 3,912023 0,001112
соответствовать 2,407946 0,000684
сопряжена 3,912023 0,001112
сопутствующие 3,506558 0,000996
состав 0,400478 0,000114
составе 0,616186 0,000525
составила 1,021651 0,000290
составляла 1,272966 0,000362
состоялась 1,609438 0,000915
состоялся 1,237874 0,001055
сотрудничает 2,813411 0,000799
соучредитель 3,912023 0,001112
софт-форк 3,912023 0,001112
софт-форка 3,912023 0,001112
софтверные 3,912023 0,001112
сохранением -0,009950 -0,000003
социальные 1,660731 0,000944
социальных 0,941609 0,000268
спама 3,506558 0,000996
специализированных 1,514128 0,000430
специалистов 1,078810 0,000307
спецслужбы 3,506558 0,000996
списка 1,469676 0,000418
список 0,248461 0,000071
сплав 3,506558 0,000996
спокойно 3,218876 0,000915
способность 1,897120 0,000539
способом 1,771957 0,000504
спродюсирует 3,912023 0,001112
сразу 0,994252 0,000283
среде 1,660731 0,000472
среди 0,198451 0,000169
средств 0,597837 0,000510
средства 0,415515 0,000354
српски 0,000000 0,000000
ссылка 0,274437 0,000156
ссылкасведения -0,009950 -0,000003
ссылки -0,009950 -0,000020
стабильная 0,994252 0,000283
став 1,771957 0,000504
стал 0,314711 0,000179
стали 0,430783 0,000245
стало 0,494296 0,000562
стандартам 2,207275 0,000627
стандарты 1,966113 0,000559
становится 0,527633 0,000150
стартапов 3,218876 0,000915
стартапы 3,912023 0,002223
статистика -0,009950 -0,000003
стать 1,203973 0,000342
статье 0,941609 0,000268
статьи 0,072571 0,000041
статьислучайная -0,009950 -0,000003
статьисообществофорумсправкасвежие -0,009950 -0,000003
статья 0,105361 0,000030
статьяобсуждение -0,009950 -0,000003
статьятекущие -0,009950 -0,000003
стейблкоинов 3,506558 0,000996
стейблкойн 2,995732 0,000851
стейблкойны 3,912023 0,001112
стейкинга 3,912023 0,002223
стив 2,813411 0,001599
стоимости 1,966113 0,001117
стоимостью 2,207275 0,000627
столкнулись 3,218876 0,000915
столь 1,714798 0,000975
столько 1,832581 0,000521
сторонние 3,506558 0,000996
стороны 0,430783 0,000245
стран 0,597837 0,000170
страница -0,009950 -0,000003
страницасодержаниеизбранные -0,009950 -0,000003
страницецитировать -0,009950 -0,000003
страницуполучить -0,009950 -0,000003
страницы -0,009950 -0,000006
страницыслужебные -0,009950 -0,000003
стратегию 2,995732 0,000851
стратегия 2,207275 0,000627
стремилась 3,912023 0,001112
стремительно 2,302585 0,001309
сумели 2,813411 0,001599
суммарное 3,506558 0,000996
сумму 2,207275 0,001882
существенно 1,108663 0,000630
существуют 0,162519 0,000046
сферах 2,120264 0,000603
сфере 0,967584 0,000275
сферы 1,309333 0,000372
сформирован 2,813411 0,000799
счет 0,673345 0,000191
счетах 3,506558 0,000996
счете 2,813411 0,000799
счетом 3,912023 0,004447
считалась 2,525729 0,001435
считают 1,660731 0,000472
сша 0,562119 0,000319
сюдасвязанные -0,009950 -0,000003
таймс 3,912023 0,001112
также 0,000000 0,000000
такие 0,261365 0,000074
таких 0,510826 0,000145
такого 1,237874 0,000352
такое 1,108663 0,002520
татарча 0,000000 0,000000
твиттер 3,912023 0,001112
твиттере 3,218876 0,001829
твтч 3,912023 0,001112
тейлор 3,912023 0,001112
текст -0,009950 -0,000003
тематические 0,510826 0,000145
темы 1,714798 0,000487
термин 1,049822 0,000298
термина 0,400478 0,000114
тестирование 2,525729 0,000718
тестирует 3,218876 0,000915
технологии 0,798508 0,002042
технологий 0,653926 0,000186
технологию 2,302585 0,001963
технология 1,966113 0,001676
технологиям 2,525729 0,000718
течение 0,527633 0,000300
тинькофф 3,218876 0,000915
тип 0,356675 0,000203
типа 0,462035 0,000131
товарно-сырьевой 3,506558 0,000996
товарный -0,009950 -0,000003
тогдашнему 3,912023 0,001112
токен 2,995732 0,001703
токена 3,912023 0,001112
токенизированной 3,912023 0,001112
токенсейл 2,995732 0,000851
тому 1,108663 0,000630
тонн 1,108663 0,000315
торговле 2,207275 0,000627
торговую 3,218876 0,000915
торговый 1,237874 0,000352
торгуется 3,912023 0,001112
трамп 3,506558 0,001993
транзакции 2,813411 0,003997
транзакций 2,659260 0,004534
транзакционного 3,912023 0,001112
транзакционных 3,506558 0,000996
транзакцию 3,218876 0,001829
транзакция 2,995732 0,000851
трасты 3,912023 0,001112
требовалось 2,659260 0,000756
требования 1,832581 0,001042
требовать 2,995732 0,000851
требует 1,427116 0,000406
требуется 1,714798 0,000487
трети 1,897120 0,000539
трлн 2,207275 0,000627
туристической 2,407946 0,000684
тыс 0,430783 0,000122
убрало 3,912023 0,001112
увеличить 1,966113 0,000559
увлекательных 3,912023 0,001112
углерода 1,897120 0,000539
углеродный 3,912023 0,001112
угольной 3,218876 0,000915
удалить 2,407946 0,000684
удалось 1,237874 0,000352
удобства 3,218876 0,000915
удовлетворении 3,506558 0,000996
удостоверений 3,506558 0,000996
узел 0,891598 0,000253
уильям 3,218876 0,000915
указан 0,139262 0,000040
указанием -0,009950 -0,000003
указано 0,733969 0,000209
укра 0,000000 0,000000
украденные 3,912023 0,001112
украденных 3,912023 0,001112
украсть 3,218876 0,000915
улучшений 3,506558 0,000996
улучшению 2,659260 0,000756
уменьшает 2,659260 0,000756
уменьшения 2,407946 0,000684
уменьшит 3,912023 0,001112
умного 3,506558 0,001993
умном 3,912023 0,001112
умные 3,218876 0,005488
умный 2,813411 0,001599
умных 2,813411 0,003198
университета 0,446287 0,000127
уничтожается 3,912023 0,001112
уплаченного 3,912023 0,001112
управление 0,527633 0,000150
управлении 2,407946 0,001369
управления 0,415515 0,000236
упростить 3,218876 0,001829
упрощает 3,506558 0,000996
уровень 0,579818 0,000165
уровнем 0,798508 0,000227
уровня 0,634878 0,000722
ускорит 3,912023 0,001112
ускорить 3,218876 0,000915
условий -0,009950 -0,000006
условия -0,009950 -0,000020
успешно 1,832581 0,000521
установки 1,897120 0,000539
установлен 0,941609 0,000268
устранило 3,912023 0,001112
утверждает 2,659260 0,000756
утверждал 2,813411 0,000799
участие -0,009950 -0,000006
участия 1,966113 0,000559
участниками 1,309333 0,000744
участники 1,771957 0,001007
участников 1,272966 0,001085
учетную -0,009950 -0,000003
уязвимость 3,218876 0,000915
фантастики 3,218876 0,000915
фбр 3,506558 0,000996
феврале 1,203973 0,000342
февраля 0,051293 0,000306
фильм 1,386294 0,000788
финансового 1,897120 0,000539
финансовых 1,560648 0,000887
финансы 0,798508 0,000454
финляндии 2,207275 0,000627
финни 3,218876 0,000915
фонд -0,009950 -0,000008
форжинг 2,995732 0,000851
форк 3,506558 0,000996
формально 2,525729 0,000718
формате 1,427116 0,000406
формирует 2,207275 0,000627
фото 1,203973 0,000342
функции 1,049822 0,000298
функциональности 3,506558 0,000996
функционирования 1,897120 0,000539
функционирующих 3,912023 0,001112
функцию 2,407946 0,000684
функция 1,832581 0,000521
хабр 3,506558 0,000996
хакера 3,912023 0,002223
хакере 3,912023 0,001112
характер 0,994252 0,000283
хард 3,912023 0,001112
хард-форков 3,912023 0,001112
хардфорк 3,506558 0,005979
хардфорка 3,912023 0,001112
хитрость 3,912023 0,001112
хоскинсон 3,912023 0,002223
хотя 0,653926 0,000186
хранение 2,207275 0,000627
хранения 1,427116 0,000811
хэл 3,218876 0,000915
цели 1,660731 0,000944
целью 0,733969 0,000209
цена 2,120264 0,002410
цензурирования 3,912023 0,001112
ценность 2,120264 0,000603
ценой 2,659260 0,000756
центр 0,400478 0,000114
центра 0,562119 0,000160
централизации 2,813411 0,000799
центрального 0,967584 0,000550
центральный 0,673345 0,000191
центре 0,673345 0,000191
цену 2,813411 0,000799
цепочки 2,813411 0,003198
циклов 3,218876 0,000915
цифровая 2,659260 0,000756
цифровой 2,040221 0,000580
цифровую 3,218876 0,000915
цифровых 1,771957 0,001511
чарльз 2,995732 0,001703
час 1,714798 0,000487
часов 1,078810 0,000307
части 0,198451 0,000056
частности 0,462035 0,000263
часть 0,105361 0,000060
человек 0,400478 0,000114
человека 0,579818 0,000165
чернышев 2,813411 0,000799
честь 0,562119 0,000160
числе 0,248461 0,000071
чистка 3,912023 0,001112
читатьтекущая 1,237874 0,000352
шаг 2,525729 0,000718
шагов 2,813411 0,000799
швейцарии 2,659260 0,002267
шести 1,966113 0,000559
эйрдроп 2,995732 0,000851
эквивалентен 3,912023 0,001112
эквивалентна 3,912023 0,001112
эквивалентно 3,506558 0,000996
экономические 1,771957 0,000504
экономической 1,237874 0,000352
экономическую 2,120264 0,000603
экономия 2,995732 0,000851
экранизацией 3,912023 0,001112
эксмо 2,525729 0,000718
экспериментирует 3,912023 0,001112
экспериментов 2,659260 0,000756
экспорт -0,009950 -0,000003
электричества 2,525729 0,000718
электронные 1,714798 0,000487
электронных 1,897120 0,001078
электростанции 2,302585 0,000654
электроэнергии 1,660731 0,000944
элементов 1,309333 0,000372
элементом 2,407946 0,000684
эльвира 3,218876 0,000915
энергетике 2,813411 0,000799
энергии 1,514128 0,000430
энергоемком 3,912023 0,001112
энергозатратного 3,912023 0,001112
энергозатраты 3,912023 0,001112
энергопотребление 3,506558 0,000996
энергоэффективности 3,506558 0,000996
энтони 2,995732 0,001703
энтрикен 3,912023 0,001112
энциклопедии -0,009950 -0,000003
эпоха 1,771957 0,000504
эта 0,000000 0,000000
этап 1,427116 0,000406
этапе 1,714798 0,000975
этапы 1,714798 0,000487
этим 0,693147 0,000197
этих 0,400478 0,000114
это 0,000000 0,000000
эфир 1,897120 0,003774
эфира 2,525729 0,005742
эфириум 3,912023 0,006670
эфириума 3,912023 0,004447
эфиров 3,912023 0,003335
эфиром 3,912023 0,001112
эфиры 3,912023 0,001112
эффективности 1,609438 0,000457
эффективность 2,120264 0,000603
эффективны 3,912023 0,001112
юнисеф 3,912023 0,001112
являются 0,248461 0,000141
ядерным 3,218876 0,000915
язык 0,116534 0,000166
языках -0,009950 -0,000003
января 0,116534 0,000397
яндекс 1,714798 0,000975
ясным 3,506558 0,000996
