абсолютно 2,302585 0,001357
август 1,237874 0,000729
августа 0,072571 0,000086
автомат 3,218876 0,001897
автомата 3,506558 0,002066
автомате 3,912023 0,002305
автоматизации 2,207275 0,001301
автоматизация 3,218876 0,001897
автоматизированного 3,506558 0,004133
автоматизированных 3,218876 0,001897
автоматизировать 3,506558 0,002066
автоматически 2,120264 0,001249
автоматического 2,995732 0,001765
автоматической 2,813411 0,001658
автоматическом 3,912023 0,002305
автономная 1,469676 0,000866
автономность 3,912023 0,002305
авторства -0,009950 -0,000006
административных 1,309333 0,000772
администратора 3,506558 0,002066
администраторов 3,506558 0,002066
акст 3,506558 0,002066
активности 1,560648 0,000920
активов 2,525729 0,001488
акций 2,120264 0,001249
алгоритм 2,120264 0,001249
алгоритмов 2,302585 0,001357
алгоритмы 2,207275 0,002601
алейников 3,912023 0,004611
альтернативная 2,659260 0,001567
амер 2,302585 0,001357
аналитический 2,525729 0,001488
аналогии 2,407946 0,002838
аналогичные 2,813411 0,001658
аналогичный 2,659260 0,001567
аналогом 2,813411 0,001658
англ 0,174353 0,001130
апреля 0,174353 0,000925
арбитра 3,506558 0,002066
аренда 2,659260 0,001567
архивировано 0,020203 0,000321
асимметричное 3,506558 0,002066
аспектов 2,813411 0,001658
аудит 3,218876 0,003794
аудита 3,218876 0,001897
аудите 3,912023 0,002305
аудитом 3,912023 0,002305
баз 1,771957 0,001044
базах 2,995732 0,001765
базе 0,776529 0,000458
базовой 2,813411 0,001658
базовые 3,218876 0,001897
байт-код 3,218876 0,001897
банк 1,078810 0,000636
банкам 3,218876 0,003794
банковским 3,218876 0,001897
банковских 2,207275 0,001301
баш 3,506558 0,002066
безопасности 1,139434 0,001343
безопасность 1,469676 0,002598
безопасными 3,506558 0,002066
беларуси 2,207275 0,005203
беларусь 1,237874 0,002918
белорусский 2,813411 0,001658
беспрепятственный 3,912023 0,006916
библиографических 0,094311 0,000056
бизнес-моделей 3,912023 0,002305
бизнес-процессов 3,912023 0,002305
бизнеса 0,967584 0,000570
биржи 2,302585 0,001357
биткоин 2,995732 0,001765
биткоин-индустрии 3,912023 0,002305
биткойн-скрипты 3,912023 0,002305
биткойна 2,995732 0,005296
благодаря 0,527633 0,000311
блоков 2,120264 0,001249
блокчейн 2,995732 0,012357
блокчейн-оракулов 3,912023 0,002305
блокчейн-оракулы 3,506558 0,002066
блокчейн-платформы 3,218876 0,001897
блокчейн-размещение 3,912023 0,002305
блокчейна 2,813411 0,009947
блокчейне 2,995732 0,005296
большая 0,072571 0,000043
большого 0,967584 0,000570
большую 0,891598 0,000525
брит 3,506558 0,002066
британского 2,525729 0,001488
бум 2,040221 0,001202
бумаг 3,218876 0,001897
бурков 2,995732 0,001765
бутерин 3,218876 0,009484
бывшие 1,771957 0,001044
важным 1,386294 0,000817
валют 2,995732 0,001765
валюта 2,659260 0,004701
введен 1,427116 0,000841
вводится 2,525729 0,001488
ведения 1,832581 0,001080
ведомости 1,049822 0,000619
везде 2,813411 0,001658
версии 0,446287 0,000263
версия -0,009950 -0,000023
версияправитьправить 1,237874 0,000729
версиях 2,659260 0,001567
вечев 3,912023 0,002305
вещей 2,207275 0,001301
взаимодействовать 2,525729 0,001488
взаимоотношений 3,506558 0,002066
взамен 1,832581 0,001080
виде 0,235722 0,000139
видят 2,995732 0,001765
викиданных -0,009950 -0,000006
викимедиа -0,009950 -0,000006
википедии -0,009950 -0,000012
википедия -0,009950 -0,000012
виртуальная 1,897120 0,002236
виртуальной 2,302585 0,001357
виталик 3,218876 0,009484
включая 0,527633 0,000622
влияние 0,776529 0,000458
вне 1,560648 0,000920
внедрением 2,995732 0,001765
внесение 2,659260 0,001567
внешней 2,207275 0,001301
внешние 0,051293 0,000030
внешними 3,912023 0,002305
внешних 1,966113 0,001159
внутри 0,000000 0,000000
возможно 0,867501 0,000511
возможности 0,891598 0,001051
возможность 0,616186 0,001452
возможным 2,207275 0,001301
возможными 3,912023 0,002305
возможных 2,040221 0,001202
возникающих 2,813411 0,001658
воли 2,525729 0,001488
волшебные 0,040822 0,000024
вопросов 1,560648 0,000920
время 0,030459 0,000018
встречаются 1,272966 0,000750
встроена 3,506558 0,002066
вступает 2,813411 0,001658
выводу 2,525729 0,001488
выдать 3,506558 0,002066
выдвинул 2,995732 0,001765
выкинешь 3,912023 0,002305
выплат 3,506558 0,002066
выполнение 2,040221 0,001202
выполненным 3,506558 0,002066
выполнены 2,659260 0,001567
выполняет 1,832581 0,001080
выполнял 2,813411 0,001658
выполняться 2,813411 0,001658
выполняют 2,120264 0,001249
выражают 3,506558 0,002066
высокого 1,514128 0,000892
выступил 2,302585 0,001357
высшей 1,272966 0,000750
вычислительной 2,207275 0,001301
гибкостью 3,218876 0,001897
главное 1,469676 0,000866
год 0,235722 0,000139
года -0,009950 -0,000193
году 0,072571 0,000299
голосов 1,966113 0,001159
голосований 3,912023 0,002305
госреестры 3,912023 0,002305
государства 0,843970 0,000995
государственном 1,714798 0,001010
государственных 0,994252 0,000586
группы 0,634878 0,000374
губерт 3,912023 0,002305
дает 1,203973 0,000709
данного 1,714798 0,001010
данных 0,616186 0,000726
даст 2,525729 0,001488
дата 0,030459 0,000485
двойное 2,995732 0,001765
действия 1,427116 0,002523
действовать -0,009950 -0,000006
действующей 2,813411 0,001658
действующих 1,514128 0,000892
декабря 0,105361 0,000310
декрету 3,912023 0,002305
денег 1,560648 0,000920
денежные 2,525729 0,001488
денис 2,040221 0,002405
деньги 1,771957 0,002088
деривативами 3,506558 0,002066
децентрализация 3,218876 0,001897
децентрализованная 3,506558 0,008265
децентрализованного 3,506558 0,002066
децентрализованной 3,218876 0,001897
децентрализованные 3,218876 0,001897
децентрализованных 3,218876 0,001897
деятельности 0,446287 0,000263
доверенной 3,912023 0,002305
доверенных 3,218876 0,001897
доверием 2,995732 0,001765
доверительных 3,912023 0,002305
договора 2,207275 0,009105
договориться 3,912023 0,002305
договорных 3,912023 0,004611
договоров 2,813411 0,003316
доказательство 2,302585 0,004071
докторанты 3,912023 0,002305
документов 0,653926 0,000385
документооборота 3,506558 0,002066
должен 1,078810 0,001271
должны 1,021651 0,001806
доли 1,832581 0,001080
долларов 1,832581 0,001080
дом 0,562119 0,000331
дополнительные -0,009950 -0,000006
достижения 1,514128 0,001784
достоверности 2,659260 0,001567
достоверность 2,659260 0,001567
доступ 1,203973 0,002128
доступен -0,009950 -0,000006
доходы 1,966113 0,001159
другие 0,030459 0,000036
других -0,009950 -0,000018
желающий 3,218876 0,001897
журнала 1,427116 0,001682
зависимости 0,798508 0,000471
заглавная -0,009950 -0,000006
загрузке 3,506558 0,002066
заданы 3,506558 0,002066
задачу 2,407946 0,001419
заключать 3,506558 0,004133
заключением 3,912023 0,002305
заключения 2,525729 0,002977
законам 3,218876 0,001897
законодательно 3,218876 0,003794
законодательной 2,813411 0,001658
законодательством 3,912023 0,002305
закрепившей 3,912023 0,002305
закрепила 3,218876 0,001897
закрепленного 3,506558 0,002066
закрыто 2,040221 0,001202
залог 3,218876 0,001897
заложенные 3,912023 0,002305
занимать 2,813411 0,001658
занимающимся 3,506558 0,002066
запись 2,040221 0,001202
записьвойти -0,009950 -0,000006
запрограммированных 3,912023 0,002305
запрограммировать 3,912023 0,002305
запускается 2,813411 0,001658
зарегистрированный -0,009950 -0,000006
затруднить 3,912023 0,002305
заявление -0,009950 -0,000006
здравоохранение 0,941609 0,000555
злонамеренное 3,912023 0,002305
знает 2,813411 0,001658
знак -0,009950 -0,000006
знаки 2,120264 0,001249
знаний 1,660731 0,000979
значимость 2,525729 0,001488
значительно 0,510826 0,000602
играющие 3,506558 0,002066
идеи 1,714798 0,001010
идею 2,407946 0,001419
идея 1,609438 0,001897
избирательная 2,813411 0,001658
издержек 2,995732 0,001765
издержки 3,912023 0,002305
изложил 3,218876 0,001897
изменения 0,562119 0,000331
изменит 2,525729 0,001488
изменить 2,207275 0,001301
изначально 1,309333 0,000772
имели 1,386294 0,000817
именно 0,544727 0,000321
иметь 1,272966 0,001500
имеют 0,371064 0,000437
имеющей 2,525729 0,001488
имея 2,207275 0,001301
импульс 2,813411 0,003316
имуществом 2,407946 0,001419
инвестиций 1,560648 0,000920
инвесторы 2,995732 0,001765
инкассации 3,912023 0,002305
иное 2,659260 0,001567
институтов 1,560648 0,000920
инструментов 1,771957 0,001044
инструменты -0,009950 -0,000012
интеллекта 2,302585 0,001357
интернет 0,916291 0,000540
интернет-браузеров 3,506558 0,002066
информации 0,446287 0,000526
информационное 1,469676 0,000866
информацию 1,237874 0,001459
ипотечное 3,912023 0,002305
исключает 2,995732 0,001765
искоренить 3,912023 0,002305
искусства 0,733969 0,000433
искусственного 2,120264 0,001249
исполнения 1,469676 0,007794
исполнителя 2,995732 0,001765
исполняемого 3,912023 0,002305
исполняемых 2,995732 0,001765
использование 0,891598 0,001576
использованием 1,347074 0,000794
использовании 1,560648 0,001839
использования -0,009950 -0,000006
использовать 1,171183 0,000690
использоваться 1,714798 0,001010
использует 1,514128 0,000892
использующие 0,040822 0,000024
используя 1,966113 0,001159
исследовал 3,218876 0,001897
исследований 0,941609 0,001110
история 0,051293 0,000091
источник -0,009950 -0,000012
источника 1,832581 0,001080
исчезновению 3,912023 0,004611
июля 0,116534 0,000206
июня 0,116534 0,000206
какого-либо 2,407946 0,001419
каталогах 0,094311 0,000056
категории -0,009950 -0,000012
качестве 0,478036 0,000282
клеркам 3,912023 0,002305
клиринг 3,506558 0,002066
клирингового 3,912023 0,002305
ключей 2,407946 0,001419
кого 2,207275 0,001301
код -0,009950 -0,000064
кода 0,798508 0,000471
кодекс -0,009950 -0,000006
кодистория 0,116534 0,000069
количества 0,941609 0,001110
коммерческую 3,218876 0,001897
компании 0,579818 0,000342
компания 0,653926 0,000385
компенсаций 3,218876 0,001897
компьютерную 3,218876 0,001897
компьютерный 2,813411 0,001658
компьютерра 2,813411 0,001658
кому 2,207275 0,001301
конкуренции 2,659260 0,001567
контракт 2,207275 0,009105
контракта 3,218876 0,030349
контрактам 3,506558 0,002066
контрактов 2,995732 0,008827
контрактом 3,912023 0,002305
контракты 2,659260 0,014103
контролера 3,912023 0,002305
контроль 1,427116 0,000841
контроля 1,560648 0,000920
конфиденциальности -0,009950 -0,000006
концептуальная 3,912023 0,002305
концепции 1,347074 0,001588
концепцию 2,207275 0,001301
координации 2,407946 0,001419
корневые 3,912023 0,002305
короткий -0,009950 -0,000006
коррупцию 3,506558 0,002066
которая 0,287682 0,000509
которого 0,301105 0,000355
которое 0,478036 0,000282
которой 0,174353 0,000103
котором 0,301105 0,000177
которые 0,162519 0,000383
который 0,105361 0,000062
которым 0,798508 0,000471
которых 0,094311 0,000056
краудфандинга 3,912023 0,002305
кредитование 3,218876 0,005690
кредитования 3,506558 0,002066
криктоэкономики 3,912023 0,002305
криптоанархизм 2,813411 0,001658
криптовалют 2,995732 0,005296
криптовалюта 2,995732 0,003531
криптовалютах 3,506558 0,002066
криптовалютных 3,506558 0,002066
криптовалюты 2,995732 0,003531
криптографии 2,995732 0,001765
криптодолина 2,995732 0,001765
криптокошелек 2,995732 0,001765
криптокредитования 3,912023 0,002305
крипту 3,912023 0,002305
кроме 0,235722 0,000139
куки -0,009950 -0,000006
лаконично 3,912023 0,002305
легализовать 3,506558 0,002066
лисп 3,506558 0,002066
литература 0,061875 0,000073
литературы 1,078810 0,000636
литрес 3,506558 0,004133
лицензии -0,009950 -0,000006
личными 3,912023 0,002305
лишь 0,478036 0,000282
логика 2,207275 0,001301
логику 2,659260 0,001567
любимова 2,995732 0,001765
любой 1,514128 0,001784
людей 0,693147 0,000408
майнинг 2,995732 0,001765
малого 1,427116 0,000841
марта 0,139262 0,001887
мартин 2,659260 0,001567
масштабируемости 2,995732 0,001765
математические 2,525729 0,001488
математическое 3,506558 0,002066
материал -0,009950 -0,000006
машина 2,040221 0,001202
машины 1,514128 0,000892
мая 0,139262 0,000164
медиа 1,966113 0,001159
мемкойн 2,995732 0,001765
меморандума 3,912023 0,002305
мест 0,713350 0,000841
местом 1,049822 0,000619
метод 1,771957 0,001044
методов 1,832581 0,001080
методы 1,714798 0,001010
механизм 1,660731 0,000979
механизмов 2,995732 0,001765
мечты 2,813411 0,001658
миллионов 1,078810 0,000636
минуты 2,525729 0,001488
мире 0,494296 0,000874
мировой 0,733969 0,000433
млн 0,462035 0,000272
мнением 3,912023 0,002305
мнению 0,967584 0,000570
многих 0,494296 0,000291
множество 0,597837 0,000352
мобильная -0,009950 -0,000006
могли 1,514128 0,000892
могут -0,009950 -0,000047
момент 0,597837 0,001057
монет 2,040221 0,001202
монеты 2,207275 0,001301
москва 0,400478 0,000236
наблюдатели 3,506558 0,002066
набор 1,469676 0,000866
навигации -0,009950 -0,000006
навигация -0,009950 -0,000012
надежного 3,912023 0,002305
надежны 3,912023 0,002305
наиболее 0,139262 0,000164
нам 0,000000 0,000000
нами -0,009950 -0,000006
направляют 3,912023 0,002305
например 0,328504 0,000387
нарушении 3,218876 0,001897
нарушения 2,813411 0,001658
насколько 2,525729 0,001488
настоящее 0,328504 0,000194
настройке 3,218876 0,001897
наука 0,301105 0,000177
научных 0,776529 0,000915
находящийся 1,966113 0,001159
небольшого 2,302585 0,001357
небрежность 3,912023 0,002305
невзаимозаменяемый 2,995732 0,001765
недвижимым 3,218876 0,001897
недель 2,995732 0,001765
недостатки 2,813411 0,003316
некастодиальные 3,912023 0,002305
некоммерческой -0,009950 -0,000006
нем 0,356675 0,000210
необходима 3,912023 0,002305
необходимости 1,660731 0,000979
непосредственного 3,218876 0,003794
непременно 3,506558 0,002066
нескольких 0,755023 0,000445
несколько 0,150823 0,000089
низкоуровневая 3,912023 0,002305
ник 2,659260 0,001567
ника 3,506558 0,004133
новый 0,446287 0,000263
новых 0,430783 0,000508
нотариусам 3,912023 0,002305
нотариусов 3,912023 0,002305
ноября 0,127833 0,000301
нська 0,000000 0,000000
нужно 1,049822 0,001237
нужны 2,659260 0,001567
обеспечения 0,867501 0,000511
обеспечивать 2,995732 0,001765
обеспечиваться 3,912023 0,002305
обеспечило 3,506558 0,002066
обещаний 3,506558 0,002066
обещания 3,218876 0,001897
обзор 1,171183 0,000690
обладает 1,171183 0,000690
обладают 2,040221 0,001202
область 0,385662 0,000227
обмена 1,560648 0,000920
обмене 3,218876 0,001897
обработки 1,897120 0,002236
образом 0,371064 0,000219
обратиться 2,995732 0,001765
обращения 0,030459 0,000485
общения 2,813411 0,001658
общих 1,771957 0,001044
объект 1,386294 0,000817
объектам 2,659260 0,003134
объекты 0,478036 0,000563
объем 0,616186 0,000363
обязательств 2,995732 0,001765
обязательства 2,995732 0,001765
ограничения 1,897120 0,001118
ограниченным 2,659260 0,001567
однако 0,174353 0,000103
одном 1,139434 0,000671
означает 1,237874 0,000729
оказывает 1,427116 0,000841
октябрь 0,867501 0,000511
октября 0,083382 0,000197
ольга 1,427116 0,000841
онлайн-сервис 2,995732 0,001765
опасение 2,995732 0,001765
операцию 3,218876 0,001897
описание -0,009950 -0,000018
описанные 3,912023 0,002305
описаны 2,659260 0,001567
описать 3,218876 0,001897
описывается 2,407946 0,001419
описываются 2,813411 0,001658
определенные 2,525729 0,001488
опросов 2,995732 0,001765
оптимизация 3,218876 0,001897
опубликованного 3,912023 0,002305
опыт 1,714798 0,001010
опытными 1,714798 0,001010
оракул 3,912023 0,002305
органе 3,912023 0,002305
организации -0,009950 -0,000012
организация 0,891598 0,000525
оригинала 0,162519 0,000287
ортсабеларуская 0,000000 0,000000
ослаблению 3,218876 0,001897
основан 0,579818 0,000342
основанные 0,776529 0,000458
основаны 1,771957 0,001044
основатель 1,609438 0,000948
основе 0,494296 0,001748
основная 0,116534 0,000069
основной 0,653926 0,000385
основываясь 2,813411 0,001658
оставались 2,302585 0,001357
ответственности -0,009950 -0,000006
отдельном 2,813411 0,001658
отдельных -0,009950 -0,000006
отказ -0,009950 -0,000006
отказаться 2,525729 0,001488
отказывающиеся 3,912023 0,002305
открыто 1,078810 0,000636
открытых 1,897120 0,001118
отличаться 1,560648 0,000920
относится 0,733969 0,000433
отношений 1,309333 0,001543
отправителя 3,912023 0,002305
отправки 2,525729 0,001488
отправляет 2,813411 0,001658
отредактирована -0,009950 -0,000006
отслеживает 3,506558 0,002066
отслеживать 3,506558 0,002066
отсутствие 1,347074 0,000794
официально 0,693147 0,000408
официальным 1,272966 0,000750
оформления 2,407946 0,001419
очередной 2,040221 0,001202
ошибкекак -0,009950 -0,000006
партнером 2,995732 0,001765
первая 0,430783 0,000254
первичное 3,506558 0,002066
первой 0,462035 0,001089
первые 0,494296 0,000291
первых 0,653926 0,000385
перейти -0,009950 -0,000012
персональные -0,009950 -0,000006
перспективная 3,912023 0,002305
перспективу 3,506558 0,002066
перспективы 1,347074 0,001588
петр 1,108663 0,000653
печати -0,009950 -0,000006
печать -0,009950 -0,000006
писал 1,514128 0,000892
писать 2,407946 0,001419
планируется 1,021651 0,000602
платежей 2,525729 0,001488
платформа 1,714798 0,001010
платформах 2,995732 0,001765
платформы 1,272966 0,002250
поведения -0,009950 -0,000006
поверх 2,407946 0,002838
повлечь 3,506558 0,002066
повышение 1,609438 0,000948
поддержания 2,995732 0,001765
подобного 2,407946 0,001419
подписанию 3,912023 0,002305
подписания 2,813411 0,001658
подписанты 3,912023 0,002305
подписей 2,995732 0,001765
подписи 2,995732 0,001765
подписывают 3,912023 0,002305
подпись 2,813411 0,001658
подробнее -0,009950 -0,000006
подробно 2,995732 0,001765
подсчета 2,995732 0,001765
подтвердившей 3,912023 0,002305
подтверждает 2,525729 0,001488
подходит 2,207275 0,001301
позволило 1,514128 0,000892
позволяет 0,755023 0,000445
позволяло 3,506558 0,002066
позволяющая 2,525729 0,002977
поиск -0,009950 -0,000006
поиску -0,009950 -0,000006
пока 0,843970 0,000497
показала 2,659260 0,001567
поколений 1,897120 0,001118
покупателем 2,995732 0,001765
политика -0,009950 -0,000006
полное 1,139434 0,000671
полной 1,832581 0,001080
полностью 0,400478 0,000944
полнотой 3,912023 0,002305
полную 2,207275 0,001301
полный 1,272966 0,000750
получат 2,659260 0,001567
получать 2,302585 0,001357
получая 3,218876 0,001897
получения 1,469676 0,000866
получили 0,967584 0,001140
получить 1,427116 0,000841
пользователи 2,659260 0,001567
поможет 2,995732 0,001765
помощью 0,634878 0,000374
понятном 3,218876 0,001897
последний -0,009950 -0,000006
посредников 2,813411 0,003316
поставки 2,813411 0,001658
поставок 3,218876 0,001897
посылает 3,218876 0,001897
потенциальные 3,506558 0,004133
похож 2,995732 0,001765
похожего 3,912023 0,002305
похожи 3,218876 0,001897
почему 0,000000 0,000000
появилась 0,820981 0,000968
появилось 1,171183 0,000690
появлением 1,347074 0,000794
появлению 2,207275 0,002601
появляться 1,771957 0,001044
праве 3,218876 0,001897
правила 2,040221 0,002405
править -0,009950 -0,000129
правка 0,328504 0,000194
правкиновые -0,009950 -0,000006
правкипостоянная -0,009950 -0,000006
правовой 1,469676 0,002598
праводоговорыкриптовалютыблокчейнскрытые 3,912023 0,002305
практике 1,660731 0,000979
практические 3,506558 0,002066
практическое 2,813411 0,001658
предмет 2,120264 0,001249
предмета 2,813411 0,001658
предметом 1,560648 0,000920
предмету 2,995732 0,001765
предназначенный 2,995732 0,001765
предоставления 2,120264 0,001249
предоставляет 1,347074 0,000794
представились -0,009950 -0,000006
предъявителя 3,912023 0,002305
претензий 3,912023 0,002305
приватных 3,912023 0,002305
привела 1,771957 0,001044
привести 1,832581 0,002160
привлечения 2,302585 0,001357
приводят 2,525729 0,001488
пригодных 2,995732 0,001765
придумал 3,218876 0,001897
прикладных 2,120264 0,001249
приложением 2,525729 0,001488
приложения 1,514128 0,000892
применение 1,469676 0,000866
применения 1,272966 0,003751
пример 1,171183 0,002070
примера 2,813411 0,001658
примеры 2,407946 0,002838
примечания -0,009950 -0,000012
принимает 1,469676 0,000866
принимающие 3,506558 0,002066
принцип 1,832581 0,003240
причем 0,994252 0,000586
пришел 1,714798 0,001010
проблема 1,237874 0,000729
проблематично 3,912023 0,002305
проблемы 0,544727 0,000321
проведение 1,660731 0,000979
проверенной 1,771957 0,001044
проверки 0,994252 0,000586
проверялась 1,771957 0,001044
провести 2,659260 0,001567
проводит 1,660731 0,000979
программа 0,994252 0,000586
программирования 1,714798 0,003031
программно 3,218876 0,001897
программное 1,714798 0,001010
программы 0,713350 0,000420
продавца 3,506558 0,004133
продавцом 3,912023 0,002305
продать 3,218876 0,001897
продукта 2,207275 0,001301
проекта 0,616186 0,000726
проектах -0,009950 -0,000006
произведений 1,714798 0,001010
происходит 0,634878 0,000374
промышленности 0,579818 0,000342
просмотры -0,009950 -0,000006
простейшего 3,506558 0,002066
простых 2,525729 0,001488
просьбой 3,218876 0,001897
протокола 2,120264 0,001249
протоколов 2,207275 0,003902
протоколы 2,207275 0,002601
протяжении 0,867501 0,000511
профессионал 3,912023 0,002305
профессор 1,660731 0,000979
процесс 1,108663 0,000653
процессе 1,309333 0,000772
процессов 1,347074 0,000794
прочие 1,203973 0,000709
прямой 1,347074 0,000794
прямым 2,995732 0,001765
публикует 3,218876 0,001897
публичных 2,407946 0,001419
пузырь 2,995732 0,003531
пунктах 2,525729 0,001488
пунктов 0,653926 0,001156
путин 1,714798 0,001010
работа 0,891598 0,001051
работы 0,314711 0,000927
рабочих 1,108663 0,001307
развитие 0,314711 0,000185
развитии 1,078810 0,000636
развития 0,287682 0,000170
различных 0,385662 0,000227
разные 1,139434 0,000671
разных 0,510826 0,000301
разрабатывает 2,302585 0,001357
разрабатываются 2,813411 0,001658
разработан 1,347074 0,000794
разработки 1,203973 0,000709
разработок 2,407946 0,001419
разработчик 2,040221 0,001202
разработчики -0,009950 -0,000006
разработчиков 2,302585 0,002714
разработчиком 3,912023 0,002305
разрешат 3,912023 0,002305
разрешить 2,813411 0,001658
распределение 1,560648 0,000920
распределенного 2,995732 0,001765
распределенные 1,514128 0,000892
распространение 1,237874 0,001459
распространения 1,660731 0,000979
распространенных 2,120264 0,001249
расходование 2,995732 0,001765
реализации 0,994252 0,001758
реализовано 2,995732 0,001765
реализовать 2,407946 0,005676
революция 1,427116 0,000841
регистрацией 3,912023 0,002305
регистрации 2,207275 0,001301
реестрах 3,912023 0,002305
режим 1,108663 0,001307
режиме 1,514128 0,000892
результатов 1,897120 0,001118
рекламы 2,302585 0,001357
ресурсов 0,798508 0,000471
ресурсы 0,020203 0,000024
решение 0,755023 0,000445
решения 0,967584 0,000570
рицдорф 3,912023 0,002305
роботизация 3,912023 0,002305
роль 0,579818 0,001025
российской 0,385662 0,000227
руководство 1,272966 0,000750
рус 0,162519 0,000670
русский -0,009950 -0,000006
рынка 1,237874 0,000729
рынке 1,609438 0,000948
ряд 0,385662 0,000227
сабо 2,995732 0,007061
сайты 0,478036 0,000282
самого 0,891598 0,000525
саморегулируемую 3,912023 0,002305
самостоятельно 2,120264 0,002499
самостоятельные 2,525729 0,001488
саму 2,995732 0,001765
свободной -0,009950 -0,000006
сводится 2,995732 0,001765
своими 1,427116 0,000841
свыше 0,891598 0,000525
свяжитесь -0,009950 -0,000006
связанные 1,021651 0,001204
связи 0,235722 0,000139
сделать 1,386294 0,001634
сделок 3,218876 0,003794
сентября 0,072571 0,000086
сервисов 2,525729 0,001488
сервисы 2,525729 0,001488
сертификат 3,506558 0,002066
сертификации 2,995732 0,001765
сети 0,494296 0,000291
сеть 0,616186 0,000363
сетью 1,714798 0,001010
сетях 1,139434 0,000671
силу 1,021651 0,001204
система 0,235722 0,000139
системами 1,832581 0,001080
системе 0,733969 0,000433
системеобсуждениевкладсоздать -0,009950 -0,000006
систему 0,673345 0,000794
системы 0,342490 0,000404
сканирования 3,912023 0,002305
скачать -0,009950 -0,000006
скриптов 3,506558 0,002066
слов 1,560648 0,000920
сложнее 3,218876 0,001897
сложным 0,867501 0,000511
служащим 3,506558 0,002066
случаях -0,009950 -0,000012
смарт-контракт 2,995732 0,015888
смарт-контракта 3,912023 0,016137
смарт-контрактов 3,218876 0,020865
смарт-контракту 3,506558 0,002066
смарт-контракты 3,218876 0,022762
смартконтрактов 3,912023 0,002305
смогут 2,525729 0,001488
снизить 2,302585 0,001357
собой 0,328504 0,000194
событияпожертвовать -0,009950 -0,000006
современных 0,713350 0,000420
согласно 0,301105 0,000355
соглашения 2,040221 0,001202
содержали 3,218876 0,001897
содержание 0,010050 0,000006
содержащий 2,813411 0,001658
создавало 3,912023 0,002305
создание 0,733969 0,000433
создания 0,653926 0,001541
создатели 3,506558 0,002066
создатель 2,302585 0,002714
создать 1,171183 0,000690
соображений 2,659260 0,001567
сообщение 1,049822 0,000619
сообщество 2,407946 0,001419
сообщить -0,009950 -0,000006
соответствии 0,446287 0,000263
соответствующего 2,040221 0,001202
сопоставить 3,506558 0,002066
составляет 0,314711 0,000185
состоит 0,755023 0,000445
состояние 0,733969 0,000433
состоянию 0,544727 0,000321
состоящих 2,813411 0,001658
сохранением -0,009950 -0,000006
сохраняется 1,560648 0,000920
социальных 0,941609 0,000555
социологического 3,506558 0,002066
список 0,248461 0,000146
спорных 3,506558 0,002066
способны 2,207275 0,001301
справился 3,912023 0,002305
спроектированных 3,912023 0,002305
среда 1,386294 0,001634
среде 1,660731 0,000979
средств 0,597837 0,000705
средства 0,415515 0,000245
среды 0,755023 0,001335
ссылкасведения -0,009950 -0,000006
ссылки -0,009950 -0,000035
стала 0,462035 0,000545
стали 0,430783 0,000508
стало 0,494296 0,000291
стартапа 3,912023 0,002305
стартапов 3,218876 0,001897
статистика -0,009950 -0,000006
статуса 1,309333 0,000772
стать 1,203973 0,000709
статье 0,941609 0,000555
статьислучайная -0,009950 -0,000006
статьисообществофорумсправкасвежие -0,009950 -0,000006
статья 0,105361 0,000124
статьяобсуждение -0,009950 -0,000006
статьятекущие -0,009950 -0,000006
стейблкойн 2,995732 0,001765
стоимости 1,966113 0,001159
сторонам 2,302585 0,001357
сторонами 2,525729 0,001488
стороннего 3,912023 0,002305
стороны 0,430783 0,000762
стран 0,597837 0,000352
стране 0,867501 0,000511
страница -0,009950 -0,000006
страницами 3,912023 0,002305
страницасодержаниеизбранные -0,009950 -0,000006
страницецитировать -0,009950 -0,000006
страницуполучить -0,009950 -0,000006
страницы -0,009950 -0,000018
страницыслужебные -0,009950 -0,000006
страной 2,659260 0,003134
страхового 3,912023 0,002305
страховых 3,506558 0,006199
судебных 2,659260 0,001567
суть 2,813411 0,001658
существование 1,049822 0,000619
существования 1,272966 0,002250
существовать 2,120264 0,002499
существует 0,446287 0,000526
существующих 1,714798 0,001010
сферы 1,309333 0,000772
счет 0,673345 0,000397
считаются 1,897120 0,001118
сюдасвязанные -0,009950 -0,000006
также 0,000000 0,000000
такие 0,261365 0,000308
таким 0,527633 0,000311
такое 1,108663 0,001307
таможенные 3,506558 0,002066
текст -0,009950 -0,000006
текущая 1,609438 0,000948
тематические 0,510826 0,000301
теме 2,407946 0,001419
темы 1,714798 0,001010
термин 1,049822 0,000619
технической 2,207275 0,001301
технологии 0,798508 0,002353
технологий 0,653926 0,000385
технология 1,966113 0,001159
типовых 2,525729 0,001488
товар 3,218876 0,001897
товара 3,218876 0,001897
товарный -0,009950 -0,000006
товаров 1,049822 0,000619
токен 2,995732 0,003531
токенами 3,912023 0,002305
токенсейл 2,995732 0,001765
торговли 0,867501 0,000511
торговом 2,407946 0,001419
торговый 1,237874 0,000729
точно 2,207275 0,001301
традиционные 1,966113 0,001159
традиционных 2,302585 0,001357
транзакции 2,813411 0,001658
транзакций 2,659260 0,001567
трансакционные 3,912023 0,002305
трансляции 3,218876 0,001897
транспортировки 2,813411 0,001658
требует 1,427116 0,000841
требуется 1,714798 0,002021
требуются 2,813411 0,001658
трех 0,713350 0,000420
тьюрингу 3,218876 0,001897
узким 2,995732 0,001765
узлы 2,407946 0,001419
указан 0,139262 0,000082
указанием -0,009950 -0,000006
указанным 2,995732 0,001765
укр 2,040221 0,001202
укра 0,000000 0,000000
украину 1,897120 0,001118
умного 3,506558 0,022730
умные 3,218876 0,015174
умный 2,813411 0,006631
умных 2,813411 0,004974
универсальная 0,891598 0,000525
универсальной 2,207275 0,001301
универсальные 2,407946 0,001419
уникальный 1,560648 0,000920
урегулировали 3,912023 0,002305
уровне 0,916291 0,000540
уровня 0,634878 0,000374
уроки 3,912023 0,002305
условие 2,995732 0,001765
условий -0,009950 -0,000029
условия -0,009950 -0,000070
условиям 1,966113 0,002317
условиях 1,049822 0,001237
услуг 0,967584 0,000570
успешном 3,218876 0,001897
установленные 2,525729 0,001488
устроены 2,995732 0,001765
утечкой 3,912023 0,002305
участвовать 2,995732 0,001765
участие -0,009950 -0,000006
участия 1,966113 0,005793
участниками 1,309333 0,000772
участников 1,272966 0,000750
учесть 2,995732 0,001765
учета 1,560648 0,000920
учетную -0,009950 -0,000006
учредили 3,912023 0,002305
фактор 2,040221 0,001202
февраля 0,051293 0,000242
федерации 0,544727 0,000321
финансирование 2,813411 0,001658
финансирования 2,120264 0,001249
финансовая 2,407946 0,001419
финансовом 2,995732 0,001765
финансовые 1,897120 0,001118
фонд -0,009950 -0,000006
фондовой 3,506558 0,002066
форжинг 2,995732 0,001765
формализации 3,218876 0,001897
формате 1,427116 0,000841
форме 0,941609 0,000555
фролов 2,813411 0,001658
функции 1,049822 0,000619
функциональной 3,912023 0,002305
хайп 3,912023 0,002305
ходе 0,562119 0,000331
хранения 1,427116 0,001682
цанков 3,912023 0,002305
целей 1,966113 0,001159
цель 1,832581 0,001080
целью 0,733969 0,000433
целях 1,171183 0,000690
ценных 2,407946 0,001419
центра 0,562119 0,000662
центральный 0,673345 0,000397
центры 0,713350 0,000420
цепочек 3,218876 0,001897
цепочку 3,218876 0,001897
цифровая 2,659260 0,001567
цифровой 2,040221 0,002405
цифровом 2,120264 0,001249
цифровых 1,771957 0,003133
цюриха 3,912023 0,002305
час 1,714798 0,001010
части 0,198451 0,000117
частности 0,462035 0,000272
чат-бота 3,912023 0,002305
человека 0,579818 0,000342
человеческий 3,506558 0,002066
человечество 2,659260 0,001567
четвертая 2,302585 0,001357
читатьтекущая 1,237874 0,000729
швейцарской 3,506558 0,002066
шире 2,995732 0,001765
широко 0,673345 0,000397
широкого 2,040221 0,001202
широкое 1,660731 0,000979
шифрование 2,813411 0,001658
школы 0,673345 0,000397
эйрдроп 2,995732 0,001765
экономики 0,713350 0,000420
экспорт -0,009950 -0,000006
электронной 1,897120 0,001118
электронные 1,714798 0,001010
электронных 1,897120 0,001118
элемент 1,897120 0,001118
энциклопедии -0,009950 -0,000006
эта 0,000000 0,000000
этим 0,693147 0,000408
этих 0,400478 0,000236
это 0,000000 0,000000
юридическую 3,218876 0,003794
юрист 3,218876 0,001897
юристы 3,912023 0,002305
является 0,094311 0,000222
являться 2,659260 0,001567
язык 0,116534 0,000069
языка 0,798508 0,000471
языках -0,009950 -0,000012
языке 0,867501 0,000511
языков 1,203973 0,000709
января 0,116534 0,000206
ясную 2,995732 0,001765
