август 0,072571 0,000078
австралия 1,966113 0,002114
автаркия 3,912023 0,004206
авторство -0,009950 -0,000011
аграрный 1,203973 0,001295
административно-командная 3,912023 0,004206
аз 2,302585 0,002476
азиатский 1,609438 0,001731
активный 0,527633 0,000567
анархо-коммунизм 3,912023 0,004206
англ 0,174353 0,000187
антирост 3,912023 0,004206
апрель 0,150823 0,000324
аристотель 2,525729 0,002716
архивировать 0,020203 0,000022
архивный 0,248461 0,002404
банковский 1,427116 0,001535
бартер 3,506558 0,003770
баш 3,506558 0,003770
безграничный 3,506558 0,003770
белорусский 2,302585 0,002476
библиографический 0,083382 0,000090
библиотека 0,328504 0,000706
благо 3,218876 0,006922
благосостояние 2,813411 0,003025
большинство 0,342490 0,000368
большой 0,040822 0,000132
бразилия 2,525729 0,002716
вавилов 3,506558 0,003770
важное 1,108663 0,001192
валовой 1,832581 0,003941
валюта 2,407946 0,002589
ввп 2,659260 0,017157
ведение 1,427116 0,003069
век 0,248461 0,001870
великий 0,356675 0,000384
великобритания 2,120264 0,002280
версия -0,009950 -0,000021
весь 0,301105 0,000324
вид 0,061875 0,000067
викиданных -0,009950 -0,000011
викимедиа -0,009950 -0,000011
википедии -0,009950 -0,000021
википедия -0,009950 -0,000011
викискладепортал 2,207275 0,002373
викискладстатьи 0,891598 0,000959
викискладэлемент 2,659260 0,002859
викисловаремедиафайлы 2,120264 0,002280
викисловарьстатьи 1,347074 0,001448
виртуальный 1,139434 0,001225
внешний 0,051293 0,000055
внп 3,912023 0,004206
внутренний 0,314711 0,000338
военный 0,494296 0,000532
возникнуть 0,653926 0,001406
воспроизводиться 2,995732 0,003221
восток 0,494296 0,000532
восточноазиатский 3,218876 0,003461
впервые 0,385662 0,000415
временной 0,967584 0,001040
время 0,020203 0,000022
всеохватывающий 3,506558 0,003770
встречаться 0,713350 0,000767
втора 0,274437 0,000295
вторичный 2,040221 0,004388
второе 0,653926 0,000703
выгода 2,813411 0,003025
выделиться 2,525729 0,005432
выделять 1,139434 0,001225
выделяться 0,941609 0,001012
выживание 2,995732 0,003221
выпустить 0,891598 0,000959
гавров 3,912023 0,004206
географический 0,356675 0,000384
германий 0,843970 0,000907
глобальный 1,203973 0,001295
год -0,009950 -0,000053
государственный 0,261365 0,000281
государство 0,579818 0,001247
гранат 1,386294 0,001491
грань 1,966113 0,002114
греча 1,427116 0,001535
гуманитарий 3,912023 0,004206
дар 2,207275 0,002373
дата 0,030459 0,000033
дворец 0,843970 0,001815
дворцовый 2,525729 0,002716
действовать -0,009950 -0,000011
денежный 1,660731 0,001786
день 0,210721 0,000227
деньга 1,386294 0,001491
деятельность 0,342490 0,001841
дистрибутизм 3,912023 0,004206
добывать 2,407946 0,005178
доллар 1,714798 0,001844
дом 0,446287 0,000480
домашний 1,237874 0,001331
дополнительный -0,009950 -0,000011
дословно 2,659260 0,002859
доступный -0,009950 -0,000011
доход 1,514128 0,001628
древний 0,653926 0,000703
древность 1,203973 0,001295
дробно -0,009950 -0,000011
другой -0,009950 -0,000053
дукат 3,912023 0,004206
европа 0,301105 0,000324
европеец 3,506558 0,003770
европейский 0,494296 0,000532
естественный 0,776529 0,000835
животноводство 2,407946 0,002589
жизнедеятельность 2,407946 0,002589
жизнь 0,342490 0,000368
журнал 0,301105 0,000324
зависимость 0,713350 0,001534
заглавный -0,009950 -0,000011
закон 0,462035 0,000497
замкнуть 2,407946 0,002589
заново 1,897120 0,002040
занять 0,693147 0,000745
записьвойти -0,009950 -0,000011
зарегистрировать -0,009950 -0,000011
зарубежный 0,994252 0,001069
заявление -0,009950 -0,000011
зеленый 0,755023 0,000812
земледелие 2,207275 0,002373
земледельческий 3,506558 0,003770
знак -0,009950 -0,000011
знание 1,108663 0,002384
значение 0,061875 0,000133
извлечение 2,407946 0,002589
издание 0,415515 0,000447
индий 1,609438 0,001731
индустриальный 1,309333 0,002816
инновационный 1,771957 0,001905
инструмент -0,009950 -0,000021
интенсивный 1,237874 0,001331
инфляция 2,813411 0,003025
информационный 0,462035 0,000994
исключительно 1,272966 0,001369
испания 2,207275 0,002373
использование -0,009950 -0,000011
исследование 0,462035 0,000497
история 0,051293 0,000110
источник -0,009950 -0,000011
италия 1,609438 0,001731
итальянский 1,139434 0,002450
июль 0,116534 0,000125
июнь 0,116534 0,000376
канада 2,207275 0,002373
канадский 1,897120 0,002040
капитализм 2,995732 0,009664
каталог 0,094311 0,000101
категория -0,009950 -0,000021
качество 0,287682 0,000619
квартал 0,994252 0,001069
китай 0,776529 0,000835
кладовая 2,995732 0,003221
класс 0,616186 0,000663
книга 0,415515 0,000894
кносский 3,912023 0,004206
код -0,009950 -0,000086
кодекс -0,009950 -0,000011
кодистория 0,116534 0,000125
количественный 1,966113 0,002114
командный 1,347074 0,001448
коммунизм 2,407946 0,002589
конец 0,198451 0,000427
конкретный 1,171183 0,001259
конкуренция 2,120264 0,002280
конфиденциальность -0,009950 -0,000011
копие 0,223144 0,002159
корейский 1,832581 0,001971
корея 1,897120 0,002040
короткий -0,009950 -0,000011
который 0,000000 0,000000
крестовый 3,506558 0,003770
критерий 1,386294 0,001491
кругосвет 1,560648 0,001678
крупный 0,210721 0,001133
ксенофонт 3,506558 0,003770
кузнец 1,560648 0,001678
куки -0,009950 -0,000011
культура 0,356675 0,000384
лесоводство 3,218876 0,003461
лицензия -0,009950 -0,000011
лозовский 3,912023 0,004206
люди 0,755023 0,000812
макроэкономика 3,912023 0,008413
малый 0,139262 0,000150
марий 2,525729 0,002716
маркетинг 3,218876 0,003461
март 0,116534 0,000251
материал -0,009950 -0,000011
медицинский 0,653926 0,000703
мексика 2,813411 0,003025
менеджмент 1,966113 0,004228
место 0,139262 0,000150
месяц 0,415515 0,000447
микроэкономика 3,912023 0,008413
мир 0,094311 0,000608
мировая 0,527633 0,000567
мировой 1,469676 0,001580
много 0,150823 0,000162
мобильный -0,009950 -0,000011
модель 0,891598 0,001917
моральный 2,659260 0,002859
мочь -0,009950 -0,000011
мютюэлизм 3,912023 0,004206
навигация -0,009950 -0,000032
называть 0,174353 0,000562
наиболее 0,139262 0,000449
накопление 2,120264 0,002280
направить 0,867501 0,000933
народный 0,616186 0,000663
население 0,462035 0,000497
натуральный 2,207275 0,009494
наука 0,235722 0,000760
научно-образовательный 0,967584 0,001040
научно-технический 1,386294 0,001491
научный 0,248461 0,000534
нацеленность 3,912023 0,004206
национальный 0,342490 0,001841
начало 0,116534 0,000125
начаться 0,562119 0,002418
наш 0,527633 0,000567
неденежный 3,912023 0,004206
некоммерческий -0,009950 -0,000011
неолитический 3,218876 0,003461
непрерывно 2,120264 0,002280
непроизводственный 3,506558 0,003770
неравенство 3,218876 0,003461
неформальный 2,659260 0,002859
низкий 0,843970 0,000907
ннгу 3,506558 0,003770
номинал 1,771957 0,001905
обеспечивать 0,415515 0,000894
обмен 1,309333 0,002816
обострение 2,813411 0,003025
обрабатывать 1,049822 0,001129
образование 0,356675 0,000767
образовательный 0,891598 0,001917
обращение 0,030459 0,000066
обслуживание 0,941609 0,001012
общее 0,301105 0,000324
общественный 0,494296 0,001595
общество 0,415515 0,003574
объединять 1,108663 0,001192
объективный 2,207275 0,002373
обычно 0,693147 0,000745
ограничить 0,653926 0,000703
описание -0,009950 -0,000011
определить 0,527633 0,000567
определять 0,867501 0,000933
организация -0,009950 -0,000021
оригинал 0,139262 0,000150
орошение 2,995732 0,003221
основать 0,274437 0,000590
основной 0,040822 0,000176
остальной 0,616186 0,000663
осуществлять 0,597837 0,000643
осуществляться 0,616186 0,000663
ответственность -0,009950 -0,000011
отдельный -0,009950 -0,000011
отказ -0,009950 -0,000011
открытие 0,616186 0,001325
открыть 0,150823 0,000324
отличие 0,798508 0,000859
отношение 0,430783 0,000463
отрасль 0,653926 0,000703
отредактировать -0,009950 -0,000011
охота 1,966113 0,004228
очистить 2,120264 0,002280
ошибкекак -0,009950 -0,000011
пастушеский 3,912023 0,004206
первичный 2,659260 0,005719
первобытный 2,995732 0,009664
первое 0,150823 0,000162
первоначальный 1,203973 0,001295
перейти -0,009950 -0,000021
переход 0,653926 0,000703
период 0,274437 0,000295
персональный -0,009950 -0,000011
перспективный 1,966113 0,002114
печать -0,009950 -0,000021
пирамида 2,207275 0,002373
планирование 1,427116 0,001535
плановый 2,659260 0,008578
платформенный 3,912023 0,004206
племя 1,514128 0,001628
поведение -0,009950 -0,000011
позволять 0,462035 0,000497
поиск -0,009950 -0,000021
показатель 0,494296 0,000532
политик -0,009950 -0,000011
половина 0,430783 0,000463
понимать 1,609438 0,001731
понятие 0,967584 0,001040
портал 0,342490 0,002210
последний -0,009950 -0,000021
постепенно 0,867501 0,000933
постиндустриальный 2,813411 0,006050
потребление 2,120264 0,009119
потребность 1,514128 0,001628
поход 1,203973 0,001295
появиться 0,248461 0,000267
появление 0,653926 0,000703
правило 0,478036 0,001028
правильный 1,966113 0,002114
править -0,009950 -0,000193
правкиновые -0,009950 -0,000011
правкипостоянная -0,009950 -0,000011
право 0,314711 0,000338
превратиться 1,386294 0,001491
превращаться 1,660731 0,001786
превращение 2,207275 0,002373
представиться -0,009950 -0,000011
представлять 0,328504 0,000353
преобладать 0,713350 0,001534
престижный 1,897120 0,002040
привести 0,356675 0,001534
примечание -0,009950 -0,000021
причина 0,562119 0,000604
продолжительность 1,021651 0,002197
продукт 0,634878 0,002048
продукция 0,941609 0,001012
проект -0,009950 -0,000011
проектахзначения 1,237874 0,001331
производство 0,527633 0,003404
происходить 0,328504 0,000706
промышленность 0,494296 0,001595
промышлять 0,462035 0,000497
просмотр -0,009950 -0,000011
протекать 1,108663 0,001192
противопоставлять 3,218876 0,003461
противоречивый 3,218876 0,003461
процесс 0,415515 0,000894
пряность 3,912023 0,004206
рабовладение 3,912023 0,004206
работа 0,127833 0,000137
рабочий 0,597837 0,000643
рабство 2,995732 0,003221
развиваться 0,597837 0,000643
развитие 0,127833 0,000687
развить 0,616186 0,001325
разделение 1,021651 0,001099
различать 1,966113 0,004228
размер 0,755023 0,000812
разработчик -0,009950 -0,000011
райзберг 3,912023 0,004206
распределение 1,203973 0,001295
расширение 0,415515 0,000447
реально 2,207275 0,002373
реальный 0,967584 0,005202
революция 0,562119 0,001813
редкий 1,237874 0,001331
редко 1,514128 0,001628
результат 0,174353 0,000562
ремесленник 2,659260 0,002859
ресурс 0,020203 0,000043
риск 1,897120 0,002040
родственный 0,579818 0,000623
российский 0,105361 0,000340
россия 0,174353 0,000375
рост 0,597837 0,005786
русский -0,009950 -0,000011
рыболовство 2,207275 0,002373
рыночный 1,771957 0,005716
ряд 0,223144 0,000720
свободный -0,009950 -0,000011
связать 0,174353 0,000375
связаться -0,009950 -0,000011
себя 0,198451 0,000213
сектор 1,049822 0,013546
сельский 0,634878 0,001365
семья 0,843970 0,000907
сентябрь 0,072571 0,000078
сила 0,494296 0,000532
система 0,051293 0,000221
системеобсуждениевкладсоздать -0,009950 -0,000011
системытипы 3,912023 0,004206
скачать -0,009950 -0,000011
складываться 1,771957 0,001905
следовать 0,235722 0,000253
словарь 0,094311 0,000203
слово 0,210721 0,000227
сложиться 0,994252 0,001069
сложный 0,446287 0,000480
случай -0,009950 -0,000011
смешать 1,309333 0,002816
сначала 1,386294 0,002981
собирательство 3,218876 0,003461
собственность 1,309333 0,001408
событияпожертвовать -0,009950 -0,000011
советский 0,261365 0,000562
совместный 1,514128 0,001628
совокупность 1,469676 0,001580
современный 0,150823 0,000324
содержание 0,010050 0,000011
создание 0,301105 0,000324
создать 0,210721 0,000227
сокращение 0,867501 0,000933
сообщить -0,009950 -0,000011
сооружение 0,733969 0,000789
состояние 0,248461 0,000267
сохранение -0,009950 -0,000011
социализм 2,995732 0,003221
социалистический 1,272966 0,001369
социально-ориентированная 3,912023 0,004206
социальный 0,527633 0,001135
социология 2,659260 0,005719
сочетание 1,771957 0,001905
союз 0,579818 0,000623
список 0,210721 0,000227
способ 1,078810 0,001160
средневековье 1,660731 0,001786
среднее 0,342490 0,000368
средство 0,287682 0,000309
ссылка -0,009950 -0,000086
ссылкасведения -0,009950 -0,000011
стародубцева 3,912023 0,004206
статистик -0,009950 -0,000011
стать 0,083382 0,000269
статьислучайная -0,009950 -0,000011
статьисообществофорумсправкасвежие -0,009950 -0,000011
статья 0,020203 0,000130
статьяобсуждение -0,009950 -0,000011
статьятекущие -0,009950 -0,000011
страна 0,235722 0,002028
страница -0,009950 -0,000021
страницасодержаниеизбранные -0,009950 -0,000011
страницецитировать -0,009950 -0,000011
страницуполучить -0,009950 -0,000011
страницыслужебные -0,009950 -0,000011
строительство 0,462035 0,000497
субъективный 2,813411 0,003025
существование 0,693147 0,000745
существовать 0,020203 0,000065
сфера 0,562119 0,000604
считать 0,597837 0,000643
сша 0,562119 0,001209
сюдасвязанные -0,009950 -0,000011
таковой 1,514128 0,001628
такой 0,162519 0,000175
текст -0,009950 -0,000011
теневой 2,659260 0,002859
теория 1,049822 0,001129
термин 0,198451 0,000213
тесно 1,832581 0,001971
технология 0,400478 0,000431
товар 0,916291 0,001971
товарный -0,009950 -0,000021
товарообмен 3,912023 0,004206
торговля 0,579818 0,001247
торговый 0,597837 0,000643
тормозиться 3,506558 0,003770
традиционный 0,941609 0,003037
третичный 2,995732 0,006442
триллион 2,525729 0,002716
труд 0,597837 0,000643
увеличение 0,733969 0,000789
указание -0,009950 -0,000011
управление 0,248461 0,000267
уровень 0,150823 0,000324
условие -0,009950 -0,000043
услуга 0,755023 0,003247
устойчивый 1,427116 0,001535
участие -0,009950 -0,000021
учетный -0,009950 -0,000011
фактор 0,994252 0,003207
февраль 0,051293 0,000110
федеральный 0,462035 0,000497
феодализм 3,912023 0,004206
физический 0,798508 0,000859
финансовый 0,733969 0,001578
фонд -0,009950 -0,000011
форма 0,287682 0,001547
франций 1,139434 0,001225
фуггеров 3,506558 0,003770
хозяйственный 1,203973 0,002589
хозяйство 0,579818 0,008105
хрематистику 3,912023 0,004206
цикл 1,237874 0,001331
частный 0,634878 0,000683
человек 0,186330 0,000401
четвертичный 2,302585 0,002476
четверть 1,966113 0,002114
число 0,186330 0,000200
чистый 2,040221 0,002194
читатьправитьправить 0,494296 0,000532
чнп 3,912023 0,004206
шелк 2,995732 0,003221
экономика 0,400478 0,030143
экономикаскрытые 3,912023 0,004206
экономический 0,478036 0,008738
экспорт -0,009950 -0,000011
экстенсивный 2,995732 0,003221
электронный 0,478036 0,002056
энциклопедия -0,009950 -0,000053
эпоха 0,713350 0,001534
эра 1,514128 0,001628
южный 0,385662 0,000415
язык -0,009950 -0,000011
япония 1,897120 0,002040
