августа 0,072571 0,000078
австралия 2,040221 0,002194
автаркия 3,912023 0,004206
авторства -0,009950 -0,000011
аграрного 2,120264 0,002280
административно-командная 3,912023 0,004206
аза 3,912023 0,004206
азиатский 2,659260 0,002859
активных 2,207275 0,002373
анархо-коммунизм 3,912023 0,004206
англ 0,174353 0,000187
антирост 3,912023 0,004206
апреля 0,174353 0,000375
аристотель 2,525729 0,002716
архивировано 0,020203 0,000022
архивная 0,400478 0,003876
банковские 2,995732 0,003221
бартера 3,506558 0,003770
баш 3,506558 0,003770
безграничных 3,912023 0,004206
белорусский 2,813411 0,003025
библиографических 0,094311 0,000101
библиотек 0,967584 0,001040
библиотека 0,462035 0,000497
благ 3,912023 0,004206
блага 3,912023 0,004206
благосостояния 3,506558 0,003770
большая 0,072571 0,000234
большинство 0,597837 0,000643
бразилия 2,525729 0,002716
български 0,000000 0,000000
вавилов 3,506558 0,003770
важным 1,386294 0,001491
валовой 2,120264 0,004560
валюты 3,218876 0,003461
вашла 0,000000 0,000000
ввп 2,659260 0,017157
ведения 1,832581 0,003941
века 0,248461 0,001336
веке 0,597837 0,001286
великих 1,832581 0,001971
великобритания 2,120264 0,002280
версия -0,009950 -0,000021
весь 0,755023 0,000812
видов 0,616186 0,000663
викиданных -0,009950 -0,000011
викимедиа -0,009950 -0,000011
википедии -0,009950 -0,000021
википедия -0,009950 -0,000011
викискладепортал 2,207275 0,002373
викискладстатьи 0,891598 0,000959
викискладэлемент 2,659260 0,002859
викисловаремедиафайлы 2,120264 0,002280
викисловарьстатьи 1,347074 0,001448
виртуальная 1,897120 0,002040
внешние 0,051293 0,000055
внп 3,912023 0,004206
внутренний 2,302585 0,002476
военная 1,108663 0,001192
возникли 1,714798 0,001844
возникло 2,040221 0,002194
воспроизводятся 3,912023 0,004206
востока 1,078810 0,001160
восточноазиатская 3,506558 0,003770
впервые 0,385662 0,000415
времени 0,186330 0,000200
временном 3,506558 0,003770
всеохватывающую 3,912023 0,004206
встречается 1,203973 0,001295
вторичный 3,506558 0,007541
второе 1,272966 0,001369
второй 0,274437 0,000295
выгоды 3,506558 0,003770
выделились 3,506558 0,007541
выделяют 1,609438 0,001731
выделяются 1,386294 0,001491
выживания 3,506558 0,003770
выпущенных 2,995732 0,003221
гавров 3,912023 0,004206
географических 1,139434 0,001225
германия 1,203973 0,001295
глобальный 2,302585 0,002476
год 0,235722 0,000507
года -0,009950 -0,000021
году 0,072571 0,000078
государствах 3,218876 0,003461
государственный 0,430783 0,000463
государство 1,347074 0,001448
гранат 1,386294 0,001491
грани 2,302585 0,002476
греч 1,427116 0,001535
гуманитарии 3,912023 0,004206
дара 3,506558 0,003770
дата 0,030459 0,000033
дворец 0,967584 0,001040
дворцов 2,525729 0,002716
дворцовая 2,995732 0,003221
действовать -0,009950 -0,000011
денег 1,560648 0,001678
денежной 2,659260 0,002859
деятельности 0,446287 0,001440
деятельность 0,653926 0,001406
дистрибутизм 3,912023 0,004206
дня 0,478036 0,000514
добывали 3,506558 0,003770
добывающую 3,912023 0,004206
долларов 1,832581 0,001971
дом 0,562119 0,000604
домашнего 3,218876 0,003461
дополнительные -0,009950 -0,000011
дословно 2,659260 0,002859
доступен -0,009950 -0,000011
доход 2,659260 0,002859
древнего 1,832581 0,001971
древности 1,469676 0,001580
другие 0,030459 0,000098
других -0,009950 -0,000021
дукатов 3,912023 0,004206
европе 0,916291 0,000985
европейский 2,120264 0,002280
европейцы 3,912023 0,004206
естественной 2,525729 0,002716
животноводство 2,813411 0,003025
жизнедеятельность 3,912023 0,004206
жизни 0,562119 0,000604
журналы 1,609438 0,001731
зависимости 0,798508 0,001717
заглавная -0,009950 -0,000011
закон 0,616186 0,000663
замкнутого 3,218876 0,003461
заново 1,897120 0,002040
занято 2,040221 0,002194
записьвойти -0,009950 -0,000011
зарегистрированный -0,009950 -0,000011
зарубежные 2,120264 0,002280
заявление -0,009950 -0,000011
збекча 0,000000 0,000000
зеленая 1,771957 0,001905
земледелие 2,995732 0,003221
земледельческие 3,912023 0,004206
знак -0,009950 -0,000011
знаний 1,660731 0,003571
значения 0,105361 0,000227
извлечение 2,995732 0,003221
издание 0,776529 0,000835
индия 2,120264 0,002280
индустриальное 3,218876 0,006922
инновационная 2,813411 0,003025
инструменты -0,009950 -0,000021
интенсивные 3,218876 0,003461
инфляции 2,813411 0,003025
информационная 2,120264 0,002280
информационные 1,203973 0,001295
инфра-м 0,000000 0,000000
ирон 0,000000 0,000000
исключительно 1,272966 0,001369
испания 2,207275 0,002373
использования -0,009950 -0,000011
исследования 0,733969 0,000789
история 0,051293 0,000110
источник -0,009950 -0,000011
италия 1,609438 0,001731
итальянская 1,609438 0,003461
июля 0,116534 0,000125
июня 0,116534 0,000376
канада 2,207275 0,002373
канадская 2,120264 0,002280
капитализм 3,912023 0,008413
капитализма 2,995732 0,003221
каталогах 0,094311 0,000101
категории -0,009950 -0,000011
категория 0,916291 0,000985
качества 1,078810 0,001160
качестве 0,478036 0,000514
квартал 1,660731 0,001786
китай 0,867501 0,000933
кладовая 3,506558 0,003770
классы 2,207275 0,002373
книги 0,916291 0,001971
кносский 3,912023 0,004206
код -0,009950 -0,000086
кодекс -0,009950 -0,000011
кодистория 0,116534 0,000125
количественный 3,218876 0,003461
командная 3,218876 0,003461
коммунизм 3,218876 0,003461
конкретных 2,407946 0,002589
конкуренции 2,659260 0,002859
конфиденциальности -0,009950 -0,000011
конца 0,562119 0,000604
концу 0,994252 0,001069
копия 0,328504 0,003179
корейской 2,040221 0,002194
корея 1,897120 0,002040
короткий -0,009950 -0,000011
которая 0,287682 0,000619
которой 0,174353 0,000187
которые 0,162519 0,000175
который 0,105361 0,000113
которых 0,094311 0,000101
крестовых 3,912023 0,004206
критерием 3,218876 0,003461
кругосвет 1,560648 0,001678
крупнейшие 0,776529 0,003340
крупные 0,579818 0,000623
ксенофонт 3,506558 0,003770
кузнецы 3,506558 0,003770
куки -0,009950 -0,000011
культуры 0,462035 0,000497
къарачай-малкъар 0,000000 0,000000
кыргызча 0,000000 0,000000
лезги 0,000000 0,000000
лесоводство 3,506558 0,003770
лицензии -0,009950 -0,000011
лозовский 3,912023 0,004206
людей 0,693147 0,000745
люди 0,755023 0,000812
макроэкономика 3,912023 0,004206
макроэкономике 3,912023 0,004206
марий 2,525729 0,002716
маркетинг 3,912023 0,004206
марта 0,139262 0,000299
материал -0,009950 -0,000011
медицинского 1,714798 0,001844
мексика 2,813411 0,003025
менеджмент 3,218876 0,003461
менеджменту 3,912023 0,004206
менее 0,314711 0,000338
место 0,371064 0,000399
месяц 1,272966 0,001369
мика 0,000000 0,000000
микроэкономика 3,912023 0,004206
микроэкономике 3,912023 0,004206
мир 0,342490 0,000368
мира 0,415515 0,002234
мировая 1,897120 0,002040
мировое 2,995732 0,003221
многих 0,494296 0,000532
мобильная -0,009950 -0,000011
могут -0,009950 -0,000011
модели 1,171183 0,001259
модель 1,469676 0,001580
монгол 0,000000 0,000000
моральная 3,912023 0,004206
мютюэлизм 3,912023 0,004206
навигации -0,009950 -0,000011
навигация -0,009950 -0,000021
называемая 2,120264 0,004560
называет 2,659260 0,002859
наиболее 0,139262 0,000449
накопления 2,407946 0,002589
нами -0,009950 -0,000011
направленную 3,912023 0,004206
народное 0,798508 0,000859
населения 0,494296 0,000532
натурального 3,218876 0,006922
натуральное 3,912023 0,008413
наука 0,301105 0,000324
науке 1,897120 0,002040
наукой 2,207275 0,002373
научно-образовательный 0,967584 0,001040
научно-техническая 2,659260 0,002859
научные 1,049822 0,001129
научных 0,776529 0,000835
нацеленность 3,912023 0,004206
национальная 1,108663 0,001192
национальной 1,272966 0,001369
национальный 0,597837 0,001929
началась 0,967584 0,004162
началом 1,171183 0,001259
нашей 1,386294 0,001491
неденежная 3,912023 0,004206
некоммерческой -0,009950 -0,000011
неолитической 3,506558 0,003770
непрерывно 2,120264 0,002280
непроизводственный 3,912023 0,004206
неравенство 3,506558 0,003770
неформальная 3,912023 0,004206
низким 2,120264 0,002280
ннгу 3,506558 0,003770
номинал 2,995732 0,003221
нохчийн 0,000000 0,000000
нська 0,000000 0,000000
обеспечивающие 2,302585 0,002476
обеспечивающим 3,506558 0,003770
обмена 1,560648 0,003356
обострению 3,218876 0,003461
обрабатывающая 3,218876 0,003461
образование 0,494296 0,000532
образования 0,478036 0,000514
образовательный 2,120264 0,004560
обращении 2,995732 0,003221
обращения 0,030459 0,000033
обслуживания 1,469676 0,001580
общего 0,713350 0,000767
общества 0,776529 0,003340
обществах 2,995732 0,003221
обществе 2,040221 0,002194
общественное 1,966113 0,002114
общественные 1,609438 0,001731
общественных 1,021651 0,001099
общество 0,713350 0,001534
объединяет 1,771957 0,001905
объективных 3,506558 0,003770
обычно 0,693147 0,000745
ограниченных 3,218876 0,003461
олык 0,000000 0,000000
описание -0,009950 -0,000011
определенный 2,120264 0,002280
определяют 2,120264 0,002280
организацией 1,966113 0,002114
организации -0,009950 -0,000011
оригинала 0,162519 0,000175
орошение 3,218876 0,003461
ортса 0,000000 0,000000
основанная 2,040221 0,004388
основная 0,116534 0,000376
основные 0,223144 0,000240
остальных 1,660731 0,001786
осуществлялся 2,995732 0,003221
осуществлять 2,120264 0,002280
ответственности -0,009950 -0,000011
отдельных -0,009950 -0,000011
отказ -0,009950 -0,000011
открыли 1,237874 0,001331
открытая 1,771957 0,001905
открытие 0,941609 0,001012
открытий 2,659260 0,002859
отличие 0,891598 0,000959
отношений 1,309333 0,001408
отрасль 1,897120 0,002040
отредактирована -0,009950 -0,000011
охотой 3,506558 0,003770
охоту 3,506558 0,003770
очищенный 3,912023 0,004206
ошибкекак -0,009950 -0,000011
пастушеские 3,912023 0,004206
первичный 2,995732 0,006442
первобытная 3,912023 0,004206
первобытном 3,912023 0,004206
первобытные 3,912023 0,004206
первоначального 2,302585 0,002476
первыми 1,609438 0,001731
перейти -0,009950 -0,000021
переход 1,427116 0,001535
период 0,342490 0,000368
персональные -0,009950 -0,000011
перспективные 3,218876 0,003461
печати -0,009950 -0,000011
печать -0,009950 -0,000011
пирамид 2,659260 0,002859
планированием 3,506558 0,003770
плановая 3,912023 0,008413
планового 2,995732 0,003221
платформенная 3,912023 0,004206
племена 2,120264 0,002280
поведения -0,009950 -0,000011
подробнее -0,009950 -0,000011
позволяющего 3,912023 0,004206
поиск -0,009950 -0,000011
поиску -0,009950 -0,000011
показатель 0,713350 0,000767
политика -0,009950 -0,000011
половине 0,634878 0,000683
понимают 2,302585 0,002476
понятия 1,560648 0,001678
портал 0,342490 0,001841
портале 2,813411 0,003025
последней 1,714798 0,001844
последний -0,009950 -0,000011
постепенно 0,867501 0,000933
постиндустриальное 3,506558 0,003770
постиндустриальной 3,912023 0,004206
потребление 3,218876 0,003461
потребления 2,302585 0,007428
потребностей 2,659260 0,002859
походов 2,659260 0,002859
появились 0,579818 0,000623
появлением 1,347074 0,001448
правила 2,040221 0,002194
правило 0,891598 0,000959
правильного 3,506558 0,003770
править -0,009950 -0,000193
правкиновые -0,009950 -0,000011
правкипостоянная -0,009950 -0,000011
право 1,469676 0,001580
превратился 2,407946 0,002589
превращаться 2,525729 0,002716
превращения 2,659260 0,002859
представились -0,009950 -0,000011
представляют 1,237874 0,001331
преобладающей 3,218876 0,003461
преобладающим 2,813411 0,003025
престижная 3,506558 0,003770
привела 1,771957 0,003811
привело 1,108663 0,002384
примечания -0,009950 -0,000021
причин 1,897120 0,002040
продолжительности 2,525729 0,005432
продукт 1,660731 0,005357
продукции 1,021651 0,001099
проектах -0,009950 -0,000011
проектахзначения 1,237874 0,001331
производства 0,616186 0,001988
производство 0,941609 0,001012
производством 1,966113 0,004228
происходил 2,407946 0,002589
происходило 1,832581 0,001971
промышленная 1,771957 0,001905
промышленности 0,579818 0,000623
промышленность 0,693147 0,001491
просмотры -0,009950 -0,000011
протекают 2,407946 0,002589
противопоставлял 3,912023 0,004206
противоречивых 3,912023 0,004206
процесс 1,108663 0,001192
процессы 1,514128 0,001628
пряности 3,912023 0,004206
рабовладение 3,912023 0,004206
работы 0,314711 0,000338
рабочего 1,897120 0,002040
рабство 2,995732 0,003221
развивался 2,040221 0,002194
развитие 0,314711 0,000677
развития 0,287682 0,000928
развитых 2,302585 0,004952
разделению 2,995732 0,003221
различают 2,302585 0,004952
размеру 2,407946 0,002589
разработчики -0,009950 -0,000011
райзберг 3,912023 0,004206
распределения 2,659260 0,002859
расширению 2,813411 0,003025
реально 2,207275 0,002373
реального 2,120264 0,002280
реальные 2,407946 0,002589
реальный 1,897120 0,004080
реальным 3,218876 0,003461
революции 0,693147 0,000745
революция 1,427116 0,003069
редкими 3,218876 0,003461
реже 2,302585 0,002476
результате 0,342490 0,001105
ремесленники 3,218876 0,003461
ресурсов 0,798508 0,000859
ресурсы 0,020203 0,000022
риски 2,995732 0,003221
родственных 0,755023 0,000812
россии 0,186330 0,000200
российская 0,186330 0,000200
российские 0,994252 0,001069
российской 0,385662 0,000415
россия 0,371064 0,000399
рост 0,967584 0,006242
роста 1,386294 0,001491
ростом 2,120264 0,004560
русиньскый 0,000000 0,000000
русский -0,009950 -0,000011
рыболовство 2,407946 0,002589
рыночная 2,407946 0,007768
ряда 0,994252 0,001069
ряде 1,237874 0,002662
свободной -0,009950 -0,000011
свяжитесь -0,009950 -0,000011
связан 1,171183 0,001259
связанные 1,021651 0,001099
сектор 1,714798 0,018439
секторы 3,506558 0,007541
сельское 1,427116 0,001535
сельском 2,995732 0,003221
семьей 2,995732 0,003221
сентября 0,072571 0,000078
силу 1,021651 0,001099
систем 0,798508 0,000859
системе 0,733969 0,000789
системеобсуждениевкладсоздать -0,009950 -0,000011
системой 1,309333 0,001408
систему 0,673345 0,000724
системытипы 3,912023 0,004206
скачать -0,009950 -0,000011
складываются 3,912023 0,004206
следующие 0,544727 0,000586
словари 0,116534 0,000125
словарь 0,274437 0,000295
слово 0,673345 0,000724
сложилась 1,832581 0,001971
сложную 2,995732 0,003221
случаях -0,009950 -0,000011
смешанная 3,506558 0,007541
сначала 1,386294 0,002981
собирательством 3,912023 0,004206
собой 0,328504 0,000353
собственности 1,514128 0,001628
событияпожертвовать -0,009950 -0,000011
советская 0,371064 0,000798
совместного 2,813411 0,003025
совокупность 1,660731 0,001786
современное 1,108663 0,001192
современный 0,967584 0,001040
содержание 0,010050 0,000011
создана 0,891598 0,000959
создание 0,733969 0,000789
сокращением 2,525729 0,002716
сообщить -0,009950 -0,000011
сооружение 1,469676 0,001580
состояния 1,203973 0,001295
сохранением -0,009950 -0,000011
социализм 3,912023 0,004206
социалистическая 2,813411 0,003025
социально-ориентированная 3,912023 0,004206
социальное 2,207275 0,002373
социальные 1,660731 0,001786
социология 3,506558 0,007541
сочетании 2,525729 0,002716
союз 1,203973 0,001295
список 0,248461 0,000267
способ 1,966113 0,002114
средневековья 1,897120 0,002040
средние 0,941609 0,001012
средства 0,415515 0,000447
српски 0,000000 0,000000
српскохрватски 0,000000 0,000000
ссылками 0,186330 0,000601
ссылкасведения -0,009950 -0,000011
ссылки -0,009950 -0,000053
ставшие 2,302585 0,002476
стал 0,314711 0,000338
стало 0,494296 0,000532
стародубцева 3,912023 0,004206
статистика -0,009950 -0,000011
статьи 0,072571 0,000156
статьислучайная -0,009950 -0,000011
статьисообществофорумсправкасвежие -0,009950 -0,000011
статья 0,105361 0,000453
статьяобсуждение -0,009950 -0,000011
статьятекущие -0,009950 -0,000011
стран 0,597837 0,001929
страна 0,462035 0,000497
странами 2,207275 0,002373
странах 1,560648 0,005034
страница -0,009950 -0,000011
страницасодержаниеизбранные -0,009950 -0,000011
страницецитировать -0,009950 -0,000011
страницуполучить -0,009950 -0,000011
страницы -0,009950 -0,000011
страницыслужебные -0,009950 -0,000011
строительство 0,510826 0,000549
субъективных 3,506558 0,003770
существовала 1,386294 0,001491
существованию 3,218876 0,003461
существуют 0,162519 0,000175
существующих 1,714798 0,001844
сфера 1,347074 0,001448
считал 2,407946 0,002589
сша 0,562119 0,001209
сюдасвязанные -0,009950 -0,000011
также 0,000000 0,000000
такие 0,261365 0,000281
таковым 2,995732 0,003221
татарча 0,000000 0,000000
текст -0,009950 -0,000011
теневая 3,506558 0,003770
теории 1,514128 0,001628
термина 0,400478 0,000431
тесно 1,832581 0,001971
технологии 0,798508 0,000859
товарное 3,912023 0,004206
товарный -0,009950 -0,000011
товаров 1,049822 0,001129
товарообмен 3,912023 0,004206
товары 1,966113 0,002114
тому 1,108663 0,002384
торговли 0,867501 0,000933
торговлю 2,525729 0,002716
торговой 2,207275 0,002373
тормозится 3,506558 0,003770
традиционная 2,659260 0,005719
традиционного 2,407946 0,002589
третичный 3,218876 0,006922
триллионах 3,912023 0,004206
труда 1,139434 0,001225
увеличение 1,347074 0,001448
указанием -0,009950 -0,000011
укра 0,000000 0,000000
управление 0,527633 0,000567
уровень 0,579818 0,000623
уровня 0,634878 0,000683
условий -0,009950 -0,000011
условия -0,009950 -0,000021
условиях 1,049822 0,001129
услуг 0,967584 0,002081
услуги 0,994252 0,002138
устойчивого 2,525729 0,002716
участие -0,009950 -0,000011
участия 1,966113 0,002114
учетную -0,009950 -0,000011
факторе 3,912023 0,004206
факторов 2,040221 0,002194
факторы 2,207275 0,002373
февраля 0,051293 0,000110
федеральный 0,653926 0,000703
феодализм 3,912023 0,004206
физического 2,813411 0,003025
финансовые 1,897120 0,002040
финансовый 1,609438 0,001731
фонд -0,009950 -0,000011
форм 1,347074 0,001448
форме 0,941609 0,001012
формы 0,941609 0,003037
франция 1,560648 0,001678
фуггеров 3,506558 0,003770
хозяйства 0,755023 0,004059
хозяйстве 2,659260 0,002859
хозяйственная 2,659260 0,002859
хозяйственной 2,120264 0,002280
хозяйство 0,713350 0,005369
хрематистику 3,912023 0,004206
цикла 1,832581 0,001971
частный 1,832581 0,001971
человека 0,579818 0,000623
четверти 2,302585 0,002476
четвертичный 3,218876 0,003461
числе 0,248461 0,000267
чистый 2,120264 0,002280
читатьправитьправить 0,494296 0,000532
чнп 3,912023 0,004206
шелк 3,218876 0,003461
эконо 0,000000 0,000000
экономика 0,510826 0,022520
экономикаскрытые 3,912023 0,004206
экономике 1,714798 0,009219
экономики 0,713350 0,018409
экономическая 1,660731 0,003571
экономические 1,771957 0,005716
экономический 1,139434 0,009802
экономического 1,386294 0,002981
экономической 1,237874 0,002662
экспорт -0,009950 -0,000011
экстенсивные 3,506558 0,003770
электронная 1,237874 0,002662
электронные 1,714798 0,003688
энциклопедии -0,009950 -0,000021
энциклопедия 0,210721 0,000680
эпоха 1,771957 0,003811
эры 1,560648 0,001678
эта 0,000000 0,000000
это 0,000000 0,000000
южная 0,941609 0,001012
языках -0,009950 -0,000011
япония 1,897120 0,002040
