абсолютный 0,616186 0,000133
абу-лугод 3,912023 0,000844
абхазия 2,040221 0,000881
авар 3,912023 0,000844
август 0,072571 0,000031
августин 3,218876 0,000695
аврелий 3,912023 0,000844
австралия 1,966113 0,000849
австрия 2,659260 0,000574
автоописание 3,912023 0,000844
автор 0,462035 0,001197
автор-сост 3,218876 0,000695
авторство -0,009950 -0,000002
агиографический 3,506558 0,001514
аграрный 1,203973 0,000260
аз 2,302585 0,000497
азербайджан 2,659260 0,001148
азия 0,755023 0,001304
азорский 3,506558 0,000757
айзенштадт 3,912023 0,000844
академический 0,916291 0,000396
акротири 3,506558 0,000757
акт 1,237874 0,001069
актуальный 1,347074 0,000872
акцент 2,040221 0,000440
акцентироваться 3,912023 0,000844
аландские 3,506558 0,000757
албания 3,218876 0,000695
алг 3,912023 0,000844
александрийский 2,525729 0,000545
алексушин 3,506558 0,000757
алетейя 3,912023 0,001689
алжир 3,218876 0,000695
аллегория 3,912023 0,000844
альтернативный 1,203973 0,000260
амбазония 3,912023 0,000844
америка 1,386294 0,001496
американец 1,771957 0,000382
американский 0,994252 0,000429
амин 3,506558 0,000757
аморфный 3,912023 0,000844
анализ 0,967584 0,000209
анализировать 2,407946 0,000520
анализироваться 2,659260 0,000574
аналог 1,660731 0,000358
аналогично 2,407946 0,000520
ангилья 3,912023 0,000844
англ 0,174353 0,000263
англии 2,407946 0,000520
английский 1,309333 0,000848
англо-американские 3,912023 0,000844
ангола 3,218876 0,000695
андорра 3,506558 0,000757
анналы 3,912023 0,001689
антарктика 2,302585 0,000497
антарктический 2,659260 0,000574
антигуа 3,912023 0,000844
антикоммунистический 3,912023 0,000844
античный 2,207275 0,000476
антропология 2,659260 0,002870
антропонимика 3,912023 0,000844
апология 3,506558 0,000757
апрель 0,150823 0,000098
арабский 1,560648 0,001011
аравия 2,995732 0,000647
аргентина 2,995732 0,000647
аристотель 2,525729 0,001090
армения 2,040221 0,000881
арнольда 3,218876 0,001390
арриги 3,912023 0,000844
артефакт 2,407946 0,000520
артуре 3,912023 0,001689
аруба 3,912023 0,000844
арх 0,544727 0,000118
архаический 3,506558 0,000757
археография 3,912023 0,000844
археологический 1,309333 0,000283
археология 1,171183 0,000506
архив 0,446287 0,000289
архивировать 0,020203 0,000035
архивный 0,248461 0,000590
архивоведение 3,912023 0,000844
архитектура 0,462035 0,000100
архонтология 3,912023 0,000844
аспект 1,469676 0,000634
ассирийский 2,995732 0,000647
аттический 3,506558 0,000757
аудитория 2,407946 0,001039
аутентичный 3,912023 0,000844
афганистан 3,506558 0,000757
афинский 3,218876 0,000695
африка 1,560648 0,001347
багамский 2,995732 0,000647
бангладеш 3,506558 0,000757
бань 2,659260 0,000574
барбадос 3,912023 0,000844
барбуда 3,912023 0,000844
бахрейн 3,506558 0,000757
баш 3,506558 0,000757
безальтернативный 3,506558 0,000757
безвестность 3,912023 0,000844
безнадежный 3,912023 0,000844
беларусь 1,237874 0,000267
белиз 3,912023 0,000844
бельгия 2,525729 0,000545
бенедетто 3,912023 0,000844
бенин 3,218876 0,000695
берег 0,478036 0,000103
берлинский 2,995732 0,000647
бермуды 3,912023 0,000844
бесписьменный 3,912023 0,000844
беспристрастный 3,912023 0,000844
библиографический 0,083382 0,000018
библиотека 0,328504 0,000071
биобиблиографический 3,506558 0,000757
биографический 3,218876 0,000695
биография 2,120264 0,000458
биология 1,560648 0,000337
близкие 1,966113 0,000424
близкий 0,820981 0,000177
блок 1,347074 0,000872
бобовича 3,912023 0,001689
бог 1,832581 0,000791
божественное 3,506558 0,000757
божественный 2,995732 0,000647
божество 3,218876 0,000695
бой 1,237874 0,000267
болгария 1,272966 0,000275
боливия 3,506558 0,000757
большинство 0,342490 0,000074
большое 0,385662 0,000333
большой 0,040822 0,000088
бонайре 3,912023 0,000844
бондаренко 2,813411 0,000607
бонистика 3,506558 0,000757
боруховича 3,912023 0,000844
борьба 0,820981 0,000177
босния 2,995732 0,000647
ботсвана 3,912023 0,000844
бразилия 2,525729 0,000545
брачный 3,506558 0,001514
британский 1,469676 0,000952
бродель 3,912023 0,000844
броделя 3,912023 0,000844
брокгауза 0,328504 0,000071
бронислав 3,912023 0,000844
бруней 3,218876 0,000695
брэ 2,040221 0,000440
буганова 3,506558 0,000757
буква 1,427116 0,000616
бумажный 2,302585 0,000497
буркина-фасо 3,506558 0,000757
бурунди 3,912023 0,000844
бутан 3,506558 0,000757
бытование 3,912023 0,000844
бэкона 3,912023 0,000844
бэконом 3,912023 0,000844
бэскома 3,912023 0,000844
важный 0,494296 0,000213
валлерстайн 3,912023 0,000844
вансину 3,912023 0,000844
вануату 3,912023 0,000844
варвар 2,525729 0,000545
вариант 0,634878 0,000411
ватикан 2,659260 0,000574
введение 1,078810 0,000233
век 0,248461 0,000965
вексиллология 3,912023 0,000844
великий 0,356675 0,000154
великобритания 2,120264 0,000915
венгрия 2,120264 0,000458
венесуэла 3,506558 0,000757
верование 2,813411 0,000607
версия -0,009950 -0,000011
вес 1,560648 0,000337
вести 0,356675 0,000077
весь 0,301105 0,000130
весьма 1,514128 0,000654
вещественный 3,218876 0,000695
вещь 1,771957 0,000382
взаимодействие 1,203973 0,000780
взаимосвязь 2,525729 0,003271
взгляд 1,309333 0,001696
вид 0,061875 0,000040
видеть 1,272966 0,000275
видный 1,660731 0,000358
викиданных -0,009950 -0,000002
викимедиа -0,009950 -0,000002
википедии -0,009950 -0,000004
википедия -0,009950 -0,000006
викискладвикиновостивикицитатникэлемент 2,525729 0,000545
викискладепортал 2,207275 0,000476
викискладстатьи 0,891598 0,000192
викисловарецитаты 1,108663 0,000239
викисловарьвикипедия 1,309333 0,000283
викитекемедиафайлы 1,272966 0,000275
викитеку 1,347074 0,000291
викицитатник 1,272966 0,000275
викицитатникетексты 1,427116 0,000308
винокур 3,506558 0,000757
виргинский 3,912023 0,001689
вклад 0,994252 0,000215
включать 0,235722 0,000204
включая 0,527633 0,000683
включение 1,108663 0,000239
включить 0,634878 0,000137
власть 0,544727 0,000118
влияние 0,527633 0,000342
влиять 1,347074 0,000291
вместо 0,798508 0,000172
вмешательство 2,813411 0,000607
внести 1,021651 0,000221
внешний 0,051293 0,000011
внимание 1,108663 0,000239
внимательный 3,912023 0,000844
внутрь 3,218876 0,000695
во-вторых 2,659260 0,000574
во-первых 2,659260 0,000574
вовсе 2,525729 0,000545
военный 0,494296 0,000213
вождь 2,813411 0,000607
возведение 1,609438 0,000347
возможное 1,832581 0,000791
возможность 0,314711 0,000136
возможный 0,994252 0,000429
вознесение 2,525729 0,000545
возникновение 0,941609 0,000203
война 0,430783 0,000372
волшебный 0,030459 0,000007
воля 2,302585 0,000497
воображение 3,506558 0,000757
вообще 1,560648 0,001347
вооружить 1,609438 0,000347
вопрос 0,371064 0,001041
вопросно-ответной 3,912023 0,000844
вопросов-ответов 3,912023 0,000844
воспоминание 2,040221 0,000440
воспринимать 2,302585 0,000994
восприятие 2,659260 0,000574
воссоздание 2,525729 0,000545
восстановить 0,967584 0,000209
восток 0,494296 0,000107
восточный 0,430783 0,000093
восхваление 3,912023 0,000844
восходить 1,609438 0,000695
впервые 0,385662 0,000166
вплоть 1,108663 0,000479
временной 0,967584 0,000835
время 0,020203 0,000109
времянных 3,912023 0,000844
все 0,040822 0,000009
вселить 2,407946 0,001039
всемирный 0,891598 0,000962
всеобщий 1,237874 0,000534
всесилие 3,912023 0,000844
вскоре 1,309333 0,000283
вспомогательный 2,207275 0,001906
встречаться 0,713350 0,000154
всякий 1,832581 0,000396
втора 0,274437 0,000059
выбор 0,634878 0,000411
выборочный 2,995732 0,000647
вывести 2,120264 0,000458
вывод 1,386294 0,000299
выделение 1,832581 0,000396
выделяться 0,941609 0,000203
вызывать 1,078810 0,000233
вымпел 2,995732 0,000647
вымыслить 2,995732 0,000647
вып 0,798508 0,000172
выполнять 0,867501 0,000187
выражать 2,659260 0,000574
высвобождение 3,218876 0,000695
выстраивать 2,995732 0,000647
выстраиваться 3,218876 0,000695
выступать 0,916291 0,000593
выход 1,078810 0,000233
выявление 2,659260 0,000574
вьетнам 2,813411 0,000607
габон 3,506558 0,000757
гавайи 3,912023 0,000844
гаити 3,912023 0,000844
гайана 3,506558 0,000757
гамбия 3,506558 0,000757
гана 3,506558 0,000757
гармония 2,995732 0,000647
гарскова 3,912023 0,000844
гваделупа 3,912023 0,000844
гватемала 3,912023 0,000844
гвиана 3,912023 0,000844
гвинея 3,506558 0,002271
гвинея-бисау 3,506558 0,000757
гегель 3,218876 0,000695
гегеля 3,506558 0,000757
гей 3,912023 0,000844
гекатеем 3,912023 0,000844
геллаником 3,912023 0,000844
гендерный 3,506558 0,000757
генеалогисты 3,912023 0,000844
генеалогический 3,506558 0,003784
генеалогия 3,912023 0,003378
генетик 2,407946 0,000520
генетический 3,218876 0,001390
географический 0,356675 0,000154
география 0,415515 0,000269
георгий 1,139434 0,000246
гера 1,272966 0,000275
гераклита 3,912023 0,000844
геральдика 2,120264 0,000458
герб 0,798508 0,000172
гербоведение 3,912023 0,000844
германий 0,843970 0,000729
гернси 3,506558 0,000757
геродот 3,218876 0,004863
геродота 2,659260 0,002296
геродотовской 3,912023 0,000844
геродотом 3,912023 0,000844
геродоту 3,912023 0,000844
герцеговина 2,995732 0,000647
гибралтар 3,218876 0,000695
гизис 3,912023 0,000844
гимн 0,776529 0,000168
гипертрофировать 3,912023 0,000844
главный 0,210721 0,000045
глубина 1,139434 0,000246
глубинный 2,302585 0,000497
глубоко 1,897120 0,000409
говорят 2,040221 0,000440
год -0,009950 -0,000032
гомера 3,506558 0,000757
гондурас 3,912023 0,000844
гонконг 2,995732 0,000647
город 0,371064 0,000160
государственный 0,261365 0,000169
государство 0,579818 0,002128
гофф 3,912023 0,000844
гранат 1,386294 0,000299
граница 0,356675 0,000308
графический 1,897120 0,000409
гренада 3,912023 0,000844
гренадин 3,912023 0,000844
гренландия 2,995732 0,000647
греции 1,560648 0,000337
грецию 3,506558 0,000757
греция 2,302585 0,000497
греча 1,427116 0,000616
гринин 3,912023 0,000844
грузия 1,966113 0,000849
гуам 3,506558 0,000757
губского 3,912023 0,000844
гуманитарный 0,994252 0,000429
гуревич 3,912023 0,001689
гуревича 3,912023 0,000844
давать 0,820981 0,000177
дан 2,302585 0,000994
данилевский 3,506558 0,000757
дания 2,407946 0,000520
дата 0,030459 0,000046
датировать 1,966113 0,000424
датировка 2,525729 0,000545
датский 0,328504 0,000071
дать 0,072571 0,000047
два 0,150823 0,000065
движение 0,544727 0,000235
деградация 2,659260 0,000574
деисторизации 3,912023 0,000844
деифицированные 3,912023 0,000844
действие 0,776529 0,000503
действительное 2,659260 0,000574
действо 3,912023 0,000844
действовать -0,009950 -0,000002
декабрь 0,094311 0,000020
декелия 3,506558 0,000757
декосмологизацию 3,912023 0,000844
делать 0,867501 0,000187
деление 0,579818 0,000125
дело 0,562119 0,000121
демографический 1,609438 0,000347
демография 2,120264 0,000458
демократический 2,040221 0,000440
денежный 1,660731 0,000717
день 0,210721 0,000045
десакрализация 3,912023 0,000844
десятилетие 1,203973 0,000260
деталь 1,714798 0,000370
детерминированность 3,506558 0,000757
деяние 3,218876 0,002779
деятельность 0,342490 0,000222
джерси 3,506558 0,000757
джибути 3,506558 0,000757
джон 2,120264 0,000458
диалог 1,660731 0,001075
династия 2,207275 0,001429
динес 3,506558 0,000757
дипломатика 3,912023 0,000844
дискуссионный 2,659260 0,000574
дисциплина 1,897120 0,006552
дифференцировать 3,218876 0,000695
длина 0,579818 0,000125
длительный 1,309333 0,000283
добиться 2,040221 0,000440
добывание 3,912023 0,000844
доисторический 3,218876 0,001390
дойчера 3,912023 0,000844
доказательство 1,660731 0,000358
документ 0,415515 0,000448
документно-коммуникационной 3,912023 0,000844
документных 3,912023 0,000844
документоведение 3,912023 0,000844
должность 1,049822 0,000227
должный 0,356675 0,000154
доминика 3,506558 0,000757
доминиканский 3,506558 0,000757
дополнительный -0,009950 -0,000002
достойный 2,659260 0,000574
доступный -0,009950 -0,000004
драма 1,469676 0,000317
древнегреческий 1,832581 0,001978
древнеегипетский 3,912023 0,000844
древнекитайский 3,218876 0,000695
древнеримский 3,912023 0,000844
древний 0,653926 0,000847
древность 1,203973 0,000260
дробно -0,009950 -0,000002
друг 0,916291 0,000396
другое 0,462035 0,000299
другой -0,009950 -0,000030
дус 3,912023 0,000844
духовный 1,609438 0,000347
евмела 3,912023 0,000844
европа 0,301105 0,000325
египет 3,218876 0,001390
египте 3,506558 0,000757
единица 0,478036 0,000103
единственно 2,995732 0,000647
единственный 0,891598 0,000192
единый 0,544727 0,000235
елены 3,218876 0,000695
ерасов 3,912023 0,000844
естественный 0,776529 0,000335
ефремова 2,995732 0,000647
ефрона 0,328504 0,000071
жанр 2,207275 0,001906
женский 0,867501 0,000187
животное 0,798508 0,000345
жизнеописание 3,506558 0,000757
жизнь 0,342490 0,000148
журнал 0,301105 0,000065
забвение 3,506558 0,000757
заблуждение 2,813411 0,000607
завершать 2,525729 0,000545
зависеть 1,171183 0,000506
зависимость 0,713350 0,000308
зависимый 2,813411 0,003644
заглавный -0,009950 -0,000002
заговор 3,218876 0,000695
задавать 2,040221 0,000440
задаваться 2,813411 0,000607
задать 2,040221 0,000440
задача 0,820981 0,000532
заключаться 1,609438 0,000695
закон 0,462035 0,000100
закономерность 2,040221 0,002202
заложить 0,843970 0,000364
замбия 3,506558 0,000757
заметка 2,120264 0,000458
заметно 1,771957 0,000382
заметный 1,427116 0,000616
заниматься 0,634878 0,000137
запад 0,634878 0,000137
западный 0,462035 0,000199
записать 1,609438 0,000347
записка 1,139434 0,000492
запись 1,237874 0,000267
записьвойти -0,009950 -0,000002
заполнить 1,771957 0,000382
заполнять 2,659260 0,000574
запрос 1,021651 0,000221
зарегистрировать -0,009950 -0,000002
заслуга 1,660731 0,000358
заслуживать 3,218876 0,000695
затем 0,527633 0,000342
затмение 3,506558 0,000757
зачин 3,912023 0,000844
заявление -0,009950 -0,000004
заявлять 2,525729 0,000545
зеландия 3,218876 0,000695
землетрясение 1,897120 0,000409
земля 0,400478 0,000173
земное 2,995732 0,000647
зервана 3,912023 0,000844
зимбабве 3,912023 0,000844
знак -0,009950 -0,000006
знамя 1,386294 0,000299
знание 1,108663 0,002393
знать 1,469676 0,000317
значение 0,061875 0,000120
значимость 1,832581 0,000396
значит 1,560648 0,000337
значительно 0,510826 0,000110
значительный 0,328504 0,000142
значить 1,427116 0,000616
золотой 0,597837 0,000258
зрение 1,203973 0,001039
ибн 2,659260 0,001722
ибо 2,659260 0,000574
ивуар 3,506558 0,000757
игнорироваться 2,995732 0,000647
играть 0,867501 0,000187
идет 1,078810 0,000233
идея 1,108663 0,002154
избавление 3,506558 0,000757
известие 0,994252 0,000215
известный 0,287682 0,000186
извне 3,218876 0,001390
изд 0,314711 0,000204
издание 0,415515 0,000090
издательство 0,494296 0,000213
изложение 2,525729 0,000545
изменение 0,301105 0,000195
изменить 1,049822 0,000227
измерение 1,771957 0,000382
изнутри 3,912023 0,000844
изображение 0,693147 0,000150
изобретение 2,302585 0,000497
израиль 2,525729 0,000545
изучать 1,427116 0,001848
изучаться 2,525729 0,000545
изучение 0,713350 0,005389
иисус 2,207275 0,000476
именовать 1,560648 0,000337
иметь 0,094311 0,000204
имя 0,274437 0,000118
индеец 3,218876 0,000695
индивид 3,506558 0,000757
индий 1,609438 0,000695
индийский 1,609438 0,001390
индоевропейский 2,995732 0,000647
индонезия 2,813411 0,000607
индуистский 3,506558 0,000757
индустриальный 1,309333 0,000283
иное 1,714798 0,001110
иной 0,867501 0,001311
институт 0,371064 0,000080
инструмент -0,009950 -0,000004
инструментальный 2,995732 0,000647
интерес 1,021651 0,000662
интерпретация 2,120264 0,002288
интерпретировать 2,525729 0,000545
информатик 1,469676 0,000952
информационный 0,462035 0,000100
информация 0,162519 0,000070
ионий 3,506558 0,000757
ионийский 3,506558 0,001514
иордания 3,506558 0,000757
ирак 3,506558 0,000757
иран 2,207275 0,000476
иранский 2,407946 0,000520
ирландия 3,506558 0,000757
ирландский 2,659260 0,000574
искать 1,966113 0,000424
исключительный 2,207275 0,000476
искусственный 0,916291 0,000198
искусство 0,478036 0,000310
исландия 2,407946 0,001039
исландский 3,506558 0,000757
испания 2,207275 0,000476
испанский 2,995732 0,000647
исполнитель 1,714798 0,000370
использование -0,009950 -0,000019
использовать 0,020203 0,000031
использоваться 0,223144 0,000144
исследование 0,462035 0,001296
исследователь 0,941609 0,000406
исследовать 1,469676 0,000952
истина 2,525729 0,000545
истинность 3,912023 0,000844
истинный 2,407946 0,000520
историзации 3,912023 0,000844
историзированные 3,912023 0,000844
историзм 3,218876 0,001390
историиисторические 3,912023 0,000844
историк 1,469676 0,011420
историко-лингвистическая 3,912023 0,000844
историограф 3,506558 0,000757
историография 2,659260 0,010906
историософия 3,912023 0,000844
исторический 0,314711 0,008151
историчность 3,912023 0,001689
история 0,051293 0,001860
историянезависимые 3,912023 0,004222
историянезависимыегосударства 3,912023 0,000844
историяскрытые 3,912023 0,000844
источник -0,009950 -0,000043
источниковедение 3,506558 0,001514
италия 1,609438 0,000347
итальянский 1,139434 0,000246
итихасы 3,912023 0,000844
иудаизм 1,771957 0,000382
йемен 3,218876 0,000695
кабо-верде 3,912023 0,000844
каждый 0,261365 0,000113
казахстан 1,469676 0,000634
кайкос 3,912023 0,000844
кайман 3,912023 0,000844
какой 0,820981 0,000354
какой-либо 1,272966 0,000550
какой-то 1,560648 0,000337
каледония 3,912023 0,000844
камбоджа 3,218876 0,000695
каменский 2,659260 0,001148
камень 0,994252 0,000429
камерун 3,506558 0,000757
канада 2,207275 0,000476
канарский 3,912023 0,000844
канонический 3,506558 0,000757
канцеляризм 2,995732 0,000647
карла 1,386294 0,000299
каталог 0,094311 0,000020
катар 3,218876 0,000695
категория -0,009950 -0,000004
качество 0,287682 0,000310
квазивременной 3,912023 0,000844
квазиисторических 3,912023 0,000844
квазиисторического 3,912023 0,000844
квазиисторической 3,912023 0,000844
квазиисторическом 3,912023 0,000844
квазиистория 3,912023 0,000844
кения 3,506558 0,000757
керамик 2,659260 0,000574
киеве 2,813411 0,000607
кий 1,469676 0,000317
кипр 2,813411 0,000607
кипра 3,506558 0,000757
кирибати 3,912023 0,000844
китай 0,776529 0,000503
китайский 0,653926 0,000988
классификация 1,514128 0,000327
классифицироваться 2,659260 0,000574
классический 0,755023 0,000652
классовый 3,218876 0,000695
клинопись 3,506558 0,000757
клио 3,506558 0,000757
клиппертон 3,912023 0,000844
кндр 2,813411 0,000607
книга 0,415515 0,000359
княжити 3,912023 0,000844
кобрин 3,912023 0,000844
ковальченко 3,912023 0,000844
код -0,009950 -0,000034
кодекс -0,009950 -0,000002
кодикология 3,912023 0,000844
кодистория 0,116534 0,000025
кокосовый 3,912023 0,000844
коллега 2,813411 0,000607
коллектив 1,237874 0,000534
коллективный 2,040221 0,000440
колумбия 2,813411 0,000607
ком 1,832581 0,000396
коми 1,514128 0,000327
коммент 3,218876 0,000695
коммуникация 1,660731 0,000358
коморы 3,506558 0,000757
комплексный 1,078810 0,000233
комплектование 3,506558 0,000757
композиция 1,386294 0,000299
конго 2,659260 0,001148
конец 0,198451 0,000386
конечный 1,514128 0,000654
конквест 3,912023 0,000844
конкретный 1,171183 0,002022
конкурировать 2,995732 0,000647
конструирование 2,995732 0,000647
конструкция 1,469676 0,000317
конфессия 1,049822 0,000227
конфиденциальность -0,009950 -0,000002
конфликт 1,347074 0,000872
концепция 0,967584 0,000835
конъюнктура 2,995732 0,000647
копие 0,223144 0,000433
кораблевой 3,912023 0,000844
корейский 1,832581 0,000396
корень 1,609438 0,000695
корея 1,897120 0,000409
коринтиаки 3,912023 0,000844
королевский 2,659260 0,000574
король 2,120264 0,000915
коротаев 3,506558 0,000757
короткий -0,009950 -0,000002
косвенный 2,995732 0,000647
космогонический 3,506558 0,000757
космогония 3,912023 0,000844
космологический 3,912023 0,017732
космология 3,218876 0,001390
космос 1,237874 0,000267
косово 3,506558 0,000757
коста-рика 3,506558 0,000757
который 0,000000 0,000000
краеведение 2,040221 0,000440
крак 3,912023 0,000844
краткий 0,653926 0,000141
кризис 1,386294 0,000299
критиковать 2,813411 0,000607
кром 0,235722 0,000051
кронос 3,912023 0,000844
кроче 3,912023 0,000844
куб 2,120264 0,000458
кувейт 3,506558 0,000757
кука 3,912023 0,000844
куки -0,009950 -0,000002
культ 2,813411 0,001215
культура 0,356675 0,001155
культурно-исторический 2,525729 0,000545
культурный 0,597837 0,000774
культурология 3,218876 0,000695
кыргызстан 2,120264 0,000458
кюрасао 3,912023 0,000844
кюрин 3,912023 0,000844
лагерь 1,514128 0,000327
лаос 3,218876 0,000695
лаппо-данилевский 3,912023 0,001689
ларин 2,407946 0,000520
латвия 2,302585 0,000497
латы 1,771957 0,000765
легенда 1,469676 0,001903
легковерие 3,912023 0,000844
легкость 2,813411 0,000607
ленин 0,755023 0,000163
леопольд 3,506558 0,000757
лесото 3,912023 0,000844
летию 1,078810 0,000233
летопись 1,237874 0,000534
либерия 3,506558 0,000757
ливан 3,218876 0,000695
ливия 2,995732 0,001293
лимму 3,912023 0,000844
лингвистический 2,525729 0,000545
линейный 1,714798 0,000740
лисейцев 3,912023 0,000844
литва 2,120264 0,000458
литература 0,051293 0,000044
литлтона 3,912023 0,000844
литовский 1,203973 0,000260
лихтенштейн 3,506558 0,000757
лицензия -0,009950 -0,000002
лицо 0,673345 0,000145
личной 1,469676 0,000634
лишь 0,478036 0,000516
логический 1,832581 0,000791
логограф 3,912023 0,002533
локализоваться 3,912023 0,000844
локальный 0,673345 0,000145
любое 1,139434 0,000246
любой 1,386294 0,000598
любопытство 3,912023 0,000844
люксембург 2,659260 0,000574
люсьен 3,912023 0,001689
лях 3,506558 0,000757
маврикий 3,912023 0,000844
мавритания 3,506558 0,000757
мадагаскар 3,506558 0,000757
мадейра 3,912023 0,000844
маздеизм 3,912023 0,000844
май 0,127833 0,000028
майотта 3,912023 0,000844
макао 2,995732 0,000647
македония 2,813411 0,000607
максимально 2,525729 0,000545
малави 3,912023 0,000844
малайзия 2,995732 0,000647
мали 3,506558 0,000757
малиновский 3,912023 0,000844
малиновского 3,912023 0,000844
мало 0,579818 0,000125
малый 0,139262 0,000090
мальдивы 3,506558 0,000757
мальта 2,995732 0,000647
манипулятивных 3,912023 0,000844
манихейство 3,912023 0,000844
марианский 3,912023 0,000844
маркер 2,813411 0,000607
маркс 1,309333 0,000565
марксистский 3,218876 0,002084
марокко 3,218876 0,000695
март 0,116534 0,000025
мартиника 3,912023 0,000844
маршаллов 3,912023 0,000844
масса 0,916291 0,000198
массовый 0,494296 0,000107
мастерство 2,407946 0,000520
масштаб 1,108663 0,000239
материал -0,009950 -0,000019
материальный 1,514128 0,000654
матрица 2,525729 0,000545
махабхарата 3,912023 0,000844
медицина 1,309333 0,000283
междисциплинарный 2,525729 0,000545
международный 0,385662 0,000083
мексика 2,813411 0,000607
мелилья 3,912023 0,000844
мера 0,820981 0,000532
местный 0,478036 0,000103
место 0,139262 0,000120
металл 1,272966 0,000275
метод 1,049822 0,003172
методология 2,407946 0,002079
метрология 3,218876 0,000695
микелон 3,912023 0,000844
микронезия 2,659260 0,000574
милетский 3,912023 0,000844
мир 0,094311 0,000183
мир-системный 3,912023 0,000844
мировая 0,527633 0,000114
мировоззрение 2,407946 0,001039
мировоззренческий 2,995732 0,000647
мироздание 3,506558 0,000757
мистерия 3,506558 0,000757
миф 1,966113 0,012731
мифический 2,995732 0,000647
мифоисторической 3,912023 0,000844
мифолог 3,912023 0,000844
мифологизация 3,912023 0,000844
мифологизировать 3,912023 0,000844
мифологический 2,995732 0,007113
мифология 2,302585 0,001988
мифопоэтический 3,218876 0,007642
мнение 0,634878 0,000411
мнить 3,912023 0,000844
многие 0,356675 0,000231
многий 1,237874 0,000267
мобильный -0,009950 -0,000002
моделировать 3,912023 0,000844
модель 0,891598 0,000577
мое 2,407946 0,000520
мозамбик 3,506558 0,000757
молдова 2,525729 0,000545
монако 3,218876 0,000695
монголия 2,525729 0,000545
монета 0,994252 0,000215
монетный 2,525729 0,000545
монтсеррат 3,912023 0,000844
морфемный 3,912023 0,000844
московский 0,527633 0,000228
мотивация 3,912023 0,001689
мочь -0,009950 -0,000015
мужской 1,108663 0,000239
музейный 1,514128 0,000327
мыслитель 2,659260 0,001148
мысль 1,469676 0,000952
мьянма 2,995732 0,000647
мэн 3,506558 0,000757
наблюдатель 2,525729 0,000545
наблюдаться 0,755023 0,000326
навасса 3,912023 0,000844
навигация -0,009950 -0,000006
наградной 3,912023 0,000844
надежный 2,120264 0,000458
наделяться 3,218876 0,000695
надпись 1,660731 0,000717
название 0,105361 0,000045
называть 0,174353 0,000113
называться 0,328504 0,000142
наиболее 0,139262 0,000120
найти 0,733969 0,000475
накопление 2,120264 0,000458
намибия 3,506558 0,000757
написание 1,514128 0,000327
написать 0,867501 0,000187
наподобие 2,525729 0,000545
направление 0,385662 0,000416
направлять 2,525729 0,000545
например 0,328504 0,000922
напротив 1,237874 0,000267
народ 0,579818 0,000751
нарратив 3,912023 0,007599
нарративный 3,912023 0,000844
насколько 2,525729 0,000545
наследие 0,713350 0,000616
наследственный 3,506558 0,000757
настаивать 2,995732 0,000647
настоящее 0,287682 0,000124
наука 0,235722 0,002239
науковедческий 3,912023 0,000844
науру 3,912023 0,000844
научность 3,506558 0,000757
научный 0,248461 0,000644
находить 1,560648 0,000337
находиться 0,174353 0,000075
нахождение 2,040221 0,000440
национальный 0,342490 0,000148
нацистский 2,995732 0,000647
начало 0,116534 0,000201
начальный 0,967584 0,000209
начинать 1,049822 0,000453
начинаться 0,527633 0,000114
начиная 0,733969 0,000317
невис 3,912023 0,000844
невозможный 2,659260 0,000574
недавний 3,218876 0,000695
недифференцированно 3,912023 0,000844
недифференцированный 3,912023 0,000844
недоступный 0,446287 0,000096
независимость 1,966113 0,000424
независимый 1,049822 0,000453
некоммерческий -0,009950 -0,000002
некоторые 0,127833 0,000110
некоторый 1,237874 0,000534
немецкий 0,798508 0,000172
немногие 3,506558 0,000757
немыслимый 3,912023 0,000844
необходимо 1,237874 0,000267
непал 3,506558 0,000757
непосредственно 0,478036 0,000310
непреднамеренно 3,912023 0,000844
непризнанный 2,813411 0,001822
непримиримый 3,912023 0,000844
нерабочий 0,994252 0,000215
нередко 1,108663 0,000239
несакральной 3,912023 0,000844
несакральный 3,912023 0,000844
несакральным 3,912023 0,000844
несказочной 3,912023 0,000844
несказочный 3,912023 0,000844
несказочным 3,912023 0,000844
несколько 0,116534 0,000101
несмотря 0,755023 0,000163
несостоятельность 3,506558 0,000757
нефедов 3,912023 0,000844
нигер 3,506558 0,000757
нигерия 2,995732 0,000647
нидерланды 2,525729 0,000545
никакой 1,609438 0,000347
никарагуа 3,912023 0,000844
николаос 3,912023 0,000844
никто 2,120264 0,000458
нисходить 3,912023 0,000844
нисхождение 3,912023 0,000844
ниуэ 3,912023 0,000844
новеллистический 3,912023 0,000844
новое 0,287682 0,000124
новый 0,083382 0,000180
нольте 3,912023 0,000844
норвегия 2,659260 0,000574
норвежский 0,248461 0,000054
норма 0,597837 0,000129
норфолк 3,506558 0,000757
носитель 2,040221 0,001761
ноябрь 0,127833 0,000083
нужно 1,049822 0,000227
нумизматика 1,966113 0,000424
нутка 3,912023 0,000844
оаэ 3,218876 0,000695
оба 0,597837 0,000516
обзор 1,078810 0,000233
обилие 2,407946 0,000520
обладать 0,843970 0,000364
область 0,150823 0,000228
обогащение 2,813411 0,000607
обозначать 1,609438 0,001042
обработать 2,995732 0,000647
образ 0,287682 0,000248
образец 1,203973 0,000520
образование 0,356675 0,000077
обратный 2,040221 0,000881
обращаться 2,040221 0,000440
обращение 0,030459 0,000066
обряд 2,659260 0,000574
обсуждать 2,302585 0,000994
обширный 1,078810 0,000233
общее 0,301105 0,000130
общественный 0,494296 0,000427
общество 0,415515 0,000628
общий 0,186330 0,000241
объединение 0,776529 0,000168
объект 0,235722 0,000153
объективный 2,207275 0,000476
объем 0,400478 0,000086
объяснение 1,897120 0,000819
объяснить 1,966113 0,000424
объяснять 1,832581 0,000396
объясняться 1,560648 0,000337
обычно 0,693147 0,001346
обычный 1,347074 0,000291
обязательный 1,427116 0,000308
овладеть 3,506558 0,000757
огиз 3,218876 0,000695
ограничить 0,653926 0,000141
один 0,051293 0,000133
одиссея 2,813411 0,000607
однако 0,174353 0,000113
одновременно 0,776529 0,000168
ожегов 3,218876 0,001390
означать 0,798508 0,000345
оказать 1,427116 0,000616
оказаться 0,820981 0,000177
океан 0,994252 0,000644
океания 2,525729 0,001635
октябрь 0,072571 0,000016
оман 3,218876 0,000695
ономастика 2,813411 0,000607
опасный 1,272966 0,000824
операция 0,776529 0,000335
опираться 1,560648 0,000337
описание -0,009950 -0,000052
описать 1,347074 0,000291
описывать 1,427116 0,001232
описываться 1,966113 0,000424
оппонент 3,218876 0,000695
определение 0,967584 0,000627
определить 0,527633 0,000683
определять 0,867501 0,000187
определяться 1,078810 0,000233
опровергать 3,912023 0,001689
опыт 1,427116 0,000308
организация -0,009950 -0,000006
орфографический 2,813411 0,000607
освоение 1,309333 0,000283
осетия 2,659260 0,001148
осипов 0,527633 0,000114
основа 0,210721 0,000136
основание 0,494296 0,000107
основатель 0,967584 0,000209
основное 0,235722 0,000305
основной 0,040822 0,000062
особенно 0,562119 0,000485
особенность 0,693147 0,000898
особый 0,776529 0,000335
оставаться 0,544727 0,000353
остаток 1,203973 0,000260
остаться 0,867501 0,000187
осторожно 3,506558 0,000757
осторожность 3,506558 0,000757
остро 2,995732 0,000647
остров 0,820981 0,003367
осуществить 1,237874 0,000267
ось 2,207275 0,000476
отв 0,755023 0,000163
отвергать 2,813411 0,000607
ответ 0,941609 0,001423
ответить 2,659260 0,000574
ответственность -0,009950 -0,000002
отделить 1,966113 0,000424
отдельный -0,009950 -0,000011
отец 2,040221 0,000881
отказ -0,009950 -0,000002
открывать 1,771957 0,000382
отличаться 0,342490 0,000148
отличие 0,798508 0,000517
отнести 1,560648 0,000674
относить 1,469676 0,000317
относиться 0,328504 0,000638
отношение 0,430783 0,000651
отобрать 2,995732 0,000647
отождествляться 3,506558 0,000757
отражать 1,309333 0,000565
отразить 1,832581 0,000396
отрасль 0,653926 0,000423
отредактировать -0,009950 -0,000002
отрезок 3,218876 0,000695
отрицание 3,506558 0,000757
отрицательный 2,120264 0,000458
отрицать 2,813411 0,000607
оттиск 3,506558 0,000757
отчасти 2,302585 0,000994
официальный 0,356675 0,000077
охватывать 1,237874 0,000802
охотники-собиратели 3,912023 0,000844
оценка 0,400478 0,000605
очевидец 3,218876 0,001390
очень 0,494296 0,000107
очередь 0,510826 0,000110
ошибаться 3,912023 0,000844
ошибка 0,994252 0,000429
ошибкекак -0,009950 -0,000002
падение 1,560648 0,000337
пайпс 3,912023 0,000844
пакистан 3,218876 0,000695
палау 3,912023 0,000844
палеография 3,912023 0,000844
палермский 3,912023 0,000844
палестина 3,506558 0,000757
памяти 1,078810 0,000233
памятник 0,597837 0,000516
память 0,820981 0,001240
панама 3,218876 0,000695
папирология 3,912023 0,000844
папирус 2,995732 0,000647
папуа 3,912023 0,000844
пар 1,309333 0,000283
парагвай 3,912023 0,000844
пасха 2,995732 0,000647
пелопоннесский 3,912023 0,001689
первобытный 2,995732 0,000647
первое 0,150823 0,000130
первоисточник 3,912023 0,000844
первоначально 1,203973 0,000260
первоначальный 1,203973 0,000260
первоочередной 2,813411 0,000607
первопредок 3,912023 0,000844
первый 0,162519 0,000140
переве 3,912023 0,000844
переживать 2,207275 0,000476
перейти -0,009950 -0,000013
перенаправляться 1,560648 0,000337
перенести 0,994252 0,000215
переписывание 3,912023 0,000844
перераб 1,609438 0,000347
переть 1,108663 0,000479
переход 0,653926 0,000847
переходить 1,237874 0,000267
период 0,274437 0,000889
периодизация 3,506558 0,002271
перо 2,407946 0,000520
персонаж 2,407946 0,001559
персональный -0,009950 -0,000002
персонифицировать 3,218876 0,000695
песнь 1,469676 0,000317
печатание 3,912023 0,000844
печать -0,009950 -0,000006
писать 0,820981 0,000354
писаться 2,813411 0,000607
письменность 2,407946 0,001559
письменный 1,660731 0,001434
письмо 1,237874 0,000267
питкэрн 3,912023 0,000844
план 0,527633 0,000342
племя 1,514128 0,000327
плод 2,407946 0,001039
плоскость 2,813411 0,000607
плохой 2,040221 0,000440
площадь 0,385662 0,000083
по-прежнему 1,966113 0,000424
поведение -0,009950 -0,000006
повествование 2,813411 0,004858
повествовательный 3,218876 0,000695
повествоваться 3,912023 0,000844
повести 1,832581 0,000396
повлиять 1,609438 0,000347
повторять 2,302585 0,000497
погодный 2,302585 0,000497
подвергаться 1,609438 0,000347
подлинность 2,995732 0,000647
подлинный 2,813411 0,001215
подобное 1,832581 0,000396
подобный 0,994252 0,000215
подступ 2,659260 0,000574
подтвердить 1,309333 0,000283
подтверждать 1,560648 0,000674
подтверждение 1,771957 0,000382
подход 0,994252 0,001073
подчеркивать 2,120264 0,000458
позволить 0,967584 0,000209
позволять 0,462035 0,000199
поздний 1,171183 0,000253
поздно 0,713350 0,000154
познание 2,659260 0,001722
познать 3,506558 0,000757
поиск -0,009950 -0,000009
пойти 1,897120 0,000409
показание 3,912023 0,001689
показатель 0,494296 0,000107
показать 0,891598 0,000192
поколение 1,203973 0,000780
полезность 3,912023 0,000844
полезный 1,203973 0,000260
полетаев 3,912023 0,004222
полибий 3,912023 0,000844
полинезия 2,659260 0,000574
политик -0,009950 -0,000004
политически 3,218876 0,000695
политический 0,597837 0,001032
политология 3,506558 0,000757
полно 3,506558 0,000757
полностью 0,400478 0,000259
полноценный 1,771957 0,000382
полный 0,328504 0,000142
половина 0,430783 0,000093
положительный 1,771957 0,000382
получать 0,916291 0,000198
получение 1,203973 0,000260
получить 0,150823 0,000065
пользоваться 1,139434 0,000246
польша 1,966113 0,000424
поместить 1,609438 0,000695
помимо 0,562119 0,000121
помогать 1,897120 0,000409
понимание 1,560648 0,002358
пониматься 1,966113 0,000424
понятие 0,967584 0,001462
попасть 1,049822 0,000227
популярный 0,891598 0,000192
породить 2,525729 0,000545
порождать 2,525729 0,001090
порождение 3,218876 0,000695
порталстатьи 2,040221 0,000440
португалия 2,813411 0,000607
посвятить 0,634878 0,000137
поскольку 0,941609 0,000406
последнее 0,843970 0,000546
последний -0,009950 -0,000006
последователь 2,302585 0,000497
последовательность 2,302585 0,001491
последовательный 2,525729 0,001090
последующее 1,714798 0,000370
последующий 1,272966 0,000275
пособие 1,514128 0,000327
поставлять 2,525729 0,000545
постижение 3,218876 0,001390
постиндустриальный 2,813411 0,000607
постоянная 0,843970 0,000364
построение 1,560648 0,000674
построить 0,301105 0,000065
поступок 3,506558 0,001514
потерять 1,386294 0,000299
похоронный 3,506558 0,000757
поэзия 2,407946 0,000520
поэма 2,302585 0,000994
поэтому 0,616186 0,000399
появиться 0,248461 0,000107
появление 0,653926 0,000565
правда 0,820981 0,000177
правдивый 3,912023 0,000844
правило 0,478036 0,001032
правильно 2,302585 0,000497
правильность 2,659260 0,000574
править -0,009950 -0,000073
правкиновые -0,009950 -0,000002
правкипостоянная -0,009950 -0,000002
право 0,314711 0,000204
правовой 1,021651 0,000441
праздник 1,203973 0,000260
практик 1,049822 0,000906
практический 1,560648 0,000674
превращаться 1,660731 0,000358
превращение 2,207275 0,000476
предание 1,771957 0,003442
предвзятость 3,912023 0,001689
предел 0,400478 0,000346
предзнаменование 3,912023 0,000844
предлагать 1,514128 0,000327
предмет 0,713350 0,000770
предметный 2,659260 0,000574
предок 1,832581 0,000396
предполагать 1,171183 0,000253
предполагаться 1,078810 0,000233
предрассудок 3,912023 0,000844
представить 0,328504 0,000142
представиться -0,009950 -0,000002
представление 0,776529 0,001006
представлять 0,328504 0,000213
предшествовать 1,771957 0,001147
предыдущее 2,040221 0,000440
преимущественно 0,776529 0,000168
преобладать 0,713350 0,000154
преодолевать 3,506558 0,000757
преодоление 2,407946 0,000520
преподавание 2,525729 0,000545
претендовать 1,897120 0,000819
привлекательный 2,659260 0,000574
приводиться 2,407946 0,000520
придать 2,407946 0,000520
приднестровье 3,218876 0,000695
придти 0,755023 0,000326
прием 1,347074 0,000872
признак 1,714798 0,000370
признать 0,494296 0,000213
прим 2,407946 0,001039
применение 0,967584 0,000627
применяться 1,139434 0,000492
пример 0,527633 0,000114
примерно 0,634878 0,000274
примечание -0,009950 -0,000004
примыкать 1,386294 0,000299
принадлежать 0,755023 0,000489
принсипи 3,912023 0,000844
принцип 0,867501 0,000562
природный 0,510826 0,000110
пристрастный 3,912023 0,000844
присутствовать 1,021651 0,000221
присяга 2,659260 0,000574
причина 0,562119 0,000485
причинно-следственных 3,506558 0,000757
причинность 3,506558 0,000757
проблема 0,274437 0,000237
проведение 0,673345 0,000291
проверить 0,478036 0,000103
провести 0,579818 0,000125
провиденциалистский 3,912023 0,000844
проводиться 0,653926 0,000141
прогностический 3,912023 0,000844
прогресс 1,309333 0,000848
продолжать 1,049822 0,000680
продолжение 1,347074 0,000291
продолжительность 1,021651 0,000221
продукт 0,634878 0,000137
проект -0,009950 -0,000006
проза 2,659260 0,001722
производиться 1,108663 0,000239
произойти 0,430783 0,000279
происходить 0,328504 0,000071
происхождение 0,776529 0,000838
происшествие 2,207275 0,000476
пройти 0,544727 0,000235
промежуточный 1,771957 0,000382
пропаганда 2,525729 0,000545
просмотр -0,009950 -0,000002
просто 1,171183 0,000506
пространства-космоса 3,912023 0,000844
пространство 0,634878 0,000685
против 0,798508 0,000172
противоположный 2,407946 0,000520
протяжение 0,843970 0,000364
проф 1,771957 0,000382
профессиональный 0,733969 0,000475
процедура 1,714798 0,000370
процесс 0,415515 0,000717
прочие 0,798508 0,000172
прошлое 0,673345 0,003488
проявить 2,120264 0,000458
проявление 1,897120 0,001228
прусский 3,218876 0,000695
прямая 0,867501 0,000187
псевдоархеология 3,912023 0,000844
псевдоистории 3,912023 0,000844
псевдоистория 3,912023 0,003378
псевдолингвистика 3,912023 0,000844
психоистория 3,912023 0,000844
психологический 2,659260 0,000574
психология 2,302585 0,001491
публикация 1,272966 0,000275
публичный 1,078810 0,000466
пурана 3,912023 0,001689
путать 1,714798 0,000370
путь 0,261365 0,000282
пуэрто-рико 3,912023 0,000844
пытаться 1,237874 0,000534
работа 0,127833 0,000110
работать 0,314711 0,000068
рабочий 0,597837 0,000129
равно 2,040221 0,000440
радикальный 2,207275 0,000476
разбиение 3,506558 0,000757
развиваться 0,597837 0,000258
развитие 0,127833 0,000441
развить 0,616186 0,000266
разграничение 2,813411 0,000607
раздел 0,342490 0,000148
разделение 1,021651 0,000441
разделять 1,609438 0,000695
различаться 2,040221 0,000440
различие 1,714798 0,001110
различный 0,116534 0,000252
размышление 2,525729 0,000545
разниться 3,506558 0,000757
разный 0,314711 0,000340
разработчик -0,009950 -0,000002
разрыв 2,525729 0,000545
рамаяна 3,912023 0,000844
рамка 0,478036 0,000929
рана 0,776529 0,000168
ранг 2,525729 0,000545
ранка 3,912023 0,001689
ранне-исторические 3,912023 0,000844
раннеисторический 3,912023 0,010133
ранний 0,733969 0,000951
рано 0,261365 0,000113
распространение 0,891598 0,000385
распространить 0,616186 0,000133
распространиться 2,302585 0,000497
распрямление 3,912023 0,000844
рассказ 1,514128 0,001634
рассказчик 3,912023 0,001689
рассказывать 1,832581 0,000396
рассматривать 1,237874 0,000802
рассматриваться 1,203973 0,001039
расспрашивание 3,912023 0,001689
расспрос 3,912023 0,001689
рационализация 3,218876 0,000695
рационалистически 3,912023 0,000844
рационалистический 2,813411 0,000607
реальность 2,207275 0,000476
реальный 0,967584 0,000627
регион 0,385662 0,000333
ред 0,235722 0,000356
редкол 2,659260 0,000574
результат 0,174353 0,000113
религиозный 0,891598 0,000962
религия 0,755023 0,000163
рема 3,506558 0,000757
ремесло 1,714798 0,000370
репрезентация 3,912023 0,000844
республика 0,527633 0,000797
ресурс 0,020203 0,000009
ретроспективно 3,912023 0,000844
речь 1,514128 0,000654
решать 1,469676 0,000317
решение 0,328504 0,000071
реюньон 3,912023 0,000844
рим 3,506558 0,000757
римлянин 2,995732 0,000647
римский 1,897120 0,000409
ритм 2,659260 0,000574
ритуал 3,218876 0,000695
ритуальный 2,813411 0,000607
рогожина 3,506558 0,000757
род 0,843970 0,000182
родительский 2,995732 0,000647
родовой 3,218876 0,001390
родоначальник 2,995732 0,000647
родственный 0,579818 0,000375
родство 2,995732 0,001293
рождение 1,078810 0,000233
рождество 1,660731 0,000358
роль 0,494296 0,000533
ромул 3,912023 0,000844
российский 0,105361 0,000068
россия 0,174353 0,000188
росспэн 0,994252 0,000215
рост 0,597837 0,000129
руанда 3,506558 0,000757
рукописный 2,659260 0,000574
румыния 2,120264 0,000458
русский -0,009950 -0,000021
рынок 0,713350 0,000154
ряд 0,223144 0,000385
саба 3,912023 0,000844
савельева 3,506558 0,003784
сага 3,506558 0,001514
сакрализовать 3,912023 0,000844
сакральность 3,912023 0,001689
сакральный 3,506558 0,004541
сальвадор 3,506558 0,000757
сам 0,162519 0,000175
самоа 3,912023 0,001689
самостоятельный 0,820981 0,000177
самоуправление 0,891598 0,000192
самый 0,174353 0,000038
сан-марино 3,218876 0,000695
сан-томе 3,912023 0,000844
сандвичевы 3,506558 0,000757
сантус 3,912023 0,000844
саратов 0,967584 0,000209
саратовский 1,966113 0,000424
саудовский 2,995732 0,000647
саха 2,813411 0,000607
сахарский 3,912023 0,000844
сбор 1,347074 0,000291
сборник 0,597837 0,000129
сведение 0,579818 0,000501
светский 2,659260 0,000574
свидетель 2,813411 0,000607
свидетельская 3,912023 0,000844
свидетельство 1,714798 0,000740
свидетельствовать 1,386294 0,000299
свобода 1,108663 0,000239
свободный -0,009950 -0,000006
сводной 2,525729 0,000545
свое 0,287682 0,000062
свой 0,150823 0,000065
свойственно 3,506558 0,000757
связать 0,174353 0,000301
связаться -0,009950 -0,000002
связывать 0,916291 0,000593
связь 0,174353 0,000339
святой 0,755023 0,000163
священный 1,897120 0,000819
себя 0,198451 0,000043
северные 1,171183 0,000253
северный 0,385662 0,000416
сейшельский 3,912023 0,000844
сексуальный 3,218876 0,000695
сельский 0,634878 0,000137
семь 0,820981 0,000177
семья 0,843970 0,000182
сен-бартельми 3,912023 0,000844
сен-мартен 3,912023 0,000844
сен-пьер 3,912023 0,000844
сенегал 3,218876 0,000695
сент-винсент 3,912023 0,000844
сент-китс 3,912023 0,000844
сент-люсия 3,912023 0,000844
сентябрь 0,072571 0,000063
сепира 3,912023 0,001689
сербия 2,525729 0,000545
середина 0,356675 0,000077
серия 0,713350 0,000616
сеута 3,912023 0,000844
сиде 3,912023 0,000844
сила 0,494296 0,000213
сильно 0,755023 0,000326
сингапур 2,813411 0,000607
синт-мартен 3,912023 0,000844
синт-эстатиус 3,912023 0,000844
сирия 3,218876 0,000695
система 0,051293 0,000044
систематический 2,040221 0,000440
системеобсуждениевкладсоздать -0,009950 -0,000002
ситуация 0,693147 0,000150
сказка 1,660731 0,000717
сказочный 2,995732 0,002586
скачать -0,009950 -0,000002
скворцова 3,912023 0,000844
скоро 1,560648 0,000337
скотта 3,218876 0,000695
слабость 3,912023 0,000844
слава 0,941609 0,000203
славянский 1,386294 0,000299
след 1,427116 0,000308
следзевский 3,912023 0,000844
следование 2,120264 0,000915
следовать 0,235722 0,000153
следствие 1,560648 0,001011
следует 0,755023 0,000815
слепой 1,771957 0,000382
словакия 2,659260 0,000574
словарь 0,094311 0,000122
словения 2,525729 0,000545
слово 0,210721 0,000637
словообразовательный 3,218876 0,001390
сложение 2,659260 0,000574
служба 0,527633 0,000114
случай -0,009950 -0,000017
смежный 2,207275 0,000953
смерть 1,609438 0,000347
смешивать 3,912023 0,000844
смысл 1,272966 0,001374
сначала 1,386294 0,000299
собрание 0,634878 0,000137
собрать 1,386294 0,000299
собственно 1,386294 0,001197
собственный 0,446287 0,000674
событие 0,733969 0,004436
событияпожертвовать -0,009950 -0,000002
совершать 2,407946 0,000520
совершить 0,994252 0,000215
советский 0,261365 0,000113
совмещение 3,912023 0,000844
совокупность 1,469676 0,001269
современник 1,609438 0,000695
современность 1,386294 0,000898
современный 0,150823 0,000260
согласие 1,897120 0,000409
согласно 0,301105 0,000130
содержание 0,010050 0,000009
содержать 0,634878 0,000137
соединение 1,237874 0,000267
создаваться 1,078810 0,000466
создавашие 3,912023 0,000844
создание 0,301105 0,000390
создать 0,210721 0,000045
сознание 1,897120 0,000409
соломонов 3,506558 0,000757
сомали 3,506558 0,000757
сомалиленд 3,912023 0,000844
сомневаться 2,995732 0,000647
сомнение 2,040221 0,001321
сообщение 0,478036 0,000206
сообщить -0,009950 -0,000002
соответственно 1,021651 0,000221
соответствовать 0,371064 0,000320
соотнести 3,912023 0,000844
соотносить 3,218876 0,000695
соотношение 1,560648 0,001347
сопоставление 2,525729 0,000545
сопровождаться 1,609438 0,000347
сопрячь 2,813411 0,000607
соседний 1,203973 0,000260
сост 0,597837 0,000129
состав 0,248461 0,000107
составить 0,400478 0,000432
составлять 0,198451 0,000214
составной 1,966113 0,000424
сотворение 2,995732 0,000647
сохранение -0,009950 -0,000006
сохранить 1,171183 0,000253
сохранять 1,427116 0,000924
сохраняться 1,108663 0,000239
социально-экономический 2,995732 0,000647
социальный 0,527633 0,001025
социокультурный 2,995732 0,000647
социология 2,659260 0,001148
социум 3,218876 0,000695
сочетать 2,040221 0,000440
сочинение 1,771957 0,002677
спб 0,385662 0,000250
спекуляция 3,506558 0,000757
специалист 0,755023 0,000489
специальный 0,415515 0,000179
список 0,210721 0,000227
спор 2,040221 0,000440
спорный 1,514128 0,000327
спорт 0,713350 0,000154
способ 1,078810 0,000931
способный 1,309333 0,000283
способствовать 0,867501 0,000374
среда 0,385662 0,000083
среди 0,198451 0,000086
средиземноморье 2,813411 0,000607
средневековый 1,386294 0,000898
среднее 0,342490 0,000148
средство 0,287682 0,000062
ссср 0,314711 0,000068
ссылка -0,009950 -0,000030
ссылкасведения -0,009950 -0,000002
стабильный 0,820981 0,000177
ставить 1,469676 0,000952
ставиться 2,207275 0,000476
стадий 1,660731 0,000358
сталь 0,415515 0,000269
становиться 0,415515 0,000269
становление 1,237874 0,001336
старый 0,314711 0,000272
статистик -0,009950 -0,000002
статический 3,218876 0,000695
стать 0,083382 0,000144
статьевикипедия 1,660731 0,000358
статьестатьи 0,843970 0,000182
статьислучайная -0,009950 -0,000002
статьисообществофорумсправкасвежие -0,009950 -0,000002
статья 0,020203 0,000044
статьяобсуждение -0,009950 -0,000002
статьятекущие -0,009950 -0,000002
стб 2,995732 0,000647
стен 0,967584 0,000209
степень 0,673345 0,000291
стефанова 3,506558 0,000757
стилистика 2,813411 0,000607
стилистический 2,525729 0,000545
стиль 0,673345 0,000145
столетие 1,469676 0,000317
сторона 0,235722 0,000102
сторонний 2,525729 0,000545
стоять 1,386294 0,000299
страна 0,235722 0,000356
странамстраны 3,912023 0,000844
страница -0,009950 -0,000006
страницасодержаниеизбранные -0,009950 -0,000002
страницецитировать -0,009950 -0,000002
страницуполучить -0,009950 -0,000002
страницыслужебные -0,009950 -0,000002
стратановского 3,912023 0,000844
стремиться 2,120264 0,000458
стремление 2,407946 0,002079
строительство 0,462035 0,000100
структура 0,400478 0,000173
стык 1,832581 0,001187
субъективный 2,813411 0,000607
суверенность 3,912023 0,000844
судан 3,218876 0,001390
судебный 1,560648 0,000337
суждение 2,995732 0,000647
суринам 3,506558 0,000757
существенный 1,237874 0,000267
существование 0,693147 0,000150
существовать 0,020203 0,000022
сущность 2,120264 0,000458
сфера 0,562119 0,000849
сформировать 1,078810 0,000233
сфрагистика 3,912023 0,000844
схема 0,916291 0,002967
считать 0,597837 0,000258
считаться 0,385662 0,000333
сша 0,562119 0,000243
сыма 3,912023 0,001689
сьерра-леоне 3,506558 0,000757
сюда 1,108663 0,000479
сюдасвязанные -0,009950 -0,000002
сюдова 3,912023 0,000844
табличка 2,525729 0,000545
таджикистан 2,302585 0,000497
таиланд 2,813411 0,000607
тайвань 3,218876 0,000695
тайный 1,832581 0,000396
таковой 1,514128 0,000654
такое 0,328504 0,000142
такой 0,162519 0,000281
танзания 3,912023 0,000844
тардиция 3,912023 0,000844
тахо-годи 3,218876 0,000695
тацита 3,506558 0,000757
твердый 1,771957 0,000382
творение 3,506558 0,003784
творец 3,912023 0,000844
текст -0,009950 -0,000049
телеологический 3,912023 0,000844
тело 1,237874 0,000267
тема 0,693147 0,000299
тематика 1,897120 0,000819
тематически 3,912023 0,000844
теократический 3,912023 0,000844
теоретический 1,609438 0,000347
теория 1,049822 0,000906
теркс 3,912023 0,000844
термин 0,198451 0,000471
территория 0,356675 0,000693
тесный 2,995732 0,000647
технология 0,400478 0,000086
течение 0,314711 0,000136
тимор 3,218876 0,000695
тип 0,072571 0,000016
типологически 3,218876 0,000695
тита 3,912023 0,000844
тихе 3,912023 0,000844
тихий 1,347074 0,000291
тобаго 3,912023 0,000844
товарный -0,009950 -0,000002
той 0,994252 0,000429
тойнби 3,912023 0,001689
токарев 2,995732 0,000647
токелау 3,912023 0,000844
толковый 2,407946 0,001039
том 1,560648 0,000337
томашевский 3,506558 0,000757
тонга 3,912023 0,000844
топонимика 1,897120 0,000409
топор 2,659260 0,001148
топычканов 3,912023 0,000844
точка 0,478036 0,000413
тош 3,912023 0,000844
традиционный 0,941609 0,000203
традиция 0,891598 0,004811
транснациональный 2,813411 0,000607
трансформация 1,897120 0,000409
требовать 0,562119 0,000243
требоваться 1,386294 0,000598
тревельяна 3,912023 0,000844
тревор-ропер 3,912023 0,000844
трех-четырех 3,912023 0,000844
тринидад 3,912023 0,000844
тристан-да-кунья 3,912023 0,000844
труд 0,597837 0,000774
трудность 1,966113 0,000424
тувалу 3,912023 0,000844
туманный 2,525729 0,000545
тунис 2,995732 0,000647
турецкий 1,771957 0,000382
туркменистан 2,813411 0,000607
турция 2,207275 0,000953
тыл 1,771957 0,000382
тыс 0,430783 0,000093
тысячелетие 1,427116 0,000308
убеждение 2,995732 0,000647
увенчивать 3,912023 0,000844
увязываться 3,506558 0,000757
уганда 3,506558 0,000757
удаленность 2,525729 0,000545
удаляться 2,995732 0,000647
удаться 1,203973 0,000260
удивление 3,912023 0,000844
удобный 1,427116 0,000308
удовлетворительный 2,995732 0,000647
узбекистан 2,302585 0,000497
узкий 1,171183 0,000506
узнавание 3,912023 0,001689
указание -0,009950 -0,000006
указать 0,083382 0,000018
укорениться 3,912023 0,000844
украина 0,527633 0,000228
умозаключение 3,912023 0,000844
умысел 3,506558 0,000757
универсальный 0,544727 0,000118
университет 0,328504 0,000213
уоллис 3,912023 0,000844
упомянуть 1,714798 0,000370
упорядочивать 3,506558 0,000757
употребляться 1,832581 0,001187
управлять 0,967584 0,000209
уран 2,813411 0,000607
уровень 0,150823 0,000065
уругвай 3,218876 0,000695
условие -0,009950 -0,000013
условный 1,897120 0,000409
усопший 3,506558 0,000757
установка 1,272966 0,000275
установление 1,021651 0,000882
устинова 3,218876 0,000695
устный 2,407946 0,001039
устроение 3,912023 0,000844
утвердиться 2,995732 0,000647
утверждать 1,660731 0,000358
утверждение 0,400478 0,000086
утехин 3,506558 0,000757
утратить 1,272966 0,000275
утрачившего 3,912023 0,000844
участие -0,009950 -0,000004
участник 0,510826 0,000331
учебный 0,673345 0,000145
учение 2,407946 0,001039
ученый 0,653926 0,000423
учетный -0,009950 -0,000002
ушаков 2,659260 0,000574
ушакова 2,207275 0,000476
ущерб 1,897120 0,000409
факт 0,634878 0,000548
факультет 1,514128 0,000327
фалеристика 3,506558 0,000757
фальсификация 2,995732 0,000647
фантазия 3,506558 0,000757
фантастический 2,813411 0,000607
фарерский 3,218876 0,000695
фашизм 3,218876 0,000695
февр 0,820981 0,000532
февра 3,912023 0,000844
февраль 0,051293 0,000089
федеративный 1,897120 0,000409
феминизм 3,506558 0,000757
феминистский 3,912023 0,000844
фигура 1,514128 0,000327
фиджи 3,912023 0,000844
филиппины 2,995732 0,000647
филология 2,813411 0,000607
философия 2,040221 0,005725
философский 2,040221 0,001761
финляндия 1,832581 0,000396
флаг 0,597837 0,000129
флаговедение 3,912023 0,000844
фогеля 3,912023 0,000844
фолклендский 3,912023 0,000844
фольклорный 2,525729 0,001635
фон 1,203973 0,000260
фонд -0,009950 -0,000002
форма 0,287682 0,000683
формационный 3,912023 0,000844
формирование 0,597837 0,000129
формировать 1,272966 0,000275
фортификация 3,218876 0,000695
фрагмент 1,469676 0,000317
франк 2,659260 0,000574
франций 1,139434 0,000492
французский 1,309333 0,000848
фрэнсисом 3,912023 0,000844
фукидид 3,912023 0,001689
фукидида 3,506558 0,003027
фукидидом 3,912023 0,000844
фурсов 3,506558 0,000757
футуна 3,912023 0,000844
хальдун 3,912023 0,002533
хань 3,506558 0,000757
характер 0,653926 0,000423
характеризоваться 0,891598 0,000385
характерно 1,609438 0,000347
характерный 0,693147 0,000299
харитоновича 3,912023 0,000844
хилиастический 3,912023 0,000844
хобсбаума 3,912023 0,000844
ход 0,510826 0,000221
хозяйственный 1,203973 0,000260
хозяйство 0,579818 0,000125
хорватия 2,525729 0,000545
хотя 0,653926 0,000423
хранение 1,309333 0,000283
христианский 1,897120 0,000819
христианство 1,660731 0,000358
христос 1,897120 0,000409
хроник 1,832581 0,000396
хроникальный 3,912023 0,000844
хронологический 2,659260 0,001148
хронология 1,771957 0,001530
цар 3,506558 0,000757
царство 1,237874 0,000534
царствование 2,407946 0,000520
царь 1,078810 0,000233
целик 1,897120 0,000409
целостность 2,525729 0,000545
цель 0,371064 0,000400
ценностный 3,218876 0,000695
ценность 1,609438 0,001042
центральный 0,400478 0,000086
цепь 2,040221 0,000440
церковный 1,771957 0,000382
цивилизационный 3,506558 0,000757
цивилизация 1,771957 0,000765
цикл 1,237874 0,000267
циклический 2,659260 0,000574
цянь 3,912023 0,001689
чад 3,506558 0,000757
частично 0,653926 0,000565
частичнопризнанные 3,912023 0,001689
частность 0,462035 0,000299
часто 0,415515 0,000897
часть 0,061875 0,000120
чаща 1,108663 0,000957
чейз-данн 3,912023 0,000844
чеканка 2,995732 0,000647
человек 0,186330 0,000362
человеческий 1,309333 0,002826
человечество 1,660731 0,001434
чередование 2,659260 0,000574
чернобаев 3,912023 0,001689
черногория 3,218876 0,000695
черта 0,994252 0,000215
четыре 0,597837 0,000129
четырехчленный 3,912023 0,000844
чех 1,609438 0,000347
чехия 2,525729 0,000545
чешков 3,912023 0,000844
чжоу 3,912023 0,000844
чили 2,995732 0,000647
число 0,186330 0,000282
чисто 2,040221 0,000881
читатьправитьправить 0,494296 0,000107
член 0,755023 0,000489
член-корреспондент 2,407946 0,000520
швейцария 2,302585 0,000497
швейцарский 2,120264 0,000458
швеция 2,120264 0,000458
широкий 0,494296 0,000320
широкоупотребительном 3,912023 0,000844
школа 0,478036 0,000103
шпенглер 3,506558 0,000757
шпицберген 3,218876 0,000695
шри-ланка 3,506558 0,000757
штандарт 3,506558 0,000757
шумер 3,218876 0,000695
щуцзин 3,912023 0,000844
эволюционный 2,995732 0,000647
эволюция 1,560648 0,000337
эдуарда 2,659260 0,000574
эквадор 3,218876 0,000695
экваториальный 2,995732 0,000647
экологический 0,693147 0,000150
экология 0,562119 0,000121
экономика 0,400478 0,000173
экономический 0,478036 0,000103
экспорт -0,009950 -0,000002
электронный 0,478036 0,000103
элемент 0,544727 0,000353
эллин 3,912023 0,000844
эллинистический 3,506558 0,000757
энгельс 1,560648 0,000337
энцикл 3,506558 0,000757
энциклопедия -0,009950 -0,000015
эортология 3,912023 0,000844
эпиграфика 3,912023 0,000844
эпизод 2,407946 0,000520
эпический 2,995732 0,001293
эпоним 3,912023 0,000844
эпос 2,525729 0,000545
эпоха 0,713350 0,001232
эритрея 3,912023 0,000844
эрнст 3,912023 0,000844
эсватини 3,912023 0,000844
эстония 2,407946 0,000520
этап 0,634878 0,000274
этимология 0,616186 0,000266
этиологический 3,912023 0,000844
этнограф 2,813411 0,000607
этнография 1,966113 0,000424
этнология 3,506558 0,000757
этнос 2,813411 0,000607
эфиопия 3,506558 0,000757
юар 3,506558 0,000757
южный 0,385662 0,000749
юрайт 3,506558 0,000757
юридический 0,994252 0,000215
явление 1,021651 0,001103
являться 0,040822 0,000132
явно 2,659260 0,000574
язык -0,009950 -0,000013
ямайка 3,912023 0,000844
ян-майен 3,506558 0,000757
январь 0,105361 0,000045
япония 1,897120 0,000409
