абсолютно 2,302585 0,001055
авар 3,912023 0,001792
австралийский 2,813411 0,001289
автор 0,462035 0,002751
автореферат 2,525729 0,001157
авторов-дилетантов 3,912023 0,001792
авторские 1,966113 0,002702
авторский 1,966113 0,000901
авторство -0,009950 -0,000009
адекватно 3,506558 0,001606
адресат 3,912023 0,001792
аз 2,302585 0,001055
азбуковник 3,912023 0,001792
азербайджанский 2,525729 0,001157
акад 2,040221 0,000935
актуальность 2,659260 0,001218
александр 0,462035 0,000212
алексея 1,514128 0,000694
алфавитный 2,995732 0,001372
альбом 1,771957 0,000812
анализ 0,967584 0,000443
английский 1,309333 0,000600
анонимный 2,407946 0,002206
античный 2,207275 0,001011
арзамас 3,218876 0,001475
армянский 1,347074 0,000617
архивный 0,248461 0,000114
аттестационный 3,506558 0,001606
аттестация 3,218876 0,002949
аттестоваться 3,912023 0,001792
аудиокнига 3,912023 0,001792
афанасьева 2,813411 0,001289
бахтин 3,218876 0,001475
баш 3,506558 0,001606
белорусский 2,302585 0,001055
бельгийский 2,995732 0,001372
бенгальский 3,912023 0,001792
берлинский 2,995732 0,001372
библиографический 0,083382 0,000038
библиотека 0,328504 0,000301
библиотечно-библиографической 3,912023 0,001792
биография 2,120264 0,000971
близко 1,714798 0,000786
богаевский 3,912023 0,001792
болгарский 2,813411 0,001289
большинство 0,342490 0,000157
большой 0,040822 0,000131
бразильский 3,218876 0,001475
британский 1,469676 0,001346
брокгауза 0,328504 0,000602
брошюра 3,218876 0,001475
буква 1,427116 0,000654
бумажный 2,302585 0,001055
бурдье 3,912023 0,001792
бытие 2,813411 0,001289
быть -0,009950 -0,000014
важно 2,040221 0,000935
важный 0,494296 0,000679
вак 3,506558 0,001606
вариант 0,634878 0,000291
вводить 1,832581 0,000839
век 0,248461 0,000683
велик 1,897120 0,000869
великий 0,356675 0,000163
венгерский 2,525729 0,001157
вепсский 3,912023 0,001792
вергилия 3,506558 0,001606
вероятно 1,560648 0,000715
версия -0,009950 -0,000018
вести 0,356675 0,000163
весьма 1,514128 0,000694
вещь 1,771957 0,000812
взрослый 1,609438 0,000737
взять 0,755023 0,000346
вигдоровой 3,912023 0,001792
вид 0,061875 0,000454
визуальный 2,302585 0,002110
викиданных -0,009950 -0,000005
викимедиа -0,009950 -0,000005
википедии -0,009950 -0,000009
википедия -0,009950 -0,000005
викискладвикипедия 1,469676 0,000673
викискладвикиучебниквикиновостивикицитатникэлемент 3,218876 0,001475
викискладе 0,174353 0,000080
викисловарекниги 2,995732 0,001372
викисловарьвикипедия 1,309333 0,000600
викитекемедиафайлы 1,272966 0,000583
викитеку 1,347074 0,000617
викиучебник 2,659260 0,001218
викиучебникецитаты 3,218876 0,001475
викицитатник 1,272966 0,000583
викицитатникетексты 1,427116 0,000654
включать 0,235722 0,000216
включая 0,527633 0,000483
вкрапление 3,506558 0,001606
влиять 1,347074 0,000617
вместо 0,798508 0,000366
внешний 0,051293 0,000023
вновь 0,755023 0,000346
вносить 2,040221 0,000935
возможно 0,867501 0,000397
возможность 0,314711 0,000144
возникать 1,021651 0,000468
возникнуть 0,653926 0,000300
возрождение 1,660731 0,000761
волить 3,912023 0,001792
волшебный 0,030459 0,000014
воплощение 2,525729 0,001157
вопрос 0,371064 0,000680
воспитание 2,120264 0,000971
воспоминание 2,040221 0,000935
восприниматься 2,525729 0,001157
воспроизведение 2,525729 0,001157
воссоздавать 3,506558 0,001606
востребовать 2,407946 0,001103
вплоть 1,108663 0,000508
вполне 2,407946 0,003309
впоследствии 0,653926 0,000300
время 0,020203 0,000083
все 0,040822 0,000037
все-таки 2,659260 0,002436
вспомогательный 2,207275 0,001011
второстепенный 2,813411 0,001289
втянуть 3,912023 0,001792
входить 0,287682 0,000132
выдаваться 1,139434 0,000522
выделить 0,544727 0,000250
выделяться 0,941609 0,000431
вызвать 1,049822 0,000481
вызывать 1,078810 0,000988
вымысел 3,218876 0,001475
выпустить 0,891598 0,000408
выражение 1,714798 0,000786
высокий 0,139262 0,000064
выстраивание 3,506558 0,001606
выявляться 2,995732 0,001372
вячеслава 3,218876 0,001475
гадамер 3,506558 0,001606
гегель 3,218876 0,001475
герменевтика 3,506558 0,001606
гесиода 3,912023 0,001792
главный 0,210721 0,000193
год -0,009950 -0,000014
годавикипедия 0,616186 0,000282
гомер 3,912023 0,003584
гомера 3,506558 0,001606
гораздо 1,714798 0,000786
государство 0,579818 0,000266
граница 0,356675 0,000327
грань 1,966113 0,000901
греческий 1,469676 0,000673
громкий 2,813411 0,001289
грубый 3,506558 0,001606
грузинский 2,302585 0,001055
группа 0,314711 0,000288
гуманитарный 0,994252 0,000455
гутенбергом 3,912023 0,001792
давать 0,820981 0,000376
давно 2,302585 0,001055
даниэлем 3,912023 0,001792
датский 0,328504 0,000301
дать 0,072571 0,000299
два 0,150823 0,000207
двигаться 1,832581 0,000839
девичий 2,995732 0,001372
действовать -0,009950 -0,000009
делиться 1,078810 0,000494
дело 0,562119 0,000515
день 0,210721 0,000193
деталь 1,714798 0,000786
детская 0,653926 0,000899
дефо 3,506558 0,001606
деятельность 0,342490 0,000157
джамбула 3,912023 0,001792
диалог 1,660731 0,001522
дилетантский 3,912023 0,001792
дискуссионный 2,659260 0,001218
дискуссия 1,660731 0,000761
дитя 0,867501 0,000795
длинный 1,237874 0,000567
дневник 2,659260 0,003655
добавить 0,562119 0,000257
довольно 0,891598 0,001634
доклад 1,237874 0,000567
документальный 1,427116 0,003269
должный 0,356675 0,000163
доля 0,544727 0,000499
дополнительный -0,009950 -0,000009
допущение 3,506558 0,001606
достаточно 0,820981 0,000376
достижение 1,139434 0,001566
достоверность 2,207275 0,001011
достояние 2,525729 0,001157
доступный -0,009950 -0,000005
драма 1,469676 0,001346
древнегреческий 1,832581 0,002518
древнерусский 1,427116 0,000654
древние 0,967584 0,000886
древний 0,653926 0,000300
дробно -0,009950 -0,000005
друг 0,916291 0,001259
другое 0,462035 0,000847
другой -0,009950 -0,000041
думать 2,813411 0,001289
духовная 1,108663 0,000508
еврейский 0,755023 0,000692
европейский 0,494296 0,000226
единственное 1,021651 0,000468
единство 1,897120 0,000869
единый 0,544727 0,000250
есина 3,912023 0,001792
естественный 0,776529 0,000356
ефрона 0,328504 0,000451
жанр 2,207275 0,001011
желать 1,660731 0,000761
живой 1,386294 0,000635
жизнеописание 3,506558 0,001606
жизнь 0,342490 0,000314
журнал 0,301105 0,000414
заблуждение 2,813411 0,001289
заболевание 1,771957 0,000812
завершить 0,867501 0,000397
заглавный -0,009950 -0,000005
загогулина 3,912023 0,001792
задание 1,832581 0,001679
задача 0,820981 0,001128
задний 2,120264 0,000971
заключаться 1,609438 0,000737
законченность 3,912023 0,001792
закрепить 1,771957 0,000812
закрепление 2,659260 0,001218
зал 0,843970 0,000387
занимать 0,430783 0,000197
заниматься 0,634878 0,000291
записать 1,609438 0,000737
записка 1,139434 0,000522
запись 1,237874 0,002835
записьвойти -0,009950 -0,000005
зарегистрировать -0,009950 -0,000005
затрата 2,407946 0,001103
затруднительно 3,912023 0,001792
зачастую 1,771957 0,000812
заявление -0,009950 -0,000005
знак -0,009950 -0,000009
знакомый 2,995732 0,001372
знаменитый 0,967584 0,000443
знание 1,108663 0,004571
знать 1,469676 0,001346
значение 0,061875 0,000113
значит 1,560648 0,000715
значительный 0,328504 0,000451
зои 3,506558 0,001606
зрение 1,203973 0,001655
идеал 3,218876 0,001475
идеологически 3,912023 0,001792
идет 1,078810 0,000494
ижевск 1,139434 0,000522
из-за 0,415515 0,000190
избрать 0,967584 0,000443
известный 0,287682 0,000527
извлекать 3,506558 0,001606
извлечь 3,218876 0,001475
изд 0,314711 0,000144
изд-во 1,049822 0,000481
издавать 2,407946 0,001103
издание 0,415515 0,001142
издательство 0,494296 0,000226
издать 1,386294 0,000635
изделие 1,108663 0,000508
изложить 2,407946 0,001103
изменение 0,301105 0,000276
изменяться 1,203973 0,000552
изобразительный 1,347074 0,000617
изобрести 2,995732 0,001372
израильский 3,912023 0,001792
илиада 3,912023 0,001792
илиаде 3,912023 0,001792
именно 0,544727 0,000250
иметь 0,094311 0,000302
иметься 0,385662 0,000177
имя 0,274437 0,000126
индийский 1,609438 0,000737
иное 1,714798 0,003928
иной 0,867501 0,001987
инструкция 1,714798 0,000786
инструмент -0,009950 -0,000009
интервьюировать 3,912023 0,001792
интернет 0,755023 0,000692
интерпретация 2,120264 0,001943
информация 0,162519 0,000372
информирование 2,659260 0,001218
ирландский 2,659260 0,001218
исключительно 1,272966 0,001166
исключить 2,207275 0,001011
искусство 0,478036 0,001533
исландский 3,506558 0,001606
испанский 2,995732 0,001372
исполнитель 1,714798 0,000786
исполнять 1,108663 0,001016
исполняться 2,525729 0,001157
использование -0,009950 -0,000005
использовать 0,020203 0,000028
исследование 0,462035 0,000212
исторически 1,078810 0,000494
история 0,051293 0,000117
источник -0,009950 -0,000018
исход 2,813411 0,001289
итальянский 1,139434 0,000522
каждый 0,261365 0,000239
кажется 2,525729 0,001157
казахский 2,407946 0,001103
каков 3,218876 0,001475
какой 0,820981 0,000376
какой-либо 1,272966 0,001166
какой-то 1,560648 0,000715
канадский 1,897120 0,000869
карамзина 3,506558 0,001606
касаться 1,897120 0,001738
каталог 0,094311 0,000130
категория -0,009950 -0,000009
качественно 3,506558 0,001606
качество 0,287682 0,000264
квалифицироваться 3,912023 0,001792
кино 0,994252 0,000455
китайский 0,653926 0,000599
классификация 1,514128 0,002081
книга 0,415515 0,000952
книгопечатание 3,912023 0,001792
книжный 0,798508 0,000366
код -0,009950 -0,000082
кодекс -0,009950 -0,000009
кодистория 0,116534 0,000053
количество 0,210721 0,000097
коллективный 2,040221 0,000935
ком 1,832581 0,000839
коми 1,514128 0,000694
комиссия 0,967584 0,000443
коммунистический 2,040221 0,000935
комплексный 1,078810 0,000494
композитор 1,514128 0,000694
компонент 0,967584 0,000886
компьютерный 1,347074 0,001234
конец 0,198451 0,000091
конкретный 1,171183 0,000537
конструкция 1,469676 0,000673
конфиденциальность -0,009950 -0,000005
конфликт 1,347074 0,000617
копие 0,223144 0,000102
корейский 1,832581 0,000839
корман 3,912023 0,001792
короткий -0,009950 -0,000009
космодемьянских 3,912023 0,001792
который 0,000000 0,000000
критерий 1,386294 0,001905
критик 1,560648 0,000715
кром 0,235722 0,000108
круг 0,967584 0,001330
крузо 3,218876 0,001475
куки -0,009950 -0,000005
культура 0,356675 0,001144
курицын 3,912023 0,001792
лазаревич 2,995732 0,001372
ларусса 1,078810 0,000988
латы 1,771957 0,000812
лежать 0,994252 0,000455
летний 0,579818 0,000266
линия 0,462035 0,000212
лирик 3,218876 0,001475
листовка 3,506558 0,001606
литература 0,051293 0,003525
литературагуманитарные 3,912023 0,001792
литературный 0,867501 0,006756
литовский 1,203973 0,000552
лицензия -0,009950 -0,000005
лицо 0,673345 0,000308
личной 1,469676 0,002693
локализация 3,218876 0,001475
лоренса 3,912023 0,001792
лотман 3,912023 0,001792
лукреция 3,912023 0,001792
лучший 0,776529 0,000356
люба 1,469676 0,000673
любое 1,139434 0,001566
май 0,127833 0,000176
маленек 2,302585 0,001055
маленький 2,040221 0,000935
малоподготовленный 3,506558 0,001606
малый 0,139262 0,000191
массив 0,891598 0,000408
математический 1,832581 0,000839
материал -0,009950 -0,000027
материальный 1,514128 0,000694
мать 1,203973 0,000552
медицинский 0,653926 0,000300
мелок 3,912023 0,001792
мемуар 3,912023 0,003584
мемуарный 3,912023 0,003584
место 0,139262 0,000128
метод 1,049822 0,000481
методологический 2,813411 0,001289
механизм 1,347074 0,001234
мнение 0,634878 0,000291
много 0,150823 0,000069
многочисленный 0,693147 0,000318
мобильный -0,009950 -0,000005
модернизм 3,218876 0,001475
момент 0,527633 0,000242
монитор 1,897120 0,000869
монография 2,040221 0,000935
моршин 3,218876 0,002949
мочь -0,009950 -0,000032
музей 0,653926 0,000300
музыка 0,941609 0,000863
музыкальный 0,867501 0,000397
наблюдаться 0,755023 0,000692
навигация -0,009950 -0,000014
навык 3,218876 0,002949
название 0,105361 0,000048
назвать 0,371064 0,000170
назначение 1,108663 0,000508
называть 0,174353 0,000080
наиболее 0,139262 0,000191
накладывать 2,995732 0,001372
наличие 0,867501 0,000397
налог 1,897120 0,000869
написать 0,867501 0,002384
направить 0,867501 0,000397
направлять 2,525729 0,001157
например 0,328504 0,001956
напротив 1,237874 0,000567
народ 0,579818 0,000531
народный 0,616186 0,000282
наряд 1,049822 0,000481
насколько 2,525729 0,001157
настолько 1,897120 0,001738
настоящее 0,287682 0,000395
натяжка 3,912023 0,001792
наука 0,235722 0,000432
наукискрытые 2,995732 0,001372
научно-популярный 1,966113 0,006305
научный 0,248461 0,003073
находиться 0,174353 0,000080
национальный 0,342490 0,000314
начало 0,116534 0,000107
начальник 1,660731 0,000761
начать 0,510826 0,000234
начинать 1,049822 0,000481
начинаться 0,527633 0,000242
наш 0,527633 0,000242
невозможно 1,832581 0,000839
негативный 1,347074 0,000617
негерманские 3,912023 0,001792
недаром 3,506558 0,001606
независимо 1,966113 0,000901
неизвестный 1,609438 0,000737
неизменный 2,302585 0,001055
некоммерческий -0,009950 -0,000005
некоторые 0,127833 0,000234
нелитературный 3,912023 0,001792
немало 1,966113 0,000901
немецкий 0,798508 0,000366
немного 1,309333 0,000600
неоднократно 1,139434 0,000522
неожиданный 2,659260 0,001218
непосредственно 0,478036 0,000657
непосредственное 2,120264 0,000971
непохожий 3,912023 0,001792
несколько 0,116534 0,000053
несловесных 3,912023 0,001792
нехудожественный 3,912023 0,001792
неявный 2,995732 0,001372
нидерландский 3,218876 0,001475
никак 2,813411 0,001289
никиш 3,218876 0,002949
николая 0,916291 0,000420
новое 0,287682 0,000264
новый 0,083382 0,000229
норвежский 0,248461 0,000114
носитель 2,040221 0,006542
носить 0,798508 0,000366
нужда 1,237874 0,000567
обеспечивать 0,415515 0,000190
обзор 1,078810 0,000494
область 0,150823 0,000207
обнародовать 3,218876 0,001475
обнаруживать 3,218876 0,001475
обобщение 2,659260 0,001218
обозримый 3,506558 0,001606
образ 0,287682 0,000264
образец 1,203973 0,000552
обслуживание 0,941609 0,000431
общее 0,301105 0,000276
общение 2,813411 0,001289
общепризнанный 2,407946 0,001103
общепринятый 2,995732 0,001372
общественный 0,494296 0,000453
общество 0,415515 0,000190
общий 0,186330 0,000171
объединять 1,108663 0,001016
объективно 3,506558 0,001606
объем 0,400478 0,000183
обычно 0,693147 0,000318
обязательный 1,427116 0,000654
овладеть 3,506558 0,001606
оговорка 3,912023 0,001792
ограничение 1,237874 0,000567
один 0,051293 0,000117
одинаковый 1,714798 0,000786
одиссея 2,813411 0,001289
однако 0,174353 0,000879
ожегов 3,218876 0,001475
ожесточить 2,407946 0,001103
оказываться 1,966113 0,000901
окончательно 1,203973 0,000552
окончательный 1,897120 0,000869
окрасить 3,506558 0,001606
окружать 0,755023 0,000346
онлайн 0,198451 0,000091
опер 1,469676 0,000673
опернплац 3,912023 0,001792
описание -0,009950 -0,000009
описать 1,347074 0,000617
оправдать 3,912023 0,001792
определить 0,527633 0,001209
определять 0,867501 0,000795
определяться 1,078810 0,000494
опубликовать 0,891598 0,000408
опыт 1,427116 0,000654
организация -0,009950 -0,000009
ориентация 2,995732 0,001372
основа 0,210721 0,000097
основание 0,494296 0,000226
основное 0,235722 0,000216
основной 0,040822 0,000150
особенно 0,562119 0,000257
особенность 0,693147 0,000635
оставаться 0,544727 0,001248
осуществить 1,237874 0,001134
отбор 2,040221 0,000935
ответственность -0,009950 -0,000005
отграничивать 3,912023 0,001792
отдалить 2,302585 0,001055
отделить 1,966113 0,000901
отдельный -0,009950 -0,000018
отделять 2,207275 0,001011
отказ -0,009950 -0,000005
открытие 0,616186 0,000282
отличие 0,798508 0,001097
отменять 2,659260 0,001218
относительно 0,415515 0,000190
относиться 0,328504 0,001354
отношение 0,430783 0,000592
оторвать 3,506558 0,001606
отражать 1,309333 0,000600
отраслевой 1,609438 0,000737
отредактировать -0,009950 -0,000005
отрывок 3,218876 0,001475
отсутствие 0,891598 0,000408
отсутствовать 0,776529 0,000356
отчетливый 3,506558 0,001606
очевидный 3,218876 0,001475
очередной 1,560648 0,000715
очерк 0,733969 0,000336
ошибка 0,994252 0,000455
ошибкекак -0,009950 -0,000005
памфлет 3,912023 0,001792
памятник 0,597837 0,000274
парщикова 3,912023 0,001792
патент 2,813411 0,001289
первое 0,150823 0,000069
переводной 3,912023 0,001792
перейти -0,009950 -0,000009
перекличка 3,912023 0,001792
переписка 2,813411 0,005155
переписывать 3,912023 0,001792
пересказывать 3,506558 0,001606
переход 0,653926 0,000300
переходной 2,407946 0,001103
период 0,274437 0,000251
периодический 1,560648 0,000715
персидский 1,897120 0,000869
персональный -0,009950 -0,000005
песнь 1,469676 0,001346
песня 1,427116 0,002615
печать -0,009950 -0,000009
писатель 0,916291 0,002518
писательница 3,506558 0,001606
писать 0,820981 0,000376
писаться 2,813411 0,001289
писец 3,912023 0,001792
письменно 3,912023 0,001792
письменность 2,407946 0,001103
письменный 1,660731 0,006847
письмо 1,237874 0,001701
платона 2,995732 0,001372
площадь 0,385662 0,000177
поведение -0,009950 -0,000005
поверхностный 1,514128 0,000694
повсеместный 2,040221 0,000935
повтор 3,506558 0,001606
пограничный 1,469676 0,000673
подвергаться 1,609438 0,000737
поддаваться 2,659260 0,001218
поддерживать 0,994252 0,000455
подразумевать 2,302585 0,001055
подросток 2,407946 0,001103
подтверждать 1,560648 0,000715
подхват 3,912023 0,001792
подход 0,994252 0,000911
подчас 3,912023 0,001792
подчинить 1,347074 0,000617
поздравление 3,912023 0,001792
познавательный 2,813411 0,001289
поиск -0,009950 -0,000009
политик -0,009950 -0,000009
полностью 0,400478 0,000550
полный 0,328504 0,000150
получение 1,203973 0,000552
получиться 2,407946 0,002206
польский 1,347074 0,000617
понимание 1,560648 0,000715
понимать 1,609438 0,001475
понятие 0,967584 0,000886
попытаться 2,407946 0,001103
пора 0,776529 0,000356
португальский 3,506558 0,001606
порядок 0,994252 0,000455
последний -0,009950 -0,000014
последователь 2,302585 0,001055
последовательно 1,832581 0,000839
последующее 1,714798 0,000786
постмодернизм 3,218876 0,001475
постороннее 3,912023 0,001792
построение 1,560648 0,000715
поучение 3,506558 0,001606
поэма 2,302585 0,003164
поэт 1,049822 0,000481
поэтический 2,525729 0,001157
поэтому 0,616186 0,000847
появление 0,653926 0,000300
появляться 0,733969 0,000336
правило 0,478036 0,000657
правильно 2,302585 0,001055
правительство 0,510826 0,000234
править -0,009950 -0,000173
правкиновые -0,009950 -0,000005
правкипостоянная -0,009950 -0,000005
право 0,314711 0,000144
правомерно 3,912023 0,003584
прагматический 3,912023 0,001792
практик 1,049822 0,000481
практический 1,560648 0,000715
превратить 1,832581 0,000839
превращать 2,407946 0,001103
превращение 2,207275 0,001011
предел 0,400478 0,000183
предложить 0,820981 0,000376
предмет 0,713350 0,000327
предназначение 2,813411 0,001289
предназначить 1,139434 0,001044
представиться -0,009950 -0,000005
представление 0,776529 0,000711
предшествовать 1,771957 0,000812
предыдущее 2,040221 0,000935
прежде 1,049822 0,000962
прекрасное 2,525729 0,001157
препинание 3,912023 0,001792
преступление 1,514128 0,000694
претендовать 1,897120 0,000869
приблизительно-ориентировочный 3,912023 0,001792
привести 0,356675 0,000163
привноситься 3,912023 0,001792
призвать 1,560648 0,000715
прикладной 1,078810 0,000494
приключение 2,995732 0,002745
применительно 2,995732 0,001372
применять 0,510826 0,000234
пример 0,527633 0,000483
примечание -0,009950 -0,000009
принадлежать 0,755023 0,000692
принц 3,912023 0,003584
принцип 0,867501 0,000397
принципиально 2,813411 0,002578
принципиальный 2,407946 0,001103
приобрести 1,139434 0,000522
приоритет 1,771957 0,000812
природа 0,653926 0,000300
присутствовать 1,021651 0,000468
причина 0,562119 0,000257
проблема 0,274437 0,000251
проблематичный 3,506558 0,001606
проверочный 3,912023 0,001792
проводить 0,843970 0,000387
проект -0,009950 -0,000005
проецировать 3,912023 0,001792
проза 2,659260 0,007309
произведение 1,021651 0,006084
производство 0,527633 0,000242
проливать 3,912023 0,001792
просвещение 1,560648 0,000715
просмотр -0,009950 -0,000005
проспект 0,891598 0,000408
проставить 2,995732 0,001372
просто 1,171183 0,000537
простое 2,659260 0,001218
пространство 0,634878 0,000872
противопоставляться 3,506558 0,001606
протяжение 0,843970 0,000387
прохоров 1,078810 0,000988
процесс 0,415515 0,000381
прочее 0,544727 0,000499
прочитываться 3,912023 0,001792
прошлое 0,673345 0,000925
прошлый 2,813411 0,001289
прямая 0,867501 0,000397
прямо 1,714798 0,000786
психологический 2,659260 0,001218
психология 2,302585 0,003164
публикация 1,272966 0,001749
публиковать 2,207275 0,001011
публицист 2,995732 0,001372
публицистический 3,912023 0,005376
публично 2,659260 0,001218
публичный 1,078810 0,000494
путешествие 1,469676 0,000673
пытаться 1,237874 0,000567
пьер 3,218876 0,001475
работа 0,127833 0,000176
разветвить 2,813411 0,001289
развиваться 0,597837 0,000274
развитие 0,127833 0,000117
раздел 0,342490 0,000157
различный 0,116534 0,000160
разный 0,314711 0,000432
разработчик -0,009950 -0,000005
рамка 0,478036 0,000657
распространение 0,891598 0,001225
распространяться 1,272966 0,000583
рассел 3,506558 0,001606
расследование 2,525729 0,001157
рассматривать 1,237874 0,001701
рассматриваться 1,203973 0,000552
расставлять 3,506558 0,001606
рассуждение 2,525729 0,001157
рассчитать 1,514128 0,000694
расчет 0,820981 0,000376
реальный 0,967584 0,000443
революция 0,562119 0,000515
регулярный 0,798508 0,000366
ред 0,235722 0,000216
редакция 0,916291 0,000420
редкий 1,237874 0,000567
результат 0,174353 0,000080
рекламный 1,966113 0,001801
религиозно-мифологические 3,912023 0,001792
религиозный 0,891598 0,000817
ремонт 1,139434 0,000522
ресурс 0,020203 0,000009
реферат 3,506558 0,001606
рецензент 2,659260 0,001218
рецензирование 3,912023 0,003584
рецензировать 3,912023 0,001792
рецензироваться 3,506558 0,001606
рецензия 3,506558 0,001606
речь 1,514128 0,000694
решать 1,469676 0,000673
рикер 3,912023 0,001792
римский 1,897120 0,000869
рисунок 1,560648 0,001430
робинзон 3,218876 0,001475
род 0,843970 0,000773
рождение 1,078810 0,000494
роль 0,494296 0,000679
романтизм 2,995732 0,001372
российский 0,105361 0,000097
россия 0,174353 0,000160
рукопись 2,302585 0,001055
румынский 2,813411 0,001289
рус 0,162519 0,000074
русский -0,009950 -0,000032
ряд 0,223144 0,000409
сайт 0,210721 0,000097
сам 0,162519 0,000596
саморазвитие 3,912023 0,007168
самостоятельный 0,820981 0,000376
самый 0,174353 0,000080
сборник 0,597837 0,000274
сведение 0,579818 0,000797
свет 0,941609 0,000431
свободный -0,009950 -0,000009
свод 2,120264 0,000971
свое 0,287682 0,000527
свой 0,150823 0,000138
свойство 0,415515 0,000571
связать 0,174353 0,000240
связаться -0,009950 -0,000005
связь 0,174353 0,000080
сделать 0,616186 0,000282
себя 0,198451 0,000091
сегодня 0,616186 0,000282
сегодняшнее 3,218876 0,001475
сент-экзюпери 3,912023 0,003584
сентябрь 0,072571 0,000033
сербский 3,218876 0,001475
сергея 1,469676 0,000673
серьезное 2,407946 0,001103
сетевой 1,049822 0,000481
сжигать 3,218876 0,001475
сила 0,494296 0,000226
симптом 3,912023 0,001792
синайский 3,506558 0,001606
синкен 3,912023 0,001792
синкретический 3,912023 0,001792
синтетический 2,302585 0,003164
система 0,051293 0,000023
системеобсуждениевкладсоздать -0,009950 -0,000005
системный 1,966113 0,001801
скажем 3,506558 0,001606
сказитель 3,506558 0,003213
сказка 1,660731 0,003043
скачать -0,009950 -0,000005
скачок 2,995732 0,001372
складываться 1,771957 0,000812
сколько-нибудь 3,218876 0,001475
скоро 1,560648 0,000715
скорый 2,525729 0,001157
следует 0,755023 0,001038
словарный 3,506558 0,001606
словарь 0,094311 0,000173
словесно-языкового 3,912023 0,001792
словесность 3,506558 0,001606
словесный 3,506558 0,008032
слово 0,210721 0,000483
сложиться 0,994252 0,000911
сложно 2,207275 0,001011
сложность 1,049822 0,001443
служебный 1,771957 0,000812
служить 0,820981 0,000752
случай -0,009950 -0,000027
сноска 0,733969 0,002017
соблюсти 3,506558 0,001606
собрание 0,634878 0,000291
собственно 1,386294 0,000635
собственный 0,446287 0,000204
событие 0,733969 0,001345
событияпожертвовать -0,009950 -0,000005
совершить 0,994252 0,000455
совет 0,462035 0,000212
советский 0,261365 0,000838
совокупность 1,469676 0,000673
современник 1,609438 0,001475
современность 1,386294 0,000635
современный 0,150823 0,000138
согласно 0,301105 0,000138
содержание 0,010050 0,000014
содержать 0,634878 0,000582
содержаться 1,560648 0,000715
создавать 0,798508 0,000366
создаваться 1,078810 0,000494
создание 0,301105 0,000276
создать 0,210721 0,000193
сомнение 2,040221 0,000935
сообщить -0,009950 -0,000005
соответствие 0,371064 0,000170
сопоставление 2,525729 0,001157
составить 0,400478 0,000183
состояние 0,248461 0,000114
состоять 0,385662 0,000177
состояться 0,713350 0,000327
сохранение -0,009950 -0,000005
сохраняться 1,108663 0,001016
социалистический 1,272966 0,000583
социальный 0,527633 0,000483
социолог 2,813411 0,001289
сочинение 1,771957 0,004870
сочинить 2,813411 0,001289
специалист 0,755023 0,001038
специфика 2,407946 0,001103
список 0,210721 0,000290
способ 1,078810 0,000988
способность 1,139434 0,000522
способный 1,309333 0,000600
справочник 0,798508 0,000732
справочный 1,514128 0,006242
сразу 0,994252 0,000911
средневековый 1,386294 0,000635
ссср 0,314711 0,000144
ссылка -0,009950 -0,000046
ссылкасведения -0,009950 -0,000005
ставить 1,469676 0,000673
стандартизовать 3,506558 0,001606
становиться 0,415515 0,000190
старый 0,314711 0,000144
статистик -0,009950 -0,000005
статус 0,430783 0,000197
стать 0,083382 0,000115
статьевикипедия 1,660731 0,001522
статьестатьи 0,843970 0,000387
статьислучайная -0,009950 -0,000005
статьисообществофорумсправкасвежие -0,009950 -0,000005
статья 0,020203 0,000074
статьяобсуждение -0,009950 -0,000005
статьятекущие -0,009950 -0,000005
стб 2,995732 0,001372
стерно 3,506558 0,001606
стих 1,966113 0,000901
стихотворный 3,506558 0,004819
сторона 0,235722 0,000540
страна 0,235722 0,000108
страница -0,009950 -0,000009
страницасодержаниеизбранные -0,009950 -0,000005
страницецитировать -0,009950 -0,000005
страницуполучить -0,009950 -0,000005
страницыслужебные -0,009950 -0,000005
страноведческий 3,912023 0,001792
строение 0,891598 0,000408
строй 1,609438 0,000737
структура 0,400478 0,000917
студент 1,237874 0,000567
сугубо 2,525729 0,001157
судьба 1,427116 0,000654
существенный 1,237874 0,001701
существование 0,693147 0,000318
существовать 0,020203 0,000065
сфера 0,562119 0,000772
схема 0,916291 0,000420
сходиться 2,525729 0,001157
считать 0,597837 0,000274
считаться 0,385662 0,000707
сша 0,562119 0,000257
сюдасвязанные -0,009950 -0,000005
сюжетный 3,912023 0,001792
таковой 1,514128 0,002081
такое 0,328504 0,000301
такой 0,162519 0,000893
татарский 1,203973 0,000552
творчество 1,021651 0,002808
театр 0,713350 0,000327
тезис 2,659260 0,001218
текст -0,009950 -0,000196
тенденциозность 3,912023 0,001792
тенденция 1,237874 0,000567
теогония 3,912023 0,001792
теоретический 1,609438 0,000737
теория 1,049822 0,000962
техник 0,713350 0,000327
технический 0,462035 0,000635
тибетский 3,912023 0,001792
тип 0,072571 0,000066
типографика 3,912023 0,001792
типологически 3,218876 0,002949
товарный -0,009950 -0,000005
той 0,994252 0,000911
толковый 2,407946 0,001103
торговля 0,579818 0,000266
точка 0,478036 0,000876
традиционно 1,347074 0,000617
традиционный 0,941609 0,000431
традиция 0,891598 0,000408
трактат 2,302585 0,002110
требование 0,967584 0,000443
требовать 0,562119 0,000257
три 0,248461 0,000114
тристрама 3,912023 0,001792
труд 0,597837 0,000822
тургенева 3,218876 0,001475
тяготеть 3,506558 0,001606
тяпкин 3,912023 0,001792
увеличение 0,733969 0,000336
удалить 0,579818 0,000266
удивительный 2,659260 0,001218
удовлетворять 2,407946 0,002206
узкий 1,171183 0,000537
указание -0,009950 -0,000005
украинский 1,469676 0,000673
улучшить 1,049822 0,000481
умение 2,995732 0,001372
универсальный 0,544727 0,000250
упорядочивать 3,506558 0,001606
упорядочить 2,659260 0,001218
упражнение 3,912023 0,001792
уравнение 2,525729 0,001157
уровень 0,150823 0,000069
условие -0,009950 -0,000014
успех 1,021651 0,000468
уста 3,506558 0,001606
установить 0,328504 0,000301
установка 1,272966 0,000583
устный 2,407946 0,005515
утверждение 0,400478 0,000183
уходить 1,386294 0,000635
участие -0,009950 -0,000005
участник 0,510826 0,000234
учебник 1,609438 0,000737
учебный 0,673345 0,001851
ученый 0,653926 0,001797
учетный -0,009950 -0,000005
файл 1,347074 0,001234
факт 0,634878 0,001163
фальсификация 2,995732 0,001372
февраль 0,051293 0,000023
физический 0,798508 0,000366
фиксация 3,218876 0,005898
фиксировать 1,427116 0,000654
философ 2,120264 0,001943
философский 2,040221 0,002804
финляндский 3,506558 0,001606
фольклор 2,525729 0,004628
фольклорный 2,525729 0,001157
фонд -0,009950 -0,000005
форма 0,287682 0,000527
формула 2,040221 0,000935
французский 1,309333 0,000600
фридой 3,912023 0,001792
функция 0,693147 0,000318
хайдеггер 3,506558 0,001606
характер 0,653926 0,001198
характерно 1,609438 0,000737
хватать 0,820981 0,000376
химический 0,867501 0,000397
хопп 3,912023 0,001792
хотя 0,653926 0,000599
хронология 1,771957 0,001623
художественный 0,653926 0,003894
целенаправленно 3,506558 0,003213
целое 0,634878 0,000291
целый 1,108663 0,000508
цель 0,371064 0,000170
ценный 1,714798 0,000786
цивилизационный 3,506558 0,003213
частность 0,462035 0,000423
частный 0,634878 0,000582
часть 0,061875 0,000170
чаща 1,108663 0,001016
чей 1,386294 0,000635
человек 0,186330 0,000171
человеческий 1,309333 0,002399
чешский 1,966113 0,000901
число 0,186330 0,000341
чисто 2,040221 0,000935
читальный 2,813411 0,001289
читатель 2,407946 0,004412
читать 1,832581 0,000839
читатьправитьправить 0,494296 0,000226
что-либо 3,218876 0,001475
шведский 2,120264 0,000971
шенди 3,912023 0,001792
широкий 0,494296 0,000453
школьный 1,966113 0,002702
шотландский 3,506558 0,001606
эволюция 1,560648 0,000715
эксплуатация 0,776529 0,000356
экспоненциальный 3,506558 0,001606
экспорт -0,009950 -0,000005
электронный 0,478036 0,000657
элемент 0,544727 0,000499
энеиде 3,506558 0,001606
энциклопедия -0,009950 -0,000046
эпический 2,995732 0,001372
эпос 2,525729 0,001157
эпоха 0,713350 0,001961
эссе 3,506558 0,001606
эстетик 2,659260 0,001218
эстонский 3,218876 0,001475
эсхила 3,506558 0,001606
эфиопский 3,912023 0,001792
юридический 0,994252 0,000455
явление 1,021651 0,000936
являться 0,040822 0,000093
язык -0,009950 -0,000023
