абсолютно 2,302585 0,001055
авар 3,912023 0,001792
австралийская 3,506558 0,001606
автор 0,994252 0,002277
автора 2,207275 0,003033
авторефератов 3,912023 0,001792
авторов 1,386294 0,000635
авторов-дилетантов 3,912023 0,001792
авторские 2,659260 0,003655
авторское 3,912023 0,001792
авторства -0,009950 -0,000009
автору 2,813411 0,002578
авторы 1,660731 0,001522
адекватно 3,506558 0,001606
адресат 3,912023 0,001792
аза 3,912023 0,001792
азбуковник 3,912023 0,001792
азербайджанская 3,506558 0,001606
акад 2,040221 0,000935
актуальность 2,659260 0,001218
александра 0,820981 0,000376
алексея 1,514128 0,000694
алфавитном 2,995732 0,001372
альбомы 3,218876 0,001475
анализ 1,237874 0,000567
английская 3,506558 0,001606
анонимные 2,813411 0,002578
античная 2,995732 0,001372
арзамас 3,218876 0,001475
армянская 1,771957 0,000812
архивная 0,400478 0,000183
аттестации 3,218876 0,001475
аттестационная 3,506558 0,001606
аттестацию 3,912023 0,001792
аттестуются 3,912023 0,001792
аудиокнига 3,912023 0,001792
афанасьева 2,813411 0,001289
бахтин 3,218876 0,001475
баш 3,506558 0,001606
беларуская 0,000000 0,000000
беларускаябългарски 0,000000 0,000000
белорусская 3,506558 0,001606
бельгийская 3,912023 0,001792
бенгальская 3,912023 0,001792
берлинской 2,995732 0,001372
библиографических 0,094311 0,000043
библиотек 0,967584 0,000443
библиотека 0,462035 0,000212
библиотечно-библиографической 3,912023 0,001792
биографии 2,813411 0,001289
ближе 2,120264 0,000971
богаевский 3,912023 0,001792
болгарская 3,912023 0,001792
большая 0,072571 0,000199
большинство 0,597837 0,000274
большой 0,328504 0,000150
бразильская 3,912023 0,001792
британская 2,659260 0,001218
британского 2,525729 0,001157
брокгауза 0,328504 0,000602
брошюра 3,506558 0,001606
будущем 1,966113 0,000901
будущих 2,659260 0,001218
будь 2,995732 0,001372
буква 2,659260 0,001218
бумажных 2,659260 0,001218
бурдье 3,912023 0,001792
буряад 0,000000 0,000000
бытие 3,506558 0,001606
важная 3,218876 0,001475
важно 2,120264 0,000971
важной 2,207275 0,001011
важные 2,120264 0,000971
вак 3,506558 0,001606
варианте 2,407946 0,001103
вашла 0,000000 0,000000
вводить 2,995732 0,001372
ведут 1,832581 0,000839
века 0,248461 0,000455
веке 0,597837 0,000548
велика 2,407946 0,001103
велико 2,407946 0,001103
венгерская 3,912023 0,001792
вепсская 3,912023 0,001792
вергилия 3,506558 0,001606
вероятно 1,609438 0,000737
версий 1,347074 0,000617
версия -0,009950 -0,000014
весьма 1,514128 0,000694
вещей 2,207275 0,001011
взрослых 1,897120 0,000869
взято 2,813411 0,001289
вигдоровой 3,912023 0,001792
вид 0,494296 0,000906
видами 1,469676 0,000673
виде 0,235722 0,000216
видов 0,616186 0,000282
виду 1,966113 0,000901
виды 0,798508 0,002560
визуального 2,995732 0,001372
визуальных 2,995732 0,001372
викиданных -0,009950 -0,000005
викимедиа -0,009950 -0,000005
википедии -0,009950 -0,000009
википедия -0,009950 -0,000005
викискладвикипедия 1,469676 0,000673
викискладвикиучебниквикиновостивикицитатникэлемент 3,218876 0,001475
викискладе 0,174353 0,000080
викисловарекниги 2,995732 0,001372
викисловарьвикипедия 1,309333 0,000600
викитекемедиафайлы 1,272966 0,000583
викитеку 1,347074 0,000617
викиучебник 2,659260 0,001218
викиучебникецитаты 3,218876 0,001475
викицитатник 1,272966 0,000583
викицитатникетексты 1,427116 0,000654
включает 0,462035 0,000212
включают 1,609438 0,000737
включая 0,527633 0,000483
вкраплениями 3,506558 0,001606
влияет 1,832581 0,000839
вместо 0,798508 0,000366
внешние 0,051293 0,000023
вновь 0,755023 0,000346
вносить 3,912023 0,001792
возможно 0,867501 0,000397
возможности 0,891598 0,000408
возникает 2,407946 0,001103
возникли 1,714798 0,000786
возрождения 1,966113 0,000901
волен 3,912023 0,001792
волшебный 2,813411 0,001289
воплощение 3,218876 0,001475
вопрос 0,967584 0,000443
вопросу 1,386294 0,001270
вопросы 1,049822 0,000481
воспитанию 3,912023 0,001792
воспоминания 2,659260 0,001218
воспринимаются 2,995732 0,001372
воспроизведение 2,995732 0,001372
воссоздаваемого 3,912023 0,001792
востребованных 3,506558 0,001606
вплоть 1,108663 0,000508
вполне 2,407946 0,003309
впоследствии 0,653926 0,000300
времени 0,186330 0,000256
время 0,030459 0,000084
все-таки 2,659260 0,002436
всем 0,891598 0,000817
вспомогательного 3,912023 0,001792
второстепенных 3,506558 0,001606
втянуты 3,912023 0,001792
входивших 3,912023 0,001792
выдающихся 2,302585 0,001055
выделенная 2,995732 0,001372
выделяться 3,218876 0,001475
вызвала 2,207275 0,001011
вызывает 1,427116 0,000654
вызывающей 3,912023 0,001792
вымысла 3,912023 0,001792
выпущенных 2,995732 0,001372
выражениям 3,506558 0,001606
выстраиванию 3,912023 0,001792
высшая 1,386294 0,000635
выявляется 3,506558 0,001606
вячеслава 3,218876 0,001475
гадамер 3,506558 0,001606
гегель 3,218876 0,001475
герменевтике 3,912023 0,001792
гесиода 3,912023 0,001792
главным 0,967584 0,000443
главных 1,078810 0,000494
года -0,009950 -0,000005
годавикипедия 0,616186 0,000282
годов 0,356675 0,000163
годы 0,356675 0,000163
гомер 3,912023 0,003584
гомера 3,506558 0,001606
гораздо 1,714798 0,000786
государства 0,843970 0,000387
грани 2,302585 0,001055
границах 1,078810 0,000988
греческая 3,218876 0,001475
громких 3,506558 0,001606
грубые 3,912023 0,001792
грузинская 3,218876 0,001475
группой 2,120264 0,001943
гуманитарного 2,659260 0,001218
гутенбергом 3,912023 0,001792
давно 2,302585 0,001055
дает 1,203973 0,000552
даниэлем 3,912023 0,001792
данной 1,609438 0,003686
данном 2,040221 0,000935
данному 1,966113 0,000901
данный 0,713350 0,000654
датская 0,342490 0,000314
движутся 3,912023 0,001792
двум 2,207275 0,001011
двух 0,462035 0,000423
девичьи 3,912023 0,001792
действовать -0,009950 -0,000005
действует 0,634878 0,000291
деле 1,660731 0,000761
дело 1,078810 0,000494
делящаяся 3,912023 0,001792
деталей 2,813411 0,001289
детей 0,941609 0,000863
детская 0,916291 0,000420
детской 2,040221 0,001869
дефо 3,506558 0,001606
деятельности 0,446287 0,000204
джамбула 3,912023 0,001792
диалогов 2,995732 0,002745
дилетантской 3,912023 0,001792
дискуссии 2,525729 0,001157
дискуссионным 3,506558 0,001606
длинного 2,995732 0,001372
дневник 3,506558 0,003213
дневники 3,506558 0,001606
дню 2,040221 0,000935
дня 0,478036 0,000219
добавить 2,813411 0,001289
довольно 0,891598 0,001634
докладов 3,506558 0,001606
документальная 3,506558 0,006425
документальный 2,207275 0,001011
должны 1,021651 0,000468
доля 0,733969 0,000672
дополнительные -0,009950 -0,000005
дополнительных 2,040221 0,000935
допущений 3,912023 0,001792
достаточно 0,820981 0,000376
достижению 3,506558 0,001606
достижениях 3,912023 0,003584
достоверность 2,659260 0,001218
достоянием 3,506558 0,001606
доступен -0,009950 -0,000005
драма 3,912023 0,001792
драмами 3,912023 0,001792
древнегреческая 3,506558 0,001606
древнегреческого 3,218876 0,001475
древнегреческой 2,813411 0,001289
древнерусская 3,218876 0,001475
древние 1,560648 0,001430
древняя 1,832581 0,000839
друг 1,108663 0,000508
другие 0,030459 0,000042
другим 0,733969 0,000672
другими 0,616186 0,000282
других -0,009950 -0,000023
другого 2,407946 0,001103
другое 1,049822 0,000481
другу 2,659260 0,001218
друзей 2,813411 0,001289
думать 3,218876 0,001475
духовная 1,386294 0,000635
еврейская 0,843970 0,000773
европейской 0,891598 0,000408
единства 2,207275 0,001011
единственного 2,813411 0,001289
единый 1,469676 0,000673
есина 3,912023 0,001792
естественного 2,207275 0,001011
ефрона 0,328504 0,000451
жанрах 3,218876 0,001475
желающий 3,218876 0,001475
живой 2,207275 0,001011
жизнеописаний 3,912023 0,001792
жизни 0,562119 0,000515
журнала 1,427116 0,000654
журналов 1,714798 0,000786
журналы 1,609438 0,000737
заблуждение 3,912023 0,001792
заболеваний 2,207275 0,001011
завершенной 3,506558 0,001606
заглавная -0,009950 -0,000005
загогулина 3,912023 0,001792
заданию 2,813411 0,001289
задания 2,525729 0,001157
задач 1,386294 0,000635
задача 1,660731 0,000761
задаче 3,218876 0,001475
задним 3,912023 0,001792
заключается 1,897120 0,000869
законченность 3,912023 0,001792
закреплен 2,659260 0,001218
закрепления 3,218876 0,001475
зал 1,021651 0,000468
занимают 1,347074 0,000617
занимающиеся 3,912023 0,001792
записаны 2,995732 0,001372
записи 1,560648 0,001430
записки 1,560648 0,000715
запись 2,040221 0,002804
записьвойти -0,009950 -0,000005
зарегистрированный -0,009950 -0,000005
затрат 2,813411 0,001289
затруднительно 3,912023 0,001792
зачастую 1,771957 0,000812
заявление -0,009950 -0,000005
збекча 0,000000 0,000000
знает 2,813411 0,002578
знак -0,009950 -0,000005
знаки 2,120264 0,000971
знакомых 3,506558 0,001606
знаменитая 2,207275 0,001011
знаний 1,660731 0,004565
знания 1,832581 0,002518
значение 0,314711 0,000288
значения 0,105361 0,000097
значит 1,560648 0,000715
значительные 1,514128 0,001387
значительных 1,771957 0,000812
зои 3,506558 0,001606
зрения 1,272966 0,001749
идеале 3,218876 0,001475
идеологически 3,912023 0,001792
идет 1,078810 0,000494
ижевск 1,139434 0,000522
из-за 0,415515 0,000190
избранные 2,302585 0,001055
известной 1,966113 0,000901
известные 0,891598 0,000408
известный 0,941609 0,000431
известными 2,120264 0,000971
извлекать 3,912023 0,001792
извлечь 3,506558 0,001606
изд 0,314711 0,000144
изд-во 1,049822 0,000481
издание 0,776529 0,000356
издании 2,525729 0,001157
изданий 1,469676 0,000673
изданию 2,525729 0,001157
издания 1,049822 0,000962
изданные 2,813411 0,001289
издательство 0,510826 0,000234
издают 3,912023 0,001792
изделий 1,309333 0,000600
изложить 3,506558 0,001606
изменения 0,562119 0,000257
изменениям 2,407946 0,001103
изменяясь 3,912023 0,001792
изобразительное 2,813411 0,001289
изобретшим 3,912023 0,001792
израильская 3,912023 0,001792
илиада 3,912023 0,001792
илиаде 3,912023 0,001792
имеет 0,235722 0,000216
именем 1,272966 0,000583
именно 0,544727 0,000250
иметь 1,272966 0,000583
имеют 0,371064 0,000170
имеющие 1,714798 0,001571
имеющийся 3,506558 0,001606
имеющих 1,272966 0,000583
ими 1,272966 0,000583
иная 2,995732 0,001372
индийская 3,218876 0,001475
иного 2,525729 0,001157
иное 2,659260 0,001218
иной 1,714798 0,000786
иному 3,912023 0,003584
инструкции 2,207275 0,001011
инструменты -0,009950 -0,000009
интервьюировавшей 3,912023 0,001792
интернет 0,916291 0,000420
интернета 1,771957 0,000812
интерпретаций 3,912023 0,003584
информации 0,446287 0,000409
информацию 1,237874 0,001134
информация 0,446287 0,000204
информирования 2,813411 0,001289
иные 1,714798 0,000786
иным 2,525729 0,001157
иными 2,525729 0,001157
иных 1,469676 0,000673
ирландская 3,912023 0,001792
ирон 0,000000 0,000000
исключительно 1,272966 0,001166
исключить 2,995732 0,001372
искусства 0,733969 0,001345
искусство 0,994252 0,001366
исландская 3,912023 0,001792
испанская 3,506558 0,001606
исполнителей 2,525729 0,001157
исполнявшегося 3,912023 0,001792
исполняет 2,407946 0,001103
исполняют 3,506558 0,001606
использования -0,009950 -0,000005
используемая 2,995732 0,001372
использующий 3,506558 0,001606
использующими 3,506558 0,001606
исследований 0,941609 0,000431
истории 0,248461 0,000341
исторически 1,078810 0,000494
история 0,051293 0,000047
источник -0,009950 -0,000005
источника 1,832581 0,000839
источники 0,415515 0,000190
источников 0,371064 0,000170
исходе 3,912023 0,001792
итальянская 1,609438 0,000737
каждое 1,714798 0,001571
кажется 2,525729 0,001157
казахская 3,506558 0,001606
каким-то 3,218876 0,001475
каких-либо 2,302585 0,001055
каково 3,912023 0,001792
какого 2,995732 0,001372
какого-либо 2,407946 0,001103
канадская 2,120264 0,000971
карамзина 3,506558 0,001606
касается 2,207275 0,002022
каталогах 0,094311 0,000043
каталоги 3,506558 0,003213
категории -0,009950 -0,000009
качестве 0,478036 0,000438
качественно 3,506558 0,001606
квалифицируются 3,912023 0,001792
кино 0,994252 0,000455
китайская 0,776529 0,000711
классификации 1,832581 0,001679
классификация 2,040221 0,000935
книга 0,843970 0,000773
книге 1,309333 0,000600
книги 0,916291 0,000420
книгой 2,813411 0,001289
книгопечатание 3,912023 0,001792
книжной 2,813411 0,001289
код -0,009950 -0,000082
кодекс -0,009950 -0,000009
кодистория 0,116534 0,000053
количество 0,328504 0,000150
коллективные 3,218876 0,001475
ком 2,813411 0,001289
коми 1,514128 0,000694
комикъарачай-малкъар 0,000000 0,000000
комиссия 1,609438 0,000737
коммунистической 2,813411 0,001289
комплексные 2,813411 0,001289
композитором 3,218876 0,001475
компонент 2,659260 0,002436
компьютерный 2,813411 0,002578
конкретная 3,506558 0,001606
конструкции 2,120264 0,000971
конфиденциальности -0,009950 -0,000005
конфликт 2,525729 0,001157
конца 0,562119 0,000257
копия 0,328504 0,000150
корейской 2,040221 0,000935
корман 3,912023 0,001792
короткие 2,302585 0,001055
короткий -0,009950 -0,000005
космодемьянских 3,912023 0,001792
которая 0,287682 0,000264
которого 0,301105 0,000138
которой 0,174353 0,000160
котором 0,301105 0,000138
которые 0,162519 0,000149
которых 0,094311 0,000216
критерий 2,302585 0,002110
критериям 2,302585 0,001055
критики 2,407946 0,001103
кроме 0,235722 0,000108
круга 2,525729 0,003471
крузо 3,218876 0,001475
куки -0,009950 -0,000005
культур 1,309333 0,000600
культурах 3,506558 0,003213
культуре 1,427116 0,001307
культуры 0,462035 0,000423
курицына 3,912023 0,001792
кыргызча 0,000000 0,000000
лазаревич 2,995732 0,001372
лаккулезги 0,000000 0,000000
ларусса 1,078810 0,000988
лат 1,771957 0,000812
лежащих 2,813411 0,001289
летним 2,525729 0,001157
линии 0,755023 0,000346
лирика 3,912023 0,001792
листовка 3,912023 0,001792
литерату 0,000000 0,000000
литература 0,061875 0,002976
литературагуманитарные 3,912023 0,001792
литературе 1,514128 0,004162
литературная 2,813411 0,003866
литературного 2,120264 0,001943
литературное 2,813411 0,002578
литературном 3,506558 0,001606
литературные 2,525729 0,003471
литературный 1,427116 0,001961
литературных 2,302585 0,003164
литературой 3,912023 0,001792
литературу 3,506558 0,008032
литературы 1,078810 0,016308
литовская 1,309333 0,000600
лиц 1,427116 0,000654
лицензии -0,009950 -0,000005
личная 2,995732 0,001372
личной 3,506558 0,001606
личные 1,966113 0,000901
личных 2,525729 0,001157
локализации 3,218876 0,001475
лоренса 3,912023 0,001792
лотман 3,912023 0,001792
лукреция 3,912023 0,001792
лучшие 1,560648 0,000715
льшую 0,000000 0,000000
любого 2,120264 0,001943
любой 1,514128 0,000694
любом 2,120264 0,000971
людей 0,693147 0,000318
македонски 0,000000 0,000000
маленький 2,813411 0,001289
маленьким 3,218876 0,001475
малоподготовленных 3,912023 0,001792
малый 0,371064 0,000170
массивы 1,560648 0,000715
математической 2,525729 0,001157
матери 1,347074 0,000617
материал -0,009950 -0,000009
материала 2,302585 0,002110
материалов 0,755023 0,000346
материалом 2,659260 0,001218
материальное 3,218876 0,001475
мая 0,139262 0,000191
медицинский 0,891598 0,000408
мелок 3,912023 0,001792
мемуарная 3,912023 0,003584
мемуаров 3,912023 0,001792
мемуары 3,912023 0,001792
менее 0,314711 0,000288
место 0,371064 0,000340
метода 2,302585 0,001055
методологические 3,218876 0,001475
механизм 1,660731 0,000761
механизмы 2,659260 0,001218
мнении 3,506558 0,001606
многих 0,494296 0,000226
многочисленной 3,218876 0,001475
мобильная -0,009950 -0,000005
могут -0,009950 -0,000027
модернизма 3,218876 0,001475
можете 0,653926 0,000300
момент 0,597837 0,000274
монгол 0,000000 0,000000
мониторе 3,912023 0,001792
монографий 3,506558 0,001606
моршин 3,218876 0,002949
музея 1,021651 0,000468
музыка 1,347074 0,000617
музыкального 2,525729 0,001157
музыку 2,302585 0,001055
наблюдается 1,021651 0,000936
навигации -0,009950 -0,000005
навигация -0,009950 -0,000009
навыков 3,912023 0,003584
названия 0,342490 0,000157
названным 3,912023 0,001792
назначение 2,525729 0,001157
называемая 2,120264 0,000971
наиболее 0,139262 0,000191
накладывало 3,912023 0,001792
наличие 1,108663 0,000508
налогов 2,813411 0,001289
нами -0,009950 -0,000005
написана 2,207275 0,001011
написанная 3,218876 0,001475
написанное 2,995732 0,001372
написанные 3,218876 0,002949
написанный 2,995732 0,001372
направлена 2,813411 0,001289
направляет 3,506558 0,001606
например 0,328504 0,001956
напротив 1,237874 0,000567
народные 1,832581 0,000839
народов 0,798508 0,000732
наряду 1,078810 0,000494
насколько 2,525729 0,001157
настолько 1,897120 0,001738
настоящее 0,328504 0,000451
натяжка 3,912023 0,001792
науке 1,897120 0,000869
науки 0,820981 0,000752
наукискрытые 2,995732 0,001372
науку 1,966113 0,000901
научная 0,798508 0,002560
научно-популярная 2,659260 0,007309
научно-популярной 2,995732 0,001372
научного 1,309333 0,001200
научной 1,108663 0,005586
научные 1,049822 0,001924
научным 1,771957 0,000812
научными 2,120264 0,000971
научных 0,776529 0,000356
находилось 1,771957 0,000812
национальных 1,832581 0,001679
начала 0,314711 0,000288
начали 0,891598 0,000408
начальника 2,120264 0,000971
начинает 1,771957 0,000812
начинаются 1,897120 0,000869
наши 1,609438 0,000737
невозможно 1,832581 0,000839
негативным 3,506558 0,001606
негерманские 3,912023 0,001792
недаром 3,506558 0,001606
независимо 1,966113 0,000901
неизвестен 2,659260 0,001218
неизменных 3,912023 0,001792
некоммерческой -0,009950 -0,000005
некоторые 0,301105 0,000138
некоторых 0,494296 0,000679
нелитературного 3,912023 0,001792
нем 0,356675 0,000163
немало 1,966113 0,000901
немецкая 1,966113 0,000901
немного 1,714798 0,000786
неоднократно 1,139434 0,000522
неожиданный 3,912023 0,001792
непосредственно 0,478036 0,000657
непосредственного 3,218876 0,001475
непохожие 3,912023 0,001792
нескольким 2,407946 0,001103
несловесных 3,912023 0,001792
нехудожественная 3,912023 0,001792
неявных 3,912023 0,001792
нидерландская 3,218876 0,001475
никак 2,813411 0,001289
никиш 3,218876 0,002949
николая 0,916291 0,000420
новая 0,634878 0,000291
новейшее 2,813411 0,001289
новейшей 2,525729 0,001157
нового 0,579818 0,000266
новой 0,653926 0,000300
новые 0,342490 0,000157
новым 1,049822 0,000481
новых 0,430783 0,000197
норвежская 0,248461 0,000114
носителей 2,659260 0,004873
носители 2,995732 0,002745
носителя 3,506558 0,001606
носить 3,506558 0,001606
нохчийн 0,000000 0,000000
нська 0,000000 0,000000
нуждам 3,912023 0,001792
ньскъ 0,000000 0,000000
обеспечивает 1,108663 0,000508
обзоров 3,912023 0,001792
областей 1,049822 0,000481
области 0,223144 0,000204
обнародовать 3,912023 0,001792
обнаруживает 3,506558 0,001606
обобщений 3,912023 0,001792
обозримом 3,912023 0,001792
образом 0,371064 0,000340
образцы 2,207275 0,001011
обслуживанию 2,659260 0,001218
общего 0,713350 0,000654
общей 0,597837 0,000274
общения 2,813411 0,001289
общепризнанной 2,995732 0,001372
общепринятыми 3,912023 0,001792
общественное 1,966113 0,000901
общественными 2,813411 0,001289
общество 0,713350 0,000327
общий 0,916291 0,000420
объединяет 1,771957 0,000812
объединяя 3,506558 0,001606
объективно 3,506558 0,001606
объема 1,237874 0,000567
обычно 0,693147 0,000318
обязательное 3,912023 0,001792
овладел 3,912023 0,001792
оговорками 3,912023 0,001792
ограничения 1,897120 0,000869
одинаковые 2,995732 0,001372
одиссея 3,506558 0,001606
однако 0,174353 0,000879
одним 0,494296 0,000226
одной 0,371064 0,000510
одному 1,514128 0,000694
ожегов 3,218876 0,001475
ожесточенной 3,912023 0,001792
оказываются 2,302585 0,001055
окончательно 1,203973 0,000552
окончательном 3,912023 0,001792
окрашены 3,912023 0,001792
окружающими 3,218876 0,001475
онлайн 0,198451 0,000091
опера 2,659260 0,001218
опернплац 3,912023 0,001792
описание -0,009950 -0,000005
описания 1,832581 0,000839
описать 3,218876 0,001475
оправданным 3,912023 0,001792
определенного 2,525729 0,001157
определенной 1,832581 0,000839
определенному 2,813411 0,001289
определенными 2,525729 0,001157
определить 2,207275 0,001011
определяет 1,714798 0,000786
определяется 1,609438 0,000737
определяющие 2,813411 0,001289
опубликована 2,407946 0,001103
опыт 1,714798 0,000786
организации -0,009950 -0,000005
организациями 2,120264 0,000971
ориентации 2,995732 0,001372
ортса 0,000000 0,000000
основания 0,713350 0,000327
основе 0,494296 0,000226
основная 0,116534 0,000107
основном 0,510826 0,000234
основные 0,223144 0,000409
основным 0,616186 0,000282
основных 0,634878 0,000582
особенно 0,562119 0,000257
особенности 0,994252 0,000455
особенность 2,525729 0,001157
остается 0,891598 0,001225
остаются 2,040221 0,001869
осуществившего 3,912023 0,001792
осуществивших 3,912023 0,001792
отбора 2,407946 0,001103
ответственности -0,009950 -0,000005
отграничивающие 3,912023 0,001792
отдаленных 3,912023 0,001792
отделить 3,218876 0,001475
отдельное 1,966113 0,000901
отдельной 2,407946 0,001103
отдельный 1,832581 0,000839
отдельных -0,009950 -0,000005
отделяя 3,912023 0,001792
отказ -0,009950 -0,000005
открытия 0,916291 0,000420
отличие 0,891598 0,001225
отменяет 3,912023 0,001792
относительно 0,415515 0,000190
относится 0,733969 0,000336
относятся 0,713350 0,001961
относящаяся 2,995732 0,001372
относящийся 3,506558 0,001606
отношением 2,659260 0,001218
отношении 1,203973 0,000552
отношений 1,309333 0,000600
оторван 3,912023 0,001792
отражать 3,912023 0,001792
отраслевые 2,813411 0,001289
отредактирована -0,009950 -0,000005
отрывки 3,912023 0,001792
отсутствия 1,714798 0,000786
отсутствовали 2,813411 0,001289
отчетливое 3,912023 0,001792
очевидным 3,506558 0,001606
очередной 2,040221 0,000935
очерки 1,171183 0,000537
ошибкекак -0,009950 -0,000005
ошибки 1,897120 0,000869
памфлет 3,912023 0,001792
памятниками 2,040221 0,000935
парщикова 3,912023 0,001792
патенты 3,912023 0,001792
первые 0,494296 0,000226
переводная 3,912023 0,001792
перейти -0,009950 -0,000009
переклички 3,912023 0,001792
перем 0,000000 0,000000
переписка 3,912023 0,005376
переписку 3,912023 0,001792
переписывает 3,912023 0,001792
пересказывает 3,912023 0,001792
переходные 2,995732 0,001372
переходу 2,995732 0,001372
периодические 2,525729 0,001157
периодов 2,040221 0,000935
периоду 2,120264 0,000971
персидская 3,506558 0,001606
персональные -0,009950 -0,000005
песен 2,120264 0,000971
песни 1,514128 0,001387
песня 1,609438 0,002212
печати -0,009950 -0,000005
печать -0,009950 -0,000005
писались 3,506558 0,001606
писателей 1,714798 0,003142
писатели 2,407946 0,001103
писательницей 3,912023 0,001792
писателя 1,660731 0,000761
писем 3,218876 0,001475
писца 3,912023 0,001792
письма 1,897120 0,000869
письмах 3,218876 0,001475
письменная 3,506558 0,001606
письменно 3,912023 0,001792
письменного 3,506558 0,003213
письменное 2,659260 0,001218
письменной 3,218876 0,001475
письменному 3,506558 0,001606
письменности 2,659260 0,001218
письменные 2,995732 0,002745
письменных 2,407946 0,001103
пишут 2,659260 0,001218
платона 2,995732 0,001372
площади 0,510826 0,000234
поведения -0,009950 -0,000005
поверхностные 2,525729 0,001157
повсеместное 2,995732 0,001372
повторы 3,912023 0,001792
пограничные 3,218876 0,001475
подвергались 3,218876 0,001475
поддавалось 3,912023 0,001792
поддерживаемый 3,506558 0,001606
подразумеваемых 3,912023 0,001792
подробнее -0,009950 -0,000005
подростков 2,659260 0,001218
подтверждающие 2,813411 0,001289
подхваты 3,912023 0,001792
подход 1,771957 0,000812
подходу 3,506558 0,001606
подчас 3,912023 0,001792
подчиненная 3,506558 0,001606
поздравление 3,912023 0,001792
познавательное 3,912023 0,001792
поиск -0,009950 -0,000005
поиску -0,009950 -0,000005
политика -0,009950 -0,000005
политиков 2,995732 0,001372
полное 1,139434 0,000522
полностью 0,400478 0,000550
получения 1,469676 0,000673
получившегося 3,912023 0,001792
получившееся 3,912023 0,001792
польская 3,218876 0,001475
понимаемые 3,912023 0,001792
понимание 2,207275 0,001011
понимают 2,302585 0,001055
понятия 1,560648 0,001430
попытаться 3,912023 0,001792
порой 2,659260 0,001218
португальская 3,912023 0,001792
порядке 1,309333 0,000600
последний -0,009950 -0,000005
последних 1,347074 0,000617
последнюю 2,659260 0,001218
последователи 2,813411 0,001289
последовательно 1,832581 0,000839
последующее 2,995732 0,001372
постмодернизма 3,506558 0,001606
постороннего 3,912023 0,001792
построение 2,525729 0,001157
поучений 3,912023 0,001792
поэм 3,912023 0,003584
поэмам 3,912023 0,001792
поэтического 3,912023 0,001792
поэтом 3,506558 0,001606
поэтому 0,616186 0,000847
появлением 1,347074 0,000617
появляться 1,771957 0,000812
правилам 1,660731 0,000761
правило 0,891598 0,000817
правильно 2,302585 0,001055
правительством 1,832581 0,000839
править -0,009950 -0,000173
правкиновые -0,009950 -0,000005
правкипостоянная -0,009950 -0,000005
право 1,469676 0,000673
правомерно 3,912023 0,003584
прагматическая 3,912023 0,001792
практике 1,660731 0,000761
практическим 3,506558 0,001606
превращают 3,912023 0,001792
превращения 2,659260 0,001218
превращены 3,912023 0,001792
пределы 1,966113 0,000901
предложенные 3,218876 0,001475
предметом 1,560648 0,000715
предназначена 2,813411 0,001289
предназначению 3,912023 0,001792
предназначенные 2,995732 0,001372
представились -0,009950 -0,000005
представление 1,514128 0,000694
представления 1,469676 0,000673
предшествует 3,506558 0,001606
предыдущим 2,302585 0,001055
прежде 1,049822 0,000962
прекрасного 3,506558 0,001606
препинания 3,912023 0,001792
преступлений 2,040221 0,000935
претендующего 3,912023 0,001792
приблизительно-ориентировочный 3,912023 0,001792
приведет 2,813411 0,001289
привносится 3,912023 0,001792
призван 2,659260 0,001218
прикладных 2,120264 0,000971
приключения 3,218876 0,001475
приключениях 3,912023 0,001792
применительно 2,995732 0,001372
применять 2,407946 0,001103
примерами 1,966113 0,000901
примеру 2,040221 0,000935
примечания -0,009950 -0,000009
принадлежит 1,203973 0,001103
принц 3,912023 0,001792
принцем 3,912023 0,001792
принцип 1,832581 0,000839
принципиально 2,813411 0,002578
принципиального 3,912023 0,001792
приобрела 2,659260 0,001218
приоритета 3,506558 0,001606
природе 2,040221 0,000935
присутствует 1,714798 0,000786
причинам 1,966113 0,000901
проблемами 2,302585 0,001055
проблематичным 3,912023 0,001792
проблемы 0,544727 0,000250
проверочные 3,912023 0,001792
проводит 1,660731 0,000761
проектах -0,009950 -0,000005
проецируем 3,912023 0,001792
проза 3,218876 0,007373
прозы 3,506558 0,001606
произведение 2,407946 0,004412
произведений 1,714798 0,000786
произведения 1,427116 0,005230
производства 0,616186 0,000282
проливая 3,912023 0,001792
просвещение 2,302585 0,001055
просмотры -0,009950 -0,000005
проспект 1,021651 0,000468
проставив 2,995732 0,001372
просто 1,272966 0,000583
пространства 1,049822 0,000962
пространство 1,203973 0,000552
простым 3,912023 0,001792
противопоставлялись 3,912023 0,001792
протяжении 0,867501 0,000397
прохоров 1,078810 0,000988
процесс 1,108663 0,000508
процесса 1,714798 0,000786
прочее 0,653926 0,000599
прочитываются 3,912023 0,001792
прошлого 1,609438 0,000737
прошлое 1,771957 0,000812
прошлом 1,108663 0,000508
прошлых 2,995732 0,001372
прямо 1,714798 0,000786
прямые 1,966113 0,000901
психологии 2,407946 0,003309
психологической 3,218876 0,001475
публикацией 3,506558 0,003213
публикации 1,832581 0,000839
публикуемой 3,912023 0,001792
публицистическим 3,912023 0,001792
публицистического 3,912023 0,001792
публицистической 3,912023 0,001792
публицисты 3,912023 0,001792
публично 2,659260 0,001218
публичных 2,407946 0,001103
путешествий 2,995732 0,001372
пытаются 2,995732 0,001372
пьер 3,218876 0,001475
работа 0,891598 0,000408
работе 1,237874 0,000567
работы 0,314711 0,000144
разветвленные 3,912023 0,001792
развиваясь 3,506558 0,001606
развитии 1,078810 0,000494
развитию 0,843970 0,000387
раздел 0,891598 0,000408
различные 0,693147 0,000635
различных 0,385662 0,000177
разных 0,510826 0,000702
разработчики -0,009950 -0,000005
рамках 0,544727 0,000749
распространение 1,237874 0,001134
распространением 2,207275 0,001011
распространяющихся 3,506558 0,001606
рассел 3,506558 0,001606
расследования 3,506558 0,001606
рассматривать 1,966113 0,002702
рассматриваются 2,120264 0,000971
расставлять 3,912023 0,001792
рассуждений 2,995732 0,001372
рассчитанные 3,506558 0,001606
расчетом 3,218876 0,001475
реальных 2,659260 0,001218
революцией 2,525729 0,001157
революция 1,427116 0,000654
регулярное 1,714798 0,000786
ред 0,235722 0,000216
редакция 1,469676 0,000673
редкими 3,218876 0,001475
результате 0,342490 0,000157
рекламная 3,912023 0,001792
рекламный 3,506558 0,001606
религиозная 2,120264 0,000971
религиозно-мифологические 3,912023 0,001792
религиозной 2,407946 0,001103
ремонту 2,813411 0,001289
ресурсы 0,020203 0,000009
рефератов 3,912023 0,001792
рецензентам 3,912023 0,001792
рецензий 3,912023 0,001792
рецензирование 3,912023 0,001792
рецензирования 3,912023 0,001792
рецензируемые 3,912023 0,001792
рецензируются 3,912023 0,001792
речь 2,120264 0,000971
решать 2,525729 0,001157
рикер 3,912023 0,001792
римская 2,995732 0,001372
рисунки 2,995732 0,002745
робинзона 3,218876 0,001475
род 2,120264 0,000971
рода 1,560648 0,000715
рождения 1,514128 0,000694
роль 0,579818 0,000531
ролью 2,995732 0,001372
романтизма 3,218876 0,001475
россии 0,186330 0,000171
российская 0,186330 0,000085
российского 0,634878 0,000291
рукопись 3,506558 0,001606
румынская 3,912023 0,001792
рус 0,162519 0,000074
русиньскый 0,000000 0,000000
русская 0,867501 0,000397
русские 0,544727 0,000250
русский -0,009950 -0,000005
русских 0,843970 0,000387
русского 0,494296 0,000226
русской 0,673345 0,000617
ряд 0,385662 0,000353
ряде 1,237874 0,000567
рядом 0,733969 0,000336
сайтов 2,659260 0,001218
сама 1,469676 0,000673
сами 1,560648 0,001430
самим 2,813411 0,001289
самих 2,659260 0,001218
самом 1,108663 0,001016
саморазвитию 3,912023 0,007168
самостоятельное 2,995732 0,001372
саму 2,995732 0,001372
самых 0,544727 0,000250
сборники 3,218876 0,001475
сведения 0,867501 0,001192
свет 1,560648 0,000715
свободной -0,009950 -0,000009
своды 3,912023 0,001792
своего 0,776529 0,001067
свои 0,755023 0,000346
своим 0,967584 0,000443
своих 0,776529 0,000356
свойств 1,966113 0,001801
свойством 3,912023 0,001792
свяжитесь -0,009950 -0,000005
связано 1,078810 0,000988
связаны 1,237874 0,000567
связи 0,235722 0,000108
сделанных 3,506558 0,001606
сегодня 0,616186 0,000282
сегодняшнего 3,506558 0,001606
сент-экзюпери 3,912023 0,003584
сентября 0,072571 0,000033
сербская 3,506558 0,001606
сергея 1,469676 0,000673
серьезным 2,813411 0,001289
сетевая 2,813411 0,001289
сжигают 3,912023 0,001792
сил 1,771957 0,000812
симптомов 3,912023 0,001792
синайский 3,912023 0,001792
синкен 3,912023 0,001792
синкретические 3,912023 0,001792
синтетические 3,218876 0,002949
синтетического 2,659260 0,001218
системеобсуждениевкладсоздать -0,009950 -0,000005
системно 3,912023 0,001792
системные 2,995732 0,001372
системы 0,342490 0,000157
скажем 3,506558 0,001606
сказители 3,912023 0,001792
сказителями 3,506558 0,001606
сказка 2,120264 0,002914
сказки 2,659260 0,001218
скачать -0,009950 -0,000005
скачок 3,506558 0,001606
складывается 2,525729 0,001157
сколько-нибудь 3,218876 0,001475
скорее 1,966113 0,000901
скором 3,506558 0,001606
следует 0,755023 0,001038
слов 1,560648 0,001430
слова 0,562119 0,000515
словам 1,897120 0,000869
словари 0,116534 0,000107
словарные 3,912023 0,001792
словарь 0,274437 0,000251
словесно-языкового 3,912023 0,001792
словесного 3,912023 0,003584
словесности 3,506558 0,001606
словесный 3,912023 0,005376
сложившееся 3,218876 0,001475
сложились 2,525729 0,001157
сложно 2,525729 0,001157
сложностей 3,912023 0,001792
сложности 1,347074 0,001234
служащих 2,525729 0,001157
служебная 3,912023 0,001792
служить 2,120264 0,000971
случае 0,843970 0,000387
случаев 1,469676 0,000673
случаи 1,714798 0,000786
случаях -0,009950 -0,000014
сноски 2,995732 0,001372
сносок 0,843970 0,001933
соблюсти 3,912023 0,001792
собой 0,328504 0,000150
собрания 1,139434 0,000522
собственно 1,386294 0,000635
собственной 1,660731 0,000761
событий 1,386294 0,001270
событияпожертвовать -0,009950 -0,000005
событиях 2,207275 0,002022
совершенной 3,506558 0,001606
советская 0,371064 0,000850
советской 0,755023 0,000346
советскому 2,995732 0,001372
советы 2,659260 0,001218
совокупность 1,660731 0,000761
современников 2,407946 0,002206
современность 1,609438 0,000737
современные 0,916291 0,000839
согласно 0,301105 0,000138
содержание 0,010050 0,000005
содержанию 2,995732 0,001372
содержания 1,386294 0,000635
содержат 1,966113 0,000901
содержатся 3,218876 0,001475
содержать 2,525729 0,001157
создавались 2,659260 0,001218
создает 1,832581 0,000839
создан 0,693147 0,000318
создания 0,653926 0,000599
созданы 1,078810 0,000494
сомнений 3,506558 0,001606
сообщить -0,009950 -0,000005
соответствии 0,446287 0,000204
сопоставлении 3,912023 0,001792
составил 0,916291 0,000420
состоялась 1,609438 0,000737
состояние 0,733969 0,000336
состоят 2,207275 0,001011
сохранением -0,009950 -0,000005
сохранялись 3,912023 0,001792
сохраняются 2,302585 0,001055
социалистической 1,897120 0,000869
социальное 2,207275 0,001011
социальные 1,660731 0,000761
социолог 3,218876 0,001475
сочинений 2,525729 0,001157
сочинения 2,120264 0,003885
сочинениям 3,506558 0,001606
сочиненное 3,912023 0,001792
специалистами 1,966113 0,000901
специалистов 1,078810 0,000988
специфика 2,995732 0,001372
список 0,248461 0,000341
способ 1,966113 0,000901
способна 2,813411 0,001289
способностей 2,995732 0,001372
способом 1,771957 0,000812
справочная 2,407946 0,003309
справочник 0,916291 0,000420
справочники 2,659260 0,001218
справочное 3,506558 0,001606
справочной 3,218876 0,002949
справочном 3,506558 0,001606
справочные 2,659260 0,001218
справочных 3,506558 0,001606
сразу 0,994252 0,000911
средневековая 2,407946 0,001103
српски 0,000000 0,000000
српскохрватски 0,000000 0,000000
ссср 0,314711 0,000144
ссылка 0,274437 0,000377
ссылками 0,186330 0,000171
ссылкасведения -0,009950 -0,000005
ссылки -0,009950 -0,000023
ставит 2,302585 0,001055
стандартизованы 3,912023 0,001792
становиться 3,218876 0,001475
старая 0,430783 0,000197
статей 0,967584 0,000886
статистика -0,009950 -0,000005
статус 0,510826 0,000234
статье 0,941609 0,000431
статьевикипедия 1,660731 0,001522
статьестатьи 0,843970 0,000387
статьи 0,072571 0,000166
статьислучайная -0,009950 -0,000005
статьисообществофорумсправкасвежие -0,009950 -0,000005
статью 0,616186 0,000282
статья 0,105361 0,000097
статьяобсуждение -0,009950 -0,000005
статьятекущие -0,009950 -0,000005
стб 2,995732 0,001372
стерна 3,912023 0,001792
стиха 3,912023 0,001792
стихотворное 3,912023 0,001792
стихотворным 3,912023 0,001792
стихотворных 3,912023 0,001792
сторону 1,171183 0,000537
стороны 0,430783 0,000789
странах 1,560648 0,000715
страница -0,009950 -0,000005
страницасодержаниеизбранные -0,009950 -0,000005
страницецитировать -0,009950 -0,000005
страницуполучить -0,009950 -0,000005
страницы -0,009950 -0,000005
страницыслужебные -0,009950 -0,000005
страноведческие 3,912023 0,001792
строения 1,832581 0,000839
строю 3,506558 0,001606
структура 0,967584 0,000886
структуре 1,272966 0,001166
структурой 2,813411 0,001289
студенты 2,525729 0,001157
сугубо 2,525729 0,001157
судьба 1,966113 0,000901
существенной 3,506558 0,001606
существенные 2,120264 0,001943
существовал 1,469676 0,000673
существовали 1,309333 0,000600
существования 1,272966 0,000583
существовать 2,120264 0,000971
существуют 0,162519 0,000149
существующие 2,040221 0,000935
существующий 2,525729 0,001157
сфере 0,967584 0,000443
сферы 1,309333 0,001200
схемы 1,771957 0,000812
сходились 3,506558 0,001606
считается 0,693147 0,000635
считать 0,994252 0,000455
считающиеся 3,506558 0,001606
считающимися 3,912023 0,001792
сша 0,562119 0,000257
сюдасвязанные -0,009950 -0,000005
сюжетной 3,912023 0,001792
такая 1,386294 0,001270
также 0,000000 0,000000
такие 0,261365 0,000479
таким 0,527633 0,000242
таких 0,510826 0,000936
такова 3,218876 0,001475
таковое 3,506558 0,001606
таковы 3,506558 0,001606
такого 1,237874 0,000567
такую 2,525729 0,002314
тарашкев 0,000000 0,000000
татарская 2,525729 0,001157
татарча 0,000000 0,000000
творчества 1,514128 0,002081
творчество 1,966113 0,001801
творчеством 3,912023 0,001792
театр 0,713350 0,000327
тезисов 3,506558 0,001606
текст -0,009950 -0,000036
текста 1,966113 0,012609
тексте 2,407946 0,001103
текстов 1,966113 0,008106
тексту 3,218876 0,001475
тексты 2,120264 0,009713
тенденциозности 3,912023 0,001792
тенденция 1,832581 0,000839
теогония 3,912023 0,001792
теоретических 2,813411 0,001289
теории 1,514128 0,001387
тех 0,798508 0,000366
техники 0,867501 0,000397
техническая 1,714798 0,002357
тибетская 3,912023 0,001792
типами 2,659260 0,001218
типографика 3,912023 0,001792
типологически 3,218876 0,002949
типы 1,514128 0,000694
товарный -0,009950 -0,000005
той 1,049822 0,000962
толковый 2,525729 0,001157
тому 1,108663 0,001524
торговли 0,867501 0,000397
точки 1,049822 0,001443
точку 2,407946 0,001103
традиционно 1,347074 0,000617
традиционный 2,995732 0,001372
традиция 2,207275 0,001011
трактатов 3,218876 0,001475
трактаты 3,218876 0,001475
требовало 2,995732 0,001372
требований 2,659260 0,001218
трем 2,525729 0,001157
тристрама 3,912023 0,001792
трудами 3,218876 0,001475
трудов 1,966113 0,000901
труды 1,469676 0,000673
тургенева 3,218876 0,001475
тяготеют 3,912023 0,001792
тяпкин 3,912023 0,001792
увеличение 1,347074 0,000617
удалены 2,407946 0,001103
удивительные 3,506558 0,001606
удовлетворяют 3,506558 0,003213
узкого 3,912023 0,001792
указанием -0,009950 -0,000005
укра 0,000000 0,000000
украинская 2,525729 0,001157
улучшить 2,040221 0,000935
умение 2,995732 0,001372
универсальных 3,218876 0,001475
упорядочена 3,912023 0,001792
упорядочивающие 3,912023 0,001792
упражнений 3,912023 0,001792
уравнения 2,813411 0,001289
уровень 0,579818 0,000266
условий -0,009950 -0,000005
условия -0,009950 -0,000009
успеха 2,525729 0,001157
установке 2,813411 0,001289
установлена 1,237874 0,000567
установленными 2,995732 0,001372
устах 3,912023 0,001792
устного 3,912023 0,001792
устное 3,506558 0,001606
устные 3,218876 0,001475
устным 3,912023 0,003584
утверждение 1,832581 0,000839
уходили 3,218876 0,001475
участие -0,009950 -0,000005
участника 2,813411 0,001289
учебная 2,995732 0,005489
учебники 2,813411 0,001289
учебной 3,506558 0,001606
учебных 1,049822 0,000481
ученого 2,207275 0,001011
ученые 1,427116 0,000654
ученых 1,203973 0,002206
учетную -0,009950 -0,000005
файл 2,040221 0,001869
факт 1,514128 0,000694
фактом 3,218876 0,001475
факты 1,108663 0,001016
фальсификации 3,506558 0,001606
февраля 0,051293 0,000023
физической 1,514128 0,000694
фиксации 3,506558 0,003213
фиксация 3,506558 0,003213
фиксируемых 3,912023 0,001792
философов 3,218876 0,001475
философским 3,218876 0,001475
философской 3,218876 0,002949
философы 2,995732 0,001372
финляндская 3,912023 0,001792
фольклор 2,659260 0,002436
фольклора 3,506558 0,003213
фольклорные 2,995732 0,001372
фонд -0,009950 -0,000005
формах 2,407946 0,001103
форме 0,941609 0,000431
формул 2,995732 0,001372
формы 0,941609 0,000863
французский 2,040221 0,000935
фридой 3,912023 0,001792
функции 1,049822 0,000481
хайдеггер 3,506558 0,001606
характер 0,994252 0,001366
характерно 1,609438 0,000737
характеру 2,302585 0,001055
хватает 0,843970 0,000387
химической 1,560648 0,000715
хопп 3,912023 0,001792
хотя 0,653926 0,000599
хронология 1,771957 0,001623
художественная 1,714798 0,003928
художественного 1,714798 0,001571
художественной 1,469676 0,002693
художественную 3,218876 0,002949
целей 1,966113 0,000901
целенаправленно 3,506558 0,003213
целом 0,755023 0,000346
целый 1,609438 0,000737
ценные 2,995732 0,001372
цивилизационная 3,912023 0,001792
цивилизационной 3,912023 0,001792
части 0,198451 0,000091
частная 2,120264 0,000971
частности 0,462035 0,000423
частную 2,995732 0,001372
часть 0,105361 0,000097
частью 0,755023 0,001038
чаще 1,171183 0,001073
человек 0,400478 0,000183
человеческих 2,813411 0,001289
человеческого 2,120264 0,001943
человеческой 1,897120 0,000869
чем-либо 3,912023 0,001792
чешская 3,506558 0,001606
числе 0,248461 0,000341
числом 2,525729 0,001157
чисто 2,207275 0,001011
читаемого 3,912023 0,001792
читальный 3,218876 0,001475
читателей 2,995732 0,002745
читатель 3,506558 0,001606
читателя 3,506558 0,001606
читатьправитьправить 0,494296 0,000226
чьи 2,302585 0,001055
шведская 3,506558 0,001606
шенди 3,912023 0,001792
широкого 2,040221 0,000935
широкое 1,660731 0,000761
школьному 3,912023 0,001792
школьные 3,506558 0,001606
школьным 3,506558 0,001606
шотландская 3,912023 0,001792
эволюция 2,207275 0,001011
эксплуатации 1,771957 0,000812
экспоненциальное 3,912023 0,001792
экспорт -0,009950 -0,000005
электронная 1,237874 0,001134
электронные 1,714798 0,000786
элементов 1,309333 0,001200
энеиде 3,506558 0,001606
энциклопедии -0,009950 -0,000018
энциклопедия 0,210721 0,000483
энциклопедиях 3,912023 0,001792
эпическим 3,912023 0,001792
эпос 3,218876 0,001475
эпох 2,525729 0,002314
эпохи 1,139434 0,001566
эпоху 1,386294 0,000635
эссе 3,506558 0,001606
эстетика 2,659260 0,001218
эстонская 3,506558 0,001606
эсхила 3,506558 0,001606
эта 0,000000 0,000000
этим 0,693147 0,000318
этих 0,400478 0,001284
это 0,000000 0,000000
этому 0,755023 0,000346
эфиопская 3,912023 0,001792
юридической 3,218876 0,001475
явление 1,832581 0,000839
явления 1,771957 0,000812
являются 0,248461 0,000569
языка 0,798508 0,001463
языках -0,009950 -0,000005
