абориген 3,506558 0,000866
абсолютно 2,302585 0,000568
абсолютный 0,616186 0,000304
авангардист 3,912023 0,000966
авангардный 2,995732 0,000740
авар 3,912023 0,000966
август 0,072571 0,000018
австралийский 2,813411 0,000694
австрийский 3,218876 0,000795
автономный 0,867501 0,000428
автор 0,462035 0,000456
авторство -0,009950 -0,000002
агрессивность 3,506558 0,001731
адаптировать 3,218876 0,000795
адаптироваться 3,912023 0,000966
аз 2,302585 0,001137
азиатский 1,609438 0,001192
азия 0,755023 0,000559
академический 0,916291 0,000905
аккомпанемент 3,218876 0,000795
аккорд 3,506558 0,001731
акробатика 3,218876 0,000795
аксессуар 3,912023 0,000966
активно 0,733969 0,000181
активный 0,527633 0,000130
актуализировать 3,506558 0,000866
акусматическую 3,912023 0,000966
акустический 2,659260 0,001313
акцент 2,040221 0,000504
акцентировать 3,506558 0,000866
алг 3,912023 0,000966
алеаторика 3,912023 0,000966
альбом 1,771957 0,000437
альпина 2,407946 0,000594
альтерация 3,912023 0,001931
альтовый 3,912023 0,000966
амер 2,302585 0,000568
америка 1,386294 0,000342
американский 0,994252 0,000736
амплуа 3,912023 0,000966
амузией 3,912023 0,000966
анализ 0,967584 0,000955
анализировать 2,407946 0,000594
аналогично 2,407946 0,000594
аналогичный 1,139434 0,000281
аналоговый 1,609438 0,000397
ангклунг 3,912023 0,000966
англ 0,174353 0,001119
анголы 3,912023 0,000966
ансамбль 0,994252 0,000245
аполлон 2,813411 0,000694
апрель 0,150823 0,000074
ар 3,912023 0,001931
арабский 1,560648 0,000385
арифметик 2,659260 0,000656
арнольд 3,218876 0,000795
арфа 3,912023 0,000966
архаика 3,912023 0,000966
архаичный 3,218876 0,000795
археологический 1,309333 0,000323
архивировать 0,020203 0,000085
архивный 0,248461 0,000245
архипелаг 2,525729 0,000623
аспект 1,469676 0,000726
ассириец 1,832581 0,000452
ассоциация 1,309333 0,000323
астрономия 2,207275 0,000545
атмосфера 0,994252 0,000245
аттический 3,506558 0,000866
аудио 2,120264 0,000523
аудиоплеер 3,912023 0,000966
аудиостанции 3,912023 0,000966
афганский 3,506558 0,000866
африка 1,560648 0,004623
африканец 3,912023 0,000966
африканский 2,995732 0,007395
афроамериканский 3,912023 0,000966
базис 3,218876 0,000795
базовый 1,171183 0,000578
балет 1,469676 0,000363
бали 3,912023 0,000966
балийский 3,912023 0,000966
бамбуковый 3,912023 0,000966
барабан 2,813411 0,004861
барокко 1,560648 0,000770
барочный 2,995732 0,000740
бас-гитару 3,912023 0,000966
бас-устройства 3,912023 0,000966
басовый 3,912023 0,001931
баул 3,912023 0,000966
баха 3,912023 0,000966
баху 3,506558 0,000866
баш 3,506558 0,000866
бекар 3,912023 0,000966
бемоль 3,912023 0,001931
беркли 3,506558 0,000866
бесселеру 3,912023 0,000966
библиографический 0,083382 0,000021
биг-бендов 3,912023 0,000966
биоакустика 3,912023 0,000966
благодаря 0,527633 0,000130
благодать 2,659260 0,000656
благозвучный 3,912023 0,000966
ближний 1,469676 0,000363
блюз 3,912023 0,001931
блюзовый 3,912023 0,001931
бог 1,832581 0,000905
богатство 1,771957 0,000875
богатый 1,049822 0,000259
божественный 2,995732 0,000740
божество 3,218876 0,000795
болевой 3,912023 0,000966
большинство 0,342490 0,000169
большое 0,385662 0,000190
большой 0,040822 0,000060
бразилии 2,659260 0,000656
брайнин 3,912023 0,000966
брать 1,714798 0,000423
бреан 3,912023 0,001931
бреана 3,912023 0,000966
брокгауза 0,328504 0,000243
бронзовый 1,386294 0,000342
бубен 3,912023 0,000966
булеза 3,912023 0,000966
бытие 2,813411 0,001389
быть -0,009950 -0,000002
важное 1,108663 0,000547
важный 0,494296 0,000610
вакуум 3,912023 0,000966
вариант 0,634878 0,000313
вариационный 3,506558 0,000866
вариация 2,813411 0,000694
введение 1,078810 0,000533
вверх 1,832581 0,000452
ввод 1,347074 0,000333
вводить 1,832581 0,000452
вдоль 0,755023 0,000186
веберна 3,912023 0,000966
век 0,248461 0,001472
вектор 2,525729 0,000623
веревка 3,912023 0,000966
вероятность 2,040221 0,000504
версия -0,009950 -0,000010
весь 0,301105 0,000149
весьма 1,514128 0,001121
взаимодействие 1,203973 0,000297
взаимопроникать 3,912023 0,000966
взгляд 1,309333 0,000323
вид 0,061875 0,000153
видео 1,049822 0,000259
видеоигра 3,218876 0,000795
видный 1,660731 0,000410
визуальный 2,302585 0,000568
викиданных -0,009950 -0,000002
викимедиа -0,009950 -0,000002
википедии -0,009950 -0,000005
википедия -0,009950 -0,000005
викискладвикиновостивикицитатникэлемент 2,525729 0,000623
викискладепортал 2,207275 0,000545
викискладстатьи 0,891598 0,000220
викисловарецитаты 1,108663 0,000274
викисловарьвикипедия 1,309333 0,000323
викитекемедиафайлы 1,272966 0,000314
викитеку 1,347074 0,000333
викицитатник 1,272966 0,000314
викицитатникетексты 1,427116 0,000352
вкл 3,506558 0,000866
включать 0,235722 0,000349
включаться 1,966113 0,000485
включая 0,527633 0,000651
включить 0,634878 0,000157
владеть 1,897120 0,000468
влияние 0,527633 0,001954
влиятельный 2,120264 0,000523
влиять 1,347074 0,000665
внечеловеческого 3,912023 0,000966
внешний 0,051293 0,000013
внимание 1,108663 0,000274
внутренний 0,314711 0,000155
воедино 3,912023 0,000966
воздействие 1,021651 0,000757
воздействовать 3,506558 0,000866
воздух 0,616186 0,000304
возможность 0,314711 0,000388
возникать 1,021651 0,000504
возникновение 0,941609 0,000232
возникнуть 0,653926 0,000323
возрождение 1,660731 0,000410
война 0,430783 0,000106
вокал 3,912023 0,000966
волчий 3,506558 0,000866
волшебный 0,030459 0,000008
воплотить 2,659260 0,001313
воплощение 2,525729 0,000623
вопрос 0,371064 0,000366
воскресать 3,912023 0,000966
воспитание 2,120264 0,000523
восприимчивый 3,506558 0,000866
воспринимать 2,302585 0,000568
восприниматься 2,525729 0,000623
восприятие 2,659260 0,004595
воспроизведение 2,525729 0,002494
восток 0,494296 0,000122
восточноазиатский 3,218876 0,000795
восточный 0,430783 0,000213
восходить 1,609438 0,000397
восьмой 2,207275 0,000545
впервые 0,385662 0,000190
впечатление 2,525729 0,000623
вплоть 1,108663 0,000547
время 0,020203 0,000040
вроде 2,302585 0,000568
все 0,040822 0,000010
встречаться 0,713350 0,000352
всякий 1,832581 0,000452
втора 0,274437 0,000068
второе 0,653926 0,000323
входить 0,287682 0,000142
выбор 0,634878 0,000157
вывод 1,386294 0,000342
выделить 0,544727 0,000134
выделять 1,139434 0,000563
выделяться 0,941609 0,000465
вызвать 1,049822 0,000518
вызывать 1,078810 0,000533
вып 0,798508 0,000197
выпуклый 3,912023 0,000966
выработать 2,659260 0,000656
выраженность 3,506558 0,000866
выразительный 2,407946 0,001189
выразить 1,427116 0,000705
высвобождение 3,218876 0,001589
высказывание 2,659260 0,000656
высокий 0,139262 0,000103
высоко 2,120264 0,000523
высота 0,415515 0,000923
выстраивать 2,995732 0,000740
выступать 0,916291 0,000679
выступление 1,272966 0,000943
выявить 1,514128 0,000374
гамелан 3,912023 0,001931
гамма 3,218876 0,002384
гармонический 3,218876 0,002384
гармония 2,995732 0,008135
гармошка 3,218876 0,000795
гейр 3,912023 0,000966
гейра 3,912023 0,000966
генданг 3,912023 0,000966
генетический 3,218876 0,000795
географический 0,356675 0,000088
геометрия 2,302585 0,000568
гидрия 3,912023 0,000966
гимн 0,776529 0,000575
гимнастика 1,966113 0,000485
гитара 3,218876 0,002384
главный 0,210721 0,000052
глоссарий 3,218876 0,000795
глубина 1,139434 0,000281
глубокий 1,078810 0,000266
гнев 3,912023 0,000966
говорить 1,049822 0,001037
говорят 2,040221 0,000504
гоголь 1,966113 0,000485
год -0,009950 -0,000076
голова 1,427116 0,000352
головной 2,120264 0,000523
голос 1,609438 0,000397
гомофонный 3,912023 0,002897
гонг 3,912023 0,005794
госпел 3,912023 0,000966
гостиная 3,218876 0,000795
гость 1,347074 0,000333
грамматик 2,813411 0,001389
грамотно 3,506558 0,000866
грампластинка 3,506558 0,000866
грек 1,560648 0,000385
греции 1,560648 0,001926
греча 1,427116 0,001761
греческий 1,469676 0,000726
гробница 3,218876 0,000795
громкость 3,218876 0,001589
гроува 3,912023 0,000966
группа 0,314711 0,000699
губной 3,218876 0,000795
давать 0,820981 0,000608
даваться 2,407946 0,000594
давление 1,832581 0,001357
давуле 3,912023 0,000966
дальний 0,446287 0,000110
даля 2,207275 0,000545
дамберг 3,912023 0,000966
дан 2,302585 0,000568
дата 0,030459 0,000120
датироваться 2,120264 0,000523
датский 0,328504 0,000081
дать 0,072571 0,000036
два 0,150823 0,000074
двенадцать 2,813411 0,000694
движение 0,544727 0,000134
действительность 2,407946 0,001783
действовать -0,009950 -0,000002
декабрь 0,094311 0,000070
делать 0,867501 0,000214
деление 0,579818 0,000286
дело 0,562119 0,000139
демпфирование 3,912023 0,000966
деревянный 0,941609 0,000232
дериват 3,912023 0,000966
деталь 1,714798 0,000423
дефиниция 3,506558 0,000866
дешифровка 3,506558 0,000866
деятельность 0,342490 0,000254
джаз 2,407946 0,002378
джани-заде 3,912023 0,000966
джон 2,120264 0,000523
диалектик 2,207275 0,000545
диаспора 2,525729 0,000623
диатоника 3,912023 0,000966
диатонический 3,912023 0,002897
диджей 3,506558 0,001731
диез 3,506558 0,001731
диксиленд 3,912023 0,000966
дилецкого 3,912023 0,000966
динамический 1,897120 0,000937
дискретно 3,506558 0,000866
диссонанс 3,912023 0,003863
диссонантный 3,912023 0,000966
дистрибьютор 3,506558 0,000866
дисциплина 1,897120 0,000468
длительность 3,218876 0,001589
добавлять 2,407946 0,000594
добиться 2,040221 0,000504
довлеть 3,912023 0,000966
доисторический 3,218876 0,003178
документ 0,415515 0,000103
должный 0,356675 0,000088
дом 0,446287 0,000220
доп 0,597837 0,000148
дополнительный -0,009950 -0,000002
дополнить 1,714798 0,000423
дорожка 2,302585 0,000568
доставка 1,966113 0,000485
достичь 0,733969 0,000362
доступ 0,755023 0,000186
доступно 2,995732 0,000740
доступность 1,427116 0,000352
доступный -0,009950 -0,000002
дофамин 3,912023 0,000966
доход 1,514128 0,000374
драм-машины 3,912023 0,000966
драматический 1,108663 0,000274
драффкорн 3,912023 0,000966
древнегреческий 1,832581 0,000905
древнерусский 1,427116 0,000352
древние 0,967584 0,000955
древний 0,653926 0,002906
древность 1,203973 0,000297
дробно -0,009950 -0,000002
другое 0,462035 0,000228
другой -0,009950 -0,000027
дубль-бемоль 3,912023 0,000966
дубль-диез 3,912023 0,000966
дундун 3,912023 0,000966
духов 2,525729 0,000623
духовная 1,108663 0,001095
духовный 1,609438 0,000397
душ 1,771957 0,000875
дыхание 2,525729 0,000623
дыхательный 3,912023 0,000966
еврейский 0,755023 0,000186
европа 0,301105 0,000149
европейский 0,494296 0,000732
египетский 3,912023 0,000966
египта 3,506558 0,002597
египте 3,506558 0,000866
египтянин 3,506558 0,002597
единый 0,544727 0,000269
ежегодно 0,916291 0,000226
ефрона 0,328504 0,000243
жанр 2,207275 0,010353
женский 0,867501 0,001071
женщина 1,171183 0,000289
жесткий 1,966113 0,000485
живое 2,659260 0,000656
живой 1,386294 0,000684
животное 0,798508 0,000197
жизнь 0,342490 0,000592
журнал 0,301105 0,000074
журналист 1,660731 0,000410
зависеть 1,171183 0,000289
зависимость 0,713350 0,000176
заглавный -0,009950 -0,000002
заголовок 2,120264 0,001047
задавать 2,040221 0,000504
задание 1,832581 0,000452
задача 0,820981 0,000203
заканчиваться 1,966113 0,000485
закономерность 2,040221 0,000504
закономерный 3,506558 0,001731
закончить 1,897120 0,000468
закрепиться 1,966113 0,000485
закреплять 2,995732 0,000740
закса 3,912023 0,000966
заметно 1,771957 0,000875
заметный 1,427116 0,000352
замысел 2,659260 0,000656
занимательный 2,407946 0,000594
западноафриканский 3,912023 0,000966
западный 0,462035 0,000342
запасать 3,912023 0,000966
запечатление 3,912023 0,001931
записать 1,609438 0,000795
записывать 2,120264 0,001047
запись 1,237874 0,002750
записьвойти -0,009950 -0,000002
запоминаться 3,912023 0,000966
зарегистрировать -0,009950 -0,000002
зародиться 2,525729 0,000623
зарубежный 0,994252 0,000245
заселить 1,897120 0,000468
затрагивать 3,506558 0,000866
зафиксировать 1,078810 0,000266
захватить 1,272966 0,000314
зачастую 1,771957 0,000437
заявление -0,009950 -0,000002
звук 2,040221 0,018131
звуковой 2,407946 0,001783
звуковысотный 3,912023 0,002897
звукозапись 2,813411 0,001389
звукорежиссер 3,506558 0,000866
звукоряд 3,912023 0,003863
звучание 3,218876 0,009535
звучать 2,659260 0,003939
здоровье 1,203973 0,000297
знак -0,009950 -0,000012
знакомство 2,995732 0,001479
знание 1,108663 0,000821
значение 0,061875 0,000107
значит 1,560648 0,000385
значительно 0,510826 0,000126
значительный 0,328504 0,000162
зрелый 3,506558 0,000866
зрение 1,203973 0,000594
зурна 3,912023 0,000966
ивуаре 3,506558 0,000866
игорь 1,714798 0,000423
игра 0,843970 0,000417
играть 0,867501 0,001499
идеально 3,218876 0,000795
идея 1,108663 0,001642
известный 0,287682 0,000142
извлечение 2,407946 0,001189
изд 0,314711 0,000311
издание 0,415515 0,000103
изменение 0,301105 0,000074
изменить 1,049822 0,000259
изменять 1,966113 0,001456
изменяться 1,203973 0,000594
изначально 1,309333 0,000323
изображать 2,525729 0,001247
изображение 0,693147 0,000171
изобразить 1,386294 0,000342
изобретение 2,302585 0,001137
изолировать 2,120264 0,000523
изредка 2,525729 0,000623
изучать 1,427116 0,000705
изучаться 2,525729 0,000623
изучение 0,713350 0,000176
изыскать 3,506558 0,000866
иллюзионизм 3,912023 0,000966
именно 0,544727 0,000269
иметь 0,094311 0,000210
иметься 0,385662 0,000190
имманентный 3,912023 0,000966
импортировать 2,995732 0,000740
импровизация 3,912023 0,003863
импровизировать 3,912023 0,000966
иначе 0,733969 0,000181
индивидуально-авторского 3,912023 0,000966
индий 1,609438 0,000795
индийский 1,609438 0,001986
индонезийский 3,912023 0,003863
индонезия 2,813411 0,001389
индский 3,506558 0,000866
индуистский 3,506558 0,001731
индустрия 1,514128 0,001121
инновационный 1,771957 0,000437
иное 1,714798 0,000847
иной 0,867501 0,001713
инструкция 1,714798 0,000423
инструмент -0,009950 -0,000113
инструментальная 2,659260 0,001313
инструментовка 3,912023 0,000966
интеграция 1,966113 0,000485
интеллект 2,040221 0,001007
интервал 2,407946 0,002378
интонация 3,912023 0,000966
интуиция 3,506558 0,000866
иоанна 1,469676 0,000363
искать 1,966113 0,000485
исключать 2,525729 0,000623
исключение 0,891598 0,000220
исключительно 1,272966 0,000628
искусство 0,478036 0,001888
искусствовед 2,995732 0,001479
исполнение 0,867501 0,001499
исполнитель 1,714798 0,000423
исполнительский 3,912023 0,001931
исполнять 1,108663 0,000821
исполняться 2,525729 0,000623
использование -0,009950 -0,000015
использовать 0,020203 0,000050
использоваться 0,223144 0,000606
испр 1,832581 0,000452
испытать 2,525729 0,000623
исследование 0,462035 0,000342
исследователь 0,941609 0,000930
исследовать 1,469676 0,000363
исток 0,755023 0,000373
историк 1,469676 0,000363
исторический 0,314711 0,000078
история 0,051293 0,000101
источник -0,009950 -0,000012
июнь 0,116534 0,000144
йоруба 3,912023 0,000966
каждый 0,261365 0,000065
казанцева 3,506558 0,001731
какое 2,659260 0,001313
какой 0,820981 0,000203
какой-либо 1,272966 0,000314
калипсо 3,912023 0,000966
калифорнийский 3,506558 0,000866
каменный 0,733969 0,000181
кандомбле 3,912023 0,000966
каноничность 3,912023 0,000966
кантри 3,912023 0,000966
карибский 2,813411 0,000694
карнатическая 3,912023 0,001931
картина 1,347074 0,000333
каталог 0,094311 0,000023
категоризации 3,912023 0,000966
категория -0,009950 -0,000012
качество 0,287682 0,000142
квадривиум 3,912023 0,000966
квинта 3,912023 0,003863
квинтовый 3,912023 0,000966
кейдж 3,912023 0,000966
келле 3,912023 0,000966
килмер 3,912023 0,000966
кинематограф 2,120264 0,000523
китайский 0,653926 0,000484
клавишный 3,912023 0,003863
класс 0,616186 0,000304
классификация 1,514128 0,001495
классицизм 1,514128 0,000374
классический 0,755023 0,001677
клинописный 3,912023 0,000966
клоунада 3,506558 0,000866
ключ 1,309333 0,000323
ключевой 1,203973 0,000594
книга 0,415515 0,000103
когнитивный 3,218876 0,001589
код -0,009950 -0,000059
кодекс -0,009950 -0,000002
кодистория 0,116534 0,000029
колебание 1,386294 0,000342
колебательный 3,912023 0,000966
коленный 3,912023 0,000966
колокол 2,995732 0,000740
колонизатор 3,912023 0,000966
кольера 3,506558 0,000866
комментарий 1,237874 0,000611
коммуникация 1,660731 0,000410
комплекс 0,579818 0,000143
композитор 1,514128 0,005233
композиторский 3,912023 0,000966
композиционно-техническом 3,912023 0,000966
композиция 1,386294 0,002738
компьютер 1,427116 0,000705
компьютеризировать 3,912023 0,000966
конга 3,912023 0,000966
конголезский 3,912023 0,001931
конкретно 3,506558 0,000866
конкретный 1,171183 0,000867
консонанс 3,912023 0,004828
константа 2,995732 0,000740
контекст 1,427116 0,000352
континент 1,714798 0,000847
контрапунктический 3,912023 0,000966
контур 2,407946 0,000594
конференция 0,941609 0,000232
конфиденциальность -0,009950 -0,000002
концентрация 1,203973 0,000297
концерт 1,832581 0,000905
концертный 1,108663 0,000274
копие 0,223144 0,000220
корейский 1,832581 0,000452
короткий -0,009950 -0,000002
котловидных 3,912023 0,000966
который 0,000000 0,000000
кошка 2,995732 0,000740
крайний 1,514128 0,000374
краснофигурный 3,912023 0,000966
краткий 0,653926 0,000161
кратковременный 2,302585 0,000568
критерий 1,386294 0,000342
критик 1,560648 0,000770
кровяной 3,912023 0,000966
кролик 2,995732 0,000740
круг 0,967584 0,000239
кругосвет 1,560648 0,000770
ксилофон 3,912023 0,000966
кто 1,203973 0,000297
куки -0,009950 -0,000002
кукла 0,891598 0,000220
кульминация 2,995732 0,000740
культура 0,356675 0,000969
культурный 0,597837 0,000738
кумбия 3,912023 0,000966
кучкист 3,912023 0,000966
лад 2,995732 0,001479
ламеллофон 3,912023 0,000966
ландмана 3,912023 0,000966
ландсберг 3,912023 0,000966
лань 2,995732 0,000740
ларусса 1,078810 0,000266
латвия 2,302585 0,000568
латиноамериканский 3,912023 0,000966
латинский 2,040221 0,001511
лежать 0,994252 0,000491
лейбл 3,912023 0,000966
ликембе 3,912023 0,000966
линия 0,462035 0,000114
лира 3,506558 0,000866
лист 1,203973 0,000297
литература 0,051293 0,000025
литературный 0,867501 0,000428
литовский 1,203973 0,000297
лицензия -0,009950 -0,000002
логик 2,040221 0,001007
люба 1,469676 0,000363
любитель 2,407946 0,001189
любовь 1,966113 0,000971
люди 0,755023 0,000932
магазин 1,272966 0,000314
май 0,127833 0,000095
маленький 2,040221 0,000504
малой 0,776529 0,000383
малый 0,139262 0,000069
манипулировать 3,912023 0,000966
марга 3,506558 0,000866
март 0,116534 0,000173
массовый 0,494296 0,000122
математик 1,347074 0,000333
материал -0,009950 -0,000029
материальный 1,514128 0,000748
медицина 1,309333 0,000323
международный 0,385662 0,000095
мелодический 3,912023 0,002897
мелодия 2,995732 0,002958
мембрана 3,506558 0,000866
менеджмент 1,966113 0,000485
мера 0,820981 0,000203
мероприятие 0,916291 0,000679
мертвое 3,218876 0,000795
мертвый 2,525729 0,000623
месса 3,912023 0,000966
местный 0,478036 0,000118
место 0,139262 0,000034
металлофон 3,912023 0,000966
метод 1,049822 0,000518
метр 0,653926 0,000161
механический 1,660731 0,000410
мешать 1,897120 0,000468
миграция 1,309333 0,000646
микшер 3,912023 0,000966
миллард 3,912023 0,000966
мим 3,912023 0,000966
мини 3,912023 0,000966
минута 1,272966 0,000314
мир 0,094311 0,000210
мировая 0,527633 0,000130
мистерия 3,506558 0,000866
мифология 2,302585 0,000568
мнение 0,634878 0,000470
многие 0,356675 0,000352
многоголосый 3,912023 0,002897
многодорожечной 3,912023 0,000966
многодорожечную 3,912023 0,000966
многозвучный 3,912023 0,000966
многочисленный 0,693147 0,000171
множество 0,462035 0,000114
мобильный -0,009950 -0,000002
могол 3,912023 0,000966
модальный 3,218876 0,000795
модифицироваться 3,912023 0,000966
мозг 2,995732 0,001479
момент 0,527633 0,000130
монодический 3,912023 0,001931
монофонична 3,912023 0,000966
мороз 1,386294 0,000342
морской 0,994252 0,000245
мортимером 3,912023 0,000966
москва 0,400478 0,000198
моторика 3,912023 0,000966
мохенджо-даро 3,912023 0,000966
моцарта 3,912023 0,000966
мочь -0,009950 -0,000027
мрачный 2,995732 0,000740
мудсвинджер 3,912023 0,000966
муза 2,120264 0,003664
музыка 0,941609 0,039282
музыкаистория 3,912023 0,000966
музыкально-художественных 3,912023 0,000966
музыкальный 0,867501 0,026340
музыкант 2,207275 0,004904
музыкантом-исполнителем 3,912023 0,000966
музыкаскрытые 3,912023 0,000966
музыковед 3,506558 0,000866
музыковедение 3,912023 0,003863
музыкотерапия 3,912023 0,000966
мусикийские 3,912023 0,000966
мусикийский 3,912023 0,001931
мусикийского 3,912023 0,000966
мусический 3,912023 0,000966
мусоргский 3,506558 0,000866
мыслитель 2,659260 0,000656
мысль 1,469676 0,000363
мышление 2,995732 0,000740
набор 1,237874 0,000917
навигация -0,009950 -0,000007
навык 3,218876 0,000795
назад 1,108663 0,000547
название 0,105361 0,000078
называть 0,174353 0,000215
называться 0,328504 0,000243
наиболее 0,139262 0,000172
найти 0,733969 0,000362
накладывать 2,995732 0,000740
намного 2,302585 0,000568
написать 0,867501 0,000214
направление 0,385662 0,000666
например 0,328504 0,001784
напрячь 2,659260 0,000656
народ 0,579818 0,000286
наряд 1,049822 0,000518
наси 3,912023 0,000966
наскальный 2,995732 0,000740
наслаждение 3,912023 0,000966
настенный 3,912023 0,000966
настолько 1,897120 0,000468
настроить 2,407946 0,001783
настройка 2,302585 0,001705
насчитывать 1,203973 0,000297
натянуть 3,506558 0,000866
наука 0,235722 0,000175
научиться 3,218876 0,000795
научно-практической 2,207275 0,000545
находиться 0,174353 0,000043
находка 0,994252 0,000245
национальный 0,342490 0,000085
начало 0,116534 0,000144
начать 0,510826 0,000252
начинаться 0,527633 0,000130
начиная 0,733969 0,000544
наш 0,527633 0,000130
небольшой 0,494296 0,000122
невозможность 2,407946 0,000594
невозможный 2,659260 0,000656
незабвенный 3,912023 0,000966
нейробиология 3,506558 0,000866
некоммерческий -0,009950 -0,000002
некоторые 0,127833 0,000252
некоторый 1,237874 0,000611
нематериальный 3,506558 0,000866
немного 1,309333 0,000323
неолитический 3,218876 0,000795
неосознанно 3,912023 0,000966
неотъемлемый 2,407946 0,000594
непосредственно 0,478036 0,000708
непосредственное 2,120264 0,000523
непосредственный 1,966113 0,000485
непрерывный 1,714798 0,000423
непрямой 3,912023 0,000966
несколько 0,116534 0,000029
несмотря 0,755023 0,000186
несомненный 2,995732 0,000740
нигерия 2,995732 0,000740
низка 1,714798 0,000423
низкий 0,843970 0,000208
николая 0,916291 0,000226
ниппура 3,912023 0,000966
новое 0,287682 0,000284
новый 0,083382 0,000226
норвежский 0,248461 0,000123
носитель 2,040221 0,001007
носить 0,798508 0,000197
нота 2,813411 0,009723
нотация 2,659260 0,001969
нотный 3,912023 0,002897
ноябрь 0,127833 0,000221
нравственно-духовные 3,912023 0,000966
нужное 2,813411 0,000694
нужный 1,771957 0,000437
нынешний 1,021651 0,000252
ню-метала 3,912023 0,000966
оба 0,597837 0,000148
обертон 3,912023 0,002897
обеспечение 0,634878 0,000313
обладать 0,843970 0,001042
область 0,150823 0,000037
обмен 1,309333 0,000323
обнаружить 1,021651 0,000757
обобщать 2,525729 0,000623
обобщение 2,659260 0,000656
обозначать 1,609438 0,000397
обозначение 1,386294 0,000684
оборудование 0,653926 0,000161
обособиться 3,912023 0,000966
образ 0,287682 0,000497
образование 0,356675 0,000264
образовать 0,385662 0,000095
обращение 0,030459 0,000120
обретать 2,813411 0,000694
обряд 2,659260 0,000656
обучение 1,309333 0,000323
обширный 1,078810 0,000266
общее 0,301105 0,000074
общественный 0,494296 0,000244
общество 0,415515 0,000308
община 1,078810 0,000266
объединение 0,776529 0,000192
объект 0,235722 0,000058
объективировать 3,912023 0,000966
объем 0,400478 0,000099
объясняться 1,560648 0,000770
обычно 0,693147 0,000684
овладевать 3,506558 0,000866
ограничиваться 2,813411 0,000694
ограничить 0,653926 0,000161
огромный 0,776529 0,000575
ода 2,995732 0,000740
одеть 3,218876 0,000795
один 0,051293 0,000139
однако 0,174353 0,000172
одновременно 0,776529 0,000192
одновременный 2,302585 0,000568
оказать 1,427116 0,001761
оказывать 0,867501 0,000642
оказываться 1,966113 0,000485
окружать 0,755023 0,000373
октава 3,218876 0,002384
октябрь 0,072571 0,000161
онлайн 0,198451 0,000049
опер 1,469676 0,001451
описание -0,009950 -0,000002
оппозиция 2,995732 0,000740
определение 0,967584 0,001194
определить 0,527633 0,001172
определять 0,867501 0,000428
определяться 1,078810 0,000533
опубликовать 0,891598 0,000440
опыт 1,427116 0,000352
ораторский 3,506558 0,000866
орган 0,616186 0,000152
организатор 1,771957 0,000437
организация -0,009950 -0,000007
организовать 0,634878 0,000470
организоваться 2,995732 0,000740
оригинал 0,139262 0,000069
ориентальный 3,506558 0,000866
ориша 3,912023 0,000966
оркестр 1,386294 0,000684
оркестровка 3,218876 0,000795
орудие 1,897120 0,000468
освобождаться 2,813411 0,000694
осирис 3,912023 0,001931
осмыслить 3,506558 0,001731
основа 0,210721 0,000312
основать 0,274437 0,000203
основное 0,235722 0,000291
основной 0,040822 0,000151
основываться 1,560648 0,000385
особенно 0,562119 0,000278
особенность 0,693147 0,000513
особый 0,776529 0,000192
осознание 3,506558 0,000866
остальной 0,616186 0,000152
остановка 1,514128 0,000374
остаться 0,867501 0,000214
остров 0,820981 0,000203
осуществляться 0,616186 0,000304
отверстие 3,912023 0,000966
ответ 0,941609 0,000697
ответственность -0,009950 -0,000002
отдалить 2,302585 0,000568
отдельно 2,120264 0,000523
отдельный -0,009950 -0,000010
отказ -0,009950 -0,000002
откровенно 3,912023 0,000966
открытие 0,616186 0,000152
открыть 0,150823 0,000112
отличаться 0,342490 0,000169
отличие 0,798508 0,000197
отметить 0,616186 0,000304
отмечаться 0,994252 0,000245
относительно 0,415515 0,000103
относить 1,469676 0,001451
относиться 0,328504 0,000081
отношение 0,430783 0,000213
отныне 3,218876 0,000795
отражать 1,309333 0,000323
отражение 1,714798 0,000423
отрасль 0,653926 0,000161
отредактировать -0,009950 -0,000002
отрефлексированного 3,912023 0,000966
отсюда 1,897120 0,000937
оттенка 3,506558 0,000866
охватить 1,832581 0,000452
охватывать 1,237874 0,000306
оценивать 2,207275 0,000545
оцениваться 1,560648 0,000770
оценка 0,400478 0,000099
очередной 1,560648 0,000385
очередь 0,510826 0,000126
ошибкекак -0,009950 -0,000002
ощущение 2,659260 0,000656
паблишер 2,659260 0,000656
папирус 2,995732 0,000740
параллельно 1,237874 0,000306
параметр 1,139434 0,000281
партитура 3,912023 0,001931
певец 1,832581 0,000452
пение 3,218876 0,003178
пентатоника 3,912023 0,000966
первое 0,150823 0,000074
первый 0,162519 0,000160
передаваться 2,207275 0,000545
перейти -0,009950 -0,000005
переорганизация 3,912023 0,000966
переосмысливать 3,912023 0,000966
переплетаться 3,506558 0,000866
перераб 1,609438 0,000397
переть 1,108663 0,000274
переход 0,653926 0,000323
период 0,274437 0,000135
периодический 1,560648 0,000385
персидский 1,897120 0,000468
персональный -0,009950 -0,000002
перспектива 1,049822 0,000259
песни-плачи 3,912023 0,000966
песнопение 3,912023 0,000966
песнь 1,469676 0,000363
песня 1,427116 0,002466
печать -0,009950 -0,000005
пинчер 3,912023 0,000966
пирамида 2,207275 0,001090
письменный 1,660731 0,001230
письмо 1,237874 0,000917
пифагорейский 3,912023 0,000966
пифагору 3,912023 0,000966
плавно 2,407946 0,000594
планета 1,309333 0,000646
плато 2,040221 0,001007
племенной 3,218876 0,000795
поведение -0,009950 -0,000002
повлиять 1,609438 0,001192
повседневность 3,912023 0,000966
повысить 1,021651 0,000252
повышение 1,078810 0,000533
подавлять 1,771957 0,000437
подборка 2,995732 0,000740
подвергнуть 2,813411 0,000694
подвести 2,525729 0,000623
поджанр 3,506558 0,000866
подобно 2,407946 0,000594
подобное 1,832581 0,001357
подразделяться 2,207275 0,000545
подразумевать 2,302585 0,000568
подсознательный 3,506558 0,000866
подход 0,994252 0,000736
подчинить 1,347074 0,000333
подчиняться 1,660731 0,000410
позволить 0,967584 0,000717
позволять 0,462035 0,000684
поздний 1,171183 0,000867
позже 0,733969 0,000362
поиск -0,009950 -0,000007
показательно 3,912023 0,000966
поклонение 3,506558 0,000866
поклоняться 3,912023 0,000966
покровитель 2,207275 0,000545
покровительница 3,218876 0,000795
пол 0,446287 0,000110
поле 1,049822 0,000259
полинезия 2,659260 0,000656
полиритмия 3,912023 0,000966
политик -0,009950 -0,000005
политический 0,597837 0,000148
полифонический 3,912023 0,002897
полифония 3,912023 0,000966
полный 0,328504 0,000081
половина 0,430783 0,000213
положительное 2,407946 0,000594
положительный 1,771957 0,000437
полосатый 3,218876 0,000795
полутон 3,506558 0,000866
получать 0,916291 0,000226
получить 0,150823 0,000074
полюс 2,302585 0,000568
помещаться 2,659260 0,000656
помимо 0,562119 0,000278
помогать 1,897120 0,000468
помощь 0,342490 0,000423
понимание 1,560648 0,000770
понимать 1,609438 0,000397
понятие 0,967584 0,000955
понятное 2,659260 0,000656
поп-музыканты 3,912023 0,000966
популярный 0,891598 0,002421
поработить 3,506558 0,000866
порог 2,040221 0,000504
порода 1,427116 0,000352
породить 2,525729 0,001247
порождать 2,525729 0,000623
порождение 3,218876 0,000795
порожек 3,912023 0,000966
портал 0,342490 0,000085
порталстатьи 2,040221 0,000504
портативный 3,506558 0,000866
порядка 1,139434 0,000281
порядок 0,994252 0,000245
посвятить 0,634878 0,000157
посещение 1,714798 0,000423
поскольку 0,941609 0,001162
послание 2,407946 0,000594
последний -0,009950 -0,000002
последование 3,912023 0,001931
последовательность 2,302585 0,000568
пособие 1,514128 0,000374
посредство 1,660731 0,000410
постепенно 0,867501 0,000428
постижение 3,218876 0,000795
построение 1,560648 0,000770
построить 0,301105 0,000074
потребность 1,514128 0,000374
похожий 1,897120 0,000468
поэма 2,302585 0,000568
появление 0,653926 0,000807
правило 0,478036 0,000118
править -0,009950 -0,000123
правкиновые -0,009950 -0,000002
правкипостоянная -0,009950 -0,000002
празднование 1,309333 0,000323
практик 1,049822 0,000259
практика 3,218876 0,000795
превознести 3,912023 0,000966
превратиться 1,386294 0,000342
превышать 0,673345 0,000166
предание 1,771957 0,000437
предмет 0,713350 0,000352
предметный 2,659260 0,000656
предназначить 1,139434 0,000281
предоставлять 0,713350 0,000176
предполагаться 1,078810 0,000533
представитель 0,653926 0,000323
представиться -0,009950 -0,000002
представление 0,776529 0,001150
представлять 0,328504 0,000162
предшественник 2,659260 0,000656
прежде 1,049822 0,000259
преимущественно 0,776529 0,000192
прекращение 1,771957 0,000437
преобладание 1,660731 0,000820
преподносить 3,506558 0,000866
привести 0,356675 0,000264
приводить 0,776529 0,000192
привычный 2,995732 0,000740
приглашение 3,506558 0,000866
пригодный 1,966113 0,000485
придворный 3,506558 0,000866
придти 0,755023 0,000373
прием 1,347074 0,000665
приемлемый 2,659260 0,000656
признак 1,714798 0,000423
признать 0,494296 0,000122
признаться 2,207275 0,000545
прикладной 1,078810 0,000799
прилагательное 2,659260 0,003939
приложение 0,733969 0,000181
применяться 1,139434 0,000281
пример 0,527633 0,000260
примерно 0,634878 0,000157
примечание -0,009950 -0,000005
примитивный 2,813411 0,000694
принадлежность 1,272966 0,000314
принудительный 2,813411 0,000694
принцип 0,867501 0,000214
принять 0,248461 0,000307
приобретать 1,966113 0,000485
приписать 2,659260 0,000656
приписывать 2,995732 0,000740
природный 0,510826 0,000126
присваиваться 2,525729 0,000623
присвоение 1,139434 0,000281
присутствие 1,514128 0,000374
присутствовать 1,021651 0,000504
присущий 2,207275 0,001090
причем 0,994252 0,000245
причина 0,562119 0,000139
проверить 0,478036 0,000118
провести 0,579818 0,000143
программный 1,272966 0,001257
продажа 1,514128 0,000374
продолжение 1,347074 0,000333
продолжительность 1,021651 0,000252
продолжить 1,771957 0,000437
продукт 0,634878 0,000157
продюсер 3,506558 0,002597
продюсеров-любителей 3,912023 0,000966
проект -0,009950 -0,000010
проигрыватель 3,506558 0,003462
произведение 1,021651 0,004792
произвести 1,203973 0,000297
производить 0,916291 0,000679
произойти 0,430783 0,000213
происходить 0,328504 0,000081
происхождение 0,776529 0,000575
пройти 0,544727 0,000134
промежуточный 1,771957 0,000437
прослеживаться 2,120264 0,000523
прослушивание 3,912023 0,004828
прослушивать 3,912023 0,000966
просмотр -0,009950 -0,000002
просто 1,171183 0,000578
пространственно-временного 3,912023 0,000966
пространство 0,634878 0,000157
протестный 3,218876 0,000795
противопоставление 3,218876 0,001589
противоречие 2,813411 0,000694
протяжение 0,843970 0,000417
профессиональный 0,733969 0,000544
профессия 2,302585 0,000568
профессор 0,967584 0,000239
процесс 0,415515 0,000205
прочее 0,544727 0,000134
прочие 0,798508 0,000197
проявляться 2,525729 0,001247
прямо 1,714798 0,000847
психика 3,506558 0,001731
психологический 2,659260 0,000656
психология 2,302585 0,001137
публика 2,659260 0,000656
публичный 1,078810 0,000266
путешественник 1,714798 0,000423
путешествовать 2,813411 0,000694
путь 0,261365 0,000065
пушкин 0,916291 0,000452
пытать 3,912023 0,000966
пьеса 2,120264 0,000523
пята 3,218876 0,000795
пять 0,693147 0,000171
работа 0,127833 0,000095
работорговля 3,912023 0,000966
равнодушный 3,912023 0,000966
равномерно 3,218876 0,001589
рага 3,912023 0,000966
радио 0,891598 0,000880
радиовещание 1,714798 0,000423
радиоприемник 2,995732 0,000740
развиваться 0,597837 0,000148
развитие 0,127833 0,000284
развить 0,616186 0,000304
развиться 2,407946 0,000594
развлечение 2,120264 0,000523
разделение 1,021651 0,000757
разделить 0,527633 0,000130
разделять 1,609438 0,000397
различать 1,966113 0,000485
различаться 2,040221 0,000504
различие 1,714798 0,000847
различный 0,116534 0,000173
разновидность 2,407946 0,000594
разное 1,078810 0,000266
разнообразие 1,832581 0,000452
разнообразный 1,139434 0,000281
разный 0,314711 0,000544
разработать 0,616186 0,000304
разработчик -0,009950 -0,000002
разрешение 1,660731 0,000410
рама 3,506558 0,000866
рамка 0,478036 0,000118
ранний 0,733969 0,000906
раскопка 1,897120 0,000937
распевание 3,912023 0,000966
распознавать 3,912023 0,000966
располагать 1,386294 0,000342
расположить 0,385662 0,000095
распоряжение 1,139434 0,000281
распространение 0,891598 0,001321
распространить 0,616186 0,000304
распространять 2,659260 0,000656
распространяться 1,272966 0,000628
расселение 1,832581 0,000452
рассмотрение 2,040221 0,000504
рассмотреть 2,302585 0,000568
расцвет 2,040221 0,000504
рациональный 2,407946 0,000594
регион 0,385662 0,000190
региональный 0,634878 0,000157
редактировать 3,506558 0,001731
резкий 1,386294 0,000342
резонансный 3,506558 0,001731
резонатор 3,912023 0,004828
результат 0,174353 0,000129
река 0,446287 0,000110
религиозный 0,891598 0,000660
религия 0,755023 0,000186
рельеф 0,798508 0,000197
ремесло 1,714798 0,000423
ренессанс 2,407946 0,000594
репертуар 2,525729 0,000623
реслинг 3,912023 0,000966
ресурс 0,020203 0,000005
рефлексировать 3,912023 0,000966
ригведе 3,912023 0,000966
римана 3,912023 0,000966
риме 2,995732 0,000740
рисовать 2,995732 0,000740
рисунок 1,560648 0,000385
ритм 2,659260 0,006564
ритм-гитару 3,912023 0,000966
ритм-секцией 3,912023 0,000966
ритм-секция 3,912023 0,000966
ритмически 3,912023 0,000966
ритмический 3,912023 0,003863
риторика 3,218876 0,000795
ритуал 3,218876 0,000795
ритуальный 2,813411 0,000694
ровно 2,995732 0,000740
рог 2,407946 0,000594
род 0,843970 0,000833
родина 1,108663 0,000547
розеншильд 3,912023 0,000966
рок 2,995732 0,001479
рок-музыка 2,813411 0,002083
рокабилли 3,912023 0,000966
роль 0,494296 0,000732
романтизм 2,995732 0,000740
романтический 2,525729 0,000623
рондо 3,912023 0,000966
росмен 3,912023 0,000966
роспись 2,813411 0,000694
российский 0,105361 0,000052
рота 2,813411 0,000694
ртутный 2,995732 0,000740
рука 1,139434 0,000281
румб 3,912023 0,001931
русский -0,009950 -0,000007
ручной 3,218876 0,000795
ряд 0,223144 0,000386
сакральный 3,506558 0,000866
саксофон 3,912023 0,000966
сальса 3,912023 0,000966
сам 0,162519 0,000241
самба 3,912023 0,000966
самостоятельный 0,820981 0,000203
сасандо 3,912023 0,000966
сатирический 3,912023 0,000966
саундтрек 3,912023 0,000966
саха 2,813411 0,000694
сборник 0,597837 0,000295
свет 0,941609 0,000232
светский 2,659260 0,000656
свидетельство 1,714798 0,000423
свинговый 3,912023 0,000966
свинка 3,506558 0,000866
свободно 2,302585 0,000568
свободный -0,009950 -0,000005
сводить 3,506558 0,000866
сводка 3,218876 0,000795
свое 0,287682 0,000142
свой 0,150823 0,000223
свойственный 2,525729 0,000623
связать 0,174353 0,000086
связаться -0,009950 -0,000002
связь 0,174353 0,000129
себя 0,198451 0,000196
северный 0,385662 0,000095
секвенирована 3,912023 0,000966
секунда 2,207275 0,000545
семенков 3,912023 0,000966
семиступенный 3,912023 0,001931
семплированные 3,912023 0,000966
семь 0,820981 0,000608
сентябрь 0,072571 0,000090
сердечное 3,912023 0,000966
сердечный 3,506558 0,000866
сильно 0,755023 0,000373
сильный 0,544727 0,000134
символика 1,237874 0,000306
симфонический 1,560648 0,000385
симфония 3,218876 0,000795
синкопирование 3,912023 0,000966
синтезатор 3,912023 0,004828
синтезаторный 3,912023 0,000966
сирингой 3,912023 0,000966
система 0,051293 0,000152
системеобсуждениевкладсоздать -0,009950 -0,000002
скачать -0,009950 -0,000002
скейе 3,912023 0,002897
склад 2,040221 0,000504
складываться 1,771957 0,000437
сколько 0,653926 0,000161
скомпоновать 3,912023 0,000966
скрипичный 3,506558 0,000866
скрипка 3,912023 0,001931
скульптура 0,916291 0,000679
слава 0,941609 0,000232
следовать 0,235722 0,000058
сливаться 2,407946 0,001189
слияние 1,609438 0,000397
словарный 3,506558 0,000866
словарь 0,094311 0,000093
слово 0,210721 0,000312
словосочетание 3,506558 0,000866
слог 3,218876 0,001589
сложиться 0,994252 0,000491
сложность 1,049822 0,000259
сложный 0,446287 0,000331
слой 1,272966 0,000314
служить 0,820981 0,000811
слух 2,659260 0,003282
случай -0,009950 -0,000007
слушание 2,525729 0,000623
слушатель 2,813411 0,003472
слушать 2,659260 0,000656
смартфонов 2,995732 0,000740
смещение 0,733969 0,000181
смонтировать 2,813411 0,000694
смысл 1,272966 0,000943
смысловой 2,813411 0,000694
смыслополагающего 3,912023 0,000966
смычковые 3,912023 0,000966
сниматься 2,407946 0,000594
собака 2,207275 0,001635
собственно 1,386294 0,000342
собственный 0,446287 0,000220
событияпожертвовать -0,009950 -0,000002
совершенствование 2,040221 0,000504
советский 0,261365 0,000129
современность 1,386294 0,000342
современный 0,150823 0,000223
согласно 0,301105 0,000372
согласование 2,207275 0,000545
содержание 0,010050 0,000032
содержать 0,634878 0,000313
содержаться 1,560648 0,000385
созвучие 3,506558 0,003462
создавать 0,798508 0,001774
создание 0,301105 0,000223
создатель 1,897120 0,000468
создать 0,210721 0,000104
созерцание 3,506558 0,000866
сок 2,995732 0,000740
сокращение 0,867501 0,000214
солировать 3,912023 0,000966
соль 1,660731 0,000820
сольфеджио 3,912023 0,000966
соната 3,506558 0,000866
сонатный 3,912023 0,000966
сообщить -0,009950 -0,000002
сопровождаться 1,609438 0,001192
сопровождение 2,120264 0,000523
соседний 1,203973 0,000892
состав 0,248461 0,000061
составлять 0,198451 0,000147
состоять 0,385662 0,000286
сохор 3,912023 0,003863
сохору 3,912023 0,000966
сохранение -0,009950 -0,000002
сохраниться 0,820981 0,000203
социальный 0,527633 0,000130
сочетание 1,771957 0,000437
сочинение 1,771957 0,002624
спб 0,385662 0,000095
спектр 1,609438 0,000397
список 0,210721 0,000104
сплочение 3,912023 0,000966
способ 1,078810 0,002130
способин 3,912023 0,000966
способность 1,139434 0,000844
способный 1,309333 0,001939
способствовать 0,867501 0,000428
сравнительно 1,897120 0,000468
сразу 0,994252 0,000245
среди 0,198451 0,000098
средневековье 1,660731 0,000820
среднее 0,342490 0,000169
среднетоновый 3,912023 0,000966
средство 0,287682 0,000213
ссылка -0,009950 -0,000029
ссылкасведения -0,009950 -0,000002
стабильный 0,820981 0,000203
ставить 1,469676 0,000363
стадий 1,660731 0,000410
сталь 0,415515 0,000205
становиться 0,415515 0,000410
старинный 1,309333 0,000323
старый 0,314711 0,000078
статистик -0,009950 -0,000002
стать 0,083382 0,000041
статьевикипедия 1,660731 0,000410
статьестатьи 0,843970 0,000208
статьислучайная -0,009950 -0,000002
статьисообществофорумсправкасвежие -0,009950 -0,000002
статья 0,020203 0,000065
статьяобсуждение -0,009950 -0,000002
статьятекущие -0,009950 -0,000002
стен 0,967584 0,000239
стендап 3,912023 0,000966
степень 0,673345 0,000499
стилизация 3,218876 0,000795
стиль 0,673345 0,003989
стлб 3,506558 0,001731
столб 2,120264 0,001570
столь 1,714798 0,000423
столько 1,832581 0,000452
сторона 0,235722 0,000291
стравинский 3,506558 0,000866
страдать 2,207275 0,000545
страна 0,235722 0,000058
страница -0,009950 -0,000007
страницасодержаниеизбранные -0,009950 -0,000002
страницецитировать -0,009950 -0,000002
страницуполучить -0,009950 -0,000002
страницыслужебные -0,009950 -0,000002
страсть 3,912023 0,001931
строение 0,891598 0,000220
строиться 0,693147 0,000171
строй 1,609438 0,003178
строка 1,078810 0,000266
структура 0,400478 0,000198
струна 2,995732 0,001479
струнные 3,912023 0,001931
струнный 3,912023 0,000966
студийный 3,506558 0,000866
ступенный 3,912023 0,001931
ступень 2,525729 0,001247
субконтроктава 3,912023 0,000966
субстантивировать 3,912023 0,000966
субстантивироваться 3,912023 0,000966
сугубо 2,525729 0,000623
сулинг 3,912023 0,000966
сунданский 3,912023 0,000966
существительное 3,218876 0,001589
существо 2,302585 0,001137
существование 0,693147 0,000171
существовать 0,020203 0,000055
сущность 2,120264 0,001570
сформировать 1,078810 0,000799
сформироваться 1,347074 0,000333
схватывать 3,912023 0,000966
сходство 2,813411 0,001389
сцена 1,514128 0,000748
считать 0,597837 0,000148
считаться 0,385662 0,000190
сша 0,562119 0,000139
сюдасвязанные -0,009950 -0,000002
сюжет 2,302585 0,000568
таараб 3,912023 0,000966
табличка 2,525729 0,001870
такое 0,328504 0,000162
такой 0,162519 0,000562
тал 3,912023 0,000966
танец 1,832581 0,001810
танцевальный 2,525729 0,001247
тассилин-адджер 3,912023 0,000966
творить 3,506558 0,000866
творческий 1,309333 0,000323
творчество 1,021651 0,000757
театр 0,713350 0,000528
текст -0,009950 -0,000012
телесный 3,912023 0,000966
телешоу 3,912023 0,000966
тело 1,237874 0,000306
тембр 3,506558 0,001731
темперировать 3,912023 0,001931
теноровый 3,912023 0,000966
теоретик 3,218876 0,000795
теоретический 1,609438 0,000795
теория 1,049822 0,002332
термин 0,198451 0,000196
территория 0,356675 0,000088
тесно 1,832581 0,000452
техник 0,713350 0,000880
технический 0,462035 0,000114
технология 0,400478 0,000099
товарный -0,009950 -0,000002
той 0,994252 0,001227
толчок 2,040221 0,000504
тон 2,813411 0,003472
тональность 3,912023 0,001931
тоник 3,912023 0,000966
точка 0,478036 0,000236
традиционный 0,941609 0,001627
традиция 0,891598 0,002421
трансатлантический 3,506558 0,000866
требовать 0,562119 0,000139
тренировать 3,912023 0,000966
третий 0,616186 0,000152
треть 1,237874 0,000306
три 0,248461 0,000184
тривиум 3,912023 0,000966
труд 0,597837 0,000295
тур 1,609438 0,000397
тыл 1,771957 0,000437
тыс 0,430783 0,000425
тысяча 0,371064 0,000092
тяжелый 1,108663 0,000274
увеличиваться 1,309333 0,000323
увлеченность 3,912023 0,000966
угнетение 3,218876 0,000795
удаленность 2,525729 0,000623
ударение 3,218876 0,001589
ударный 3,218876 0,003178
ужас 2,995732 0,000740
уилером 3,912023 0,000966
указание -0,009950 -0,000002
указать 0,083382 0,000021
улучшение 1,309333 0,000646
ульва 3,506558 0,000866
умелый 3,912023 0,000966
уменьшаться 2,120264 0,000523
уметь 2,813411 0,000694
умирать 2,659260 0,000656
универсалия 3,506558 0,000866
универсальный 0,544727 0,000538
университет 0,328504 0,000081
уникальный 0,776529 0,000575
упорядочить 2,659260 0,000656
употребительный 3,912023 0,000966
управлять 0,967584 0,000239
урбанизация 2,813411 0,000694
урка 3,218876 0,000795
уровень 0,150823 0,000074
усилитель 3,506558 0,000866
условие -0,009950 -0,000010
условно 2,040221 0,000504
условный 1,897120 0,000468
установить 0,328504 0,000081
уствольской 3,912023 0,000966
устный 2,407946 0,001189
устраивать 3,218876 0,000795
устройство 0,527633 0,000260
уступать 1,609438 0,000397
участие -0,009950 -0,000002
учебник 1,609438 0,000397
учебный 0,673345 0,000166
ученый 0,653926 0,000323
учетный -0,009950 -0,000002
фальшиво 3,912023 0,000966
фантазия 3,506558 0,000866
феб 3,912023 0,000966
февраль 0,051293 0,000013
феномен 2,407946 0,001189
фестиваль 1,021651 0,000252
физик 1,309333 0,000323
физический 0,798508 0,000394
фиксация 3,218876 0,002384
фиксировать 1,427116 0,000352
философия 2,040221 0,001007
фильм 1,049822 0,000259
флейт 3,912023 0,004828
фолк 3,506558 0,000866
фонд -0,009950 -0,000002
фонограф 3,506558 0,000866
форма 0,287682 0,002770
формат 0,843970 0,000208
формировать 1,272966 0,000314
фортепиано 3,912023 0,003863
фото 1,203973 0,000297
фрагментарный 3,218876 0,000795
фрикционный 3,912023 0,000966
фронт 1,078810 0,000266
функция 0,693147 0,000684
хайлайф 3,912023 0,000966
характер 0,653926 0,000646
характеризоваться 0,891598 0,000660
характеристика 0,415515 0,000205
характерный 0,693147 0,000171
хараппе 3,912023 0,000966
хинди-музыка 3,912023 0,000966
ход 0,510826 0,000126
холоп 3,218876 0,000795
холопова 3,506558 0,000866
хорнбостеля 3,912023 0,000966
хорошее 2,407946 0,000594
хотя 0,653926 0,000323
храм 0,733969 0,000181
христианство 1,660731 0,000410
художественный 0,653926 0,000484
царство 1,237874 0,000306
целик 1,897120 0,000468
целое 0,634878 0,000470
цель 0,371064 0,000092
ценность 1,609438 0,000795
центральноазиатский 3,506558 0,000866
церковный 1,771957 0,000437
цивилизация 1,771957 0,001312
цирк 1,078810 0,000533
цит 2,995732 0,000740
цитра 3,912023 0,000966
цифровой 0,562119 0,000833
частность 0,462035 0,000114
частный 0,634878 0,000157
часто 0,415515 0,000410
частота 1,309333 0,002262
частый 1,309333 0,000323
часть 0,061875 0,000092
чаща 1,108663 0,000274
человек 0,186330 0,000782
человеческий 1,309333 0,000646
человечество 1,660731 0,000410
чередниченко 3,506558 0,000866
черный 0,843970 0,000208
черт 0,916291 0,000226
черта 0,994252 0,000245
четверть 1,966113 0,000971
чехович 3,912023 0,000966
чизлохм 3,912023 0,000966
число 0,186330 0,000184
чистая 1,427116 0,001057
чисто 2,040221 0,000504
чистый 2,040221 0,000504
читать 1,832581 0,000452
читатьправитьправить 0,494296 0,000122
чревовещание 3,912023 0,000966
чтение 1,714798 0,000847
чувствительный 3,218876 0,000795
чувство 2,525729 0,000623
шарманка 3,912023 0,000966
швейцарский 2,120264 0,000523
шенберг 3,912023 0,000966
шилаппадикарам 3,912023 0,000966
широкий 0,494296 0,000244
широко 0,653926 0,000323
широта 1,237874 0,000306
шкала 2,207275 0,001090
шкатулка 3,218876 0,000795
школа 0,478036 0,000118
штат 1,560648 0,000770
щипковые 3,912023 0,000966
эволюция 1,560648 0,001156
эвтерпа 3,912023 0,000966
эггебрехт 3,912023 0,000966
эйфория 3,912023 0,000966
экз 0,415515 0,000103
экземпляр 1,237874 0,000306
экскурс 2,995732 0,000740
экспериментальный 1,660731 0,000410
экспорт -0,009950 -0,000002
экстремальный 2,207275 0,000545
электрический 1,309333 0,000970
электрогитара 3,912023 0,001931
электронный 0,478036 0,000472
элемент 0,544727 0,000403
элементарный 2,407946 0,001189
эмоционально 3,912023 0,000966
эмоция 3,912023 0,004828
энергия 1,021651 0,000504
энн 3,912023 0,000966
энциклопедический 0,733969 0,000181
энциклопедия -0,009950 -0,000020
эпоха 0,713350 0,001233
эра 1,514128 0,000748
эссе 3,506558 0,000866
эстетик 2,659260 0,000656
эстетический 2,995732 0,000740
этнический 1,897120 0,000937
эффект 1,966113 0,000485
юг 0,693147 0,000171
юго-восточный 1,108663 0,000274
южноазиатский 3,506558 0,000866
южный 0,385662 0,000190
яванский 3,912023 0,000966
яве 3,912023 0,000966
являться 0,040822 0,000151
явный 2,302585 0,000568
язык -0,009950 -0,000015
язычковый 3,912023 0,000966
январь 0,105361 0,000182
яркий 1,771957 0,000437
ясно 2,407946 0,000594
