аборигенов 3,912023 0,000966
абсолютно 2,302585 0,000568
абсолютной 2,995732 0,000740
абсолютных 2,995732 0,000740
авангардистов 3,912023 0,000966
авангардных 3,506558 0,000866
авар 3,912023 0,000966
августа 0,072571 0,000018
австралийская 3,506558 0,000866
австрийская 3,912023 0,000966
автономной 1,832581 0,000452
автономный 2,302585 0,000568
автор 0,994252 0,000491
авторов 1,386294 0,000342
авторства -0,009950 -0,000002
автору 2,813411 0,000694
агрессивности 3,912023 0,000966
агрессивностью 3,912023 0,000966
адаптированы 3,506558 0,000866
адаптируются 3,912023 0,000966
аза 3,912023 0,000966
азиатская 3,218876 0,000795
азиатские 2,995732 0,001479
азии 0,916291 0,000452
азия 1,897120 0,000468
азы 3,912023 0,000966
академическая 2,120264 0,001047
академических 2,659260 0,000656
академической 2,995732 0,000740
аккомпанемента 3,912023 0,000966
аккордов 3,912023 0,000966
аккордом 3,912023 0,000966
акробатика 3,912023 0,000966
аксессуаров 3,912023 0,000966
активно 0,755023 0,000186
активному 3,218876 0,000795
актуализированная 3,912023 0,000966
акусматическую 3,912023 0,000966
акустическая 3,506558 0,000866
акустическому 3,912023 0,000966
акцентирующие 3,912023 0,000966
акцентом 2,813411 0,000694
алг 3,912023 0,000966
алеаторика 3,912023 0,000966
альбом 2,120264 0,000523
альпина 2,407946 0,000594
альтерации 3,912023 0,001931
альтовый 3,912023 0,000966
амер 2,302585 0,000568
америка 2,040221 0,000504
американская 2,407946 0,001189
американскую 3,912023 0,000966
амплуа 3,912023 0,000966
амузией 3,912023 0,000966
анализ 1,237874 0,000306
анализе 2,995732 0,001479
анализируют 3,912023 0,000966
анализу 2,995732 0,000740
аналогично 2,407946 0,000594
аналогичного 3,218876 0,000795
аналоговые 3,506558 0,000866
ангклунг 3,912023 0,000966
англ 0,174353 0,001119
анголы 3,912023 0,000966
ансамбль 1,203973 0,000297
аполлону 3,912023 0,000966
апреля 0,174353 0,000086
арабскую 3,912023 0,000966
аре 3,912023 0,001931
арифметика 2,813411 0,000694
арнольд 3,218876 0,000795
арфа 3,912023 0,000966
архаику 3,912023 0,000966
архаичное 3,912023 0,000966
археологические 1,832581 0,000452
архивировано 0,020203 0,000085
архивная 0,400478 0,000395
архипелаг 2,659260 0,000656
аспекты 2,120264 0,001047
ассирийцы 1,832581 0,000452
ассоциации 1,771957 0,000437
астрономия 3,218876 0,000795
атмосфере 2,302585 0,000568
аттической 3,912023 0,000966
аудио 2,120264 0,000523
аудиоплеера 3,912023 0,000966
аудиостанции 3,912023 0,000966
афганских 3,912023 0,000966
африка 2,120264 0,000523
африканская 3,912023 0,000966
африканский 3,506558 0,000866
африканских 3,506558 0,001731
африканской 3,912023 0,003863
африканскую 3,912023 0,001931
африканцев 3,912023 0,000966
африке 2,659260 0,003939
африки 2,120264 0,002094
африку 3,912023 0,000966
афроамериканских 3,912023 0,000966
базисом 3,912023 0,000966
базовым 2,813411 0,000694
базовыми 3,506558 0,000866
балет 2,995732 0,000740
бали 3,912023 0,000966
балийского 3,912023 0,000966
бамбуковая 3,912023 0,000966
барабан 3,912023 0,001931
барабанами 3,506558 0,000866
барабанах 3,912023 0,000966
барабаны 3,506558 0,002597
барокко 1,560648 0,000770
барочного 3,506558 0,000866
бас-гитару 3,912023 0,000966
бас-устройства 3,912023 0,000966
басовый 3,912023 0,000966
басовых 3,912023 0,000966
бауле 3,912023 0,000966
баха 3,912023 0,000966
баху 3,506558 0,000866
баш 3,506558 0,000866
бекар 3,912023 0,000966
беларуская 0,000000 0,000000
бемоль 3,912023 0,001931
беркли 3,506558 0,000866
берут 2,525729 0,000623
бесселеру 3,912023 0,000966
библиографических 0,094311 0,000023
биг-бендов 3,912023 0,000966
биоакустика 3,912023 0,000966
благодаря 0,527633 0,000130
благодать 2,995732 0,000740
благозвучны 3,912023 0,000966
ближний 2,407946 0,000594
блюз 3,912023 0,000966
блюза 3,912023 0,000966
блюзовая 3,912023 0,000966
блюзовых 3,912023 0,000966
бога 2,659260 0,000656
богатства 2,525729 0,000623
богатство 2,407946 0,000594
богатые 2,407946 0,000594
богу 3,506558 0,000866
божествам 3,912023 0,000966
божественной 3,912023 0,000966
болевого 3,912023 0,000966
большая 0,072571 0,000090
большинство 0,597837 0,000295
большое 0,544727 0,000269
большую 0,891598 0,000220
бразилии 2,659260 0,000656
брайнин 3,912023 0,000966
бреан 3,912023 0,001931
бреана 3,912023 0,000966
брокгауза 0,328504 0,000243
бронзового 2,525729 0,000623
бубнах 3,912023 0,000966
будучи 1,714798 0,000423
булеза 3,912023 0,000966
буряад 0,000000 0,000000
български 0,000000 0,000000
бытия 2,995732 0,001479
важнейшая 3,218876 0,000795
важнейших 1,832581 0,000452
важной 2,207275 0,000545
важную 1,771957 0,000875
важным 1,386294 0,000684
вакууме 3,912023 0,000966
вариант 1,386294 0,000342
варианты 1,309333 0,000323
вариационная 3,912023 0,000966
вариациями 3,506558 0,000866
вашла 0,000000 0,000000
введение 1,609438 0,000795
вверх 1,832581 0,000452
ввода 2,207275 0,000545
вводить 2,995732 0,000740
вдоль 0,755023 0,000186
веберна 3,912023 0,000966
век 0,733969 0,000725
века 0,248461 0,000797
веках 1,021651 0,000757
веке 0,597837 0,000443
веков 0,713350 0,000176
вектор 2,659260 0,000656
веревке 3,912023 0,000966
вероятность 2,407946 0,000594
версия -0,009950 -0,000010
весьма 1,514128 0,001121
взаимодействие 1,897120 0,000468
взаимопроникающие 3,912023 0,000966
взглядом 3,912023 0,000966
вид 0,494296 0,000244
вида 1,386294 0,000684
видам 1,560648 0,000385
виде 0,235722 0,000116
видео 1,049822 0,000259
видеоигре 3,912023 0,000966
видную 3,506558 0,000866
видов 0,616186 0,000152
виды 0,798508 0,000394
визуальных 2,995732 0,000740
викиданных -0,009950 -0,000002
викимедиа -0,009950 -0,000002
википедии -0,009950 -0,000005
википедия -0,009950 -0,000005
викискладвикиновостивикицитатникэлемент 2,525729 0,000623
викискладепортал 2,207275 0,000545
викискладстатьи 0,891598 0,000220
викисловарецитаты 1,108663 0,000274
викисловарьвикипедия 1,309333 0,000323
викитекемедиафайлы 1,272966 0,000314
викитеку 1,347074 0,000333
викицитатник 1,272966 0,000314
викицитатникетексты 1,427116 0,000352
вкл 3,506558 0,000866
включает 0,462035 0,000342
включается 2,995732 0,000740
включать 1,897120 0,000468
включают 1,609438 0,000397
включающая 1,966113 0,000485
включая 0,527633 0,000651
включить 2,407946 0,000594
владели 3,218876 0,000795
влияет 1,832581 0,000452
влияние 0,776529 0,002300
влиянием 1,897120 0,001405
влиятельных 3,218876 0,000795
влияя 3,912023 0,000966
внечеловеческого 3,912023 0,000966
внешние 0,051293 0,000013
внимание 1,347074 0,000333
внутреннего 2,120264 0,000523
внутренний 2,302585 0,000568
воедино 3,912023 0,000966
воздействие 1,514128 0,000374
воздействием 2,407946 0,000594
воздействия 1,714798 0,000423
воздействует 3,912023 0,000966
воздуха 0,733969 0,000362
возможности 0,891598 0,000220
возможность 0,616186 0,000608
возникали 2,995732 0,000740
возникающих 2,813411 0,000694
возникли 1,714798 0,000423
возникновения 1,469676 0,000363
возникшая 3,506558 0,000866
возрождения 1,966113 0,000485
войны 0,478036 0,000118
вокала 3,912023 0,000966
волчья 3,506558 0,000866
волшебные 0,040822 0,000010
воплощен 3,506558 0,000866
воплощением 3,218876 0,000795
воплощенная 3,912023 0,000966
вопрос 0,967584 0,000239
вопросах 2,813411 0,000694
вопросы 1,049822 0,000518
воскресал 3,912023 0,000966
воспитания 2,813411 0,000694
восприимчива 3,912023 0,000966
воспринимаемого 3,912023 0,000966
воспринимается 3,506558 0,000866
восприятие 3,218876 0,001589
восприятии 3,912023 0,001931
восприятию 3,912023 0,000966
восприятия 3,218876 0,001589
воспроизведение 2,995732 0,000740
воспроизведения 3,218876 0,002384
восток 1,021651 0,000252
восточноазиатскую 3,912023 0,000966
восточной 0,693147 0,000342
восходит 2,040221 0,000504
восьмые 2,995732 0,000740
впервые 0,385662 0,000190
впечатление 3,218876 0,000795
вплоть 1,108663 0,000547
времен 0,941609 0,000232
времени 0,186330 0,000092
время 0,030459 0,000038
вроде 2,302585 0,000568
всей 0,693147 0,000342
всему 1,272966 0,000314
встречается 1,203973 0,000297
встречаются 1,272966 0,000314
всякий 2,995732 0,000740
второй 0,274437 0,000068
втором 1,660731 0,000410
вторые 3,218876 0,000795
входили 2,120264 0,000523
входят 0,713350 0,000176
выбор 1,832581 0,000452
выводу 2,525729 0,000623
выделено 2,525729 0,000623
выделяется 1,832581 0,000452
выделять 2,813411 0,000694
выделяют 1,609438 0,000397
выделяются 1,386294 0,000342
вызвала 2,207275 0,000545
вызванной 3,912023 0,000966
вызывает 1,427116 0,000352
вызывать 2,995732 0,000740
вып 0,798508 0,000197
выпуклой 3,912023 0,000966
выработали 3,912023 0,000966
выраженной 2,659260 0,000656
выраженность 3,912023 0,000966
выразительного 3,912023 0,000966
выразительным 3,506558 0,000866
выразить 3,912023 0,000966
высвобождением 3,912023 0,000966
высвобождения 3,912023 0,000966
высказываний 2,995732 0,000740
высоко 2,120264 0,000523
высоком 2,040221 0,000504
высота 0,562119 0,000139
высоте 1,514128 0,000748
высотой 1,108663 0,000821
высоту 2,207275 0,001090
высоты 1,427116 0,000352
выстраивая 3,912023 0,000966
выступает 1,347074 0,000333
выступать 2,407946 0,000594
выступают 2,040221 0,000504
выступление 2,120264 0,000523
выступления 1,897120 0,000937
высшего 1,427116 0,000352
выявленное 3,912023 0,000966
гамелан 3,912023 0,000966
гамелана 3,912023 0,000966
гамма 3,506558 0,000866
гаммы 3,912023 0,001931
гармонией 3,506558 0,001731
гармонии 3,506558 0,002597
гармонические 3,912023 0,000966
гармонический 3,506558 0,001731
гармония 3,506558 0,005194
гармошка 3,506558 0,000866
гейр 3,912023 0,000966
гейра 3,912023 0,000966
генданг 3,912023 0,000966
генетическом 3,912023 0,000966
географическую 3,912023 0,000966
геометрия 2,659260 0,000656
гидрии 3,912023 0,000966
гимна 2,302585 0,000568
гимнастика 2,813411 0,000694
гимнов 3,912023 0,001931
гитара 3,506558 0,000866
гитарой 3,912023 0,001931
главных 1,078810 0,000266
глоссарий 3,218876 0,000795
глубина 1,609438 0,000397
глубокой 2,302585 0,000568
гнева 3,912023 0,000966
говорит 2,040221 0,000504
говоря 2,525729 0,000623
говорят 2,040221 0,000504
говорящие 3,912023 0,000966
говорящий 3,912023 0,000966
гоголя 2,407946 0,000594
года -0,009950 -0,000044
годам 2,302585 0,000568
годах 0,385662 0,000476
годов 0,356675 0,000088
году 0,072571 0,000018
голова 2,302585 0,000568
головного 3,912023 0,000966
голос 2,659260 0,000656
гомофонные 3,912023 0,000966
гомофонных 3,912023 0,001931
гонги 3,912023 0,002897
гонгов 3,912023 0,002897
госпел 3,912023 0,000966
гостиной 3,912023 0,000966
гость 3,912023 0,000966
грамматика 3,218876 0,001589
грамотно 3,506558 0,000866
грампластинок 3,912023 0,000966
греков 2,995732 0,000740
греции 1,560648 0,001926
греч 1,427116 0,001761
греческое 3,218876 0,000795
греческом 3,218876 0,000795
гробниц 3,506558 0,000866
громкостей 3,912023 0,000966
громкость 3,218876 0,000795
гроува 3,912023 0,000966
групп 1,514128 0,000374
группа 0,693147 0,000342
группами 2,995732 0,000740
группах 2,995732 0,000740
группы 0,634878 0,000627
губная 3,912023 0,000966
давали 2,207275 0,000545
давались 3,506558 0,000866
давление 2,302585 0,001705
давуле 3,912023 0,000966
дает 1,203973 0,000594
дало 1,966113 0,000485
дальнейшее 1,832581 0,000452
даля 2,207275 0,000545
дамберг 3,912023 0,000966
дана 2,995732 0,000740
данной 1,609438 0,000397
дата 0,030459 0,000120
датируется 2,302585 0,000568
датская 0,342490 0,000085
двенадцати 2,995732 0,000740
движений 2,995732 0,000740
двум 2,207275 0,000545
двух 0,462035 0,000114
действительности 2,407946 0,001189
действительность 3,506558 0,000866
действовать -0,009950 -0,000002
декабря 0,105361 0,000078
делать 1,832581 0,000452
деле 1,660731 0,000410
деление 0,673345 0,000166
делений 3,912023 0,000966
демпфирование 3,912023 0,000966
деревянной 2,120264 0,000523
дериваты 3,912023 0,000966
деталь 2,659260 0,000656
дефиниций 3,912023 0,000966
дешифровка 3,506558 0,000866
деятельности 0,446287 0,000220
деятельность 0,653926 0,000161
джаз 2,813411 0,002778
джани-заде 3,912023 0,000966
джон 2,302585 0,000568
диалектика 2,207275 0,000545
диаспоры 3,218876 0,000795
диатонике 3,912023 0,000966
диатонический 3,912023 0,000966
диатонических 3,912023 0,000966
диатонической 3,912023 0,000966
диджеев 3,912023 0,000966
диджеи 3,912023 0,000966
диез 3,506558 0,001731
диксиленд 3,912023 0,000966
дилецкого 3,912023 0,000966
динамические 2,995732 0,000740
динамическую 3,506558 0,000866
дискретно 3,506558 0,000866
диссонансов 3,912023 0,002897
диссонансы 3,912023 0,000966
диссонантных 3,912023 0,000966
дистрибьюторов 3,912023 0,000966
дисциплин 2,407946 0,000594
длительностей 3,912023 0,000966
длительностью 3,506558 0,000866
добавлять 2,659260 0,000656
добиться 2,407946 0,000594
довлеть 3,912023 0,000966
доисторическая 3,912023 0,002897
доисторической 3,912023 0,000966
документы 1,386294 0,000342
должна 0,544727 0,000134
дома 0,798508 0,000394
доп 0,597837 0,000148
дополненная 3,912023 0,000966
дополнительные -0,009950 -0,000002
дорожек 3,912023 0,000966
доставки 2,407946 0,000594
достиг 1,469676 0,000363
достигла 1,771957 0,000437
доступ 1,203973 0,000297
доступен -0,009950 -0,000002
доступнее 3,912023 0,000966
доступность 2,407946 0,000594
дофамина 3,912023 0,000966
доходом 3,912023 0,000966
драм-машины 3,912023 0,000966
драматическими 3,912023 0,000966
драффкорн 3,912023 0,000966
древнего 1,832581 0,001810
древнегреческое 3,506558 0,000866
древнегреческой 2,813411 0,000694
древней 1,560648 0,001926
древнейшей 2,813411 0,000694
древнейшими 3,506558 0,000866
древнейших 1,609438 0,001192
древнем 2,659260 0,001969
древнерусском 3,506558 0,000866
древних 1,469676 0,001451
древности 1,469676 0,000363
древняя 1,832581 0,000452
другие 0,030459 0,000023
другим 0,733969 0,000181
другими 0,616186 0,000304
других -0,009950 -0,000015
другое 1,049822 0,000259
дубль-бемоль 3,912023 0,000966
дубль-диез 3,912023 0,000966
дундун 3,912023 0,000966
духовная 1,386294 0,000684
духовной 1,771957 0,000437
духовный 3,218876 0,000795
духовным 3,506558 0,000866
духовым 3,912023 0,000966
души 3,218876 0,001589
дыхания 2,659260 0,000656
дыхательных 3,912023 0,000966
еврейская 0,843970 0,000208
европа 0,941609 0,000232
европе 0,916291 0,000226
европейская 2,407946 0,000594
европейских 1,771957 0,000875
европейской 0,891598 0,000660
египетских 3,912023 0,000966
египта 3,506558 0,002597
египте 3,506558 0,000866
египтян 3,912023 0,001931
египтяне 3,912023 0,000966
единого 1,714798 0,000423
единый 1,469676 0,000363
ежегодно 0,916291 0,000226
ефрона 0,328504 0,000243
жанр 3,218876 0,001589
жанрам 3,506558 0,000866
жанрами 3,912023 0,000966
жанрах 3,218876 0,000795
жанров 2,995732 0,003698
жанром 3,506558 0,000866
жанры 2,995732 0,005916
женские 2,525729 0,000623
женский 1,309333 0,000323
женского 2,040221 0,001511
женщины 1,714798 0,000423
жесткие 2,525729 0,000623
живом 3,912023 0,000966
животных 1,203973 0,000297
живых 2,525729 0,001247
жизни 0,562119 0,000833
жизнь 0,693147 0,000171
журнал 0,510826 0,000126
журналисты 2,813411 0,000694
зависимости 0,798508 0,000197
зависит 1,560648 0,000385
заглавная -0,009950 -0,000002
заголовки 2,995732 0,001479
задаваемым 3,912023 0,000966
заданием 3,506558 0,000866
задачей 2,407946 0,000594
заканчивается 2,525729 0,000623
закономерное 3,912023 0,000966
закономерности 2,407946 0,000594
закономерную 3,912023 0,000966
законченное 3,912023 0,000966
закрепилось 2,525729 0,000623
закрепляя 3,912023 0,000966
закса 3,912023 0,000966
заметно 1,832581 0,000905
заметными 3,506558 0,000866
замыслу 3,218876 0,000795
занимательная 3,506558 0,000866
западноафриканское 3,912023 0,000966
западной 0,994252 0,000491
западном 1,714798 0,000423
запасать 3,912023 0,000966
запечатление 3,912023 0,001931
записанное 3,506558 0,000866
записанной 3,218876 0,000795
записи 1,560648 0,003082
записывать 3,218876 0,001589
запись 2,040221 0,000504
записьвойти -0,009950 -0,000002
запоминающейся 3,912023 0,000966
зарегистрированный -0,009950 -0,000002
зародилась 2,995732 0,000740
зарубежной 2,659260 0,000656
заселили 3,506558 0,000866
затрагивая 3,912023 0,000966
зафиксированных 3,912023 0,000966
захватить 2,995732 0,000740
зачастую 1,771957 0,000437
заявление -0,009950 -0,000002
збекча 0,000000 0,000000
звук 2,995732 0,003698
звука 2,659260 0,006564
звукам 3,912023 0,000966
звуки 2,995732 0,006656
звуков 3,506558 0,008656
звуковое 3,506558 0,000866
звуковые 3,218876 0,000795
звуковысотная 3,912023 0,000966
звуковысотных 3,912023 0,001931
звуковых 3,218876 0,000795
звукозаписи 3,218876 0,000795
звукозапись 3,218876 0,000795
звуком 3,912023 0,000966
звукорежиссеров 3,912023 0,000966
звукоряд 3,912023 0,001931
звукоряда 3,912023 0,001931
звучание 3,912023 0,002897
звучанием 3,912023 0,000966
звучании 3,912023 0,000966
звучания 3,218876 0,005562
звучат 3,912023 0,001931
звучать 3,506558 0,000866
звучащего 3,912023 0,000966
звучащих 3,912023 0,000966
звучит 3,506558 0,000866
здоровье 1,609438 0,000397
знак -0,009950 -0,000002
знаки 2,120264 0,001570
знаков 2,120264 0,000523
знакомства 3,912023 0,001931
знание 2,120264 0,001047
знанию 3,912023 0,000966
значение 0,314711 0,000155
значении 1,714798 0,000847
значений 1,609438 0,000397
значения 0,105361 0,000052
значит 1,560648 0,000385
значительно 0,510826 0,000126
значительному 2,659260 0,000656
значительную 1,309333 0,000323
зрелых 3,506558 0,000866
зрения 1,272966 0,000628
зурне 3,912023 0,000966
зыка 0,000000 0,000000
ивуаре 3,506558 0,000866
игорь 1,714798 0,000423
играет 1,386294 0,000342
играл 2,302585 0,000568
играла 2,995732 0,000740
играли 2,407946 0,001189
играют 2,525729 0,001247
игре 2,525729 0,000623
игры 1,203973 0,000297
идеально 3,218876 0,000795
идеи 1,714798 0,000423
идей 2,407946 0,001783
идея 1,609438 0,000397
идеях 3,912023 0,000966
известный 0,941609 0,000232
известных 1,171183 0,000289
извлечения 2,813411 0,001389
изд 0,314711 0,000311
изданий 1,469676 0,000363
изменения 0,562119 0,000139
изменить 2,207275 0,000545
изменяется 1,771957 0,000437
изменять 2,995732 0,001479
изменяться 3,218876 0,000795
изменяющие 3,506558 0,000866
изначально 1,309333 0,000323
изображает 3,506558 0,000866
изображали 3,506558 0,000866
изображением 1,966113 0,000485
изображены 2,525729 0,000623
изобретение 3,218876 0,001589
изолированные 3,506558 0,000866
изредка 2,525729 0,000623
изучает 2,120264 0,000523
изучаются 2,813411 0,000694
изучающая 2,813411 0,000694
изучения 1,272966 0,000314
изысканные 3,912023 0,000966
иллюзионизм 3,912023 0,000966
имевшим 3,912023 0,000966
имеет 0,235722 0,000175
имеется 0,653926 0,000161
имела 1,832581 0,000452
имели 1,386294 0,000342
именно 0,544727 0,000269
иметь 1,272966 0,000314
имеют 0,371064 0,000092
имеющей 2,525729 0,000623
имеющийся 3,506558 0,000866
имманентной 3,912023 0,000966
импортируемых 3,912023 0,000966
импровизации 3,912023 0,001931
импровизацию 3,912023 0,000966
импровизация 3,912023 0,000966
импровизированным 3,912023 0,000966
иначе 0,733969 0,000181
иная 2,995732 0,000740
индивидуально-авторского 3,912023 0,000966
индии 2,040221 0,000504
индийская 3,218876 0,002384
индийские 2,995732 0,000740
индийской 3,506558 0,000866
индия 2,120264 0,000523
индонезийская 3,912023 0,000966
индонезийский 3,912023 0,000966
индонезийской 3,912023 0,001931
индонезия 2,813411 0,001389
индской 3,912023 0,000966
индуистским 3,912023 0,000966
индуистском 3,912023 0,000966
индустрия 2,525729 0,001870
инновационные 3,506558 0,000866
иного 2,525729 0,000623
иной 1,714798 0,002117
инструкции 2,207275 0,000545
инструмент 2,407946 0,001189
инструмента 2,995732 0,002219
инструментальной 3,912023 0,000966
инструментальных 3,506558 0,000866
инструментами 3,218876 0,002384
инструментах 3,912023 0,003863
инструменте 3,506558 0,000866
инструментов 1,771957 0,004812
инструментовка 3,912023 0,000966
инструментом 2,995732 0,000740
инструменты -0,009950 -0,000052
интеграция 3,506558 0,000866
интеллект 2,659260 0,000656
интеллекта 2,302585 0,000568
интервал 2,995732 0,000740
интервалов 3,912023 0,000966
интервалом 3,506558 0,000866
интервалы 3,218876 0,000795
интонация 3,912023 0,000966
интуиции 3,506558 0,000866
иным 2,525729 0,000623
иных 1,469676 0,000726
иоанна 1,469676 0,000363
ирон 0,000000 0,000000
исключающие 3,912023 0,000966
исключением 1,347074 0,000333
исключительно 1,272966 0,000628
искусств 0,916291 0,000679
искусства 0,733969 0,001631
искусство 0,994252 0,000982
искусствовед 3,912023 0,000966
искусствоведами 3,912023 0,000966
исполнение 1,966113 0,001941
исполнении 1,560648 0,000385
исполнению 3,218876 0,000795
исполнения 1,469676 0,000363
исполнителей 2,525729 0,000623
исполнительские 3,912023 0,000966
исполнительской 3,912023 0,000966
исполняется 2,813411 0,000694
исполняли 3,506558 0,000866
исполнять 2,995732 0,001479
использовавшихся 3,912023 0,000966
использовались 1,660731 0,000410
использовалось 2,659260 0,000656
использование 0,891598 0,000220
использованием 1,347074 0,000998
использовании 1,560648 0,000385
использования -0,009950 -0,000002
использовать 1,171183 0,001156
используемого 3,218876 0,000795
используемые 2,407946 0,000594
использует 1,514128 0,000374
используется 0,616186 0,000608
используют 1,309333 0,000323
используются 0,916291 0,000679
использующие 0,040822 0,000010
использующиеся 3,912023 0,000966
используя 1,966113 0,000485
испр 1,832581 0,000452
испытала 3,912023 0,000966
исследованием 3,218876 0,000795
исследований 0,941609 0,000232
исследованиям 2,040221 0,000504
исследователей 1,966113 0,000971
исследователи 1,469676 0,000363
исследователю 3,506558 0,000866
исследовать 2,525729 0,000623
истоками 3,912023 0,000966
истоках 3,506558 0,000866
истории 0,248461 0,000123
историки 2,407946 0,000594
исторический 0,653926 0,000161
история 0,051293 0,000076
источник -0,009950 -0,000002
источника 1,832581 0,000905
источники 0,415515 0,000103
источнику 2,995732 0,000740
ищет 2,995732 0,000740
июня 0,116534 0,000144
йоруба 3,912023 0,000966
каждого 1,427116 0,000352
казанцева 3,506558 0,001731
какие-либо 2,995732 0,000740
каким 2,207275 0,000545
какое 2,659260 0,001313
калипсо 3,912023 0,000966
калифорнийского 3,912023 0,000966
каменный 1,714798 0,000423
кандомбле 3,912023 0,000966
каноничность 3,912023 0,000966
кантри 3,912023 0,000966
карибские 3,912023 0,000966
карнатическая 3,912023 0,001931
картину 2,659260 0,000656
каталогах 0,094311 0,000023
категоризации 3,912023 0,000966
категории -0,009950 -0,000007
категория 0,916291 0,000452
качестве 0,478036 0,000118
качеству 2,407946 0,000594
квадривиум 3,912023 0,000966
квинта 3,912023 0,000966
квинтам 3,912023 0,000966
квинтового 3,912023 0,000966
квинты 3,912023 0,001931
кейдж 3,912023 0,000966
келле 3,912023 0,000966
килмер 3,912023 0,000966
кинематограф 2,525729 0,000623
китайская 0,776529 0,000383
китайские 2,525729 0,000623
клавишные 3,912023 0,001931
клавишным 3,912023 0,000966
клавишными 3,912023 0,000966
класса 1,203973 0,000594
классификации 1,832581 0,000452
классификаций 3,506558 0,000866
классификация 2,040221 0,001007
классицизм 2,207275 0,000545
классическая 2,120264 0,002617
классического 2,813411 0,000694
классической 1,609438 0,001192
клинописной 3,912023 0,000966
клоунада 3,912023 0,000966
ключевая 3,506558 0,000866
ключевую 2,995732 0,000740
ключи 2,302585 0,000568
книга 0,843970 0,000208
когнитивная 3,506558 0,000866
когнитивное 3,912023 0,000966
кого 2,207275 0,000545
код -0,009950 -0,000059
кодекс -0,009950 -0,000002
кодистория 0,116534 0,000029
колебаний 2,040221 0,000504
колебательный 3,912023 0,000966
коленные 3,912023 0,000966
колоколах 3,912023 0,000966
колонизаторов 3,912023 0,000966
кольера 3,506558 0,000866
комментарии 1,386294 0,000684
коммуникации 2,302585 0,000568
комплекс 0,653926 0,000161
композитор 1,966113 0,000485
композитора 2,995732 0,001479
композиторам 3,912023 0,000966
композиторами 3,912023 0,001931
композиторов 2,995732 0,002219
композитором 3,218876 0,002384
композиторского 3,912023 0,000966
композиторы 2,813411 0,001389
композиции 2,302585 0,001705
композиций 2,813411 0,000694
композиционно-техническом 3,912023 0,000966
композицию 2,995732 0,000740
композиция 2,040221 0,001007
композициями 3,912023 0,000966
компьютере 2,120264 0,000523
компьютеризированное 3,912023 0,000966
компьютеров 1,897120 0,000468
конга 3,912023 0,000966
конголезская 3,912023 0,000966
конголезский 3,912023 0,000966
конкретно 3,506558 0,000866
конкретную 3,912023 0,000966
конкретными 3,506558 0,000866
конкретных 2,407946 0,000594
консонанса 3,912023 0,000966
консонансов 3,912023 0,001931
консонансы 3,912023 0,001931
констант 3,506558 0,000866
контекста 2,995732 0,000740
континенту 3,912023 0,000966
континенты 3,912023 0,000966
контрапунктические 3,912023 0,000966
контур 2,659260 0,000656
конференции 1,139434 0,000281
конфиденциальности -0,009950 -0,000002
концентрации 2,040221 0,000504
концертный 1,660731 0,000410
концертов 3,218876 0,000795
концерты 2,120264 0,000523
копия 0,328504 0,000324
корейской 2,040221 0,000504
короткий -0,009950 -0,000002
кот-д 0,000000 0,000000
котловидных 3,912023 0,000966
которая 0,287682 0,000142
которого 0,301105 0,000074
которое 0,478036 0,000236
которой 0,174353 0,000043
котором 0,301105 0,000074
которую 0,867501 0,000214
которые 0,162519 0,000160
который 0,105361 0,000104
которых 0,094311 0,000047
кошек 3,218876 0,000795
крайней 2,525729 0,000623
краснофигурной 3,912023 0,000966
краткий 1,560648 0,000385
кратковременное 3,506558 0,000866
критериями 3,912023 0,000966
критики 2,407946 0,001189
кровяное 3,912023 0,000966
кроликов 3,506558 0,000866
круга 2,525729 0,000623
кругосвет 1,560648 0,000770
ксилофоном 3,912023 0,000966
куки -0,009950 -0,000002
кукол 0,916291 0,000226
кульминации 3,506558 0,000866
культур 1,309333 0,001293
культурами 3,506558 0,000866
культуре 1,427116 0,000352
культурной 2,207275 0,001090
культурный 1,108663 0,000274
культурных 1,347074 0,000665
культуры 0,462035 0,000570
кумбия 3,912023 0,000966
кучкистов 3,912023 0,000966
къарачай-малкъар 0,000000 0,000000
кыргызча 0,000000 0,000000
ладов 3,912023 0,000966
лады 3,506558 0,000866
лакку 0,000000 0,000000
ламеллофон 3,912023 0,000966
ландмана 3,912023 0,000966
ландсберг 3,912023 0,000966
лань 2,995732 0,000740
ларусса 1,078810 0,000266
латвия 2,302585 0,000568
латиноамериканской 3,912023 0,000966
латинская 2,813411 0,000694
латинского 3,506558 0,000866
латинской 3,218876 0,000795
лежало 3,506558 0,000866
лежит 1,560648 0,000385
лейбл 3,912023 0,000966
лет 0,223144 0,000275
либо 0,000000 0,000000
ликембе 3,912023 0,000966
линии 0,755023 0,000186
лирах 3,912023 0,000966
листа 3,218876 0,000795
литература 0,061875 0,000031
литературном 3,506558 0,000866
литературных 2,302585 0,000568
литовская 1,309333 0,000323
лицензии -0,009950 -0,000002
логика 2,207275 0,001090
любви 2,407946 0,001189
любители 3,218876 0,001589
любой 1,514128 0,000374
людей 0,693147 0,000856
люди 0,755023 0,000932
людям 1,832581 0,000452
магазине 3,506558 0,000866
македонски 0,000000 0,000000
малая 1,469676 0,000363
маленький 2,813411 0,000694
малую 2,659260 0,000656
малый 0,371064 0,000092
манипулируя 3,912023 0,000966
марга 3,506558 0,000866
март 0,616186 0,000152
марта 0,139262 0,000172
массовая 2,120264 0,000523
математика 2,120264 0,000523
материал -0,009950 -0,000017
материала 2,302585 0,001705
материале 2,525729 0,000623
материалы 0,843970 0,000208
материального 3,506558 0,000866
материальной 2,995732 0,000740
мая 0,139262 0,000103
медицины 1,514128 0,000374
международной 1,203973 0,000297
мелодией 3,912023 0,000966
мелодии 3,912023 0,000966
мелодический 3,912023 0,001931
мелодической 3,912023 0,000966
мелодия 2,995732 0,001479
мембрана 3,912023 0,000966
менеджмента 2,302585 0,000568
менее 0,314711 0,000078
мере 1,272966 0,000314
мероприятиях 2,995732 0,002219
мертвым 3,912023 0,000966
мертвых 3,506558 0,000866
мессы 3,912023 0,000966
места 0,579818 0,000143
местными 2,040221 0,000504
металлофоны 3,912023 0,000966
методов 1,832581 0,000905
метра 1,560648 0,000385
механическим 3,912023 0,000966
мешая 3,912023 0,000966
миграции 1,660731 0,000820
микшеров 3,912023 0,000966
миллард 3,912023 0,000966
мимы 3,912023 0,000966
мини 3,912023 0,000966
минут 1,386294 0,000342
мир 0,342490 0,000085
мира 0,415515 0,000718
мире 0,494296 0,000122
мировой 0,733969 0,000181
мистерии 3,506558 0,000866
мифологии 2,525729 0,000623
мнению 0,967584 0,000239
мнения 2,120264 0,001047
многие 0,356675 0,000352
многоголосого 3,912023 0,000966
многоголосые 3,912023 0,000966
многоголосый 3,912023 0,000966
многодорожечной 3,912023 0,000966
многодорожечную 3,912023 0,000966
многозвучный 3,912023 0,000966
многочисленными 1,966113 0,000485
множество 0,597837 0,000148
мобильная -0,009950 -0,000002
могла 2,207275 0,000545
могли 1,514128 0,001121
могло 2,120264 0,000523
моголов 3,912023 0,000966
могут -0,009950 -0,000015
модального 3,912023 0,000966
модифицировались 3,912023 0,000966
мозг 3,912023 0,000966
мозга 3,218876 0,000795
мокшень 0,000000 0,000000
момент 0,597837 0,000148
монгол 0,000000 0,000000
монодические 3,912023 0,000966
монодических 3,912023 0,000966
монофонична 3,912023 0,000966
морозов 2,207275 0,000545
морских 1,832581 0,000452
мортимером 3,912023 0,000966
москва 0,400478 0,000198
моторику 3,912023 0,000966
мохенджо-даро 3,912023 0,000966
моцарта 3,912023 0,000966
мрачные 3,912023 0,000966
мудсвинджер 3,912023 0,000966
муз 2,659260 0,001313
муза 2,813411 0,001389
музы 3,912023 0,002897
музыка 1,347074 0,024607
музыкаистория 3,912023 0,000966
музыкальная 2,207275 0,005994
музыкально-художественных 3,912023 0,000966
музыкального 2,525729 0,009976
музыкальное 2,207275 0,004904
музыкальной 1,832581 0,000905
музыкальном 3,912023 0,000966
музыкальному 3,912023 0,000966
музыкальную 3,506558 0,002597
музыкальные 1,966113 0,011648
музыкальный 1,469676 0,004716
музыкальным 2,813411 0,003472
музыкальными 3,218876 0,003178
музыкальных 1,832581 0,015381
музыкант 2,995732 0,000740
музыкантов 3,218876 0,003178
музыкантом-исполнителем 3,912023 0,000966
музыканты 2,813411 0,002778
музыкаскрытые 3,912023 0,000966
музыке 2,995732 0,010353
музыки 1,469676 0,023944
музыковедение 3,912023 0,001931
музыковедения 3,912023 0,001931
музыковеды 3,912023 0,000966
музыкой 3,506558 0,000866
музыкотерапия 3,912023 0,000966
музыку 2,302585 0,007958
мусики 0,000000 0,000000
мусикийские 3,912023 0,000966
мусикийский 3,912023 0,001931
мусикийского 3,912023 0,000966
мусическая 3,912023 0,000966
мусоргский 3,506558 0,000866
мыслей 3,506558 0,000866
мыслителями 3,506558 0,000866
мышления 2,995732 0,000740
набора 2,995732 0,002219
навигации -0,009950 -0,000002
навигация -0,009950 -0,000005
навыками 3,912023 0,000966
назад 1,108663 0,000547
названия 0,342490 0,000254
называемой 2,040221 0,001007
называется 0,916291 0,000679
называют 0,916291 0,000679
наиболее 0,139262 0,000172
наивысшего 2,659260 0,000656
найдены 1,714798 0,000847
накладывать 3,912023 0,000966
нами -0,009950 -0,000002
намного 2,302585 0,000568
написана 2,207275 0,000545
направлений 1,108663 0,000821
направления 0,755023 0,000373
направлениям 1,660731 0,000410
направлениях 1,832581 0,000452
например 0,328504 0,001784
напряженные 3,506558 0,000866
народа 1,714798 0,000423
народов 0,798508 0,000197
наряду 1,078810 0,000266
наряды 3,506558 0,000866
наси 3,912023 0,000966
наскальные 3,218876 0,000795
наслаждений 3,912023 0,000966
настенные 3,912023 0,000966
настолько 1,897120 0,000468
настроенных 3,506558 0,002597
настройке 3,218876 0,000795
настройки 2,813411 0,001389
насчитывает 1,347074 0,000333
натянутой 3,912023 0,000966
наука 0,301105 0,000149
науки 0,820981 0,000203
научиться 3,912023 0,000966
научно-практической 2,207275 0,000545
находки 2,407946 0,000594
находятся 0,527633 0,000130
национальная 1,108663 0,000274
начала 0,314711 0,000155
начале 0,314711 0,000155
начали 0,891598 0,000440
начало 0,415515 0,000103
начинается 0,755023 0,000186
начиная 0,733969 0,000544
нашей 1,386294 0,000342
небольших 1,660731 0,000410
невозможностью 3,912023 0,000966
невозможны 3,912023 0,000966
незабвенный 3,912023 0,000966
нейробиология 3,506558 0,000866
некоммерческой -0,009950 -0,000002
некоторого 2,813411 0,000694
некотором 3,218876 0,000795
некоторые 0,301105 0,000223
некоторыми 2,120264 0,000523
некоторых 0,494296 0,000488
нем 0,356675 0,000264
нематериальные 3,912023 0,000966
немного 1,714798 0,000423
неолитические 3,912023 0,000966
неосознанно 3,912023 0,000966
неотъемлемую 3,506558 0,000866
непосредственно 0,478036 0,000708
непосредственной 1,966113 0,000485
непосредственном 3,912023 0,000966
непрерывная 3,506558 0,000866
непрямого 3,912023 0,000966
несколькими 1,660731 0,000410
несмотря 0,755023 0,000186
несомненное 3,912023 0,000966
нигерия 2,995732 0,000740
низким 2,120264 0,000523
низкой 1,771957 0,000437
николая 0,916291 0,000226
ниппура 3,912023 0,000966
нового 0,579818 0,000143
новое 0,755023 0,000186
новой 0,653926 0,000161
новом 1,386294 0,000342
новые 0,342490 0,000423
новым 1,049822 0,000259
новыми 1,560648 0,000770
новых 0,430783 0,000319
норвежская 0,248461 0,000061
норвежских 3,912023 0,000966
носит 1,309333 0,000323
носителем 3,912023 0,001931
нот 3,912023 0,008691
нотам 3,912023 0,000966
нотация 2,995732 0,002219
нотной 3,912023 0,000966
нотные 3,912023 0,000966
нотных 3,912023 0,000966
ноты 3,218876 0,003178
нохчийн 0,000000 0,000000
ноября 0,127833 0,000221
нравственно-духовные 3,912023 0,000966
нська 0,000000 0,000000
нужного 2,995732 0,000740
нужной 3,912023 0,000966
нынешней 1,966113 0,000485
ню-метала 3,912023 0,000966
обеих 2,207275 0,000545
обертон 3,912023 0,000966
обертонов 3,912023 0,001931
обеспечение 1,237874 0,000306
обеспечения 0,867501 0,000214
обладает 1,171183 0,000289
обладают 2,040221 0,001007
обладая 3,506558 0,001731
области 0,223144 0,000055
обмен 1,832581 0,000452
обнаружен 2,659260 0,000656
обнаруженная 3,912023 0,000966
обнаруженное 3,912023 0,000966
обобщающий 3,912023 0,000966
обобщения 3,218876 0,000795
обозначать 3,218876 0,000795
обозначения 1,660731 0,000820
оборудование 1,347074 0,000333
обособилась 3,912023 0,000966
образов 2,813411 0,001389
образование 0,494296 0,000122
образования 0,478036 0,000236
образом 0,371064 0,000366
образуют 1,771957 0,000437
образы 2,525729 0,000623
обращения 0,030459 0,000120
обретает 2,995732 0,000740
обрядах 3,912023 0,000966
обучения 1,660731 0,000410
обширная 2,302585 0,000568
общем 1,514128 0,000374
общества 0,776529 0,000192
обществах 2,995732 0,000740
общественной 1,832581 0,000452
общественных 1,021651 0,000252
общество 0,713350 0,000176
общинах 3,506558 0,000866
объединение 1,171183 0,000289
объект 1,386294 0,000342
объективированных 3,912023 0,000966
объеме 1,832581 0,000452
объясняется 1,771957 0,000875
обычно 0,693147 0,000684
овладевать 3,912023 0,000966
ограничен 2,525729 0,000623
ограничивалось 3,912023 0,000966
огромно 3,912023 0,000966
огромное 1,966113 0,000971
ода 2,995732 0,000740
одетые 3,912023 0,000966
одна 0,527633 0,000260
однако 0,174353 0,000172
одним 0,494296 0,000366
одно 0,693147 0,000342
одновременно 0,776529 0,000192
одновременное 3,218876 0,000795
одного 0,544727 0,000134
одной 0,371064 0,000275
оказала 3,218876 0,000795
оказали 2,407946 0,000594
оказало 3,218876 0,002384
оказывает 1,427116 0,000352
оказывать 2,813411 0,000694
оказываются 2,302585 0,000568
оказывая 3,506558 0,000866
около 0,000000 0,000000
окружающего 2,813411 0,000694
окружающей 1,049822 0,000259
октаве 3,912023 0,000966
октавы 3,506558 0,001731
октября 0,083382 0,000185
онлайн 0,198451 0,000049
оно 0,000000 0,000000
опера 2,659260 0,000656
опере 3,912023 0,000966
оперы 1,660731 0,000820
описание -0,009950 -0,000002
оппозиции 3,506558 0,000866
определение 1,660731 0,000410
определений 2,813411 0,000694
определения 1,560648 0,001156
определенная 3,218876 0,000795
определенной 1,832581 0,001357
определенному 2,813411 0,000694
определенным 2,120264 0,001570
определенных 2,040221 0,000504
определяет 1,714798 0,000847
определяется 1,609438 0,000795
опубликована 2,407946 0,000594
опубликовано 2,525729 0,000623
опыт 1,714798 0,000423
ораторское 3,506558 0,000866
орган 1,203973 0,000297
организаторов 2,407946 0,000594
организации -0,009950 -0,000002
организацию 2,207275 0,000545
организация 0,891598 0,000220
организованной 2,995732 0,000740
организованные 3,218876 0,000795
организованных 2,995732 0,000740
организуются 2,995732 0,000740
оригинала 0,162519 0,000080
ориентальная 3,912023 0,000966
ориша 3,912023 0,000966
оркестра 2,525729 0,000623
оркестровок 3,912023 0,000966
оркестры 3,218876 0,000795
ортса 0,000000 0,000000
орудия 2,995732 0,000740
освобождалась 3,912023 0,000966
осириса 3,912023 0,000966
осирисом 3,912023 0,000966
осмысленного 3,912023 0,000966
осмысленных 3,912023 0,000966
основа 1,832581 0,000452
основана 1,272966 0,000628
основаны 1,771957 0,000437
основе 0,494296 0,000366
основная 0,116534 0,000345
основного 1,897120 0,000468
основной 0,653926 0,000323
основном 0,510826 0,000252
основные 0,223144 0,000055
основным 0,616186 0,000304
основой 1,237874 0,000306
основу 1,203973 0,000297
основываясь 2,813411 0,000694
особенно 0,562119 0,000278
особенность 2,525729 0,001247
особенностью 1,609438 0,000397
особым 2,659260 0,000656
осознании 3,912023 0,000966
остальные 0,891598 0,000220
останется 2,207275 0,000545
остановки 2,302585 0,000568
острова 1,078810 0,000266
осуществляется 0,776529 0,000192
осуществляться 2,995732 0,000740
отверстиями 3,912023 0,000966
ответа 2,659260 0,000656
ответе 3,506558 0,000866
ответственности -0,009950 -0,000002
ответы 1,514128 0,000374
отдаленными 3,912023 0,000966
отдельно 2,120264 0,000523
отдельные 1,078810 0,000266
отдельными 2,407946 0,000594
отдельных -0,009950 -0,000005
отказ -0,009950 -0,000002
откровенно 3,912023 0,000966
открыли 1,237874 0,000306
открыло 2,995732 0,000740
открытие 0,941609 0,000232
открытое 1,714798 0,000423
отличается 0,579818 0,000143
отличаются 2,207275 0,000545
отличие 0,891598 0,000220
отметили 2,120264 0,000523
отметить 1,714798 0,000423
отмечается 1,309333 0,000323
относительно 0,415515 0,000103
относить 3,218876 0,001589
относят 1,609438 0,000795
относятся 0,713350 0,000176
отношении 1,203973 0,000297
отношений 1,309333 0,000323
отныне 3,218876 0,000795
отражает 2,040221 0,000504
отражение 2,040221 0,000504
отрасль 1,897120 0,000468
отредактирована -0,009950 -0,000002
отрефлексированного 3,912023 0,000966
отсюда 1,897120 0,000937
оттенки 3,912023 0,000966
охватить 3,506558 0,000866
охватывает 1,771957 0,000437
оценивается 2,120264 0,001047
оценивают 3,506558 0,000866
оценка 0,693147 0,000171
очередной 2,040221 0,000504
очередь 0,527633 0,000130
ошибкекак -0,009950 -0,000002
ощущения 3,218876 0,000795
паблишер 2,659260 0,000656
папирусах 3,506558 0,000866
параллельно 1,237874 0,000306
параметры 2,120264 0,000523
партитур 3,912023 0,001931
певцы 2,813411 0,000694
пения 3,912023 0,003863
пентатонике 3,912023 0,000966
пер 1,108663 0,000274
первой 0,462035 0,000228
первые 0,494296 0,000122
первый 0,385662 0,000190
первых 0,653926 0,000161
передается 2,813411 0,000694
перейти -0,009950 -0,000005
переорганизация 3,912023 0,000966
переосмысливает 3,912023 0,000966
переплетающиеся 3,912023 0,000966
перераб 1,609438 0,000397
перехода 1,514128 0,000374
переходом 2,302585 0,000568
период 0,342490 0,000085
периодической 2,813411 0,000694
периодов 2,040221 0,000504
персидской 3,912023 0,000966
персональные -0,009950 -0,000002
перспективы 1,347074 0,000333
песен 2,120264 0,003140
песни 1,514128 0,000374
песни-плачи 3,912023 0,000966
песнопений 3,912023 0,000966
песня 1,609438 0,000397
печати -0,009950 -0,000002
печать -0,009950 -0,000002
пинчер 3,912023 0,000966
пирамид 2,659260 0,001313
письма 1,897120 0,001405
письменная 3,506558 0,001731
письменных 2,407946 0,000594
пифагорейский 3,912023 0,000966
пифагору 3,912023 0,000966
плавно 2,407946 0,000594
планете 2,302585 0,001137
плато 2,040221 0,001007
племенные 3,218876 0,000795
поведения -0,009950 -0,000002
повлияли 2,525729 0,001247
повлиять 3,912023 0,000966
повседневности 3,912023 0,000966
повышением 2,813411 0,000694
повышению 2,302585 0,000568
повышенной 2,813411 0,000694
подавляющее 2,207275 0,000545
подборка 3,218876 0,000795
подведенную 3,912023 0,000966
подвергнуть 3,912023 0,000966
поджанров 3,912023 0,000966
подобно 2,407946 0,000594
подобного 2,407946 0,001189
подобное 2,525729 0,000623
подразделяется 2,525729 0,000623
подразумевает 2,995732 0,000740
подробнее -0,009950 -0,000002
подсознательного 3,506558 0,000866
подход 1,771957 0,000437
подходу 3,506558 0,000866
подходы 2,525729 0,000623
подчинены 1,897120 0,000468
подчиняется 3,218876 0,000795
позволила 2,995732 0,000740
позволили 2,207275 0,000545
позволить 3,218876 0,000795
позволяет 0,755023 0,000932
позволяющих 2,995732 0,000740
позднего 2,207275 0,000545
позднейшее 3,912023 0,000966
позднейшей 3,506558 0,000866
позже 0,733969 0,000362
поиск -0,009950 -0,000002
поиски 2,659260 0,000656
поиску -0,009950 -0,000002
показательно 3,912023 0,000966
поклонения 3,506558 0,000866
поклонялись 3,912023 0,000966
покровителем 3,506558 0,000866
покровительницей 3,506558 0,000866
поле 0,798508 0,000197
полинезия 2,659260 0,000656
полиритмии 3,912023 0,000966
политика -0,009950 -0,000005
политическому 3,912023 0,000966
полифонические 3,912023 0,000966
полифонический 3,912023 0,001931
полифония 3,912023 0,000966
полной 1,832581 0,000452
половинам 3,912023 0,000966
половине 0,634878 0,000157
положительного 3,506558 0,000866
положительные 2,995732 0,000740
полосатого 3,912023 0,000966
полутон 3,506558 0,000866
получает 1,660731 0,000410
получены 2,302585 0,000568
получили 0,967584 0,000239
полюсами 3,912023 0,000966
поля 1,427116 0,000352
помещается 2,995732 0,000740
помимо 0,562119 0,000278
помогает 2,813411 0,000694
помощи 0,843970 0,000208
помощью 0,634878 0,000627
понимании 1,897120 0,000468
понимания 2,525729 0,000623
понимать 2,659260 0,000656
понятие 1,469676 0,000726
понятия 1,560648 0,000770
понятным 3,218876 0,000795
поп-музыканты 3,912023 0,000966
популярная 2,407946 0,000594
популярной 2,659260 0,002626
популярную 3,506558 0,000866
популярный 2,525729 0,000623
популярным 2,120264 0,000523
популярных 1,832581 0,001357
порабощенных 3,912023 0,000966
порога 3,218876 0,000795
пород 1,897120 0,000468
породили 3,506558 0,000866
порождаемой 3,912023 0,000966
порождение 3,506558 0,000866
порожденная 3,912023 0,000966
порожком 3,912023 0,000966
портал 0,342490 0,000085
порталстатьи 2,040221 0,000504
портативного 3,912023 0,000966
порядка 1,139434 0,000281
порядке 1,309333 0,000323
посвящено 2,995732 0,000740
посещение 2,525729 0,000623
поскольку 0,941609 0,001162
послание 2,813411 0,000694
последний -0,009950 -0,000002
последование 3,912023 0,000966
последований 3,912023 0,000966
последовательности 2,659260 0,000656
пособие 1,609438 0,000397
посредством 1,771957 0,000437
постепенно 0,867501 0,000428
постижения 3,506558 0,000866
построением 3,506558 0,000866
построения 1,897120 0,000468
построенный 1,237874 0,000306
потребностям 3,506558 0,000866
похож 2,995732 0,000740
поэме 2,813411 0,000694
появление 1,469676 0,001088
появлением 1,347074 0,000333
появлению 2,207275 0,000545
правилам 1,660731 0,000410
править -0,009950 -0,000123
правкиновые -0,009950 -0,000002
правкипостоянная -0,009950 -0,000002
празднованиях 3,912023 0,000966
практике 1,660731 0,000410
практикой 3,218876 0,000795
превознес 3,912023 0,000966
превратилась 2,040221 0,000504
превышает 0,967584 0,000239
предания 2,659260 0,000656
предмет 2,120264 0,000523
предметной 3,218876 0,000795
предметов 1,660731 0,000410
предназначенной 3,218876 0,000795
предоставляет 1,347074 0,000333
предполагается 1,560648 0,000770
представились -0,009950 -0,000002
представителями 1,897120 0,000937
представлений 2,207275 0,002179
представления 1,469676 0,000363
представлениями 3,506558 0,000866
представляет 0,446287 0,000110
представляют 1,237874 0,000306
предшественников 3,506558 0,000866
прежде 1,049822 0,000259
преимущественно 0,776529 0,000192
прекращения 2,813411 0,000694
преобладание 2,525729 0,001247
преподносимой 3,912023 0,000966
привели 1,560648 0,000770
привело 1,108663 0,000274
приводит 1,171183 0,000289
привычными 3,912023 0,000966
приглашением 3,912023 0,000966
пригодные 3,218876 0,000795
придворную 3,912023 0,000966
приемлемо 3,912023 0,000966
приемы 2,995732 0,001479
признается 2,659260 0,000656
признакам 3,218876 0,000795
признают 2,813411 0,000694
прикладная 2,659260 0,001313
прикладной 2,207275 0,000545
прилагательного 3,912023 0,000966
прилагательное 3,218876 0,003973
приложения 1,514128 0,000374
применяется 1,714798 0,000423
пример 1,171183 0,000289
примерами 1,966113 0,000485
примерно 0,634878 0,000157
примечания -0,009950 -0,000005
примитивной 3,912023 0,000966
принадлежность 1,609438 0,000397
принудительного 3,912023 0,000966
принципам 2,659260 0,000656
принято 0,713350 0,000704
принятой 2,813411 0,000694
приобретают 2,995732 0,000740
приписанные 3,912023 0,000966
приписывает 3,506558 0,000866
природного 2,302585 0,000568
присваиваются 3,506558 0,000866
присвоение 2,813411 0,000694
присутствием 3,912023 0,000966
присутствовать 3,912023 0,000966
присутствующей 3,506558 0,000866
присущая 3,912023 0,000966
присущи 3,912023 0,000966
причем 0,994252 0,000245
причиной 1,469676 0,000363
пришедшие 3,506558 0,000866
пришли 1,771957 0,000437
проведенных 3,218876 0,000795
проверенная 1,049822 0,000259
программного 1,660731 0,000410
программное 1,714798 0,000423
программной 2,995732 0,000740
программные 2,813411 0,000694
продажа 2,407946 0,000594
продолжением 2,207275 0,000545
продолжила 3,506558 0,000866
продолжительностью 2,813411 0,000694
продуктом 3,218876 0,000795
продюсер 3,506558 0,001731
продюсеров 3,912023 0,000966
продюсеров-любителей 3,912023 0,000966
проект 0,400478 0,000198
проектах -0,009950 -0,000002
проекты 1,108663 0,000274
проигрывателе 3,912023 0,000966
проигрывателей 3,912023 0,000966
проигрыватель 3,506558 0,000866
проигрывателя 3,912023 0,000966
произведение 2,407946 0,001783
произведений 1,714798 0,002540
произведения 1,427116 0,003171
произведениями 2,995732 0,000740
произвести 2,659260 0,000656
производимого 3,912023 0,000966
производить 2,659260 0,000656
производящего 3,912023 0,000966
произошло 0,733969 0,000362
происходят 1,966113 0,000485
происхождение 1,427116 0,000705
происхождения 1,272966 0,000314
промежуточные 3,218876 0,000795
прослеживается 2,120264 0,000523
прослушиваемые 3,912023 0,000966
прослушивание 3,912023 0,002897
прослушивания 3,912023 0,001931
просмотры -0,009950 -0,000002
просто 1,272966 0,000628
пространствах 3,506558 0,000866
пространственно-временного 3,912023 0,000966
протестных 3,506558 0,000866
противопоставление 3,218876 0,001589
противоречие 3,218876 0,000795
протяжении 0,867501 0,000428
профессиональная 2,302585 0,000568
профессиональном 3,506558 0,000866
профессиональных 1,771957 0,000437
профессия 3,218876 0,000795
профессором 2,525729 0,000623
процессе 1,309333 0,000646
прочего 2,120264 0,000523
прочие 1,203973 0,000297
прошла 1,560648 0,000385
проявляется 2,995732 0,000740
проявляются 3,506558 0,000866
прямо 1,714798 0,000847
психики 3,506558 0,000866
психику 3,912023 0,000966
психологии 2,407946 0,000594
психологическому 3,912023 0,000966
психология 3,506558 0,000866
публики 3,218876 0,000795
публичных 2,407946 0,000594
путем 0,941609 0,000232
путешественников 2,813411 0,000694
путешествовать 3,218876 0,000795
пушкин 2,407946 0,000594
пушкина 1,139434 0,000281
пытающие 3,912023 0,000966
пьес 3,506558 0,000866
пятой 3,506558 0,000866
пять 1,108663 0,000274
работорговля 3,912023 0,000966
работу 0,693147 0,000171
работы 0,314711 0,000155
равнодушна 3,912023 0,000966
равномерно 3,218876 0,001589
раге 3,912023 0,000966
радио 0,891598 0,000880
радиовещание 1,771957 0,000437
радиоприемник 3,506558 0,000866
развивался 2,040221 0,000504
развили 3,218876 0,000795
развились 3,506558 0,000866
развита 1,897120 0,000468
развитие 0,314711 0,000311
развитию 0,843970 0,000208
развития 0,287682 0,000284
развлечения 3,506558 0,000866
разделение 1,660731 0,000410
разделением 2,995732 0,000740
разделения 1,966113 0,000485
разделить 2,525729 0,000623
разделяют 2,813411 0,000694
различают 2,302585 0,000568
различаются 2,659260 0,000656
различием 3,912023 0,000966
различия 1,966113 0,000485
различной 2,040221 0,000504
различные 0,693147 0,000342
различным 1,469676 0,000726
различных 0,385662 0,000095
разновидность 3,506558 0,000866
разной 2,813411 0,000694
разнообразию 3,218876 0,000795
разнообразное 3,912023 0,000966
разные 1,139434 0,000563
разным 1,609438 0,000397
разными 2,120264 0,000523
разных 0,510826 0,000378
разработанной 3,506558 0,000866
разработанных 3,912023 0,000966
разработчики -0,009950 -0,000002
разрешение 1,966113 0,000485
раме 3,912023 0,000966
рамках 0,544727 0,000134
ранние 1,660731 0,000820
ранних 2,302585 0,001705
раскопках 3,506558 0,000866
раскопок 2,525729 0,000623
распевания 3,912023 0,000966
распознавать 3,912023 0,000966
располагают 3,218876 0,000795
расположены 0,673345 0,000166
распоряжении 2,995732 0,000740
распространение 1,237874 0,000611
распространением 2,207275 0,000545
распространению 2,302585 0,001137
распространения 1,660731 0,000410
распространенными 2,525729 0,000623
распространенных 2,120264 0,000523
распространялось 3,506558 0,000866
распространять 3,506558 0,000866
распространяются 2,525729 0,000623
расселения 1,966113 0,000485
рассмотрение 2,813411 0,000694
рассмотреть 3,506558 0,000866
расцвета 2,659260 0,000656
рациональном 3,912023 0,000966
региональные 1,171183 0,000289
регионами 2,302585 0,000568
регионов 0,941609 0,000232
редактировать 3,506558 0,001731
резкие 2,302585 0,000568
резонансная 3,912023 0,000966
резонансные 3,506558 0,000866
резонатор 3,912023 0,001931
резонатора 3,912023 0,000966
резонаторов 3,912023 0,001931
результате 0,342490 0,000169
результаты 1,237874 0,000306
рек 0,820981 0,000203
религии 2,040221 0,000504
религиозных 1,469676 0,001088
рельефы 3,912023 0,000966
ремесло 2,813411 0,000694
ренессанс 2,525729 0,000623
репертуаре 2,995732 0,000740
реслинг 3,912023 0,000966
ресурсы 0,020203 0,000005
рефлексируя 3,912023 0,000966
ригведе 3,912023 0,000966
римана 3,912023 0,000966
риме 2,995732 0,000740
рисует 3,506558 0,000866
рисунки 2,995732 0,000740
ритм 3,218876 0,003973
ритм-гитару 3,912023 0,000966
ритм-секцией 3,912023 0,000966
ритм-секция 3,912023 0,000966
ритма 3,506558 0,002597
ритмически 3,912023 0,000966
ритмический 3,912023 0,001931
ритмическим 3,912023 0,000966
ритмическое 3,912023 0,000966
ритмов 3,506558 0,000866
ритмом 3,912023 0,000966
риторика 3,218876 0,000795
ритуалах 3,912023 0,000966
ритуального 3,912023 0,000966
ровно 2,995732 0,000740
рогов 3,218876 0,000795
род 2,120264 0,000523
рода 1,560648 0,001156
родина 1,560648 0,000385
родиной 2,207275 0,000545
розеншильд 3,912023 0,000966
рок 3,218876 0,000795
рок-музыка 3,912023 0,000966
рок-музыкой 3,912023 0,000966
рок-музыку 3,912023 0,000966
рок-н-ролла 0,000000 0,000000
рока 3,506558 0,000866
рокабилли 3,912023 0,000966
роли 1,966113 0,000485
роль 0,579818 0,000716
романтизм 3,912023 0,000966
романтического 3,506558 0,000866
рондо 3,912023 0,000966
росмен 3,912023 0,000966
росписи 3,218876 0,000795
российская 0,186330 0,000092
роте 3,912023 0,000966
ртутного 3,218876 0,000795
руках 2,120264 0,000523
румба 3,912023 0,001931
русиньскый 0,000000 0,000000
русский -0,009950 -0,000002
русском 1,049822 0,000259
русскую 3,218876 0,000795
ручной 3,506558 0,000866
ряд 0,385662 0,000095
ряда 0,994252 0,000491
ряде 1,237874 0,000611
рядом 0,733969 0,000362
сакрального 3,912023 0,000966
саксофон 3,912023 0,000966
сальса 3,912023 0,000966
сама 1,469676 0,000363
самба 3,912023 0,000966
само 2,040221 0,000504
самого 0,891598 0,000220
самой 0,916291 0,000226
самом 1,108663 0,000547
самостоятельная 2,659260 0,000656
сасандо 3,912023 0,000966
сатирическая 3,912023 0,000966
саундтреком 3,912023 0,000966
саха 2,813411 0,000694
сборник 0,653926 0,000161
сборниках 3,912023 0,000966
свете 2,525729 0,000623
светских 3,506558 0,000866
свидетельств 3,506558 0,000866
свингового 3,912023 0,000966
свинок 3,912023 0,000966
свободно 2,302585 0,000568
свободной -0,009950 -0,000002
свободных 2,040221 0,000504
сводка 3,912023 0,000966
сводящих 3,912023 0,000966
свое 0,616186 0,000152
своей 0,776529 0,000575
свои 0,755023 0,000373
своим 0,967584 0,000239
свой 0,653926 0,000161
свойственный 3,506558 0,000866
свяжитесь -0,009950 -0,000002
связан 1,171183 0,000289
связать 2,525729 0,000623
связи 0,235722 0,000058
связь 0,616186 0,000304
северную 2,302585 0,000568
секвенирована 3,912023 0,000966
секунду 2,525729 0,000623
семенков 3,912023 0,000966
семиступенный 3,912023 0,000966
семиступенных 3,912023 0,000966
семплированные 3,912023 0,000966
семь 1,309333 0,000646
семью 2,813411 0,000694
сентября 0,072571 0,000090
сердечного 3,912023 0,000966
сердечных 3,912023 0,000966
сильнее 2,813411 0,000694
сильно 0,776529 0,000192
сильным 2,525729 0,000623
символики 2,659260 0,000656
симфонии 3,506558 0,000866
симфонических 3,506558 0,000866
синкопирования 3,912023 0,000966
синтезатор 3,912023 0,000966
синтезаторные 3,912023 0,000966
синтезаторы 3,912023 0,003863
сирингой 3,912023 0,000966
систем 0,798508 0,000394
система 0,235722 0,000058
системе 0,733969 0,000181
системеобсуждениевкладсоздать -0,009950 -0,000002
систему 0,673345 0,000499
системы 0,342490 0,000423
скачать -0,009950 -0,000002
скейе 3,912023 0,002897
складов 3,506558 0,000866
складывающихся 3,506558 0,000866
сколько 0,653926 0,000161
скомпонована 3,912023 0,000966
скрипичный 3,912023 0,000966
скрипка 3,912023 0,000966
скрипки 3,912023 0,000966
скульптурами 3,506558 0,000866
скульптурах 3,912023 0,000966
скульптурой 3,218876 0,000795
славу 2,120264 0,000523
следующее 2,525729 0,000623
сливаются 2,813411 0,001389
слияния 1,966113 0,000485
слова 0,562119 0,000278
словаре 2,525729 0,000623
словари 0,116534 0,000029
словарных 3,912023 0,000966
словарь 0,274437 0,000135
слово 0,673345 0,000665
словосочетании 3,912023 0,000966
слог 3,218876 0,000795
слоге 3,912023 0,000966
слоев 2,040221 0,000504
сложившихся 3,218876 0,000795
сложилась 1,832581 0,000452
сложность 2,040221 0,000504
сложные 2,407946 0,001189
сложным 0,867501 0,000214
служили 2,813411 0,000694
служить 2,120264 0,001570
слух 3,912023 0,002897
слуха 3,218876 0,000795
слухом 3,912023 0,000966
случае 0,843970 0,000208
случаях -0,009950 -0,000005
слушания 2,659260 0,000656
слушателем 3,912023 0,001931
слушателю 3,912023 0,000966
слушателя 3,506558 0,001731
слушать 2,659260 0,000656
смартфонов 2,995732 0,000740
смещения 3,218876 0,000795
смонтировано 3,912023 0,000966
смысле 1,832581 0,001357
смысловых 3,912023 0,000966
смыслополагающего 3,912023 0,000966
смычковые 3,912023 0,000966
снимается 3,218876 0,000795
собак 2,813411 0,002083
собой 0,328504 0,000324
собственно 1,386294 0,000342
собственного 1,427116 0,000352
собственные 1,469676 0,000363
событияпожертвовать -0,009950 -0,000002
совершенствование 2,207275 0,000545
советская 0,371064 0,000183
современная 1,108663 0,000547
современного 0,653926 0,000161
современность 1,609438 0,000397
современные 0,916291 0,000226
современных 0,713350 0,000352
согласно 0,301105 0,000372
согласованием 3,912023 0,000966
содержание 0,010050 0,000017
содержанием 2,407946 0,000594
содержанию 2,995732 0,000740
содержания 1,386294 0,001369
содержимого 2,407946 0,000594
содержит 1,386294 0,000342
содержится 1,966113 0,000485
созвучие 3,912023 0,000966
созвучием 3,912023 0,000966
созвучий 3,912023 0,000966
созвучия 3,912023 0,000966
создавать 1,832581 0,001810
создавая 2,659260 0,001313
создает 1,832581 0,000452
создана 0,891598 0,000220
создание 0,733969 0,000362
создания 0,653926 0,000161
созданное 2,407946 0,000594
создателем 3,912023 0,000966
создают 2,040221 0,000504
создающего 3,912023 0,000966
созерцанию 3,912023 0,000966
сока 3,912023 0,000966
сокращений 3,912023 0,000966
солирующих 3,912023 0,000966
соль 2,813411 0,001389
сольфеджио 3,912023 0,000966
соната 3,506558 0,000866
сонатная 3,912023 0,000966
сообщить -0,009950 -0,000002
сопровождается 2,813411 0,000694
сопровождаться 3,506558 0,001731
сопровождением 3,912023 0,000966
соседние 2,407946 0,001189
соседними 2,659260 0,000656
состав 0,400478 0,000099
составляют 0,798508 0,000197
составляющая 2,813411 0,001389
состоит 0,755023 0,000373
состоящих 2,813411 0,000694
сохор 3,912023 0,003863
сохору 3,912023 0,000966
сохранением -0,009950 -0,000002
сохранились 1,609438 0,000397
социальных 0,941609 0,000232
сочетания 3,218876 0,000795
сочинение 2,995732 0,000740
сочинению 3,912023 0,000966
сочинения 2,120264 0,000523
сочинениям 3,506558 0,001731
сочинениях 2,813411 0,000694
спб 0,385662 0,000095
спектра 3,218876 0,000795
список 0,248461 0,000123
сплочения 3,912023 0,000966
способа 2,659260 0,000656
способами 2,525729 0,000623
способен 2,407946 0,000594
способин 3,912023 0,000966
способно 3,506558 0,000866
способного 3,912023 0,000966
способности 2,120264 0,000523
способность 1,897120 0,000468
способностью 2,813411 0,000694
способны 2,207275 0,000545
способный 3,218876 0,000795
способными 3,912023 0,000966
способов 2,525729 0,000623
способом 1,771957 0,001312
способствовали 2,659260 0,000656
способствовало 1,609438 0,000397
способу 3,506558 0,001731
сравнительно 1,897120 0,000468
сразу 0,994252 0,000245
среди 0,198451 0,000098
средневековье 2,659260 0,000656
средневековья 1,897120 0,000468
среднего 1,049822 0,000518
среднетоновый 3,912023 0,000966
средств 0,597837 0,000295
средством 2,207275 0,000545
српски 0,000000 0,000000
српскохрватски 0,000000 0,000000
ссылка 0,274437 0,000135
ссылками 0,186330 0,000184
ссылкасведения -0,009950 -0,000002
ссылки -0,009950 -0,000015
стабильная 0,994252 0,000245
ставит 2,302585 0,000568
стадиях 3,218876 0,000795
стали 0,430783 0,000213
стало 0,494296 0,000244
становился 2,302585 0,000568
становится 0,527633 0,000391
старая 0,430783 0,000106
старинные 2,407946 0,000594
статистика -0,009950 -0,000002
статье 0,941609 0,000232
статьевикипедия 1,660731 0,000410
статьестатьи 0,843970 0,000208
статьи 0,072571 0,000018
статьислучайная -0,009950 -0,000002
статьисообществофорумсправкасвежие -0,009950 -0,000002
статья 0,105361 0,000286
статьяобсуждение -0,009950 -0,000002
статьятекущие -0,009950 -0,000002
стенах 2,407946 0,000594
стендап 3,912023 0,000966
степени 0,843970 0,000625
стиле 0,994252 0,000245
стилей 2,120264 0,002617
стили 2,302585 0,003979
стилизации 3,912023 0,000966
стиль 1,714798 0,002117
стилю 1,832581 0,000452
стиля 1,714798 0,001693
стилям 3,218876 0,000795
стлб 3,506558 0,001731
столб 2,813411 0,001389
столба 3,218876 0,000795
столь 1,714798 0,000423
столько 1,832581 0,000452
сторона 2,040221 0,000504
стороной 2,525729 0,001247
стороны 0,430783 0,000213
стравинский 3,506558 0,000866
страдающие 3,912023 0,000966
страница -0,009950 -0,000002
страницасодержаниеизбранные -0,009950 -0,000002
страницецитировать -0,009950 -0,000002
страницуполучить -0,009950 -0,000002
страницы -0,009950 -0,000005
страницыслужебные -0,009950 -0,000002
страны 0,634878 0,000157
страсти 3,912023 0,001931
строев 3,912023 0,000966
строем 3,912023 0,001931
строению 2,813411 0,000694
строится 1,272966 0,000314
строй 1,771957 0,002187
строки 2,040221 0,000504
структура 0,967584 0,000239
структуры 1,171183 0,000289
струна 3,912023 0,001931
струнные 3,912023 0,000966
струнный 3,912023 0,000966
струнным 3,912023 0,000966
студийный 3,912023 0,000966
ступени 2,995732 0,000740
ступенного 3,912023 0,001931
ступенями 3,912023 0,000966
субконтроктавы 3,912023 0,000966
субстантивировалось 3,912023 0,000966
субстантивированное 3,912023 0,000966
сугубо 2,525729 0,000623
сулинг 3,912023 0,000966
сунданский 3,912023 0,000966
существ 3,506558 0,001731
существительное 3,506558 0,000866
существительными 3,506558 0,000866
существование 1,049822 0,000259
существовать 2,120264 0,000523
существует 0,446287 0,000771
существуют 0,162519 0,000080
существующей 2,302585 0,000568
сущности 2,302585 0,001137
сущность 2,659260 0,000656
сформировавшийся 3,912023 0,000966
сформированная 3,218876 0,000795
сформированной 3,912023 0,000966
сформированные 3,218876 0,000795
схватываемую 3,912023 0,000966
сходства 3,506558 0,000866
сходство 3,218876 0,000795
сцена 2,302585 0,000568
сценами 3,912023 0,000966
считается 0,693147 0,000171
считалось 2,525729 0,000623
считать 0,994252 0,000245
сша 0,562119 0,000139
сюдасвязанные -0,009950 -0,000002
сюжетом 3,506558 0,000866
таараб 3,912023 0,000966
табличка 2,995732 0,000740
табличке 3,912023 0,000966
таблички 2,813411 0,000694
также 0,000000 0,000000
такие 0,261365 0,000710
таким 0,527633 0,000130
таких 0,510826 0,000378
таком 1,660731 0,000410
талы 3,912023 0,000966
танец 3,218876 0,000795
танца 2,302585 0,000568
танцевальная 2,995732 0,000740
танцевальные 3,506558 0,000866
танцы 2,995732 0,001479
тарашкев 0,000000 0,000000
тассилин-адджер 3,912023 0,000966
татарча 0,000000 0,000000
творить 3,506558 0,000866
творческий 2,659260 0,000656
творчестве 2,302585 0,001137
творчеству 2,813411 0,000694
театр 0,713350 0,000352
театре 1,966113 0,000485
текст -0,009950 -0,000002
тексте 2,407946 0,000594
текстов 1,966113 0,000485
тексты 2,120264 0,001047
тела 1,897120 0,000468
телесную 3,912023 0,000966
телешоу 3,912023 0,000966
тембр 3,912023 0,000966
тембром 3,506558 0,000866
темперированном 3,912023 0,000966
темперированный 3,912023 0,000966
теноровый 3,912023 0,000966
теоретика 3,912023 0,000966
теоретические 2,659260 0,000656
теоретическому 3,506558 0,000866
теории 1,514128 0,000374
теория 1,386294 0,002738
термин 1,049822 0,000259
термина 0,400478 0,000297
территории 0,400478 0,000099
тесно 1,832581 0,000452
тех 0,798508 0,000394
техник 3,506558 0,001731
техника 1,660731 0,000410
техники 0,867501 0,000214
технику 2,525729 0,000623
технических 1,771957 0,000437
технологий 0,653926 0,000161
товарный -0,009950 -0,000002
той 1,049822 0,001296
толчок 2,813411 0,000694
тому 1,108663 0,001095
тон 3,218876 0,000795
тона 3,506558 0,000866
тональностей 3,912023 0,000966
тональности 3,912023 0,000966
тоники 3,912023 0,000966
тонов 3,912023 0,001931
тоном 3,912023 0,000966
точки 1,049822 0,000518
традиции 1,386294 0,001369
традиций 2,207275 0,002724
традиционная 2,659260 0,000656
традиционное 2,995732 0,000740
традиционной 2,659260 0,001313
традиционные 1,966113 0,001456
традицию 2,813411 0,000694
традиция 2,207275 0,000545
трансатлантическая 3,912023 0,000966
требует 1,427116 0,000352
тренировать 3,912023 0,000966
третей 3,218876 0,000795
третьим 2,120264 0,000523
трех 0,713350 0,000528
тривиум 3,912023 0,000966
труд 1,660731 0,000410
труде 3,218876 0,000795
туров 3,506558 0,000866
тыла 1,897120 0,000468
тыс 0,430783 0,000425
тысяч 0,415515 0,000103
тяжелая 2,659260 0,000656
увеличиваться 3,506558 0,000866
увлеченность 3,912023 0,000966
угнетению 3,506558 0,000866
удаленность 3,912023 0,000966
ударение 3,218876 0,001589
ударные 3,912023 0,001931
ударным 3,912023 0,000966
ударных 3,506558 0,000866
ужасы 3,912023 0,000966
уилером 3,912023 0,000966
указан 0,139262 0,000034
указанием -0,009950 -0,000002
укра 0,000000 0,000000
улучшение 2,525729 0,000623
улучшения 1,966113 0,000485
ульве 3,912023 0,000966
умели 3,912023 0,000966
умелое 3,912023 0,000966
уменьшаться 3,218876 0,000795
умирал 3,912023 0,000966
универсалией 3,912023 0,000966
универсальная 0,891598 0,000440
универсальные 2,407946 0,000594
универсальными 3,912023 0,000966
университета 0,446287 0,000110
уникальная 2,659260 0,000656
уникальные 2,207275 0,001090
упорядоченного 3,912023 0,000966
употребительной 3,912023 0,000966
управлять 2,040221 0,000504
урбанизация 3,218876 0,000795
уровне 0,916291 0,000452
урок 3,912023 0,000966
усилителей 3,912023 0,000966
условий -0,009950 -0,000002
условия -0,009950 -0,000005
условиям 1,966113 0,000485
условно 2,040221 0,000504
условный 3,218876 0,000795
установлено 1,714798 0,000423
уствольской 3,912023 0,000966
устную 3,912023 0,000966
устные 3,218876 0,000795
устраивали 3,912023 0,000966
устройств 2,120264 0,000523
устройства 1,309333 0,000323
уступает 2,659260 0,000656
участие -0,009950 -0,000002
учебник 1,771957 0,000437
учебное 1,469676 0,000363
учеными 2,525729 0,000623
ученых 1,203973 0,000297
учетную -0,009950 -0,000002
фальшиво 3,912023 0,000966
фантазии 3,506558 0,000866
фебу 3,912023 0,000966
февраля 0,051293 0,000013
феномен 2,813411 0,000694
феномена 2,995732 0,000740
фестивали 1,427116 0,000352
физики 1,560648 0,000385
физическая 2,040221 0,001007
фиксации 3,506558 0,000866
фиксация 3,506558 0,001731
фиксированным 3,506558 0,000866
философии 2,659260 0,001313
фильму 3,506558 0,000866
флейта 3,912023 0,003863
флейты 3,912023 0,000966
фолк 3,506558 0,000866
фонд -0,009950 -0,000002
фонографов 3,912023 0,000966
форм 1,347074 0,002328
форма 1,514128 0,004485
формам 2,659260 0,001313
формами 2,659260 0,001313
формате 1,427116 0,000352
формах 2,407946 0,000594
форме 0,941609 0,000465
формировали 3,506558 0,000866
формой 2,407946 0,001189
форму 1,714798 0,001693
формы 0,941609 0,001627
фортепиано 3,912023 0,003863
фото 1,203973 0,000297
фрагментарные 3,912023 0,000966
фрикционный 3,912023 0,000966
фронтом 2,995732 0,000740
функцией 2,659260 0,000656
функции 1,049822 0,000259
функция 1,832581 0,000905
хайлайф 3,912023 0,000966
характер 0,994252 0,000736
характеризовалось 2,813411 0,000694
характеризуется 0,941609 0,000465
характеристик 2,207275 0,000545
характеристики 1,660731 0,000410
характерные 2,120264 0,000523
характером 2,659260 0,000656
хараппе 3,912023 0,000966
хинди-музыка 3,912023 0,000966
ходе 0,562119 0,000139
холопов 3,912023 0,000966
холопова 3,506558 0,000866
хорнбостеля 3,912023 0,000966
хорошим 3,218876 0,000795
хотя 0,653926 0,000323
храмов 1,386294 0,000342
христианства 2,659260 0,000656
художественную 3,218876 0,000795
художественных 2,120264 0,001047
царства 1,469676 0,000363
целиком 1,897120 0,000468
целого 2,302585 0,000568
целое 2,407946 0,000594
целом 0,755023 0,000186
целью 0,733969 0,000181
ценности 2,525729 0,001247
центральноазиатскую 3,912023 0,000966
церковной 2,995732 0,000740
цивилизации 2,040221 0,001511
цирк 1,078810 0,000533
цит 2,995732 0,000740
цитра 3,912023 0,000966
цифровом 2,120264 0,000523
цифровые 0,673345 0,000499
цифровым 3,506558 0,000866
цифровых 1,771957 0,000437
части 0,198451 0,000049
частности 0,462035 0,000114
частных 1,108663 0,000274
часто 0,415515 0,000410
частое 3,218876 0,000795
частот 3,912023 0,001931
частота 1,660731 0,000820
частоты 2,995732 0,002219
часть 0,105361 0,000078
частью 0,755023 0,000186
частях 1,609438 0,000397
чаще 1,171183 0,000289
человека 0,579818 0,001431
человеку 2,302585 0,000568
человеческих 2,813411 0,000694
человеческой 1,897120 0,000468
человечества 1,897120 0,000468
чему 1,897120 0,000468
чередниченко 3,506558 0,000866
черной 2,120264 0,000523
черта 2,302585 0,000568
чертами 2,813411 0,000694
четверти 2,302585 0,000568
четвертям 3,912023 0,000966
чехович 3,912023 0,000966
чизлохм 3,912023 0,000966
числе 0,248461 0,000123
число 0,478036 0,000118
числом 2,525729 0,000623
чисто 2,207275 0,000545
чистой 2,659260 0,000656
чистый 2,120264 0,000523
чистым 2,995732 0,000740
чистыми 3,912023 0,000966
читать 2,302585 0,000568
читатьправитьправить 0,494296 0,000122
чревовещание 3,912023 0,000966
чтение 2,995732 0,001479
чувства 3,506558 0,000866
чувствительна 3,912023 0,000966
шарманки 3,912023 0,000966
швейцарский 2,120264 0,000523
шенберг 3,912023 0,000966
шилаппадикарам 3,912023 0,000966
широким 2,302585 0,000568
широко 0,673345 0,000332
широкого 2,040221 0,000504
широту 3,506558 0,000866
шкале 2,659260 0,001313
шкатулки 3,506558 0,000866
школы 0,673345 0,000166
штата 2,813411 0,000694
штатах 3,218876 0,000795
щипковые 3,912023 0,000966
эволюции 2,120264 0,001047
эволюцию 3,506558 0,000866
эвтерпа 3,912023 0,000966
эггебрехт 3,912023 0,000966
эйфорией 3,912023 0,000966
экз 0,415515 0,000103
экземпляр 2,659260 0,000656
экскурс 2,995732 0,000740
экспериментального 3,506558 0,000866
экспорт -0,009950 -0,000002
экстремальная 3,912023 0,000966
электрических 2,995732 0,001479
электрическую 2,995732 0,000740
электрогитар 3,912023 0,000966
электрогитара 3,912023 0,000966
электронной 1,897120 0,000468
электронные 1,714798 0,000423
электронным 2,813411 0,001389
элементами 1,832581 0,000452
элементарная 3,506558 0,000866
элементарный 3,912023 0,000966
элементы 0,891598 0,000440
эмоции 3,912023 0,002897
эмоций 3,912023 0,000966
эмоционально 3,912023 0,000966
эмоциях 3,912023 0,000966
энергии 1,514128 0,000374
энергию 2,659260 0,000656
энн 3,912023 0,000966
энциклопедии -0,009950 -0,000005
энциклопедический 0,733969 0,000181
энциклопедия 0,210721 0,000312
эпоха 1,771957 0,001312
эпохам 3,912023 0,000966
эпохи 1,139434 0,000563
эпоху 1,386294 0,000342
эра 2,995732 0,000740
эры 1,560648 0,000385
эссе 3,506558 0,000866
эстетика 2,659260 0,000656
эстетические 3,912023 0,000966
эта 0,000000 0,000000
этим 0,693147 0,000171
этими 1,560648 0,000385
этих 0,400478 0,000297
этническая 3,218876 0,000795
этническими 3,912023 0,000966
это 0,000000 0,000000
эффектом 3,912023 0,000966
юге 1,078810 0,000266
юго-восточной 1,660731 0,000410
южноазиатскую 3,912023 0,000966
южной 0,733969 0,000181
южных 1,897120 0,000468
яванского 3,912023 0,000966
яве 3,912023 0,000966
является 0,094311 0,000256
являться 2,659260 0,000656
являются 0,248461 0,000123
являясь 1,771957 0,000437
явной 2,995732 0,000740
язык 0,116534 0,000029
языках -0,009950 -0,000002
языке 0,867501 0,000428
языков 1,203973 0,000297
языком 1,514128 0,000374
язычковые 3,912023 0,000966
января 0,116534 0,000201
ярким 2,302585 0,000568
ясно 2,659260 0,000656
