абеля 3,912023 0,000798
абраама 3,912023 0,000798
абсолютный 0,616186 0,000251
абстрактный 2,120264 0,000433
абстракция 2,813411 0,000574
авар 3,912023 0,000798
август 0,072571 0,000015
автономия 2,525729 0,000515
автор 0,462035 0,000377
авторитет 2,813411 0,001722
авторитетный 0,891598 0,001091
авторство -0,009950 -0,000002
адекватно 3,506558 0,000715
адекватный 2,995732 0,001222
аз 2,302585 0,000470
академик 1,203973 0,000982
академический 0,916291 0,000187
академия 0,544727 0,002667
активность 1,309333 0,000267
активный 0,527633 0,000215
актуальный 1,347074 0,000275
алан 2,302585 0,000470
алг 3,912023 0,000798
алгоритм 1,771957 0,000723
александр 0,462035 0,000094
алексеев 2,207275 0,001351
алфавитувикипедия 0,776529 0,000158
альпина 2,407946 0,000491
американский 0,994252 0,000608
анализ 0,967584 0,000395
аналитический 1,771957 0,000361
аналог 1,660731 0,000339
анатомия 3,912023 0,000798
англ 0,174353 0,000142
англоязычный 2,659260 0,000542
ансельм 3,912023 0,000798
антиинтеллектуализм 3,912023 0,000798
антисциентизма 3,912023 0,000798
антисциентисты 3,912023 0,000798
античность 2,407946 0,000491
античный 2,207275 0,000901
антология 2,995732 0,000611
антропология 2,659260 0,001085
апелляция 3,912023 0,000798
апофеоз 3,912023 0,000798
аппарат 1,469676 0,000300
апробация 3,506558 0,001431
арабский 1,560648 0,001273
аристарх 3,506558 0,000715
аристотель 2,525729 0,001030
арифметик 2,659260 0,001085
арм 3,912023 0,000798
архивировать 0,020203 0,000049
архивный 0,248461 0,000659
архитектура 0,462035 0,000094
аспект 1,469676 0,000899
аспирант 2,659260 0,001085
ассоциация 1,309333 0,000267
астрология 3,912023 0,000798
астрономический 2,040221 0,001249
астрономия 2,207275 0,001801
атеизм 3,506558 0,002861
атеист 3,218876 0,001313
атеистический 3,218876 0,000657
аттестационный 3,506558 0,000715
базироваться 1,272966 0,000260
базисный 3,506558 0,000715
балласт 3,912023 0,000798
барабан 2,813411 0,000574
барри 2,995732 0,001222
баш 3,506558 0,000715
бедствовать 3,912023 0,000798
безутешный 3,912023 0,000798
берг 3,912023 0,000798
бердяев 3,506558 0,002861
бердяева 3,912023 0,001596
берлинский 2,995732 0,000611
бесполезный 3,912023 0,000798
беспочвенность 3,912023 0,000798
бессмысленный 3,506558 0,000715
бесспорно 3,506558 0,000715
библиографический 0,083382 0,000017
библиотека 0,328504 0,000067
биолог 2,813411 0,000574
биологический 1,771957 0,001084
биология 1,560648 0,000955
биохимия 2,813411 0,000574
бить 2,659260 0,000542
благо 3,218876 0,000657
благодаря 0,527633 0,000215
бог 1,832581 0,001122
большинство 0,342490 0,000210
большое 0,385662 0,000157
большой 0,040822 0,000092
бондаренко 2,813411 0,001722
борец 1,897120 0,000387
борис 1,660731 0,000339
борисова 2,995732 0,000611
борт 2,525729 0,000515
борьба 0,820981 0,000167
брага 3,912023 0,000798
бритва 3,912023 0,000798
брокгауза 0,328504 0,000201
брэ 2,040221 0,000416
будничный 3,912023 0,000798
булюбаш 3,912023 0,000798
бывает 1,660731 0,000678
бытие 2,813411 0,001148
быть -0,009950 -0,000002
бэкон 3,506558 0,001431
важный 0,494296 0,000605
вак 3,506558 0,003577
вариант 0,634878 0,000130
варрона 3,912023 0,000798
введение 1,078810 0,000220
ввести 0,634878 0,000130
вводить 1,832581 0,000374
век 0,248461 0,000405
великий 0,356675 0,000073
великобритании 1,897120 0,001161
вера 1,049822 0,001499
верить 2,407946 0,000491
верн 3,912023 0,000798
вернера 3,506558 0,000715
верование 2,813411 0,000574
веровать 2,120264 0,002163
версия -0,009950 -0,000006
верх 2,525729 0,000515
верховный 1,108663 0,000226
веселовский 3,218876 0,000657
веселовского 3,912023 0,000798
вести 0,356675 0,000146
вестись 0,673345 0,000137
весь 0,301105 0,000123
ветлесена 3,912023 0,000798
вещь 1,771957 0,000361
взгляд 1,309333 0,000267
взнос 3,912023 0,000798
взор 3,506558 0,000715
взять 0,755023 0,000154
вид 0,061875 0,000063
видение 3,506558 0,001431
видеть 1,272966 0,000519
викиданных -0,009950 -0,000002
викимедиа -0,009950 -0,000002
википедии -0,009950 -0,000004
википедия -0,009950 -0,000014
викискладвикиучебниквикиновостивикицитатникэлемент 3,218876 0,000657
викискладепортал 2,207275 0,000450
викискладстатьи 0,891598 0,000182
викисловаре 3,218876 0,000657
викисловарекниги 2,995732 0,000611
викисловарь 3,218876 0,000657
викисловарьстраницы 3,912023 0,000798
викитекемедиафайлы 1,272966 0,000260
викитеку 1,347074 0,000275
викиучебникецитаты 3,218876 0,000657
викиучебникстатьи 3,218876 0,000657
викицитатниквикипедия 2,407946 0,000491
викицитатникетексты 1,427116 0,000291
вклад 0,994252 0,000811
включать 0,235722 0,000240
властный 2,995732 0,000611
власть 0,544727 0,000222
влияние 0,527633 0,000323
внести 1,021651 0,000208
внешний 0,051293 0,000010
внимание 1,108663 0,000226
внутренне 3,912023 0,001596
воззрение 3,218876 0,000657
возможно 0,867501 0,000177
возможность 0,314711 0,000321
возможный 0,994252 0,000203
возникать 1,021651 0,000834
возникнуть 0,653926 0,000133
возрастать 1,897120 0,000387
возрождение 1,660731 0,000678
воинствовать 3,912023 0,000798
волшебный 0,030459 0,000006
воображение 3,506558 0,000715
вообще 1,560648 0,001273
вопрос 0,371064 0,000984
восприниматься 2,525729 0,000515
воспринять 2,995732 0,000611
воспроизведение 2,525729 0,000515
вполне 2,407946 0,000491
впоследствии 0,653926 0,000133
вражда 3,506558 0,000715
вред 2,525729 0,000515
временно 1,309333 0,000267
время 0,020203 0,000049
вручать 3,912023 0,000798
вручаться 3,218876 0,000657
все 0,040822 0,000025
все-таки 2,659260 0,000542
всеведение 3,912023 0,000798
вселить 2,407946 0,001474
всемогущество 3,912023 0,000798
всеобщий 1,237874 0,000253
всероссийский 0,634878 0,000130
всесторонний 3,218876 0,000657
вскружить 3,912023 0,000798
вследствие 1,203973 0,000246
встреча 1,966113 0,000401
вступление 1,966113 0,000401
всякий 1,832581 0,000748
вторгаться 3,912023 0,000798
второй 0,891598 0,000182
второстепенное 3,506558 0,000715
вуз 0,820981 0,000335
входить 0,287682 0,000117
вциом 2,813411 0,000574
выбирать 1,897120 0,000387
выбор 0,634878 0,000130
выбрасывать 2,813411 0,000574
вывод 1,386294 0,001414
выгодный 1,771957 0,000361
выдаваться 1,139434 0,000697
выдвигать 3,506558 0,000715
выделение 1,832581 0,000374
выделить 0,544727 0,000222
выделять 1,139434 0,000232
выделяться 0,941609 0,000384
вызвать 1,049822 0,000214
вызывать 1,078810 0,000220
выйти 0,798508 0,000163
выкладка 3,912023 0,000798
выкнуть 3,912023 0,000798
вып 0,798508 0,000326
выполняться 1,272966 0,000260
выпускать 1,237874 0,000253
выработка 2,120264 0,000433
вырасти 1,108663 0,000226
высказать 2,407946 0,000491
высказаться 2,302585 0,000470
высказывать 2,995732 0,000611
высмеивание 3,912023 0,000798
высокий 0,139262 0,000313
высоко 2,120264 0,000865
высокотехнологичный 2,040221 0,000416
выстраивать 2,995732 0,000611
выстроить 1,771957 0,000361
выступление 1,272966 0,000260
вычислительный 1,514128 0,000618
вычислить 2,995732 0,000611
вычленение 3,506558 0,000715
выше 0,616186 0,000126
вышеуказанный 3,218876 0,000657
выявление 2,659260 0,001085
выяснение 3,506558 0,000715
выяснить 2,659260 0,000542
газета 0,579818 0,000237
галилеем 3,912023 0,000798
галилео 3,218876 0,000657
галлею 3,912023 0,000798
гастрит 3,912023 0,000798
гаусс 3,506558 0,000715
геделя 3,218876 0,000657
генеральный 0,755023 0,000154
геном 3,218876 0,000657
гео 2,995732 0,000611
геологический 1,139434 0,000232
геология 1,609438 0,000985
геометрия 2,302585 0,002349
геофизик 2,659260 0,000542
гинзбург 3,218876 0,001313
гипотеза 1,560648 0,002229
глава 0,494296 0,000202
главное 1,469676 0,000300
главный 0,210721 0,000043
глубокий 1,078810 0,000440
глубь 2,995732 0,000611
гносеологический 3,506558 0,000715
гносеология 3,506558 0,001431
говард 3,506558 0,000715
говорить 1,049822 0,000214
год -0,009950 -0,000047
голова 1,427116 0,000291
горох 3,218876 0,000657
господствовать 1,897120 0,000774
государственный 0,261365 0,000053
государство 0,579818 0,000710
готтлоба 3,912023 0,000798
гражданский 0,733969 0,000150
грамматик 2,813411 0,001722
гранат 1,386294 0,000283
граница 0,356675 0,000146
греции 1,560648 0,000637
греча 1,427116 0,000873
группа 0,314711 0,000449
групповой 2,813411 0,000574
гуго 3,218876 0,000657
гуманитарный 0,994252 0,001014
гунтау 3,912023 0,000798
даля 2,207275 0,000450
дао 3,912023 0,000798
дата 0,030459 0,000050
датский 0,328504 0,000067
дать 0,072571 0,000148
два 0,150823 0,000092
дви 3,506558 0,000715
двигаться 1,832581 0,000374
движение 0,544727 0,000222
дедукция 3,912023 0,000798
действие 0,776529 0,000158
действительное 2,659260 0,000542
действительность 2,407946 0,002456
действительный 2,525729 0,000515
действовать -0,009950 -0,000006
декабрь 0,094311 0,000019
декарта 3,506558 0,000715
делать 0,867501 0,000531
делаться 2,120264 0,000433
делить 1,897120 0,000774
дело 0,562119 0,000115
демаркация 3,912023 0,000798
демократический 2,040221 0,000416
день 0,210721 0,000129
дескриптивный 3,912023 0,000798
деталь 1,714798 0,000350
детальный 2,813411 0,000574
деятель 1,108663 0,000226
деятельность 0,342490 0,001258
джеймса 3,506558 0,000715
джоуль 3,506558 0,000715
диалектик 2,207275 0,000450
диалектический 3,912023 0,000798
дидаскаликоне 3,912023 0,000798
динамик 1,272966 0,000260
дискуссионно 3,912023 0,000798
дискуссия 1,660731 0,000339
диссертация 2,040221 0,001249
дисциплина 1,897120 0,001161
дифференциация 3,506558 0,000715
длительный 1,309333 0,000267
днейвикипедия 0,967584 0,000197
добавляться 2,659260 0,000542
доброволец 2,525729 0,000515
добровольный 2,525729 0,001546
доверие 2,302585 0,000470
довериться 3,912023 0,000798
довольно 0,891598 0,000182
догма 3,912023 0,001596
догмат 3,506558 0,000715
догматизм 3,912023 0,000798
догматический 3,506558 0,000715
доказательность 3,912023 0,000798
доказательство 1,660731 0,001355
доказать 2,040221 0,002081
доказывать 2,995732 0,000611
доклад 1,237874 0,001010
доктор 1,427116 0,000873
доктрина 3,218876 0,000657
документ 0,415515 0,000085
долго 2,207275 0,000450
должно 1,714798 0,000350
должный 0,356675 0,000291
донкихотство 3,912023 0,000798
доп 0,597837 0,000244
дополнительный -0,009950 -0,000002
дополниться 3,506558 0,000715
допускать 2,302585 0,000470
дословно 2,659260 0,000542
достаточно 0,820981 0,000167
достаточный 1,966113 0,000401
достигать 0,843970 0,000172
достигнуть 1,272966 0,000779
достижение 1,139434 0,001627
достичь 0,733969 0,000150
достоверность 2,207275 0,001801
достоверный 2,407946 0,001474
достоевского 2,525729 0,000515
доступный -0,009950 -0,000008
доцент 2,813411 0,001148
драгоценный 2,995732 0,000611
древнегреческий 1,832581 0,000374
древние 0,967584 0,000197
древний 0,653926 0,000267
дробно -0,009950 -0,000002
друг 0,916291 0,000374
другой -0,009950 -0,000039
дух 1,897120 0,000774
духовная 1,108663 0,000452
духовно 3,912023 0,000798
душевный 3,912023 0,000798
евклидов 3,506558 0,000715
европа 0,301105 0,000123
европейский 0,494296 0,000101
единичный 2,407946 0,001474
единый 0,544727 0,000333
ереван 2,120264 0,000433
естественно 3,218876 0,000657
естественно-научного 3,912023 0,000798
естественный 0,776529 0,001109
естествознание 2,525729 0,002061
ефремов 2,525729 0,000515
ефремова 2,995732 0,000611
ефрона 0,328504 0,000201
жажда 3,218876 0,000657
жан-жак 3,506558 0,000715
желание 1,966113 0,000401
желать 1,660731 0,000678
жестокость 3,912023 0,000798
жизнь 0,342490 0,000559
житейский 3,912023 0,000798
журнал 0,301105 0,000184
жущейся 3,912023 0,000798
жюль 3,912023 0,000798
заангажированы 3,912023 0,000798
забыть 1,966113 0,000401
заведение 0,867501 0,000177
завершать 2,525729 0,001030
зависание 3,506558 0,000715
зависеть 1,171183 0,000239
зависимость 0,713350 0,000582
заглавный -0,009950 -0,000002
загробный 3,912023 0,000798
задавать 2,040221 0,001249
задаваться 2,813411 0,000574
задача 0,820981 0,001005
заинтересовать 2,813411 0,000574
заключение 2,120264 0,000433
закон 0,462035 0,000660
закономерно 3,912023 0,000798
закономерность 2,040221 0,000832
закостенелый 3,912023 0,000798
зализняк 3,912023 0,000798
заменить 0,494296 0,000101
заменяться 2,813411 0,000574
заметка 2,120264 0,000433
замечать 3,506558 0,000715
занимать 0,430783 0,000088
заниматься 0,634878 0,000389
занятие 1,469676 0,000600
записка 1,139434 0,000232
записьвойти -0,009950 -0,000002
запрет 1,771957 0,000361
зарегистрировать -0,009950 -0,000002
заседание 1,309333 0,000267
заслуга 1,660731 0,000339
заставлять 2,407946 0,000491
затрата 2,407946 0,000491
зафиксировать 1,078810 0,000220
зачастую 1,771957 0,000361
зачаток 3,912023 0,000798
защита 0,616186 0,000251
защитить 1,139434 0,000232
заявление -0,009950 -0,000002
звание 0,891598 0,000728
звезда 0,916291 0,000187
звездный 1,897120 0,000387
здравый 3,218876 0,000657
земля 0,400478 0,000245
знак -0,009950 -0,000004
знаменитый 0,967584 0,000197
знание 1,108663 0,009725
значение 0,061875 0,000076
значимость 1,832581 0,000374
значительный 0,328504 0,000134
значить 1,427116 0,000291
золотой 0,597837 0,000244
зоркость 3,912023 0,000798
зрение 1,203973 0,000491
иван 0,843970 0,000172
ивана 1,078810 0,000220
игнорирование 3,218876 0,000657
игорь 1,714798 0,000350
играть 0,867501 0,000531
идентифицировать 2,995732 0,000611
идея 1,108663 0,001357
иерархия 2,813411 0,001148
избрать 0,967584 0,000197
известность 2,040221 0,000416
известный 0,287682 0,000176
изд 0,314711 0,000128
изд-во 1,049822 0,000214
издание 0,415515 0,000509
изинга 3,912023 0,000798
изложение 2,525729 0,000515
изменение 0,301105 0,000123
изменить 1,049822 0,000214
измениться 1,021651 0,000208
изменчивость 2,659260 0,000542
изменяться 1,203973 0,000491
измерение 1,771957 0,000361
изучать 1,427116 0,001165
изучение 0,713350 0,000582
изучить 2,040221 0,000416
иллюстрировать 2,040221 0,000832
ильичев 3,912023 0,001596
именно 0,544727 0,000444
иметь 0,094311 0,000173
иметься 0,385662 0,000315
имитировать 2,995732 0,000611
имя 0,274437 0,000168
иначе 0,733969 0,000150
индивидуальный 1,560648 0,000318
индукция 3,506558 0,000715
инженерный 1,272966 0,000260
инициировать 2,302585 0,000470
иной 0,867501 0,000885
иностранный 0,916291 0,000187
инстанция 3,912023 0,000798
институт 0,371064 0,000378
инструмент -0,009950 -0,000008
интегральный 2,525729 0,000515
интеграция 1,966113 0,000401
интеллект 2,040221 0,000832
интеллектуальный 1,897120 0,000387
интерес 1,021651 0,000208
интересное 2,995732 0,000611
интересный 1,832581 0,000374
интересовать 2,995732 0,000611
интересоваться 3,218876 0,001313
интерпретация 2,120264 0,000433
интерпретировать 2,525729 0,000515
информатик 1,469676 0,001199
информационный 0,462035 0,000189
информация 0,162519 0,000365
искажение 2,525729 0,000515
исключение 0,891598 0,000364
исключительно 1,272966 0,000260
искусственно 2,995732 0,000611
искусственность 3,912023 0,000798
искусство 0,478036 0,000390
исламский 1,771957 0,000361
использование -0,009950 -0,000012
использовать 0,020203 0,000008
использоваться 0,223144 0,000046
исправление 2,659260 0,000542
исследование 0,462035 0,003299
исследователь 0,941609 0,000960
исследовательский 1,237874 0,001768
исследовать 1,469676 0,000899
истина 2,525729 0,003607
историк 1,469676 0,000600
историко-астрономические 3,912023 0,000798
исторически 1,078810 0,000220
исторический 0,314711 0,000321
история 0,051293 0,000084
источник -0,009950 -0,000030
источникевикипедия 2,302585 0,000470
источникестатьи 3,912023 0,000798
источниковвикипедия 1,966113 0,000401
италии 1,966113 0,000401
итальянский 1,139434 0,000232
июль 0,116534 0,000048
июнь 0,116534 0,000143
июпак 3,912023 0,000798
кавасила 3,506558 0,000715
каждый 0,261365 0,000267
кажется 2,525729 0,000515
казаться 2,407946 0,000982
казенный 2,040221 0,000416
какой 0,820981 0,000167
какой-либо 1,272966 0,000260
какой-то 1,560648 0,000637
канадский 1,897120 0,000387
кандидат 1,272966 0,001298
капра 3,912023 0,000798
карла 1,386294 0,000283
карт 0,301105 0,000061
картина 1,347074 0,003023
каталог 0,094311 0,000038
категория -0,009950 -0,000006
качественный 1,832581 0,000374
качество 0,287682 0,000059
квалификационный 3,218876 0,000657
квалификация 2,120264 0,003460
квантовый 2,407946 0,000491
кварк 3,506558 0,000715
кедр 2,813411 0,001722
кедрова 3,912023 0,001596
кибернетик 2,525729 0,000515
класс 0,616186 0,000251
классификационный 3,912023 0,001596
классификация 1,514128 0,005251
классифицировать 2,407946 0,000491
классический 0,755023 0,000154
клише 3,912023 0,000798
ковалев 3,506558 0,001431
когнитивный 3,218876 0,002627
код -0,009950 -0,000067
кодекс -0,009950 -0,000002
кодистория 0,116534 0,000024
количественный 1,966113 0,000401
количество 0,210721 0,000172
коллектив 1,237874 0,000253
коллективный 2,040221 0,000832
коллекторский 3,912023 0,000798
комета 2,813411 0,001148
комиссия 0,967584 0,000790
коммунист 2,659260 0,000542
компетентный 3,912023 0,000798
компонент 0,967584 0,000395
компьютерный 1,347074 0,000275
компьютерра 2,813411 0,000574
конгресс 2,302585 0,000470
конкретизациивикипедия 1,714798 0,000350
конкретный 1,171183 0,000478
конструктор 2,040221 0,000416
контролироваться 2,659260 0,000542
конференция 0,941609 0,001537
конфиденциальность -0,009950 -0,000002
конфликт 1,347074 0,000275
концепция 0,967584 0,000987
конъюнктура 2,995732 0,000611
кооперация 2,040221 0,000832
координация 2,120264 0,000433
коперник 3,912023 0,000798
копие 0,223144 0,000637
копнин 3,912023 0,000798
корейский 1,832581 0,000374
корень 1,609438 0,000328
корить 1,309333 0,000267
королевский 2,659260 0,000542
короткий -0,009950 -0,000002
космический 1,309333 0,000267
космогонический 3,506558 0,000715
космос 1,237874 0,000505
который 0,000000 0,000000
кохановский 3,912023 0,000798
крафорда 3,912023 0,000798
кризис 1,386294 0,000283
критерий 1,386294 0,001131
критик 1,560648 0,001273
критический 1,966113 0,000802
критичный 3,912023 0,000798
кром 0,235722 0,000096
круг 0,967584 0,000395
круговой 2,813411 0,000574
крупномасштабный 2,407946 0,000491
крупный 0,210721 0,000086
крутских 3,912023 0,000798
куки -0,009950 -0,000002
культура 0,356675 0,000218
культурный 0,597837 0,000122
курс 1,171183 0,000239
лаборатория 1,309333 0,000267
лабораторный 3,912023 0,000798
лаговский 3,912023 0,000798
ларусса 1,078810 0,000220
латинский 2,040221 0,000416
латы 1,771957 0,000361
лейбниц 2,995732 0,000611
лекция 1,714798 0,000350
лем 3,912023 0,001596
лестница 2,813411 0,000574
лечь 2,813411 0,000574
лженаука 3,912023 0,000798
лингвистика 2,813411 0,000574
линия 0,462035 0,000094
линчеев 3,912023 0,000798
литература 0,051293 0,000094
литературный 0,867501 0,000177
лицензия -0,009950 -0,000002
личной 1,469676 0,000300
личность 1,897120 0,000387
лишний 3,218876 0,000657
лишь 0,478036 0,000585
лобачевский 2,995732 0,000611
логик 2,040221 0,002081
логически 2,813411 0,001148
логический 1,832581 0,002617
ложный 2,813411 0,000574
ломоносова 2,040221 0,000416
лучшее 1,427116 0,000582
люба 1,469676 0,000600
любарский 3,912023 0,000798
любезный 3,506558 0,000715
любительский 1,832581 0,000374
любое 1,139434 0,000232
любой 1,386294 0,000283
людвиг 3,506558 0,000715
майкл 2,407946 0,000491
максимально 2,525729 0,000515
малоподготовленный 3,506558 0,000715
малый 0,139262 0,000057
марий 2,525729 0,000515
марка 0,733969 0,000150
март 0,116534 0,000095
маршалл 3,912023 0,000798
маршалла 3,506558 0,000715
массовый 0,494296 0,000101
масштаб 1,108663 0,000226
математик 1,347074 0,003847
математический 1,832581 0,001869
материал -0,009950 -0,000008
материальный 1,514128 0,000309
материя 2,813411 0,001722
машина 0,713350 0,000291
медаль 1,609438 0,001970
медицина 1,309333 0,001603
медицинский 0,653926 0,000267
международный 0,385662 0,001180
мелкий 1,309333 0,000267
менделеева 2,659260 0,000542
меняться 1,272966 0,000519
местный 0,478036 0,000098
место 0,139262 0,000028
метанаука 3,912023 0,000798
метафизик 2,995732 0,000611
метод 1,049822 0,005997
методика 3,218876 0,000657
методолог 3,912023 0,000798
методология 2,407946 0,000982
механик 1,832581 0,000748
механицистской 3,912023 0,000798
механический 1,660731 0,000339
микроорганизм 2,407946 0,000491
минералогия 2,995732 0,000611
минимум 0,653926 0,000133
мир 0,094311 0,000423
мировая 0,527633 0,000215
мировоззрение 2,407946 0,001965
мировоззренческий 2,995732 0,000611
мировой 1,469676 0,000300
мироздание 3,506558 0,000715
миф 1,966113 0,000802
мифологический 2,995732 0,000611
мнение 0,634878 0,001036
многие 0,356675 0,000146
многий 1,237874 0,000253
много 0,150823 0,000031
многоальтернативной 3,912023 0,000798
многолетний 1,560648 0,000318
многоотраслевой 3,506558 0,000715
множество 0,462035 0,000660
мобильный -0,009950 -0,000002
модель 0,891598 0,000546
молекулярно-физическую 3,912023 0,000798
молодежь 1,386294 0,000566
молчать 3,218876 0,000657
момент 0,527633 0,000108
монография 2,040221 0,000832
мораль 3,506558 0,000715
морфология 3,912023 0,000798
моршин 3,218876 0,001313
москва 0,400478 0,000082
мотив 2,120264 0,001298
мочь -0,009950 -0,000016
мужчина 1,347074 0,000275
музей 0,653926 0,000133
музыка 0,941609 0,000192
мусульманский 1,514128 0,000309
мучительный 3,912023 0,000798
мыслитель 2,659260 0,001085
мысль 1,469676 0,000300
мышление 2,995732 0,002444
мюльфридель 3,912023 0,000798
наблюдатель 2,525729 0,000515
наблюдать 2,040221 0,000832
наблюдение 1,108663 0,001583
набор 1,237874 0,000253
навигация -0,009950 -0,000008
награда 0,798508 0,000489
название 0,105361 0,000043
назвать 0,371064 0,000303
называть 0,174353 0,000071
наиболее 0,139262 0,000170
наименование 0,994252 0,000203
найти 0,733969 0,000299
накапливаться 2,995732 0,000611
накопить 2,120264 0,000865
накопление 2,120264 0,001298
наличие 0,867501 0,000177
налогоплательщик 2,995732 0,000611
нанонаука 3,506558 0,000715
напарник 3,912023 0,000798
написать 0,867501 0,000177
направить 0,867501 0,000531
направление 0,385662 0,001101
направленность 2,120264 0,000433
направлять 2,525729 0,000515
направляться 2,407946 0,000491
например 0,328504 0,001139
население 0,462035 0,000094
настоящее 0,287682 0,000117
натуралистский 3,912023 0,000798
натуральный 2,207275 0,000450
натурфилософия 3,218876 0,000657
наука 0,235722 0,011445
наукаскрытые 3,912023 0,000798
науковедение 2,813411 0,001148
научно 2,995732 0,000611
научно-исследовательский 0,798508 0,000326
научно-популярный 1,966113 0,000802
научно-технический 1,386294 0,000283
научность 3,506558 0,004292
научный 0,248461 0,007501
находиться 0,174353 0,000036
национальный 0,342490 0,000349
начало 0,116534 0,000048
начинаться 0,527633 0,000108
наш 0,527633 0,000323
неавторитетном 2,525729 0,000515
неавторитетный 2,407946 0,001474
неаполе 3,912023 0,000798
небо 1,272966 0,000260
неванлинны 3,506558 0,000715
неверующий 3,506558 0,000715
невозможность 2,407946 0,000982
негативный 1,347074 0,000275
недавно 2,207275 0,000901
недостаток 0,579818 0,000118
недостаточно 2,207275 0,000450
неевклидов 2,995732 0,000611
независимо 1,966113 0,000401
независимость 1,966113 0,000401
независимый 1,049822 0,001071
неизбежный 3,218876 0,000657
неизменно 3,218876 0,000657
неизменный 2,302585 0,000470
неклассический 3,912023 0,000798
некоммерческий -0,009950 -0,000002
некомпенсируемые 3,912023 0,000798
некомпетентный 3,912023 0,000798
некорректный 1,514128 0,000309
некоторые 0,127833 0,000209
некоторый 1,237874 0,000505
немало 1,966113 0,000401
ненавидеть 3,912023 0,000798
ненаучный 3,912023 0,000798
ненужный 3,912023 0,000798
необходимо 1,237874 0,000253
необходимость 1,139434 0,000930
необходимый 1,078810 0,000220
необъективный 3,506558 0,000715
необычный 1,832581 0,000374
неоспоримый 3,506558 0,000715
непознанный 3,912023 0,000798
неполнота 3,506558 0,000715
непонимание 3,912023 0,000798
непосвященный 3,506558 0,000715
непосредственно 0,478036 0,000195
непосредственное 2,120264 0,000433
непременно 3,506558 0,000715
непрерывно 2,120264 0,000433
непрерывность 3,506558 0,000715
непрерывный 1,714798 0,000350
непризнанный 2,813411 0,000574
непроверенный 3,912023 0,000798
непропорционально 3,912023 0,000798
непротиворечивость 3,506558 0,000715
непротиворечивый 3,912023 0,001596
неразрешимый 3,218876 0,001313
нередко 1,108663 0,000226
несколько 0,116534 0,000048
несовместимый 3,218876 0,001313
несогласие 3,506558 0,000715
несознательный 3,912023 0,000798
несоответствие 3,912023 0,001596
нести 1,609438 0,000328
неумение 3,912023 0,000798
неустанный 3,506558 0,000715
нефальсифицируемость 3,912023 0,000798
неформальный 2,659260 0,001085
нехорошо 3,912023 0,000798
ниже 0,693147 0,000283
низкий 0,843970 0,000344
нии 1,237874 0,000505
никиш 3,218876 0,001313
николай 0,867501 0,000177
никто 2,120264 0,000433
ниокр 3,912023 0,000798
нобелевский 2,207275 0,002251
новое 0,287682 0,000117
новость 0,544727 0,000111
новый 0,083382 0,000340
номенклатура 2,813411 0,000574
номотетический 3,912023 0,000798
нон-фикшн 2,995732 0,000611
норвежский 0,248461 0,000051
норма 0,597837 0,000122
носитель 2,040221 0,000416
носить 0,798508 0,000163
ноябрь 0,127833 0,000078
нрав 2,995732 0,000611
нравственность 3,912023 0,000798
нужно 1,049822 0,000214
нужность 3,912023 0,000798
нужный 1,771957 0,000361
ныне 0,653926 0,000133
оба 0,597837 0,000122
обеспечивать 0,415515 0,000424
обладать 0,843970 0,000344
область 0,150823 0,000892
обман 3,218876 0,000657
обмен 1,309333 0,000534
обновление 1,203973 0,000491
обновляться 2,207275 0,000450
обобщаться 3,506558 0,000715
обобщение 2,659260 0,001627
обобщить 2,525729 0,000515
обозначение 1,386294 0,000283
оборудование 0,653926 0,000133
обоснование 1,966113 0,000401
обосновать 2,525729 0,001030
обосновывать 3,506558 0,000715
обрабатывать 1,049822 0,000214
образ 0,287682 0,000293
образование 0,356675 0,000146
обращать 2,813411 0,000574
обращаться 2,040221 0,000416
обращение 0,030459 0,000050
обсудить 2,302585 0,000470
обсуждение 2,120264 0,000865
обучать 2,525729 0,000515
обучаться 1,560648 0,000318
общее 0,301105 0,000246
общенациональный 2,813411 0,000574
общеобязательность 3,912023 0,000798
общественность 2,120264 0,000433
общественный 0,494296 0,000605
общество 0,415515 0,002119
обществознание 3,506558 0,000715
объект 0,235722 0,000385
объективно 3,506558 0,001431
объективный 2,207275 0,002251
объем 0,400478 0,000163
объявлять 2,525729 0,000515
объяснение 1,897120 0,000387
объяснять 1,832581 0,000748
обыденный 3,218876 0,000657
обычно 0,693147 0,000424
обычный 1,347074 0,000275
обязательный 1,427116 0,000291
огарев 3,506558 0,000715
ограничение 1,237874 0,000253
ограниченность 3,506558 0,000715
ограничить 0,653926 0,000133
огромный 0,776529 0,000475
один 0,051293 0,000157
однако 0,174353 0,000178
однозначно 2,995732 0,000611
однозначный 3,218876 0,001313
оияи 3,912023 0,001596
оказаться 0,820981 0,000335
оказывать 0,867501 0,000354
оккама 3,912023 0,000798
окружать 0,755023 0,000308
окт 0,798508 0,000163
октябрь 0,072571 0,000133
онлайн 0,198451 0,000040
опасность 1,832581 0,000748
оперировать 2,813411 0,000574
опираться 1,560648 0,000318
описание -0,009950 -0,000016
описать 1,347074 0,000275
описывать 1,427116 0,000582
опора 2,407946 0,000491
определение 0,967584 0,000592
определенность 3,218876 0,000657
определить 0,527633 0,000646
определять 0,867501 0,000177
определяться 1,078810 0,000220
опровергаться 3,912023 0,000798
опровергнуть 3,218876 0,000657
опрос 1,832581 0,001495
опубликовать 0,891598 0,000364
опыт 1,427116 0,001456
опытно-конструкторские 3,912023 0,000798
опытный 1,108663 0,000452
ораторский 3,506558 0,000715
орбита 2,407946 0,000491
орган 0,616186 0,000126
организация -0,009950 -0,000026
организовать 0,634878 0,000130
ординация 3,506558 0,000715
оригинал 0,139262 0,000085
оригинальный 1,771957 0,000361
ориентировать 1,660731 0,000339
орис 3,912023 0,000798
орудие 1,897120 0,000387
осипов 0,527633 0,000108
осмысливаться 3,912023 0,000798
осмыслить 3,506558 0,000715
основа 0,210721 0,000430
основание 0,494296 0,000202
основатель 0,967584 0,000197
основать 0,274437 0,000280
основное 0,235722 0,000048
основной 0,040822 0,000192
основополагающий 2,659260 0,000542
основывать 2,525729 0,000515
основываться 1,560648 0,000637
особа 1,966113 0,000401
особенно 0,562119 0,000344
особый 0,776529 0,000158
осознаваться 3,218876 0,000657
оставаться 0,544727 0,000111
остальной 0,616186 0,000126
остановка 1,514128 0,000309
осуществлять 0,597837 0,000244
осуществляться 0,616186 0,000251
отбор 2,040221 0,000416
отвергать 2,813411 0,000574
ответ 0,941609 0,000768
ответить 2,659260 0,000542
ответственность -0,009950 -0,000002
отводить 3,912023 0,000798
отдавать 2,525729 0,000515
отделить 1,966113 0,000802
отдельный -0,009950 -0,000010
отец 2,040221 0,000416
отказ -0,009950 -0,000004
откровение 3,912023 0,000798
открытие 0,616186 0,000629
открыть 0,150823 0,000154
открыться 0,820981 0,000167
отличать 1,966113 0,001203
отличаться 0,342490 0,000140
отличительный 2,407946 0,000491
отличить 3,218876 0,000657
отличный 2,659260 0,000542
отметить 0,616186 0,000126
относительно 0,415515 0,000085
относительный 1,560648 0,000318
относиться 0,328504 0,000067
отношение 0,430783 0,000176
отождествлять 2,525729 0,000515
оторваться 3,912023 0,000798
отражать 1,309333 0,000267
отражение 1,714798 0,000350
отраслевой 1,609438 0,000328
отрасль 0,653926 0,000400
отредактировать -0,009950 -0,000002
отрицание 3,506558 0,000715
отстаивать 2,995732 0,001222
отчет 1,272966 0,000260
официально 0,693147 0,000141
официальный 0,356675 0,000218
охватывать 1,237874 0,000253
охота 1,966113 0,000401
оценить 1,832581 0,000374
оценка 0,400478 0,000082
очевидность 3,912023 0,000798
очень 0,494296 0,000101
очищение 3,218876 0,000657
ошибка 0,994252 0,000406
ошибкекак -0,009950 -0,000002
ощущение 2,659260 0,000542
пал 2,813411 0,000574
памятный 0,798508 0,000163
память 0,820981 0,000167
пан 2,659260 0,001085
парадоксально 3,912023 0,000798
парадоксальный 3,912023 0,000798
паранаука 3,912023 0,000798
пародия 3,506558 0,000715
педагогический 0,867501 0,000354
первое 0,150823 0,000062
первооткрыватель 2,995732 0,000611
первопричинных 3,912023 0,000798
первый 0,162519 0,000033
перевод 0,941609 0,000576
переживание 3,912023 0,000798
переживать 2,207275 0,000450
перейти -0,009950 -0,000004
перелом 2,995732 0,000611
перенесение 3,218876 0,000657
перенести 0,994252 0,000203
перераб 1,609438 0,000328
пересматривать 3,506558 0,000715
переть 1,108663 0,000226
переход 0,653926 0,000133
переходить 1,237874 0,000253
переходной 2,407946 0,000491
период 0,274437 0,000168
периодический 1,560648 0,000318
персональный -0,009950 -0,000002
перспективный 1,966113 0,000401
петрович 1,897120 0,000387
петроград 2,659260 0,000542
печать -0,009950 -0,000004
писать 0,820981 0,000837
письменность 2,407946 0,000491
питать 3,218876 0,000657
плюрализм 3,912023 0,001596
по-своему 3,912023 0,000798
побочный 2,813411 0,000574
побуждение 3,912023 0,000798
поведение -0,009950 -0,000002
повлиять 1,609438 0,000657
повсеместно 2,407946 0,000491
повсеместность 3,912023 0,000798
повсеместный 2,040221 0,000416
повторение 3,218876 0,000657
повторить 2,207275 0,000450
повторяться 2,525729 0,000515
повысить 1,021651 0,000208
подведомственный 2,040221 0,000416
подготовка 0,916291 0,000561
поддерживать 0,994252 0,000203
поддержка 0,653926 0,000400
подлежать 2,120264 0,000433
подниматься 1,427116 0,000291
подобный 0,994252 0,000203
подорванюк 3,912023 0,000798
подорвать 2,995732 0,000611
подразделять 3,218876 0,000657
подразумевать 2,302585 0,000470
подрастать 3,912023 0,000798
подробный 1,832581 0,000374
подтвердить 1,309333 0,000801
подтверждать 1,560648 0,000637
подтверждаться 2,040221 0,000416
подход 0,994252 0,000203
позволять 0,462035 0,000471
поздно 0,713350 0,000146
позже 0,733969 0,000150
позитивный 2,995732 0,000611
позиция 1,347074 0,000275
познавательный 2,813411 0,001722
познание 2,659260 0,004340
поиск -0,009950 -0,000012
поисковый 2,525729 0,000515
пока 0,843970 0,000172
показать 0,891598 0,000364
показуха 3,506558 0,000715
показывать 1,237874 0,000253
покоиться 2,995732 0,000611
поколение 1,203973 0,000246
покорить 2,525729 0,000515
покоряться 3,912023 0,000798
поле 1,049822 0,000214
политиздат 3,218876 0,000657
политик -0,009950 -0,000004
политически 3,218876 0,000657
политический 0,597837 0,000366
политолог 3,506558 0,000715
полностью 0,400478 0,000082
полнота 3,218876 0,000657
половой 3,218876 0,000657
получается 2,659260 0,000542
получать 0,916291 0,000374
получение 1,203973 0,000982
получить 0,150823 0,000277
польза 1,714798 0,001049
пользование 1,609438 0,000328
пользоваться 1,139434 0,000465
помириться 3,912023 0,000798
помощь 0,342490 0,000210
понимание 1,560648 0,001273
понимать 1,609438 0,000328
пониматься 1,966113 0,000401
понятие 0,967584 0,000197
понятный 3,218876 0,001313
пополнение 2,407946 0,000491
пополняться 2,995732 0,000611
поппера 3,506558 0,002146
популяризатор 2,995732 0,000611
популяризация 2,995732 0,009167
популяризировать 3,912023 0,001596
попытка 1,272966 0,001298
пора 0,776529 0,000317
портал 0,342490 0,000070
порука 3,912023 0,000798
порядок 0,994252 0,000406
посещать 1,560648 0,000318
последний -0,009950 -0,000002
послужить 1,469676 0,000300
пособие 1,514128 0,000309
посредство 1,660731 0,000339
поставить 1,021651 0,000208
постараться 3,912023 0,000798
постепенно 0,867501 0,000177
постижение 3,218876 0,000657
постнеклассической 3,912023 0,000798
постоянно 1,108663 0,000452
постоянный 0,579818 0,000118
построение 1,560648 0,000318
построить 0,301105 0,000246
постулат 3,506558 0,001431
потеря 1,660731 0,000339
поток 0,967584 0,000197
потребовать 2,040221 0,000416
почетный 0,820981 0,000167
пошатнуться 3,912023 0,000798
поэзия 2,407946 0,000491
поэтик 3,912023 0,001596
поэтический 2,525729 0,000515
появиться 0,248461 0,000152
появление 0,653926 0,000133
появляться 0,733969 0,000150
правило 0,478036 0,000195
правильность 2,659260 0,000542
правильный 1,966113 0,000401
правитель 1,771957 0,000361
править -0,009950 -0,000138
правкиновые -0,009950 -0,000002
правкипостоянная -0,009950 -0,000002
право 0,314711 0,000064
праздность 3,912023 0,001596
практик 1,049822 0,000428
практический 1,560648 0,000955
праслав 3,912023 0,000798
превратить 1,832581 0,000374
превратиться 1,386294 0,000283
превращать 2,407946 0,000491
превращаться 1,660731 0,000339
предел 0,400478 0,000163
предлагать 1,514128 0,000309
предложить 0,820981 0,000335
предмет 0,713350 0,000582
предостережение 3,912023 0,000798
предполагать 1,171183 0,000478
предполагаться 1,078810 0,000220
предпосылка 2,525729 0,001030
предприниматься 2,813411 0,000574
предсказать 2,995732 0,001222
представитель 0,653926 0,000400
представить 0,328504 0,000134
представиться -0,009950 -0,000002
представление 0,776529 0,001584
представлять 0,328504 0,000268
предубедить 3,912023 0,000798
предшественник 2,659260 0,000542
преемственность 2,525729 0,000515
прежде 1,049822 0,000214
премия 1,272966 0,005194
преобладать 0,713350 0,000146
преподаватель 2,120264 0,000433
престиж 3,912023 0,000798
престижный 1,897120 0,001161
привести 0,356675 0,000146
приводить 0,776529 0,000475
пригласить 2,407946 0,000491
призвать 1,560648 0,000637
признавать 2,659260 0,000542
признак 1,714798 0,001399
признание 0,867501 0,001770
признать 0,494296 0,000303
признаться 2,207275 0,000901
прикладной 1,078810 0,000660
применение 0,967584 0,000395
применить 1,609438 0,000328
пример 0,527633 0,000108
примерно 0,634878 0,000130
примечание -0,009950 -0,000004
принадлежность 1,272966 0,000260
принести 2,120264 0,000433
принимать 0,634878 0,000259
принцип 0,867501 0,001593
принципиально 2,813411 0,000574
принципиальный 2,407946 0,000982
принять 0,248461 0,000152
приоритет 1,771957 0,001084
приравниваться 3,506558 0,000715
природа 0,653926 0,002401
природный 0,510826 0,000208
присваиваться 2,525729 0,000515
присвоение 1,139434 0,000232
приспособление 3,506558 0,000715
присуждаться 3,506558 0,001431
притка 1,427116 0,000291
приумножение 3,912023 0,000798
приход 1,108663 0,000226
приходить 1,309333 0,000267
приходиться 0,693147 0,000141
причем 0,994252 0,000203
причина 0,562119 0,000573
причинно-следственные 3,912023 0,000798
причинно-следственных 3,506558 0,000715
проблема 0,274437 0,000672
проведение 0,673345 0,000412
проверка 0,843970 0,000689
проверять 0,820981 0,000502
провести 0,579818 0,000355
проводить 0,843970 0,000344
прогноз 1,427116 0,000582
прогнозирование 2,525729 0,000515
прогнозировать 2,995732 0,000611
программа 0,415515 0,000170
прогресс 1,309333 0,000534
проделать 2,995732 0,000611
продолжать 1,049822 0,000214
продолжиться 2,120264 0,000433
продукт 0,634878 0,000130
продуктивный 2,659260 0,000542
продукция 0,941609 0,000384
проект -0,009950 -0,000006
производить 0,916291 0,000374
производственный 1,078810 0,000220
производство 0,527633 0,000215
произойти 0,430783 0,000088
происходить 0,328504 0,000201
пройти 0,544727 0,000222
промышлять 0,462035 0,000094
пропаганда 2,525729 0,000515
проработка 3,218876 0,000657
просвещение 1,560648 0,000318
просмотр -0,009950 -0,000002
просто 1,171183 0,000478
простое 2,659260 0,000542
простой 1,108663 0,000226
пространство 0,634878 0,000259
против 0,798508 0,000326
противопоставить 3,506558 0,000715
противопоставляться 3,506558 0,000715
противоречие 2,813411 0,000574
протонаука 3,912023 0,000798
профессиональный 0,733969 0,000299
профессор 0,967584 0,000790
проходить 0,462035 0,000094
прохоров 1,078810 0,000440
процесс 0,415515 0,000678
прочие 0,798508 0,000489
прочный 2,525729 0,000515
проявление 1,897120 0,000387
псевдонаука 3,912023 0,003192
псевдонаучный 3,912023 0,000798
психолингвистика 3,912023 0,000798
психология 2,302585 0,000470
публикация 1,272966 0,002597
пустота 3,218876 0,000657
пустяк 3,912023 0,000798
путь 0,261365 0,000160
пытаться 1,237874 0,000253
работа 0,127833 0,000417
работать 0,314711 0,000128
работник 1,108663 0,000452
рабство 2,995732 0,000611
развивать 1,660731 0,000339
развитие 0,127833 0,000574
разговор 2,995732 0,000611
разграничение 2,813411 0,000574
раздел 0,342490 0,000210
разделение 1,021651 0,000208
разделить 0,527633 0,000323
различать 1,966113 0,000401
различный 0,116534 0,000143
размышление 2,525729 0,000515
разновидность 2,407946 0,000491
разный 0,314711 0,000064
разобщить 3,506558 0,000715
разорвать 1,897120 0,000387
разрабатывать 1,609438 0,000328
разработать 0,616186 0,000126
разработка 0,653926 0,000133
разработчик -0,009950 -0,000004
разрешать 2,659260 0,000542
разрешение 1,660731 0,001355
разумное 3,218876 0,001313
ракитов 3,912023 0,000798
рамка 0,478036 0,000390
рана 0,776529 0,000158
ранний 0,733969 0,000150
рано 0,261365 0,000213
располагаться 0,544727 0,000111
распорядок 3,912023 0,000798
распределить 0,693147 0,000141
распространение 0,891598 0,000182
распространить 0,616186 0,000251
рассказывать 1,832581 0,000374
рассматриваться 1,203973 0,000246
рассмотрение 2,040221 0,000416
рассудок 3,912023 0,000798
рассуждение 2,525729 0,000515
расширение 0,415515 0,000085
расшифровка 2,995732 0,000611
рационалистический 2,813411 0,000574
реакция 2,525729 0,001030
реальность 2,207275 0,001801
реальный 0,967584 0,000790
революционный 1,386294 0,000283
революция 0,562119 0,000229
регулярный 0,798508 0,000326
ред 0,235722 0,000192
редакция 0,916291 0,000374
редко 1,514128 0,000309
редукционистский 3,912023 0,000798
результат 0,174353 0,000498
рейтинг 0,967584 0,000197
религиозный 0,891598 0,000546
религия 0,755023 0,000154
релятивистский 3,218876 0,000657
ресурс 0,020203 0,000008
рецепция 3,912023 0,000798
решать 1,469676 0,000899
решение 0,328504 0,000268
решить 0,941609 0,000192
рима 3,506558 0,000715
риме 2,995732 0,000611
римский 1,897120 0,000387
риторика 3,218876 0,001970
робин 3,506558 0,000715
роджер 2,813411 0,000574
родить 2,525729 0,000515
родство 2,995732 0,000611
рождение 1,078810 0,000220
розовый 3,506558 0,000715
роль 0,494296 0,000504
российский 0,105361 0,000129
россия 0,174353 0,000427
россиянин 2,995732 0,000611
рост 0,597837 0,000244
руководить 1,309333 0,000267
рус 0,162519 0,000066
русский -0,009950 -0,000004
руссо 3,218876 0,001970
рысьеглазых 3,912023 0,000798
ряд 0,223144 0,000182
садохин 3,912023 0,001596
сайт 0,210721 0,000043
сам 0,162519 0,000066
самозаражение 3,912023 0,000798
самоорганизующийся 3,912023 0,001596
самосский 3,912023 0,000798
самостоятельный 0,820981 0,000335
самый 0,174353 0,000178
санкт-петербургский 1,469676 0,000300
саха 2,813411 0,000574
сбор 1,347074 0,000550
сборник 0,597837 0,000122
сверка 3,912023 0,000798
сверху 1,347074 0,000275
сверхъестественное 3,506558 0,000715
свет 0,941609 0,000192
свидетельствовать 1,386294 0,000566
свобода 1,108663 0,000226
свободный -0,009950 -0,000008
сводиться 2,525729 0,000515
свое 0,287682 0,000117
своеобразный 1,966113 0,000401
свой 0,150823 0,000215
свойство 0,415515 0,000254
связать 0,174353 0,000071
связаться -0,009950 -0,000002
связь 0,174353 0,000107
сделать 0,616186 0,000251
себя 0,198451 0,000162
сегодня 0,616186 0,000126
сексуальный 3,218876 0,000657
секуляристский 3,912023 0,000798
секция 2,407946 0,000491
сельский 0,634878 0,000130
сен-викторский 3,912023 0,000798
сентябрь 0,072571 0,000059
середина 0,356675 0,000073
серьезно 1,897120 0,000387
серьезный 1,386294 0,000566
сестра 2,407946 0,000491
сила 0,494296 0,000403
сильный 0,544727 0,000222
синтез 2,407946 0,001965
синтезировать 3,506558 0,000715
система 0,051293 0,000157
систематизация 3,218876 0,001970
систематизировать 3,218876 0,001313
систематизироваться 3,912023 0,000798
систематический 2,040221 0,000416
системеобсуждениевкладсоздать -0,009950 -0,000002
сказать 1,714798 0,000350
сказаться 2,302585 0,000470
скачать -0,009950 -0,000002
скептический 3,506558 0,000715
складываться 1,771957 0,000361
скучный 3,912023 0,000798
славянский 1,386294 0,000283
следование 2,120264 0,000433
следовательно 2,207275 0,000901
следовать 0,235722 0,000240
следствие 1,560648 0,000955
следует 0,755023 0,000154
слишком 2,525729 0,000515
словарь 0,094311 0,000135
словно 3,506558 0,000715
слово 0,210721 0,000129
словосочетание 3,506558 0,000715
сложный 0,446287 0,000182
случай -0,009950 -0,000014
случаться 1,832581 0,000374
слушатель 2,813411 0,000574
смелость 3,912023 0,000798
сменить 1,714798 0,000350
смог 2,207275 0,000450
смочь 1,203973 0,000246
смысл 1,272966 0,001298
снизить 1,560648 0,000318
собеседник 3,218876 0,000657
соблазнить 3,912023 0,000798
собрание 0,634878 0,000259
событияпожертвовать -0,009950 -0,000002
совершенствование 2,040221 0,000416
совершить 0,994252 0,000203
совет 0,462035 0,000189
советский 0,261365 0,000427
совместно 1,427116 0,000291
совокупность 1,469676 0,000899
современник 1,609438 0,000328
современный 0,150823 0,000431
согласно 0,301105 0,000246
согласовать 2,525729 0,000515
содержание 0,010050 0,000010
содержать 0,634878 0,000259
соединяться 2,120264 0,000433
создавать 0,798508 0,000163
создание 0,301105 0,000553
создать 0,210721 0,000301
созерцание 3,506558 0,000715
созерцательный 3,912023 0,000798
сознание 1,897120 0,001161
соискатель 3,506558 0,000715
солнечный 0,597837 0,000122
соловей 1,966113 0,000401
сомневаться 2,995732 0,001222
сомнение 2,040221 0,000416
сообщество 1,514128 0,005560
сообщить -0,009950 -0,000002
соответственно 1,021651 0,000625
соответствие 0,371064 0,000076
соответствовать 0,371064 0,000681
соотношение 1,560648 0,000318
сопоставлять 2,813411 0,000574
сопровождаться 1,609438 0,000328
соседний 1,203973 0,000246
сосредоточить 1,171183 0,000239
состав 0,248461 0,000051
составитель 2,207275 0,000901
составлять 0,198451 0,000040
состоять 0,385662 0,000079
сосчитать 3,912023 0,000798
сотрудник 1,386294 0,000283
сотрудничать 2,302585 0,000470
сотрудничество 1,078810 0,000440
сохранение -0,009950 -0,000004
социально-гуманитарных 3,912023 0,000798
социальный 0,527633 0,000538
социокультурный 2,995732 0,000611
социолог 2,813411 0,001722
сочетание 1,771957 0,000361
союз 0,579818 0,000237
спб 0,385662 0,000157
специализировать 0,994252 0,000406
специалист 0,755023 0,000308
специальность 1,832581 0,000748
специальный 0,415515 0,000170
специфический 2,302585 0,000470
спецкурс 3,912023 0,000798
список 0,210721 0,000086
способ 1,078810 0,001100
способность 1,139434 0,000232
способный 1,309333 0,000534
способствовать 0,867501 0,000885
справедливый 2,120264 0,000433
среда 0,385662 0,000079
среди 0,198451 0,000283
средневековье 1,660731 0,000339
среднее 0,342490 0,000210
сср 0,820981 0,000167
ссср 0,314711 0,000257
ссылаться 2,407946 0,000982
ссылка -0,009950 -0,000030
ссылкаархивировано 3,912023 0,000798
ссылкасведения -0,009950 -0,000002
ссылкувикипедия 3,912023 0,000798
ставить 1,469676 0,000300
стандартизация 2,120264 0,000865
станислав 2,407946 0,000982
становиться 0,415515 0,000254
станция 0,579818 0,000118
старание 3,218876 0,000657
старый 0,314711 0,000064
статистик -0,009950 -0,000002
статус 0,430783 0,000176
стать 0,083382 0,000017
статьестатьи 0,843970 0,000172
статьислучайная -0,009950 -0,000002
статьисообществофорумсправкасвежие -0,009950 -0,000002
статья 0,020203 0,000091
статьяобсуждение -0,009950 -0,000002
статьятекущие -0,009950 -0,000002
степень 0,673345 0,001374
степин 3,506558 0,001431
стимул 3,218876 0,000657
стимулировать 2,995732 0,000611
стоить 0,891598 0,000182
столь 1,714798 0,000350
сторона 0,235722 0,000096
стр 1,309333 0,000534
страна 0,235722 0,000240
страница -0,009950 -0,000010
страницасодержаниеизбранные -0,009950 -0,000002
страницецитировать -0,009950 -0,000002
страницуполучить -0,009950 -0,000002
страницыслужебные -0,009950 -0,000002
странный 3,218876 0,000657
стратегия 1,514128 0,000309
стремиться 2,120264 0,000865
структура 0,400478 0,000163
структурирование 3,506558 0,000715
струна 2,995732 0,001222
студент 1,237874 0,000253
ступень 2,525729 0,001030
ступенька 3,506558 0,000715
стык 1,832581 0,000374
стэнфордская 3,912023 0,000798
субатомно-физическую 3,912023 0,000798
субординация 3,912023 0,000798
субъективный 2,813411 0,000574
сугубо 2,525729 0,000515
суждение 2,995732 0,000611
сумма 1,386294 0,000283
суть 2,120264 0,000433
сухарев 3,912023 0,001596
сухой 1,049822 0,000214
существенно 1,108663 0,000452
существенный 1,237874 0,000505
существо 2,302585 0,000470
существование 0,693147 0,000424
существовать 0,020203 0,000041
сущность 2,120264 0,000433
сфера 0,562119 0,000573
схема 0,916291 0,000187
схожий 1,966113 0,000401
сциентизм 3,506558 0,001431
счет 0,562119 0,000115
считать 0,597837 0,001342
считаться 0,385662 0,000472
сша 0,562119 0,000115
сюдасвязанные -0,009950 -0,000002
таблица 0,544727 0,000111
таить 3,912023 0,000798
тайна 1,897120 0,000774
таковой 1,514128 0,000927
такое 0,328504 0,000268
такой 0,162519 0,000464
талантливый 3,506558 0,000715
творческий 1,309333 0,000267
творчество 1,021651 0,000417
театр 0,713350 0,000146
тезис 2,659260 0,000542
текст -0,009950 -0,000004
телефонный 0,776529 0,000158
тело 1,237874 0,000253
тема 0,693147 0,000283
тематический 0,510826 0,000104
теорема 3,218876 0,000657
теоретический 1,609438 0,001970
теория 1,049822 0,004283
термин 0,198451 0,000081
терминологический 3,506558 0,000715
терминология 2,302585 0,000470
территория 0,356675 0,000073
техник 0,713350 0,000873
технический 0,462035 0,000377
технознание 3,912023 0,000798
технология 0,400478 0,000245
течение 0,314711 0,000128
тип 0,072571 0,000015
тихо 2,995732 0,000611
товарный -0,009950 -0,000002
той 0,994252 0,001014
толкать 3,912023 0,000798
толковый 2,407946 0,000982
толстый 1,309333 0,000267
тонкий 2,302585 0,000470
точка 0,478036 0,000195
точно 1,966113 0,000401
точный 1,347074 0,001374
традиционализм 3,912023 0,000798
традиция 0,891598 0,000182
трактат 2,302585 0,000470
трансурановый 3,912023 0,001596
требовать 0,562119 0,000688
требоваться 1,386294 0,000283
тревожить 3,506558 0,000715
труд 0,597837 0,000854
трудно 2,207275 0,000450
тыл 1,771957 0,000361
тьюринг 3,506558 0,001431
тьюринга 2,995732 0,001222
тяжесть 2,302585 0,000470
уайтхед 3,506558 0,000715
убедительный 2,995732 0,000611
убедить 2,525729 0,001030
убежденность 3,912023 0,000798
увеличивать 2,407946 0,000491
уверенность 3,506558 0,001431
уверовать 3,912023 0,000798
удваиваться 3,506558 0,000715
удовлетворение 2,659260 0,000542
удовлетворительный 2,995732 0,000611
удовлетворять 2,407946 0,000982
удостоить 1,514128 0,000309
узкий 1,171183 0,000478
уйти 1,237874 0,000253
указ 0,733969 0,000150
указание -0,009950 -0,000002
указать 0,083382 0,000136
указывать 1,272966 0,000519
укладываться 3,912023 0,000798
укрепить 1,427116 0,000291
уменьшение 1,469676 0,000300
умеренно 1,021651 0,000208
уметь 2,813411 0,000574
универсальный 0,544727 0,000111
университет 0,328504 0,000201
уникальный 0,776529 0,000475
уоррен 3,218876 0,000657
управление 0,248461 0,000051
упрощаться 3,912023 0,000798
упускать 3,506558 0,000715
уровень 0,150823 0,000277
усиливаться 2,120264 0,000433
ускорить 2,040221 0,000416
условие -0,009950 -0,000012
усовершенствовать 2,659260 0,000542
успех 1,021651 0,000417
успешный 1,309333 0,000534
устав 0,843970 0,000172
установить 0,328504 0,000201
установка 1,272966 0,000519
устареть 0,941609 0,000192
утверждение 0,400478 0,000408
уточнение 1,469676 0,000300
уточнить 1,714798 0,000700
уточнять 3,912023 0,000798
ухаживание 3,912023 0,000798
уходить 1,386294 0,000283
участвовать 1,021651 0,000208
участие -0,009950 -0,000004
учебник 1,609438 0,000328
учебно-методические 3,912023 0,000798
учебный 0,673345 0,000275
учение 2,407946 0,001965
ученого-современника 3,912023 0,000798
ученый 0,653926 0,005469
учеными-популяризаторами 3,912023 0,000798
учетный -0,009950 -0,000002
учитель 1,427116 0,000291
учить 2,659260 0,000542
учреждение 0,653926 0,000267
ущерб 1,897120 0,000387
фаддеев 3,912023 0,000798
факт 0,634878 0,001425
фактор 0,994252 0,000203
фаликман 3,912023 0,000798
фано 3,506558 0,002146
фантаст 3,506558 0,000715
фантастика 2,407946 0,000491
фарадей 3,506558 0,000715
февраль 0,051293 0,000063
федосеев 3,912023 0,001596
феникс 3,506558 0,000715
физик 1,309333 0,003739
физико-математический 2,659260 0,000542
физиология 2,659260 0,001085
физический 0,798508 0,000489
фиксироваться 2,120264 0,000433
филдса 3,506558 0,000715
философ 2,120264 0,002595
философия 2,040221 0,009156
философский 2,040221 0,002913
флоренции 3,912023 0,000798
фон 1,203973 0,000246
фонд -0,009950 -0,000002
фоновый 2,813411 0,000574
форма 0,287682 0,000528
формализм 3,506558 0,000715
формально 2,525729 0,001030
формальный 1,832581 0,002991
формирование 0,597837 0,000244
формировать 1,272966 0,000260
формироваться 1,078810 0,000220
формулирование 3,506558 0,001431
формулировать 3,218876 0,000657
франк 2,659260 0,000542
фритьоф 3,218876 0,000657
фундаментальность 3,912023 0,000798
фундаментальный 1,560648 0,001910
функционирование 1,714798 0,000350
характеризовать 2,407946 0,000491
характеристика 0,415515 0,000085
характерно 1,609438 0,000328
характерный 0,693147 0,000141
хаютина 3,912023 0,000798
химический 0,867501 0,000531
химия 1,514128 0,001853
ход 0,510826 0,000313
хозяйство 0,579818 0,000118
хотя 0,653926 0,000133
хранение 1,309333 0,000267
хронический 3,912023 0,000798
художественный 0,653926 0,000133
целое 0,634878 0,000130
цель 0,371064 0,000378
цениться 3,218876 0,001313
ценность 1,609438 0,000657
центр 0,287682 0,000059
цивилизация 1,771957 0,000723
цикл 1,237874 0,000253
частица 2,407946 0,000491
частное 1,514128 0,000309
частность 0,462035 0,000189
частный 0,634878 0,000259
часто 0,415515 0,000424
часть 0,061875 0,000050
чей 1,386294 0,000848
человек 0,186330 0,000760
человековедение 3,912023 0,000798
человеческий 1,309333 0,000801
человечество 1,660731 0,001355
чередоваться 2,813411 0,000574
черта 0,994252 0,000406
четыре 0,597837 0,000366
чикагский 3,912023 0,000798
число 0,186330 0,000342
читатель 2,407946 0,000491
читать 1,832581 0,000374
читатьправитьправить 0,494296 0,000101
член 0,755023 0,000770
член-корреспондент 2,407946 0,000982
членский 3,912023 0,000798
членство 2,813411 0,002296
чтение 1,714798 0,000350
чудо 2,207275 0,000450
чуждый 3,506558 0,001431
шаблон 0,462035 0,000189
шао 3,912023 0,000798
шест 3,218876 0,002627
шестова 3,912023 0,000798
шесть 1,021651 0,000208
широкий 0,494296 0,000605
широко 0,653926 0,000133
школа 0,478036 0,000195
школьник 1,771957 0,000361
шнобелевская 3,912023 0,000798
шутить 3,506558 0,001431
шутка 3,506558 0,000715
эволюционистский 3,912023 0,000798
эволюция 1,560648 0,000318
эзотерический 3,912023 0,000798
эйнштейн 2,813411 0,001148
эквивалент 2,995732 0,000611
экз 0,415515 0,000085
экланд 3,912023 0,000798
экология 0,562119 0,000229
экономика 0,400478 0,000163
экономический 0,478036 0,000098
экономия 2,525729 0,000515
экономный 3,218876 0,000657
эксперимент 1,832581 0,004112
экспериментально 3,506558 0,000715
экспериментальный 1,660731 0,000339
эксперт 1,203973 0,000491
экспорт -0,009950 -0,000002
экстенсивный 2,995732 0,000611
элайн 3,912023 0,000798
элемент 0,544727 0,000444
элементарный 2,407946 0,000491
элитный 2,407946 0,000491
эмоциональный 3,506558 0,000715
эмпирически 3,506558 0,000715
эмпирический 2,995732 0,001833
энгельс 1,560648 0,000955
энергия 1,021651 0,000417
энциклопедист 3,912023 0,000798
энциклопедический 0,733969 0,000449
энциклопедия -0,009950 -0,000020
эпистемология 3,506558 0,000715
эпоха 0,713350 0,000146
этап 0,634878 0,000389
этика 3,218876 0,001313
этиология 3,912023 0,000798
этический 3,506558 0,000715
эффективно 2,525729 0,000515
эффективность 1,347074 0,000275
юмор 1,966113 0,003209
юнеско 1,660731 0,000339
юнити-дана 3,912023 0,000798
юридический 0,994252 0,000406
юриспруденция 3,912023 0,000798
явление 1,021651 0,001250
являться 0,040822 0,000200
язык -0,009950 -0,000012
январь 0,105361 0,000043
янга-миллса 3,912023 0,000798
ясно 2,407946 0,000982
ясный 1,347074 0,000275
