абеля 3,912023 0,000798
абраама 3,912023 0,000798
абсолютная 2,302585 0,000470
абсолютной 2,995732 0,000611
абстрактными 3,506558 0,000715
абстракции 2,995732 0,000611
авар 3,912023 0,000798
августа 0,072571 0,000015
автономию 3,506558 0,000715
автора 2,207275 0,000450
авторитет 3,506558 0,000715
авторитета 3,506558 0,001431
авторитетному 3,912023 0,000798
авторитетные 0,941609 0,000192
авторитетных 2,207275 0,001801
авторов 1,386294 0,000283
автором 1,966113 0,000401
авторства -0,009950 -0,000002
авторы 1,660731 0,000339
адекватно 3,506558 0,000715
адекватное 3,912023 0,000798
адекватным 3,912023 0,000798
аза 3,912023 0,000798
академии 0,693147 0,002404
академий 2,995732 0,000611
академик 1,660731 0,000678
академиков 3,218876 0,001313
академический 1,171183 0,000239
академия 0,798508 0,000977
активного 2,040221 0,000416
активности 1,560648 0,000318
активную 2,120264 0,000433
актуальные 2,302585 0,000470
алан 2,525729 0,000515
алг 3,912023 0,000798
алгоритм 2,120264 0,000433
алгоритма 2,525729 0,000515
александр 0,693147 0,000141
алексеев 2,207275 0,001351
алфавитувикипедия 0,776529 0,000158
альпина 2,407946 0,000491
американских 2,302585 0,000939
американской 2,207275 0,000450
анализ 1,237874 0,000253
анализа 1,897120 0,000387
аналитическая 2,525729 0,000515
аналог 2,120264 0,000433
анатомия 3,912023 0,000798
англ 0,174353 0,000142
англоязычных 3,506558 0,000715
ансельм 3,912023 0,000798
антиинтеллектуализм 3,912023 0,000798
антисциентизма 3,912023 0,000798
антисциентисты 3,912023 0,000798
античного 3,506558 0,001431
античности 2,525729 0,000515
антология 2,995732 0,000611
антропология 2,995732 0,001222
апелляциям 3,912023 0,000798
апофеоз 3,912023 0,000798
аппарат 2,302585 0,000470
апробацией 3,506558 0,000715
апробация 3,912023 0,000798
арабские 2,813411 0,001148
арабский 2,813411 0,000574
арабских 2,302585 0,000470
аристарх 3,506558 0,000715
аристотель 2,525729 0,001030
арифметика 2,813411 0,000574
арифметику 3,506558 0,000715
арм 3,912023 0,000798
архивированная 1,560648 0,000318
архивировано 0,020203 0,000045
архивная 0,400478 0,000980
архивной 0,713350 0,000146
архитектура 0,755023 0,000154
аспектах 3,218876 0,001313
аспектов 2,813411 0,000574
аспирантов 2,659260 0,001085
ассоциацией 3,218876 0,000657
астрология 3,912023 0,000798
астрономии 2,302585 0,000470
астрономический 3,218876 0,000657
астрономических 2,813411 0,001148
астрономию 3,506558 0,000715
астрономия 3,218876 0,001313
атеизм 3,506558 0,002861
атеистами 3,912023 0,000798
атеистические 3,912023 0,000798
атеистов 3,912023 0,000798
аттестационная 3,506558 0,000715
базирующихся 3,506558 0,000715
базисные 3,912023 0,000798
балласт 3,912023 0,000798
барабану 3,912023 0,000798
барри 2,995732 0,001222
баш 3,506558 0,000715
бедствующему 3,912023 0,000798
безутешной 3,912023 0,000798
беларуская 0,000000 0,000000
беларускаябългарски 0,000000 0,000000
берг 3,912023 0,000798
бердяев 3,506558 0,002861
бердяева 3,912023 0,001596
берлинской 2,995732 0,000611
бесполезные 3,912023 0,000798
беспочвенности 3,912023 0,000798
бессмысленных 3,912023 0,000798
бесспорно 3,506558 0,000715
библиографических 0,094311 0,000019
библиотека 0,462035 0,000094
биологические 2,407946 0,000982
биологическую 3,912023 0,000798
биология 2,120264 0,001298
биологов 3,218876 0,000657
биохимия 3,218876 0,000657
битая 3,912023 0,000798
благами 3,912023 0,000798
благодаря 0,527633 0,000215
бога 2,659260 0,001627
большая 0,072571 0,000118
большинства 1,609438 0,000328
большинстве 1,386294 0,000566
больших 1,272966 0,000260
большое 0,544727 0,000222
большой 0,328504 0,000067
бондаренко 2,813411 0,001722
борис 1,660731 0,000339
борисова 2,995732 0,000611
борт 3,912023 0,000798
борцами 3,912023 0,000798
борьбе 1,469676 0,000300
браге 3,912023 0,000798
бритва 3,912023 0,000798
брокгауза 0,328504 0,000201
брэ 2,040221 0,000416
будничной 3,912023 0,000798
булюбаш 3,912023 0,000798
буряад 0,000000 0,000000
бывает 1,660731 0,000678
бытия 2,995732 0,001222
бэкон 3,506558 0,001431
важнейший 2,813411 0,000574
важнейшими 3,218876 0,000657
важнейших 1,832581 0,000374
важную 1,771957 0,000361
важных 1,714798 0,000700
вак 3,506558 0,003577
варианты 1,309333 0,000267
варрона 3,912023 0,000798
вашла 0,000000 0,000000
введение 1,609438 0,000328
введенные 3,506558 0,000715
вводит 2,813411 0,000574
ведется 0,994252 0,000203
ведущих 1,386294 0,000283
века 0,248461 0,000304
веке 0,597837 0,000122
веков 0,713350 0,000146
велико 2,407946 0,000491
великобритании 1,897120 0,001161
вера 1,560648 0,000955
вере 3,506558 0,002146
верн 3,912023 0,000798
вернера 3,506558 0,000715
верований 3,218876 0,000657
версия -0,009950 -0,000006
верующими 3,506558 0,002146
верующих 2,995732 0,001222
верхами 3,912023 0,000798
верховный 2,207275 0,000450
веры 1,560648 0,000318
верящих 3,912023 0,000798
веселовский 3,218876 0,000657
веселовского 3,912023 0,000798
вести 0,843970 0,000172
ветлесена 3,912023 0,000798
вещи 2,407946 0,000491
взгляд 1,514128 0,000309
взносов 3,912023 0,000798
взор 3,912023 0,000798
вид 0,494296 0,000101
виде 0,235722 0,000144
видел 2,813411 0,000574
видение 3,912023 0,000798
видения 3,912023 0,000798
видит 3,218876 0,000657
видов 0,616186 0,000126
викиданных -0,009950 -0,000002
викимедиа -0,009950 -0,000002
википедии -0,009950 -0,000004
википедия -0,009950 -0,000014
викискладвикиучебниквикиновостивикицитатникэлемент 3,218876 0,000657
викискладепортал 2,207275 0,000450
викискладстатьи 0,891598 0,000182
викисловаре 3,218876 0,000657
викисловарекниги 2,995732 0,000611
викисловарь 3,218876 0,000657
викисловарьстраницы 3,912023 0,000798
викитекемедиафайлы 1,272966 0,000260
викитеку 1,347074 0,000275
викиучебникецитаты 3,218876 0,000657
викиучебникстатьи 3,218876 0,000657
викицитатниквикипедия 2,407946 0,000491
викицитатникетексты 1,427116 0,000291
вклад 1,108663 0,000905
включает 0,462035 0,000094
включала 2,995732 0,000611
включают 1,609438 0,000328
включающая 1,966113 0,000401
включающей 2,207275 0,000450
власти 0,634878 0,000130
властного 3,912023 0,000798
властям 2,659260 0,000542
влияние 0,776529 0,000317
влияния 1,609438 0,000328
внес 2,040221 0,000416
внешние 0,051293 0,000010
внимание 1,347074 0,000275
внутренне 3,912023 0,001596
воззрения 3,218876 0,000657
возможно 0,867501 0,000177
возможной 3,218876 0,000657
возможности 0,891598 0,000182
возможность 0,616186 0,000503
возникает 2,407946 0,000491
возникали 2,995732 0,000611
возникают 1,714798 0,000350
возникающая 3,912023 0,000798
возникли 1,714798 0,000350
возрастающих 3,912023 0,000798
возрождение 2,813411 0,001148
возьмет 3,912023 0,000798
воинствующий 3,912023 0,000798
волшебные 0,040822 0,000008
воображение 3,506558 0,000715
вообще 1,560648 0,001273
вопрос 0,967584 0,000197
вопроса 2,302585 0,000939
вопросов 1,560648 0,001273
вопросом 2,813411 0,000574
вопросу 1,386294 0,000566
вопросы 1,049822 0,000642
воспринимаются 2,995732 0,000611
воспринят 3,912023 0,000798
воспроизведение 2,995732 0,000611
вполне 2,407946 0,000491
впоследствии 0,653926 0,000133
вражде 3,912023 0,000798
вред 3,218876 0,000657
времен 0,941609 0,000192
временами 2,995732 0,000611
временем 0,616186 0,000126
времени 0,186330 0,000152
временно 1,309333 0,000267
время 0,030459 0,000031
вручаемая 3,912023 0,000798
вручается 3,506558 0,000715
все-таки 2,659260 0,000542
всеведением 3,912023 0,000798
всей 0,693147 0,000283
вселенная 2,995732 0,000611
вселенной 2,995732 0,001222
всем 0,891598 0,000364
всемогуществе 3,912023 0,000798
всему 1,272966 0,000260
всеобщий 3,506558 0,000715
всероссийских 2,407946 0,000491
всестороннее 3,218876 0,000657
вскружившими 3,912023 0,000798
вследствие 1,203973 0,000246
встреч 2,995732 0,000611
вступление 2,659260 0,000542
всякие 3,506558 0,000715
всякого 2,995732 0,000611
вторая 0,994252 0,000203
вторгаются 3,912023 0,000798
второстепенного 3,912023 0,000798
вуз 1,832581 0,000374
вузов 0,891598 0,000182
входят 0,713350 0,000291
вциом 2,813411 0,000574
выбирают 2,995732 0,000611
выборы 1,347074 0,000275
выбрасываемых 3,912023 0,000798
выводам 3,912023 0,000798
выводов 3,506558 0,000715
выводу 2,525729 0,000515
выводы 2,659260 0,001085
выгодна 3,912023 0,000798
выдающиеся 2,207275 0,000901
выдающийся 2,525729 0,000515
выдвигают 3,912023 0,000798
выделение 2,813411 0,000574
выделил 3,218876 0,000657
выделить 1,386294 0,000283
выделял 3,506558 0,000715
выделяются 1,386294 0,000566
вызвано 3,506558 0,000715
вызываемыми 3,912023 0,000798
выкладок 3,912023 0,000798
выкнуть 3,912023 0,000798
вып 0,798508 0,000326
выполняется 2,207275 0,000450
выпускаемых 2,813411 0,000574
выработку 2,813411 0,000574
выросли 2,407946 0,000491
высказал 3,506558 0,000715
высказался 2,813411 0,000574
высказывать 3,912023 0,000798
высмеивание 3,912023 0,000798
высокий 1,347074 0,000275
высоких 1,237874 0,000253
высоко 2,120264 0,000865
высокой 1,272966 0,000260
высокотехнологичные 3,912023 0,000798
высокую 1,832581 0,000374
выстраивал 3,912023 0,000798
выстроить 2,995732 0,000611
выступления 1,897120 0,000387
высшая 1,386294 0,000848
высшее 1,021651 0,000208
высшей 1,272966 0,000519
высшему 3,506558 0,000715
вычислив 3,912023 0,000798
вычислительной 2,207275 0,000901
вычленение 3,912023 0,000798
выше 0,616186 0,000126
вышеуказанные 3,912023 0,000798
вышло 2,525729 0,000515
выявление 3,506558 0,000715
выявлении 3,506558 0,000715
выяснения 3,506558 0,000715
выяснили 2,995732 0,000611
газета 0,616186 0,000251
галилеем 3,912023 0,000798
галилео 3,218876 0,000657
галлею 3,912023 0,000798
гастрита 3,912023 0,000798
гаусса 3,506558 0,000715
геделя 3,218876 0,000657
генеральных 2,995732 0,000611
генома 3,506558 0,000715
гео 2,995732 0,000611
геологии 2,407946 0,001474
геологического 3,506558 0,000715
геометрии 2,813411 0,001148
геометрию 3,912023 0,000798
геометрия 2,659260 0,000542
геометриями 3,912023 0,000798
геофизики 2,813411 0,000574
гинзбург 3,218876 0,001313
гипотез 2,302585 0,000470
гипотеза 2,407946 0,000491
гипотезе 2,995732 0,000611
гипотезы 2,302585 0,001879
глава 0,673345 0,000137
главе 1,237874 0,000253
главное 1,469676 0,000300
главной 0,941609 0,000192
глубокого 3,218876 0,000657
глубокое 2,659260 0,000542
глубь 2,995732 0,000611
гносеологии 3,912023 0,000798
гносеологические 3,912023 0,000798
гносеология 3,912023 0,000798
говард 3,506558 0,000715
говорили 3,218876 0,000657
года -0,009950 -0,000030
годах 0,385662 0,000157
году 0,072571 0,000059
голову 2,407946 0,000491
горохов 3,506558 0,000715
господствующий 3,912023 0,000798
господствующих 3,506558 0,000715
государства 0,843970 0,000689
государственные 1,514128 0,000309
государство 1,347074 0,000275
государству 2,207275 0,000450
готтлоба 3,912023 0,000798
гражданская 1,514128 0,000309
грамматика 3,218876 0,001313
грамматику 3,912023 0,000798
гранат 1,386294 0,000283
границы 0,867501 0,000354
греции 1,560648 0,000637
греч 1,427116 0,000873
групп 1,514128 0,000309
группа 0,693147 0,000141
групповые 3,912023 0,000798
группой 2,120264 0,000433
группы 0,634878 0,000518
гуго 3,218876 0,000657
гуманитарные 2,302585 0,001409
гуманитарный 2,040221 0,000416
гуманитарным 3,218876 0,000657
гунтау 3,912023 0,000798
даля 2,207275 0,000450
данного 1,714798 0,001049
данные 0,510826 0,000208
данный 0,713350 0,000146
данным 0,415515 0,000170
данными 1,514128 0,000309
данных 0,616186 0,000126
дао 3,912023 0,000798
дата 0,030459 0,000050
датская 0,342490 0,000070
две 0,527633 0,000108
дви 3,506558 0,000715
двигалась 3,912023 0,000798
движения 0,733969 0,000299
двумя 1,021651 0,000208
двух 0,462035 0,000094
дедукции 3,912023 0,000798
действительного 3,506558 0,000715
действительности 2,407946 0,001474
действительность 3,506558 0,001431
действительных 3,912023 0,000798
действиям 3,218876 0,000657
действовать -0,009950 -0,000002
действуют 0,867501 0,000354
декабря 0,105361 0,000021
декарта 3,506558 0,000715
делаем 3,506558 0,000715
делается 2,525729 0,000515
делами 2,120264 0,000433
делать 1,832581 0,000748
делили 2,995732 0,000611
делит 2,525729 0,000515
демаркации 3,912023 0,000798
демократические 3,506558 0,000715
день 0,562119 0,000115
дескриптивных 3,912023 0,000798
деталей 2,813411 0,000574
детальное 3,912023 0,000798
деятелей 2,040221 0,000416
деятельности 0,446287 0,000819
деятельность 0,653926 0,001067
деятельностью 1,714798 0,000350
джеймса 3,506558 0,000715
джоуля 3,912023 0,000798
диалектика 2,207275 0,000450
диалектическое 3,912023 0,000798
дидаскаликоне 3,912023 0,000798
динамика 1,427116 0,000291
дискуссии 2,525729 0,000515
дискуссионно 3,912023 0,000798
диссертаций 3,506558 0,000715
диссертацию 3,912023 0,000798
диссертация 2,525729 0,000515
дисциплин 2,407946 0,000491
дисциплиной 3,506558 0,000715
дисциплины 2,659260 0,000542
дифференциации 3,912023 0,000798
длительную 2,995732 0,000611
дней 0,446287 0,000091
днейвикипедия 0,967584 0,000197
дня 0,478036 0,000098
добавляется 3,506558 0,000715
добровольные 3,506558 0,000715
добровольным 3,912023 0,000798
добровольных 3,912023 0,000798
добровольцев 2,995732 0,000611
доверие 2,813411 0,000574
довериться 3,912023 0,000798
довольно 0,891598 0,000182
догм 3,912023 0,000798
догма 3,912023 0,000798
догматизм 3,912023 0,000798
догматическая 3,912023 0,000798
догматы 3,912023 0,000798
доказал 3,912023 0,000798
доказанным 3,506558 0,000715
доказанных 3,912023 0,000798
доказательность 3,912023 0,000798
доказательства 2,207275 0,000901
доказательством 3,218876 0,001313
доказать 2,659260 0,001085
доказывать 3,912023 0,000798
доклад 1,514128 0,000309
докладом 3,506558 0,000715
доклады 2,995732 0,001222
доктор 1,714798 0,000350
докторов 2,407946 0,000491
доктору 3,912023 0,000798
доктрин 3,912023 0,000798
документа 2,407946 0,000491
долго 2,525729 0,000515
должна 0,544727 0,000222
должно 1,714798 0,000350
должны 1,021651 0,000417
донкихотство 3,912023 0,000798
доп 0,597837 0,000244
дополнились 3,912023 0,000798
дополнительные -0,009950 -0,000002
допускают 2,995732 0,000611
дословно 2,659260 0,000542
достаточно 0,820981 0,000167
достаточных 3,912023 0,000798
достигающей 3,912023 0,000798
достигнута 2,659260 0,000542
достигнутого 3,912023 0,000798
достигнутое 3,912023 0,000798
достижение 2,302585 0,000939
достижений 2,407946 0,000491
достижения 1,514128 0,001236
достичь 2,302585 0,000470
достоверности 2,659260 0,000542
достоверность 2,659260 0,001627
достоверные 3,506558 0,000715
достоверным 3,506558 0,000715
достоверных 3,912023 0,000798
достоевского 2,525729 0,000515
доступен -0,009950 -0,000002
доступной 2,525729 0,000515
доступную 3,506558 0,000715
доступны 2,302585 0,000470
доцент 3,218876 0,000657
доцента 3,506558 0,000715
драгоценным 3,912023 0,000798
древнегреческих 2,813411 0,000574
древней 1,560648 0,000637
древних 1,469676 0,000300
друг 1,108663 0,000226
друга 1,560648 0,000318
другие 0,030459 0,000037
другими 0,616186 0,000126
других -0,009950 -0,000024
духа 2,302585 0,000939
духовно 3,912023 0,000798
духовной 1,771957 0,000361
духовных 2,525729 0,000515
душевными 3,912023 0,000798
евклидова 3,506558 0,000715
европе 0,916291 0,000187
европейской 0,891598 0,000182
европы 0,673345 0,000137
единичные 2,995732 0,000611
единичными 3,506558 0,000715
единичных 3,218876 0,000657
единого 1,714798 0,000350
единой 1,771957 0,000361
единый 1,469676 0,000300
ереван 2,120264 0,000433
естественная 2,207275 0,000450
естественно 3,218876 0,000657
естественно-научного 3,912023 0,000798
естественные 1,897120 0,001548
естественным 2,120264 0,000433
естественных 1,771957 0,000361
естествознание 3,506558 0,000715
естествознании 3,912023 0,000798
естествознания 2,525729 0,001030
ефремов 2,525729 0,000515
ефремова 2,995732 0,000611
ефрона 0,328504 0,000201
ж-ж 0,000000 0,000000
жажды 3,506558 0,000715
жан-жак 3,506558 0,000715
желает 3,506558 0,000715
желание 2,995732 0,000611
желают 3,912023 0,000798
жестокостью 3,912023 0,000798
жизни 0,562119 0,000917
житейскими 3,912023 0,000798
журнал 0,510826 0,000208
журналы 1,609438 0,000328
жущейся 3,912023 0,000798
жюль 3,912023 0,000798
заангажированы 3,912023 0,000798
забыли 3,506558 0,000715
заведении 3,506558 0,000715
завершать 3,506558 0,000715
завершают 3,506558 0,000715
зависания 3,912023 0,000798
зависимости 0,798508 0,000652
зависят 2,302585 0,000470
заглавная -0,009950 -0,000002
загробной 3,912023 0,000798
задаваемые 3,218876 0,000657
задаваемых 3,506558 0,000715
задает 3,506558 0,000715
задается 3,218876 0,000657
задач 1,386294 0,000566
задача 1,660731 0,000339
задачами 3,506558 0,000715
задачей 2,407946 0,000491
задачи 1,469676 0,000300
заинтересованы 3,912023 0,000798
заключения 2,525729 0,000515
закон 0,616186 0,000126
законами 2,659260 0,000542
законах 2,995732 0,000611
законов 1,660731 0,000678
закономерно 3,912023 0,000798
закономерностей 2,813411 0,000574
закономерностях 3,506558 0,000715
законы 2,120264 0,000865
закостенелой 3,912023 0,000798
зализняк 3,912023 0,000798
заменить 0,562119 0,000115
заменяться 3,912023 0,000798
заметок 3,912023 0,000798
замечая 3,912023 0,000798
занимают 1,347074 0,000275
занимаются 1,660731 0,000339
занимающаяся 3,506558 0,000715
занимающихся 2,813411 0,000574
занятием 2,813411 0,000574
занятий 2,525729 0,000515
записке 3,912023 0,000798
записьвойти -0,009950 -0,000002
запреты 3,506558 0,000715
зарегистрированный -0,009950 -0,000002
заседаниях 3,218876 0,000657
заслугах 3,912023 0,000798
заставляет 3,506558 0,000715
затрат 2,813411 0,000574
зафиксированное 3,506558 0,000715
зачастую 1,771957 0,000361
зачатки 3,912023 0,000798
защите 1,897120 0,000387
защитить 3,506558 0,000715
защиты 0,941609 0,000192
заявление -0,009950 -0,000002
збекча 0,000000 0,000000
званием 3,218876 0,000657
звании 2,813411 0,000574
званий 3,912023 0,000798
звания 1,203973 0,000246
звезда 1,237874 0,000253
звездной 3,912023 0,000798
здравому 3,912023 0,000798
земле 0,994252 0,000608
знак -0,009950 -0,000002
знаков 2,120264 0,000433
знаменитая 2,207275 0,000450
знание 2,120264 0,001730
знанием 3,912023 0,000798
знаний 1,660731 0,004404
знания 1,832581 0,009346
значение 0,314711 0,000128
значении 1,714798 0,000350
значения 0,105361 0,000064
значимого 3,912023 0,000798
значимости 2,302585 0,000470
значительное 1,309333 0,000267
значительных 1,771957 0,000361
золотая 1,560648 0,000637
зоркостью 3,912023 0,000798
зрения 1,272966 0,000519
иван 0,843970 0,000172
ивана 1,078810 0,000220
игнорирование 3,506558 0,000715
игорь 1,714798 0,000350
играет 1,386294 0,000566
играют 2,525729 0,000515
идеи 1,714798 0,000700
идей 2,407946 0,000982
идентифицировал 3,912023 0,000798
идея 1,609438 0,000328
идеями 3,506558 0,000715
иерархию 3,912023 0,001596
избранные 2,302585 0,000470
известна 1,897120 0,000387
известной 1,966113 0,000802
известностью 3,506558 0,000715
изд 0,314711 0,000128
изд-во 1,049822 0,000214
изданий 1,469676 0,000600
издания 1,049822 0,000428
изданиях 2,525729 0,001030
изинга 3,912023 0,000798
изложение 3,218876 0,000657
изменению 2,302585 0,000470
изменения 0,562119 0,000115
изменились 2,813411 0,000574
изменит 2,525729 0,000515
изменчивости 3,218876 0,000657
изменяются 2,813411 0,000574
изменяющиеся 3,912023 0,000798
измерение 2,659260 0,000542
изучаемые 3,506558 0,000715
изучаемых 3,506558 0,000715
изучает 2,120264 0,000433
изучающий 3,506558 0,000715
изучение 1,514128 0,000309
изучением 1,897120 0,000387
изучении 2,407946 0,000491
изучению 1,966113 0,000401
изучены 3,506558 0,000715
иллюстрированный 2,813411 0,001148
ильичев 3,912023 0,001596
имеет 0,235722 0,000144
имеется 0,653926 0,000133
именем 1,272966 0,000260
имени 0,462035 0,000189
именно 0,544727 0,000444
иметь 1,272966 0,000260
имеют 0,371064 0,000227
имеются 0,843970 0,000344
имеющиеся 2,995732 0,000611
имеющими 2,813411 0,000574
имея 2,207275 0,000450
ими 1,272966 0,000260
имитирующая 3,912023 0,000798
иначе 0,733969 0,000150
индивидуальное 3,218876 0,000657
индукции 3,506558 0,000715
инженерные 2,813411 0,000574
инициирует 3,912023 0,000798
иной 1,714798 0,000700
иностранные 1,660731 0,000339
инстанции 3,912023 0,000798
институт 0,478036 0,000098
институты 1,660731 0,001355
инструменты -0,009950 -0,000008
интегрального 3,912023 0,000798
интеграции 2,207275 0,000450
интеллекта 2,302585 0,000939
интеллектуальной 2,525729 0,000515
интересного 3,506558 0,000715
интересную 3,506558 0,000715
интересует 3,218876 0,000657
интересуется 3,912023 0,000798
интересующихся 3,912023 0,000798
интересы 2,207275 0,000450
интерпретацию 2,995732 0,000611
интерпретировать 3,506558 0,000715
информатика 2,525729 0,001030
информатике 2,995732 0,000611
информатики 1,714798 0,000350
информацией 1,714798 0,000350
информации 0,446287 0,000455
информационные 1,203973 0,000491
информацию 1,237874 0,001010
информация 0,446287 0,000091
инфра-м 0,000000 0,000000
иные 1,714798 0,000700
иных 1,469676 0,000300
ирон 0,000000 0,000000
искажение 3,218876 0,000657
исключение 2,525729 0,000515
исключения 2,525729 0,000515
исключительно 1,272966 0,000260
искусств 0,916291 0,000187
искусстве 1,609438 0,000328
искусственно 2,995732 0,000611
искусственности 3,912023 0,000798
искусство 0,994252 0,000406
исламском 3,506558 0,000715
использование 0,891598 0,000364
использовании 1,560648 0,000318
использования -0,009950 -0,000006
используют 1,309333 0,000267
используются 0,916291 0,000187
использующие 0,040822 0,000008
исправлению 3,912023 0,000798
исследована 3,912023 0,000798
исследование 1,427116 0,000582
исследований 0,941609 0,001729
исследованию 2,040221 0,000416
исследования 0,733969 0,003144
исследованиях 2,207275 0,000901
исследователей 1,966113 0,000401
исследователем 3,912023 0,000798
исследователи 1,469676 0,000600
исследовательская 3,506558 0,001431
исследовательские 2,525729 0,000515
исследовательский 1,771957 0,000361
исследовательское 3,912023 0,000798
исследовательской 2,659260 0,001085
исследователями 2,995732 0,000611
исследовать 2,525729 0,000515
исследуемых 3,218876 0,000657
истина 3,218876 0,001313
истине 3,506558 0,000715
истины 2,995732 0,002444
истории 0,248461 0,000051
историк 2,302585 0,000470
историка 2,659260 0,000542
историко-астрономические 3,912023 0,000798
исторически 1,078810 0,000220
исторического 1,049822 0,001071
историю 0,843970 0,000172
история 0,051293 0,000063
источник -0,009950 -0,000016
источнике 2,407946 0,000491
источникевикипедия 2,302585 0,000470
источникестатьи 3,912023 0,000798
источники 0,415515 0,000085
источников 0,371064 0,000378
источниковвикипедия 1,966113 0,000401
италии 1,966113 0,000401
итальянские 2,995732 0,000611
июля 0,116534 0,000048
июне 0,967584 0,000197
июня 0,116534 0,000119
июпак 3,912023 0,000798
кавасила 3,506558 0,000715
каждого 1,427116 0,000291
каждом 1,660731 0,000339
каждую 2,525729 0,000515
каждые 1,832581 0,000374
каждый 0,733969 0,000150
кажется 2,525729 0,000515
кажутся 3,912023 0,001596
казенный 3,218876 0,000657
каким-то 3,218876 0,000657
каких 2,120264 0,000433
какой-то 2,407946 0,000491
какую-либо 3,218876 0,000657
канадская 2,120264 0,000433
кандидат 2,659260 0,001627
кандидата 2,207275 0,000450
кандидатов 1,897120 0,000387
капра 3,912023 0,000798
карла 1,560648 0,000318
картина 2,302585 0,002818
картинах 2,995732 0,000611
картине 3,218876 0,000657
картиной 3,506558 0,000715
картину 2,659260 0,000542
картины 2,120264 0,000433
карты 0,941609 0,000192
каталогах 0,094311 0,000019
каталоге 2,207275 0,000450
категории -0,009950 -0,000002
категорий 1,966113 0,000401
категория 0,916291 0,000187
качестве 0,478036 0,000098
качественное 3,218876 0,000657
квалификации 2,407946 0,002456
квалификационными 3,912023 0,000798
квалификацию 3,506558 0,000715
квалификация 3,506558 0,001431
квантовые 3,218876 0,000657
кварки 3,912023 0,000798
кедров 3,218876 0,001970
кедрова 3,912023 0,001596
кибернетика 2,813411 0,000574
класс 1,514128 0,000309
класса 1,203973 0,000246
классификации 1,832581 0,001495
классификационная 3,912023 0,000798
классификационный 3,912023 0,000798
классификацию 2,995732 0,001833
классификация 2,040221 0,004162
классифицировать 3,506558 0,000715
классической 1,609438 0,000328
клише 3,912023 0,000798
ковалев 3,506558 0,001431
когнитивная 3,506558 0,000715
когнитивной 3,912023 0,000798
когнитивную 3,912023 0,000798
когнитивными 3,912023 0,000798
код -0,009950 -0,000067
кодекс -0,009950 -0,000002
кодистория 0,116534 0,000024
количестве 1,714798 0,000350
количественное 3,506558 0,000715
количество 0,328504 0,000201
коллективного 3,218876 0,000657
коллективное 3,912023 0,000798
коллективов 2,207275 0,000450
коллекторские 3,912023 0,000798
комет 3,506558 0,000715
кометах 3,912023 0,000798
комиссии 1,309333 0,000267
комиссий 2,813411 0,000574
комиссия 1,609438 0,000328
комиссиями 3,912023 0,000798
коммунистов 3,218876 0,000657
компетентна 3,912023 0,000798
компоненты 1,609438 0,000657
компьютерные 2,302585 0,000470
компьютерра 2,813411 0,000574
конгрессе 3,218876 0,000657
конкретизациивикипедия 1,714798 0,000350
конкретные 2,525729 0,000515
конкретный 2,659260 0,000542
конструкторов 3,218876 0,000657
контролируется 2,995732 0,000611
конференции 1,139434 0,000465
конференций 2,813411 0,001148
конференция 2,525729 0,000515
конференциях 3,912023 0,002394
конфиденциальности -0,009950 -0,000002
конфликту 3,506558 0,000715
концепции 1,347074 0,000550
концепций 2,995732 0,001833
конъюнктуры 3,218876 0,000657
кооперации 2,120264 0,000433
кооперацию 3,506558 0,000715
координации 2,407946 0,000491
коперник 3,912023 0,000798
копии 0,653926 0,000133
копия 0,328504 0,000871
копнин 3,912023 0,000798
корейской 2,040221 0,000416
коренной 2,995732 0,000611
корнями 3,218876 0,000657
королевское 3,912023 0,000798
короткий -0,009950 -0,000002
космическая 2,525729 0,000515
космогонических 3,912023 0,000798
космос 1,897120 0,000387
космосе 3,218876 0,000657
которая 0,287682 0,000352
которого 0,301105 0,000123
которой 0,174353 0,000213
котором 0,301105 0,000061
которому 0,843970 0,000172
которую 0,867501 0,000531
которые 0,162519 0,000464
который 0,105361 0,000043
которым 0,798508 0,000163
которых 0,094311 0,000135
кохановский 3,912023 0,000798
крафорда 3,912023 0,000798
кризис 1,897120 0,000387
критериев 3,506558 0,000715
критерий 2,302585 0,000470
критерию 2,813411 0,000574
критерия 3,506558 0,000715
критика 2,120264 0,000865
критике 2,525729 0,000515
критику 3,218876 0,000657
критического 2,813411 0,001148
критичное 3,912023 0,000798
кроме 0,235722 0,000096
круга 2,525729 0,000515
кругах 2,659260 0,000542
круговая 3,506558 0,000715
крупнейшая 1,347074 0,000275
крупномасштабные 3,912023 0,000798
крупные 0,579818 0,000118
крутских 3,912023 0,000798
куки -0,009950 -0,000002
культур 1,309333 0,000267
культурной 2,207275 0,000450
культуру 2,120264 0,000433
культуры 0,462035 0,000094
курсы 3,218876 0,000657
къарачай-малкъар 0,000000 0,000000
кыргызча 0,000000 0,000000
лаборатория 1,771957 0,000361
лабораторное 3,912023 0,000798
лаговский 3,912023 0,000798
ларусса 1,078810 0,000220
лат 1,771957 0,000361
латинские 3,506558 0,000715
легла 3,506558 0,000715
лезги 0,000000 0,000000
лейбниц 2,995732 0,000611
лекции 2,302585 0,000470
лем 3,912023 0,001596
лестница 3,218876 0,000657
лет 0,223144 0,000091
лженаукой 3,912023 0,000798
лингвистике 3,506558 0,000715
линии 0,755023 0,000154
линчеев 3,912023 0,000798
литература 0,061875 0,000101
литературная 2,813411 0,000574
литературы 1,078810 0,000220
лицензии -0,009950 -0,000002
личностей 3,218876 0,000657
личных 2,525729 0,000515
лишний 3,912023 0,000798
лишь 0,478036 0,000585
лобачевский 2,995732 0,000611
логика 2,207275 0,001351
логики 2,813411 0,000574
логику 2,659260 0,000542
логически 2,813411 0,001148
логические 2,659260 0,002170
логических 2,813411 0,000574
логического 3,218876 0,000657
логическую 3,506558 0,000715
ложных 3,506558 0,000715
ломоносова 2,040221 0,000416
лучшим 1,514128 0,000618
льшие 0,000000 0,000000
любарский 3,912023 0,000798
любезные 3,912023 0,000798
любительской 3,506558 0,000715
любого 2,120264 0,000433
любой 1,514128 0,000618
любую 2,525729 0,000515
людвиг 3,506558 0,000715
людей 0,693147 0,000848
людьми 1,609438 0,000328
людям 1,832581 0,000748
майкл 2,407946 0,000491
македонски 0,000000 0,000000
максимально 2,525729 0,000515
малоподготовленного 3,912023 0,000798
малый 0,371064 0,000076
марий 2,525729 0,000515
марка 0,867501 0,000177
марта 0,139262 0,000114
маршалл 3,912023 0,000798
маршалла 3,506558 0,000715
массовых 1,832581 0,000374
масштабы 2,813411 0,000574
математика 2,120264 0,003028
математики 1,660731 0,001016
математику 3,218876 0,002627
математические 2,525729 0,001546
математических 2,302585 0,000470
математического 2,813411 0,000574
материал -0,009950 -0,000002
материала 2,302585 0,000470
материалов 0,755023 0,000154
материалом 2,659260 0,000542
материальных 2,659260 0,000542
материи 2,995732 0,001833
машине 2,407946 0,000491
машины 1,514128 0,000309
медали 2,302585 0,001409
медаль 2,525729 0,001546
медицина 1,897120 0,001548
медицинские 1,897120 0,000387
медицинских 1,427116 0,000291
медицину 3,506558 0,000715
медицины 1,514128 0,000309
международная 1,309333 0,001068
международной 1,203973 0,000491
международном 1,832581 0,000748
международные 0,941609 0,000960
международный 0,713350 0,000146
международных 0,967584 0,000197
мелкие 1,966113 0,000401
менделеева 2,659260 0,000542
меньшее 2,995732 0,000611
менялись 2,659260 0,000542
меняются 2,813411 0,000574
мест 0,713350 0,000146
местными 2,040221 0,000416
метанаука 3,912023 0,000798
метафизика 3,218876 0,000657
метод 1,771957 0,003615
метода 2,302585 0,002349
методе 3,912023 0,001596
методики 3,912023 0,000798
методов 1,832581 0,001869
методолог 3,912023 0,000798
методологии 2,525729 0,000515
методология 2,995732 0,000611
методу 3,218876 0,000657
методы 1,714798 0,001749
механика 2,659260 0,001085
механицистской 3,912023 0,000798
механические 3,218876 0,000657
микроорганизма 3,912023 0,000798
минералогии 2,995732 0,000611
минимум 0,693147 0,000141
мир 0,342490 0,000140
мира 0,415515 0,001356
мире 0,494296 0,000303
мировоззрение 2,813411 0,001722
мировоззрению 3,506558 0,000715
мировоззренческие 3,912023 0,000798
мировой 0,733969 0,000299
мировом 2,659260 0,000542
мироздания 3,912023 0,000798
миру 1,560648 0,000318
миф 2,659260 0,001085
мифологическое 3,912023 0,000798
мнение 1,427116 0,000291
мнению 0,967584 0,001382
многие 0,356675 0,000146
многих 0,494296 0,000101
многоальтернативной 3,912023 0,000798
многое 2,407946 0,000491
многолетнюю 3,912023 0,000798
многоотраслевая 3,912023 0,000798
множество 0,597837 0,000610
множеством 2,040221 0,000832
мобильная -0,009950 -0,000002
могут -0,009950 -0,000016
модели 1,171183 0,000239
модель 1,469676 0,000300
моделями 3,912023 0,000798
мокшень 0,000000 0,000000
молекулярно-физическую 3,912023 0,000798
молодежи 1,469676 0,000600
молчать 3,912023 0,000798
момент 0,597837 0,000122
монгол 0,000000 0,000000
монографии 2,995732 0,001222
мораль 3,912023 0,000798
морфология 3,912023 0,000798
моршин 3,218876 0,001313
москва 0,400478 0,000082
мотивы 2,659260 0,001627
мужчин 1,609438 0,000328
музеи 0,820981 0,000167
музыка 1,347074 0,000275
мусульманские 2,813411 0,000574
мучительной 3,912023 0,000798
мыслей 3,506558 0,000715
мыслителей 2,995732 0,001222
мышление 3,506558 0,000715
мышлением 3,506558 0,000715
мышлении 3,506558 0,000715
мышления 2,995732 0,000611
мюльфридель 3,912023 0,000798
наблюдаемые 3,218876 0,000657
наблюдаемых 2,995732 0,000611
наблюдателя 3,218876 0,000657
наблюдение 3,218876 0,000657
наблюдений 1,386294 0,000848
наблюдения 1,714798 0,001049
набор 1,469676 0,000300
навигации -0,009950 -0,000002
навигация -0,009950 -0,000006
награда 2,525729 0,001546
назван 1,078810 0,000220
название 0,198451 0,000081
названную 3,506558 0,000715
назвать 2,120264 0,000865
называемую 2,813411 0,000574
называемые 1,660731 0,000339
наиболее 0,139262 0,000170
наибольшим 2,407946 0,000491
наименование 1,714798 0,000350
найденными 2,813411 0,000574
найти 1,771957 0,000361
накапливались 3,506558 0,000715
накоплении 3,912023 0,000798
накопления 2,407946 0,000982
накопленные 2,995732 0,001222
наличии 2,040221 0,000416
налогоплательщикам 3,912023 0,000798
нам 0,000000 0,000000
нами -0,009950 -0,000002
нанонаука 3,506558 0,000715
напарник 3,912023 0,000798
написать 3,218876 0,000657
направлена 2,813411 0,000574
направлению 2,040221 0,001249
направления 0,755023 0,001232
направлениям 1,660731 0,000678
направлениях 1,832581 0,000374
направленная 3,218876 0,000657
направленной 3,506558 0,000715
направленность 3,506558 0,000715
направлять 3,506558 0,000715
направляться 3,912023 0,000798
например 0,328504 0,001139
населения 0,494296 0,000101
настоящее 0,328504 0,000134
натуралистскую 3,912023 0,000798
натуральных 3,506558 0,000715
натурфилософия 3,506558 0,000715
нау 0,000000 0,000000
наук 0,693147 0,005232
наука 0,301105 0,002948
наукам 2,995732 0,000611
науками 2,995732 0,001833
наукаскрытые 3,912023 0,000798
науках 2,995732 0,000611
науке 1,897120 0,005031
науки 0,820981 0,020432
науковедение 2,995732 0,001222
наукой 2,207275 0,002702
науку 1,966113 0,002808
научная 0,798508 0,002443
научно 2,995732 0,000611
научно-исследовательские 2,040221 0,000416
научно-исследовательской 3,506558 0,000715
научно-популярная 2,659260 0,000542
научно-популярные 2,995732 0,000611
научно-технической 2,407946 0,000491
научного 1,309333 0,007746
научное 0,891598 0,001455
научной 1,108663 0,003619
научном 2,525729 0,002576
научному 3,506558 0,001431
научности 3,912023 0,000798
научность 3,506558 0,003577
научную 2,120264 0,000865
научные 1,049822 0,005997
научный 0,941609 0,002689
научным 1,771957 0,002530
научными 2,120264 0,000433
научных 0,776529 0,003327
находится 0,328504 0,000067
национального 1,469676 0,000300
национальной 1,272966 0,000260
национальные 2,120264 0,000433
национальными 2,995732 0,000611
национальных 1,832581 0,000374
начала 0,314711 0,000064
началах 3,218876 0,000657
начиналась 2,525729 0,000515
наше 1,609438 0,000328
нашего 2,040221 0,000416
наши 1,609438 0,000328
неавторитетном 2,525729 0,000515
неавторитетный 2,407946 0,001474
неаполе 3,912023 0,000798
небу 3,506558 0,000715
неванлинны 3,506558 0,000715
неверующих 3,912023 0,000798
невозможности 2,813411 0,000574
невозможность 2,995732 0,000611
негативной 3,912023 0,000798
недавно 2,207275 0,000901
недостатков 0,653926 0,000133
недостаточно 2,207275 0,000450
неевклидову 3,912023 0,000798
независимо 1,966113 0,000401
независимой 2,813411 0,000574
независимость 2,207275 0,000450
независимый 2,659260 0,001085
независимыми 2,659260 0,000542
независимых 2,302585 0,000470
неизбежный 3,912023 0,000798
неизменно 3,218876 0,000657
неизменный 3,506558 0,000715
неклассической 3,912023 0,000798
некоммерческой -0,009950 -0,000002
некомпенсируемые 3,912023 0,000798
некомпетентна 3,912023 0,000798
некорректны 3,912023 0,000798
некоторой 2,659260 0,000542
некоторые 0,301105 0,000246
некоторый 2,525729 0,000515
некоторых 0,494296 0,000403
немало 1,966113 0,000401
ненавидеть 3,912023 0,000798
ненаучных 3,912023 0,000798
ненужный 3,912023 0,000798
необходимо 1,237874 0,000253
необходимой 2,407946 0,000491
необходимости 1,660731 0,000339
необходимость 1,714798 0,000700
необходимостью 3,218876 0,000657
необъективной 3,912023 0,000798
необычных 3,506558 0,000715
неоспоримый 3,912023 0,000798
непознанное 3,912023 0,000798
неполноте 3,506558 0,000715
непониманием 3,912023 0,000798
непосвященной 3,912023 0,000798
непосредственно 0,478036 0,000195
непосредственного 3,218876 0,000657
непременно 3,506558 0,000715
непрерывно 2,120264 0,000433
непрерывности 3,506558 0,000715
непрерывным 3,912023 0,000798
непризнанных 3,912023 0,000798
непроверенной 3,912023 0,000798
непропорционально 3,912023 0,000798
непротиворечива 3,912023 0,000798
непротиворечивость 3,912023 0,000798
непротиворечивыми 3,912023 0,000798
неразрешима 3,912023 0,001596
нередко 1,108663 0,000226
несет 2,813411 0,000574
нескольких 0,755023 0,000154
несколько 0,150823 0,000031
несовместима 3,912023 0,000798
несовместимыми 3,912023 0,000798
несогласии 3,912023 0,000798
несознательное 3,912023 0,000798
несоответствие 3,912023 0,001596
неумение 3,912023 0,000798
неустанное 3,912023 0,000798
нефальсифицируемость 3,912023 0,000798
неформальные 3,912023 0,000798
неформальных 3,912023 0,000798
нехорошо 3,912023 0,000798
ниже 0,693147 0,000283
низшего 3,912023 0,000798
низших 3,912023 0,000798
нии 1,237874 0,000505
никиш 3,218876 0,001313
николай 0,867501 0,000177
никто 2,302585 0,000470
ниокр 3,912023 0,000798
нобелевская 3,912023 0,000798
нобелевской 2,659260 0,001627
нобелевскую 3,506558 0,000715
новая 0,634878 0,000130
нового 0,579818 0,000118
новое 0,755023 0,000154
новой 0,653926 0,000800
новостей 1,771957 0,000361
новые 0,342490 0,000140
новых 0,430783 0,000967
номенклатура 3,218876 0,000657
номотетический 3,912023 0,000798
нон-фикшн 2,995732 0,000611
норвежская 0,248461 0,000051
норма 0,798508 0,000163
носит 1,309333 0,000267
носители 2,995732 0,000611
нохчийн 0,000000 0,000000
ноября 0,127833 0,000078
нравов 3,506558 0,000715
нравственности 3,912023 0,000798
нська 0,000000 0,000000
нужно 1,049822 0,000214
нужности 3,912023 0,000798
нужный 3,218876 0,000657
ныне 0,653926 0,000133
оба 1,386294 0,000283
обеспечивать 2,995732 0,001222
обеспечивающее 2,995732 0,000611
обеспечивающие 2,302585 0,000470
обеспечивая 2,813411 0,000574
обладает 1,171183 0,000239
обладающих 2,407946 0,000491
областей 1,049822 0,000642
области 0,223144 0,000774
область 0,385662 0,000551
областью 2,302585 0,000939
обманами 3,912023 0,000798
обмен 1,832581 0,000374
обмена 1,560648 0,000318
обновление 2,120264 0,000433
обновления 1,514128 0,000309
обновляющегося 3,912023 0,000798
обобщаться 3,912023 0,000798
обобщение 3,218876 0,001313
обобщения 3,218876 0,000657
обобщить 3,912023 0,000798
обозначение 2,995732 0,000611
оборудование 1,347074 0,000275
обоснованию 2,407946 0,000491
обоснованным 3,912023 0,000798
обосновать 3,218876 0,000657
обосновывать 3,912023 0,000798
обрабатывают 3,912023 0,000798
образ 1,771957 0,000723
образование 0,494296 0,000101
образования 0,478036 0,000098
образом 0,371064 0,000227
обращает 3,506558 0,000715
обращается 2,995732 0,000611
обращения 0,030459 0,000050
обсудить 3,506558 0,000715
обсуждение 2,995732 0,000611
обсуждениям 3,912023 0,000798
обучающие 3,912023 0,000798
обучающихся 2,995732 0,000611
общего 0,713350 0,000146
общее 1,237874 0,000505
общем 1,514128 0,000309
общенациональному 3,912023 0,000798
общеобязательность 3,912023 0,000798
обществ 2,995732 0,001833
общества 0,776529 0,001584
обществам 3,912023 0,000798
обществах 2,995732 0,000611
обществе 2,040221 0,001665
общественность 3,218876 0,000657
общественные 1,609438 0,001642
общественных 1,021651 0,000208
общество 0,713350 0,000582
обществознание 3,912023 0,000798
обществом 2,525729 0,001030
объекта 1,203973 0,000491
объективно 3,506558 0,001431
объективного 3,506558 0,001431
объективный 3,506558 0,000715
объективным 3,218876 0,000657
объективных 3,506558 0,000715
объектов 0,527633 0,000323
объекты 0,478036 0,000293
объем 0,616186 0,000126
объема 1,237874 0,000253
объявляют 3,506558 0,000715
объяснений 3,912023 0,000798
объясняет 2,659260 0,000542
объяснять 3,912023 0,000798
обыденное 3,912023 0,000798
обычно 0,693147 0,000424
обычной 2,995732 0,000611
обязательным 2,407946 0,000491
огарев 3,506558 0,000715
ограничений 1,832581 0,000374
ограниченности 3,912023 0,000798
ограниченный 2,659260 0,000542
огромном 3,912023 0,000798
огромных 2,995732 0,001222
одна 0,527633 0,000108
однако 0,174353 0,000178
одним 0,494296 0,000403
одно 0,693147 0,000283
одного 0,544727 0,000222
однозначно 2,995732 0,000611
однозначные 3,912023 0,000798
однозначный 3,506558 0,000715
одной 0,371064 0,000227
одном 1,139434 0,000232
одному 1,514128 0,000309
одну 1,237874 0,000253
оияи 3,912023 0,001596
оказались 1,514128 0,000309
оказалось 2,120264 0,000433
оказывать 2,813411 0,000574
оказывающий 3,506558 0,000715
оккама 3,912023 0,000798
окружающей 1,049822 0,000214
окружающем 3,218876 0,000657
окт 0,798508 0,000163
октября 0,083382 0,000153
олык 0,000000 0,000000
онлайн 0,198451 0,000040
оно 0,000000 0,000000
опасностей 3,218876 0,000657
опасности 2,525729 0,000515
оперирует 3,506558 0,000715
опирается 2,040221 0,000416
описание -0,009950 -0,000010
описаний 3,218876 0,000657
описания 1,832581 0,000374
описаниях 2,995732 0,000611
описано 3,218876 0,000657
описывают 2,995732 0,001222
опоре 3,506558 0,000715
определение 1,660731 0,000678
определений 2,813411 0,000574
определенной 1,832581 0,001122
определенном 2,659260 0,001085
определенности 3,506558 0,000715
определенный 2,120264 0,000433
определяться 3,506558 0,000715
определяют 2,120264 0,000433
опровергаются 3,912023 0,000798
опровергнутым 3,912023 0,000798
опрос 2,995732 0,000611
опросами 3,912023 0,000798
опросу 3,218876 0,001313
опубликованная 3,912023 0,000798
опубликованным 3,506558 0,000715
опыт 1,714798 0,000350
опыта 2,659260 0,000542
опытно-конструкторские 3,912023 0,000798
опытным 2,995732 0,000611
опытных 2,995732 0,000611
опытов 3,912023 0,000798
опыты 3,506558 0,001431
ораторское 3,506558 0,000715
орбиты 2,995732 0,000611
организации -0,009950 -0,000014
организаций 0,776529 0,000317
организация 0,891598 0,000546
организациях 1,832581 0,000374
организованной 2,995732 0,000611
органом 1,514128 0,000309
ординации 3,912023 0,000798
оригинала 0,162519 0,000099
оригинальных 2,995732 0,000611
ориентирована 3,506558 0,000715
орис 3,912023 0,000798
ортса 0,000000 0,000000
орудием 3,506558 0,000715
осипов 0,527633 0,000108
осмысленную 3,912023 0,000798
осмысливались 3,912023 0,000798
основа 1,832581 0,000374
основан 0,579818 0,000118
основании 1,427116 0,000291
основаниям 3,506558 0,000715
основанной 2,302585 0,000939
основанными 2,525729 0,000515
основаны 1,771957 0,000361
основатель 1,609438 0,000328
основе 0,494296 0,000403
основная 0,116534 0,000285
основной 0,653926 0,000400
основные 0,223144 0,000137
основным 0,616186 0,000126
основных 0,634878 0,000648
основой 1,237874 0,000253
основополагающих 2,995732 0,000611
основу 1,203973 0,000246
основы 1,560648 0,000955
основывается 2,207275 0,000450
основывать 2,813411 0,000574
основываясь 2,813411 0,000574
особенно 0,562119 0,000344
особой 2,120264 0,000433
особую 2,120264 0,000433
осознается 3,506558 0,000715
остается 0,891598 0,000182
остальные 0,891598 0,000182
остановки 2,302585 0,000470
осуществляется 0,776529 0,000317
осуществлять 2,120264 0,000433
осуществляющий 2,813411 0,000574
отбора 2,407946 0,000491
отвергал 3,218876 0,000657
ответить 2,813411 0,000574
ответом 3,506558 0,000715
ответственности -0,009950 -0,000002
ответы 1,514128 0,000927
отводят 3,912023 0,000798
отдаем 3,912023 0,000798
отделить 3,218876 0,001313
отдельная 2,813411 0,000574
отдельному 3,506558 0,000715
отдельный 1,832581 0,000374
отдельных -0,009950 -0,000004
отказ -0,009950 -0,000004
откровении 3,912023 0,000798
открывшиеся 3,912023 0,000798
открыли 1,237874 0,000253
открытие 0,941609 0,000192
открытий 2,659260 0,001627
открытия 0,916291 0,000187
открытую 3,218876 0,000657
открытые 2,120264 0,000433
открытых 1,897120 0,000387
открыть 2,120264 0,000433
отличает 2,407946 0,001474
отличаться 1,560648 0,000318
отличающимися 3,912023 0,000798
отличительной 2,995732 0,000611
отличить 3,506558 0,000715
отличная 3,506558 0,000715
отметить 1,714798 0,000350
относительно 0,415515 0,000085
относительную 3,912023 0,000798
относятся 0,713350 0,000146
отношение 1,609438 0,000328
отношении 1,203973 0,000246
отождествлял 3,912023 0,000798
оторваться 3,912023 0,000798
отражает 2,040221 0,000416
отражение 2,040221 0,000416
отраслевые 2,813411 0,000574
отраслей 1,771957 0,000361
отрасль 1,897120 0,000387
отраслями 2,525729 0,000515
отредактирована -0,009950 -0,000002
отрицание 3,912023 0,000798
отстаивают 3,506558 0,001431
отцом 3,218876 0,000657
отчет 1,660731 0,000339
официально 0,693147 0,000141
официальное 1,771957 0,000361
официальной 1,469676 0,000600
охватывает 1,771957 0,000361
охота 2,302585 0,000470
оценен 3,218876 0,000657
оценку 2,207275 0,000450
очевидности 3,912023 0,000798
очень 0,494296 0,000101
очищению 3,912023 0,000798
ошибкекак -0,009950 -0,000002
ошибки 1,897120 0,000387
ошибок 2,120264 0,000433
ощущений 3,912023 0,000798
пала 2,995732 0,000611
памятной 2,813411 0,000574
память 0,891598 0,000182
панов 2,659260 0,001085
парадоксально 3,912023 0,000798
парадоксальных 3,912023 0,000798
паранаука 3,912023 0,000798
пародия 3,912023 0,000798
педагогическая 3,218876 0,000657
педагогическую 3,506558 0,000715
пер 1,108663 0,000226
первая 0,430783 0,000088
первооткрывателей 3,912023 0,000798
первопричинных 3,912023 0,000798
первые 0,494296 0,000101
первых 0,653926 0,000133
перевод 1,427116 0,000291
переводы 3,218876 0,001313
переживает 2,659260 0,000542
переживаний 3,912023 0,000798
перейти -0,009950 -0,000004
перелом 3,912023 0,000798
перенесение 3,506558 0,000715
перенести 2,207275 0,000450
перераб 1,609438 0,000328
пересматривать 3,506558 0,000715
перехода 1,514128 0,000309
переходные 2,995732 0,000611
переходят 2,659260 0,000542
периода 0,967584 0,000197
периодических 2,659260 0,000542
периодов 2,040221 0,000416
периоды 1,560648 0,000318
персональные -0,009950 -0,000002
перспективные 3,218876 0,000657
петрович 1,897120 0,000387
петроград 2,659260 0,000542
печати -0,009950 -0,000002
печать -0,009950 -0,000002
писал 1,514128 0,001236
письменности 2,659260 0,000542
питают 3,912023 0,000798
пишет 1,966113 0,000401
плюрализм 3,912023 0,000798
плюрализму 3,912023 0,000798
по-своему 3,912023 0,000798
побочный 3,912023 0,000798
побуждений 3,912023 0,000798
поведения -0,009950 -0,000002
повлияли 2,525729 0,001030
повсеместно 2,407946 0,000491
повсеместное 2,995732 0,000611
повсеместности 3,912023 0,000798
повторен 2,995732 0,000611
повторения 3,912023 0,000798
повторяющимися 3,912023 0,000798
повышенная 3,218876 0,000657
подведомственных 2,813411 0,000574
подготовка 1,771957 0,000361
подготовки 1,309333 0,000267
подготовку 1,897120 0,000387
поддерживает 1,609438 0,000328
поддержка 1,832581 0,000374
поддержку 1,469676 0,000600
подлежат 3,218876 0,000657
поднимается 1,966113 0,000401
подобна 3,912023 0,000798
подорвано 3,912023 0,000798
подорванюк 3,912023 0,000798
подразделял 3,912023 0,000798
подразумевают 3,506558 0,000715
подрастающее 3,912023 0,000798
подробнее -0,009950 -0,000002
подробную 3,506558 0,000715
подтверждаемое 3,912023 0,000798
подтверждается 2,302585 0,000470
подтверждать 3,912023 0,000798
подтвержденные 3,218876 0,000657
подтвержденных 3,218876 0,000657
подтверждено 3,506558 0,000715
подхода 2,407946 0,000491
позволяет 0,755023 0,000462
позволяющий 2,207275 0,000450
позволяющих 2,995732 0,000611
поздно 3,218876 0,000657
позже 0,733969 0,000150
позитивная 3,506558 0,000715
позицию 2,302585 0,000470
познавательной 3,506558 0,001431
познавательных 3,912023 0,000798
познаний 3,506558 0,001431
познания 2,659260 0,003255
поиск -0,009950 -0,000010
поисковая 3,506558 0,000715
поиску -0,009950 -0,000002
пока 0,843970 0,000172
показал 1,832581 0,000374
показали 2,040221 0,000416
показуха 3,506558 0,000715
показывает 2,207275 0,000450
покоится 3,912023 0,000798
поколение 2,407946 0,000491
покорила 3,912023 0,000798
покоряться 3,912023 0,000798
политиздат 3,218876 0,000657
политика -0,009950 -0,000004
политическая 0,843970 0,000172
политически 3,218876 0,000657
политических 1,660731 0,000339
политической 1,469676 0,000300
политологов 3,506558 0,000715
полностью 0,400478 0,000082
полноты 3,912023 0,000798
полового 3,912023 0,000798
получается 2,659260 0,000542
получают 2,040221 0,000832
получение 1,966113 0,000401
получения 1,469676 0,000899
полученные 2,302585 0,000939
полученным 3,506558 0,000715
полученных 2,659260 0,000542
получили 0,967584 0,000395
получить 1,427116 0,000873
пользования 1,660731 0,000339
пользоваться 2,525729 0,000515
пользу 1,832581 0,000374
пользуются 1,966113 0,000401
пользы 3,912023 0,001596
поля 1,427116 0,000291
помирятся 3,912023 0,000798
помощи 0,843970 0,000172
помощью 0,634878 0,000259
понимаемая 3,912023 0,000798
понимается 2,659260 0,000542
понимании 1,897120 0,000774
понимания 2,525729 0,001030
понятий 2,407946 0,000491
понятную 3,912023 0,000798
понятны 3,912023 0,000798
пополнение 3,506558 0,000715
пополняющихся 3,912023 0,000798
поппера 3,506558 0,002146
популяризатора 3,912023 0,000798
популяризации 3,506558 0,005723
популяризация 3,912023 0,005586
популяризировать 3,912023 0,001596
попытка 2,120264 0,000433
попытки 1,660731 0,001355
порой 2,659260 0,000542
порою 3,912023 0,000798
портал 0,342490 0,000070
порука 3,912023 0,000798
порядок 1,966113 0,000802
посещающими 3,912023 0,000798
последний -0,009950 -0,000002
послужил 2,813411 0,000574
пособие 1,609438 0,000328
посредством 1,771957 0,000361
поставить 2,407946 0,000491
постарались 3,912023 0,000798
постепенно 0,867501 0,000177
постижение 3,506558 0,000715
постнеклассической 3,912023 0,000798
постоянно 1,108663 0,000452
постоянное 2,120264 0,000433
построен 0,798508 0,000163
построения 1,897120 0,000387
построенная 1,897120 0,000387
построенной 2,407946 0,000491
построить 1,427116 0,000291
постулат 3,912023 0,000798
постулаты 3,912023 0,000798
потери 1,966113 0,000401
поток 1,660731 0,000339
потребовала 3,218876 0,000657
почетным 2,659260 0,000542
пошатнулась 3,912023 0,000798
поэзия 2,995732 0,000611
поэтика 3,912023 0,001596
поэтические 3,912023 0,000798
появились 0,579818 0,000237
появилось 1,171183 0,000239
появление 1,469676 0,000300
появляются 1,560648 0,000318
правил 1,771957 0,000361
правило 0,891598 0,000182
правильностью 3,912023 0,000798
правильный 2,995732 0,000611
правителям 3,506558 0,000715
править -0,009950 -0,000138
правкиновые -0,009950 -0,000002
правкипостоянная -0,009950 -0,000002
право 1,469676 0,000300
праздности 3,912023 0,000798
праздность 3,912023 0,000798
практика 2,207275 0,000450
практиках 3,912023 0,000798
практические 3,506558 0,001431
практических 3,218876 0,000657
праслав 3,912023 0,000798
превратилась 2,040221 0,000416
превратить 2,659260 0,000542
превращает 2,995732 0,000611
превращается 2,040221 0,000416
пределах 0,510826 0,000208
предлагающих 3,506558 0,000715
предложенной 3,912023 0,000798
предложив 3,912023 0,000798
предмет 2,120264 0,000865
предмета 2,813411 0,001148
предостережений 3,912023 0,000798
предполагает 1,832581 0,000748
предполагаются 3,912023 0,000798
предпосылки 2,995732 0,000611
предпосылок 3,506558 0,000715
предпринимались 2,813411 0,000574
предсказал 3,218876 0,000657
предсказала 3,912023 0,000798
представил 2,995732 0,000611
представились -0,009950 -0,000002
представители 1,272966 0,000519
представитель 1,897120 0,000387
представление 1,514128 0,000309
представлений 2,207275 0,000901
представления 1,469676 0,001799
представлениях 3,506558 0,000715
представленный 2,659260 0,000542
представляет 0,446287 0,000364
предубежденной 3,912023 0,000798
предшественниками 3,912023 0,000798
преемственности 2,995732 0,000611
прежде 1,049822 0,000214
премии 1,714798 0,002099
премию 1,966113 0,000401
премия 2,407946 0,006386
преобладают 1,203973 0,000246
преподавателей 2,659260 0,000542
престиж 3,912023 0,000798
престижная 3,506558 0,001431
престижном 3,912023 0,000798
приведена 3,912023 0,000798
привести 1,832581 0,000374
приводит 1,171183 0,000239
приводят 2,525729 0,000515
приводящие 3,218876 0,000657
приглашенным 3,912023 0,000798
призвана 3,218876 0,001313
признавать 3,506558 0,000715
признает 2,995732 0,000611
признак 3,912023 0,000798
признаки 2,659260 0,001627
признан 1,427116 0,000291
признание 2,995732 0,002444
признанием 3,218876 0,000657
признания 0,916291 0,000935
признают 2,813411 0,000574
признаются 3,506558 0,001431
прикладные 2,040221 0,000832
прикладных 2,120264 0,000433
применение 1,469676 0,000300
применения 1,272966 0,000260
применить 3,218876 0,000657
примерно 0,634878 0,000130
примером 1,966113 0,000401
примечания -0,009950 -0,000004
принадлежность 1,609438 0,000328
принесет 3,506558 0,000715
принимающего 3,912023 0,000798
принимающим 3,912023 0,000798
принцип 1,832581 0,001495
принципиально 2,813411 0,000574
принципиальное 3,218876 0,000657
принципиальную 3,506558 0,000715
принципов 2,302585 0,000939
принципы 1,771957 0,001084
принято 0,713350 0,000146
принятой 2,813411 0,000574
приняты 2,207275 0,000450
приоритет 2,813411 0,000574
приоритетов 3,506558 0,000715
приоритетом 2,813411 0,000574
приравнивается 3,912023 0,000798
природа 1,309333 0,000267
природе 2,040221 0,002913
природные 1,108663 0,000226
природных 1,108663 0,000226
природу 2,302585 0,001409
природы 1,021651 0,001459
присваиваются 3,506558 0,000715
присвоение 2,813411 0,000574
приспособления 3,506558 0,000715
присуждается 3,506558 0,000715
присуждаются 3,506558 0,000715
приток 1,427116 0,000291
приумножении 3,912023 0,000798
приход 1,832581 0,000374
приходит 1,897120 0,000387
приходится 0,776529 0,000158
причем 0,994252 0,000203
причина 2,407946 0,000491
причине 1,771957 0,000361
причинно-следственные 3,912023 0,000798
причинно-следственных 3,506558 0,000715
причиной 1,469676 0,000600
причины 1,771957 0,000361
проблем 0,798508 0,000326
проблема 1,237874 0,001515
проблемам 2,207275 0,000450
проблему 1,514128 0,000618
проблемы 0,544727 0,000111
проведения 0,843970 0,000517
проведенной 2,525729 0,000515
проведенные 2,995732 0,000611
провела 2,659260 0,000542
проверка 2,995732 0,000611
проверке 3,218876 0,000657
проверки 0,994252 0,000406
проверяемое 3,912023 0,000798
проверяемые 3,506558 0,000715
проверяемыми 3,912023 0,000798
проводили 2,813411 0,000574
проводимых 2,813411 0,000574
прогноз 1,897120 0,000387
прогнозирование 3,506558 0,000715
прогнозируемых 3,912023 0,000798
прогнозы 2,659260 0,000542
программа 0,994252 0,000203
программы 0,713350 0,000146
прогресс 1,514128 0,000309
прогрессу 3,506558 0,000715
проделанной 3,912023 0,000798
продолжает 1,714798 0,000350
продолжились 3,218876 0,000657
продукт 1,660731 0,000339
продуктивной 3,912023 0,000798
продукции 1,021651 0,000208
продукцию 2,302585 0,000470
проекта 0,616186 0,000126
проектах -0,009950 -0,000002
проекты 1,108663 0,000226
производила 3,912023 0,000798
производит 2,302585 0,000470
производства 0,616186 0,000126
производственных 2,407946 0,000491
производством 1,966113 0,000401
произошел 1,171183 0,000239
происходили 2,207275 0,000450
происходит 0,634878 0,000259
пройти 1,897120 0,000387
промышленного 1,171183 0,000239
пропаганды 2,659260 0,000542
проработки 3,506558 0,000715
просвещения 1,897120 0,000387
просмотры -0,009950 -0,000002
просто 1,272966 0,000519
простого 3,218876 0,000657
пространства 1,049822 0,000214
пространство 1,203973 0,000246
простую 3,218876 0,000657
против 0,798508 0,000326
противопоставить 3,912023 0,000798
противопоставляются 3,912023 0,000798
противоречий 3,912023 0,000798
протонаука 3,912023 0,000798
профессионального 1,427116 0,000291
профессиональной 2,813411 0,000574
профессор 1,660731 0,000339
профессора 1,660731 0,000678
профессоров 2,813411 0,000574
проходит 0,693147 0,000141
прохоров 1,078810 0,000440
процесс 1,108663 0,000452
процесса 1,714798 0,000350
процессе 1,309333 0,000534
процессов 1,347074 0,000550
процессы 1,514128 0,000309
прочие 1,203973 0,000491
прочих 1,560648 0,000318
прочные 3,506558 0,000715
прошедшие 2,302585 0,000470
проявление 2,813411 0,000574
псевдонаука 3,912023 0,003192
псевдонаучной 3,912023 0,000798
психолингвистика 3,912023 0,000798
психологию 3,912023 0,000798
публикацией 3,506558 0,000715
публикации 1,832581 0,001495
публикаций 2,407946 0,000982
публикация 2,659260 0,001085
публикациям 3,506558 0,000715
пустотой 3,912023 0,000798
пустяки 3,912023 0,000798
путей 0,916291 0,000187
путем 0,941609 0,000384
пытавшихся 3,506558 0,000715
работ 0,941609 0,000192
работа 0,891598 0,000182
работают 0,673345 0,000137
работающих 2,040221 0,000416
работе 1,237874 0,000758
работников 1,469676 0,000600
работой 1,897120 0,000387
работу 0,693147 0,000424
работы 0,314711 0,000449
рабство 2,995732 0,000611
развивающих 3,506558 0,000715
развитие 0,314711 0,000257
развитием 1,171183 0,000478
развитии 1,078810 0,000880
развитию 0,843970 0,000172
развития 0,287682 0,000646
разговор 3,912023 0,000798
разграничения 3,506558 0,000715
раздел 0,891598 0,000546
разделение 1,660731 0,000339
разделил 2,525729 0,001030
разделило 3,912023 0,000798
различал 3,912023 0,000798
различную 3,912023 0,000798
различные 0,693147 0,000141
различным 1,469676 0,000300
различными 1,609438 0,000985
размышления 2,813411 0,000574
разновидности 3,218876 0,000657
разные 1,139434 0,000232
разобщенного 3,912023 0,000798
разорванного 3,912023 0,000798
разрабатывал 3,912023 0,000798
разработал 2,525729 0,000515
разработки 1,203973 0,000246
разработчики -0,009950 -0,000004
разрешающей 3,506558 0,000715
разрешение 1,966113 0,000401
разрешения 2,659260 0,001627
разумное 3,506558 0,000715
разумным 3,912023 0,000798
ракитов 3,912023 0,000798
рамках 0,544727 0,000333
рамки 2,207275 0,000450
ран 0,776529 0,000158
ранее 0,430783 0,000264
ранние 1,660731 0,000339
рано 3,218876 0,000657
располагаются 1,108663 0,000226
распорядку 3,912023 0,000798
распределенные 1,514128 0,000309
распространения 1,660731 0,000339
распространенным 2,525729 0,000515
распространенных 2,120264 0,000433
рассказывать 3,218876 0,000657
рассматриваются 2,120264 0,000433
рассмотрения 2,525729 0,000515
рассудок 3,912023 0,000798
рассуждение 3,506558 0,000715
расширения 1,514128 0,000309
расшифровка 3,506558 0,000715
рационалистическую 3,506558 0,000715
реакцию 3,912023 0,000798
реакция 2,995732 0,000611
реального 2,120264 0,000433
реальной 2,995732 0,000611
реальности 2,813411 0,002296
реальные 2,407946 0,000491
реальных 2,659260 0,000542
революции 0,693147 0,000283
революционные 2,659260 0,000542
регулярного 2,659260 0,000542
регулярных 2,120264 0,000433
ред 0,235722 0,000192
редакций 3,912023 0,000798
редакция 1,469676 0,000300
редко 1,832581 0,000374
редукционистскую 3,912023 0,000798
результатам 1,049822 0,000214
результатами 2,813411 0,001148
результате 0,342490 0,000140
результатов 1,897120 0,001935
результатом 1,771957 0,000361
результаты 1,237874 0,000758
рейтинги 2,302585 0,000470
религии 2,040221 0,000416
религиозное 2,995732 0,000611
религиозных 1,469676 0,000600
релятивистский 3,912023 0,000798
ресурсы 0,020203 0,000008
рецепция 3,912023 0,000798
решает 2,995732 0,000611
решать 2,525729 0,000515
решающее 2,813411 0,000574
решении 2,407946 0,000982
решения 0,967584 0,000395
решить 2,120264 0,000433
рима 3,506558 0,000715
риме 2,995732 0,000611
римского 3,218876 0,000657
риторика 3,218876 0,001313
риторику 3,912023 0,000798
робин 3,506558 0,000715
роджер 2,813411 0,000574
родство 3,912023 0,000798
рождение 2,207275 0,000450
рождены 3,912023 0,000798
розов 3,912023 0,000798
роли 1,966113 0,000401
роль 0,579818 0,000473
россии 0,186330 0,000456
российская 0,186330 0,000114
российского 0,634878 0,000130
российской 0,385662 0,000157
россиян 3,218876 0,000657
рост 0,967584 0,000197
ростов 2,120264 0,000433
руководить 3,218876 0,000657
рус 0,162519 0,000066
русиньскый 0,000000 0,000000
русский -0,009950 -0,000002
русских 0,843970 0,000172
руссо 3,218876 0,001970
рысьеглазых 3,912023 0,000798
ряд 0,385662 0,000236
ряде 1,237874 0,000253
садохин 3,912023 0,001596
сайты 0,478036 0,000098
сама 1,469676 0,000300
самая 0,798508 0,000326
самое 0,994252 0,000203
самозаражением 3,912023 0,000798
самоорганизующиеся 3,912023 0,000798
самоорганизующуюся 3,912023 0,000798
самосский 3,912023 0,000798
самостоятельного 2,659260 0,000542
самостоятельной 2,995732 0,000611
самым 0,653926 0,000267
самых 0,544727 0,000111
санкт-петербургский 2,407946 0,000491
саха 2,813411 0,000574
сбора 1,832581 0,000748
сборника 3,506558 0,000715
сверки 3,912023 0,000798
сверху 1,347074 0,000275
сверхъестественное 3,506558 0,000715
свете 2,525729 0,000515
свидетельствует 1,771957 0,000361
свидетельствующая 3,912023 0,000798
свободной -0,009950 -0,000002
свободную 3,506558 0,000715
свободный 2,407946 0,000491
свободным 2,813411 0,000574
свободы 1,714798 0,000350
сводится 2,995732 0,000611
свое 0,616186 0,000126
своей 0,776529 0,000158
своеобразную 3,218876 0,000657
свои 0,755023 0,000308
своим 0,967584 0,000197
своими 1,427116 0,000582
своих 0,776529 0,000158
свой 0,653926 0,000133
свойств 1,966113 0,000401
свойствах 2,659260 0,001085
свяжитесь -0,009950 -0,000002
связан 1,171183 0,000239
связана 1,078810 0,000220
связей 1,560648 0,000318
связи 0,235722 0,000096
сделана 2,813411 0,000574
сделать 1,386294 0,000283
сегодня 0,616186 0,000126
сексуальной 3,506558 0,000715
секуляристскую 3,912023 0,000798
секции 3,218876 0,000657
сельское 1,427116 0,000291
сен-викторский 3,912023 0,000798
сентября 0,072571 0,000059
середине 0,562119 0,000115
серьезно 1,897120 0,000387
серьезный 2,995732 0,000611
серьезными 3,506558 0,000715
сестер 2,995732 0,000611
силах 3,506558 0,000715
силу 1,021651 0,000417
силы 1,427116 0,000291
сильным 2,525729 0,000515
сильных 1,771957 0,000361
синтез 2,813411 0,001722
синтеза 2,995732 0,000611
синтезированы 3,912023 0,000798
систем 0,798508 0,000163
система 0,235722 0,000337
систематизации 3,506558 0,000715
систематизацию 3,912023 0,000798
систематизация 3,912023 0,000798
систематизированные 3,912023 0,000798
систематизировать 3,912023 0,000798
систематизироваться 3,912023 0,000798
систематического 2,813411 0,000574
системе 0,733969 0,000150
системеобсуждениевкладсоздать -0,009950 -0,000002
систему 0,673345 0,000549
системы 0,342490 0,000140
скажется 3,912023 0,000798
сказали 3,506558 0,000715
скачать -0,009950 -0,000002
скептические 3,912023 0,000798
складываться 2,995732 0,000611
скучную 3,912023 0,000798
славянских 2,525729 0,000515
следование 3,506558 0,000715
следовательно 2,207275 0,000901
следствие 1,832581 0,000374
следствий 3,506558 0,001431
следует 0,755023 0,000154
следуют 2,207275 0,000450
следующие 0,544727 0,000222
следующим 1,386294 0,000283
следующих 1,386294 0,000283
слишком 2,525729 0,000515
слова 0,562119 0,000115
словари 0,116534 0,000024
словарь 0,274437 0,000336
словно 3,506558 0,000715
слово 0,673345 0,000137
словом 1,897120 0,000387
словосочетание 3,912023 0,000798
сложному 3,912023 0,000798
сложную 2,995732 0,000611
случае 0,843970 0,000172
случаев 1,469676 0,000300
случаи 1,714798 0,000350
случаются 2,302585 0,000470
случаями 3,912023 0,001596
случаях -0,009950 -0,000004
слушателя 3,506558 0,000715
смелость 3,912023 0,000798
сменившее 3,912023 0,000798
смог 2,302585 0,000470
смогли 2,040221 0,000416
смысл 2,407946 0,000982
смысле 1,832581 0,000748
смыслу 3,506558 0,000715
сниженный 3,912023 0,000798
собеседники 3,912023 0,000798
соблазнила 3,912023 0,000798
собой 0,328504 0,000268
собрание 0,941609 0,000192
собраниях 3,912023 0,000798
событияпожертвовать -0,009950 -0,000002
совершенных 2,407946 0,000491
совершенствование 2,207275 0,000450
совет 0,916291 0,000187
совете 2,525729 0,000515
советская 0,371064 0,000454
советский 0,755023 0,000154
советской 0,755023 0,000154
совместно 1,427116 0,000291
совокупности 2,120264 0,000433
совокупность 1,660731 0,000678
современная 1,108663 0,000226
современникам 3,912023 0,000798
современного 0,653926 0,000267
современной 0,579818 0,000355
современном 1,272966 0,000519
современную 2,525729 0,001030
современные 0,916291 0,000561
современных 0,713350 0,000146
согласно 0,301105 0,000246
согласованную 3,912023 0,000798
содержание 0,010050 0,000004
содержания 1,386294 0,000848
содержат 1,966113 0,000401
содержит 1,386294 0,000283
соединяется 2,659260 0,000542
создавать 1,832581 0,000374
создан 0,693147 0,000141
создана 0,891598 0,000182
создание 0,733969 0,001048
создании 1,203973 0,000246
создания 0,653926 0,000133
созданной 2,040221 0,000416
созданную 2,813411 0,000574
созданы 1,078810 0,000440
создать 1,171183 0,000239
созерцание 3,912023 0,000798
созерцательные 3,912023 0,000798
сознание 3,218876 0,001313
сознания 2,120264 0,000433
соискателей 3,912023 0,000798
солнечную 2,995732 0,000611
соловьев 2,040221 0,000416
сомневается 3,912023 0,000798
сомневаться 3,506558 0,000715
сомнений 3,506558 0,000715
сообщества 2,120264 0,003028
сообществе 3,218876 0,002627
сообщество 2,407946 0,002947
сообществом 2,659260 0,000542
сообщить -0,009950 -0,000002
соответственно 1,021651 0,000625
соответствие 2,302585 0,000470
соответствующего 2,040221 0,000416
соответствующей 2,120264 0,001730
соответствующие 1,560648 0,000637
соответствующий 2,207275 0,000450
соответствующих 1,609438 0,000328
соотношение 2,120264 0,000433
сопоставляемые 3,912023 0,000798
сопровождается 2,813411 0,000574
соседних 1,660731 0,000339
сосредоточена 2,407946 0,000491
составителей 3,912023 0,001596
составляет 0,314711 0,000064
составом 3,218876 0,000657
состоят 2,207275 0,000450
сосчитала 3,912023 0,000798
сотрудники 2,659260 0,000542
сотрудничают 3,912023 0,000798
сотрудничества 1,832581 0,000374
сотрудничеству 3,912023 0,000798
сохранением -0,009950 -0,000002
сохранении 2,407946 0,000491
социально-гуманитарных 3,912023 0,000798
социальную 2,525729 0,000515
социальные 1,660731 0,000678
социальный 2,120264 0,000433
социальных 0,941609 0,000192
социокультурного 3,912023 0,000798
социолог 3,218876 0,001313
социологов 3,912023 0,000798
сочетание 2,659260 0,000542
союз 1,203973 0,000246
союзы 2,995732 0,000611
спб 0,385662 0,000157
специализированной 3,912023 0,000798
специализированном 3,912023 0,000798
специалиста 3,912023 0,000798
специалистов 1,078810 0,000220
специальностям 2,302585 0,000939
специальную 2,407946 0,000491
специальные 1,660731 0,000339
специфические 2,995732 0,000611
спецкурса 3,912023 0,000798
списка 1,469676 0,000300
список 0,248461 0,000051
способ 1,966113 0,000401
способа 2,659260 0,000542
способами 2,525729 0,000515
способна 2,813411 0,000574
способностей 2,995732 0,000611
способные 2,995732 0,000611
способов 2,525729 0,000515
способом 1,771957 0,000361
способствовало 1,609438 0,000328
способствует 1,609438 0,000657
способствующая 3,912023 0,000798
способствующие 3,912023 0,000798
справедливым 3,912023 0,000798
среде 1,660731 0,000339
среди 0,198451 0,000283
средневековья 1,897120 0,000387
средние 0,941609 0,000576
српски 0,000000 0,000000
српскохрватски 0,000000 0,000000
сср 0,820981 0,000167
ссср 0,314711 0,000257
ссылается 3,506558 0,000715
ссылаются 3,912023 0,000798
ссылка 0,274437 0,000056
ссылкаархивировано 3,912023 0,000798
ссылками 0,186330 0,000190
ссылкасведения -0,009950 -0,000002
ссылки -0,009950 -0,000014
ссылкувикипедия 3,912023 0,000798
ссылок 0,693147 0,000283
ставят 2,659260 0,000542
стала 0,462035 0,000094
стандартизации 2,525729 0,001030
станислав 2,407946 0,000982
становится 0,527633 0,000108
становятся 1,714798 0,000700
станция 0,798508 0,000163
старания 3,912023 0,000798
старая 0,430783 0,000088
статистика -0,009950 -0,000002
статус 0,510826 0,000208
статье 0,941609 0,000384
статьестатьи 0,843970 0,000172
статьи 0,072571 0,000118
статьислучайная -0,009950 -0,000002
статьисообществофорумсправкасвежие -0,009950 -0,000002
статья 0,105361 0,000258
статьяобсуждение -0,009950 -0,000002
статьятекущие -0,009950 -0,000002
степеней 3,912023 0,000798
степени 0,843970 0,001033
степень 1,714798 0,000350
степенью 2,813411 0,001148
степин 3,506558 0,001431
стимулирует 3,218876 0,000657
стимулом 3,506558 0,000715
столь 1,714798 0,000350
стороны 0,430783 0,000176
стоящих 2,995732 0,000611
стр 1,309333 0,000534
стран 0,597837 0,000122
странах 1,560648 0,001273
страница -0,009950 -0,000004
страницасодержаниеизбранные -0,009950 -0,000002
страницецитировать -0,009950 -0,000002
страницу 2,659260 0,000542
страницуполучить -0,009950 -0,000002
страницы -0,009950 -0,000004
страницыслужебные -0,009950 -0,000002
странным 3,912023 0,000798
стратегии 2,040221 0,000416
стремимся 3,912023 0,000798
стремится 3,218876 0,000657
структурирования 3,506558 0,000715
структуру 1,514128 0,000309
структуры 1,171183 0,000239
струнами 3,912023 0,000798
струны 3,218876 0,000657
студентов 1,272966 0,000260
ступени 2,995732 0,000611
ступень 3,506558 0,000715
ступенькой 3,912023 0,000798
стыках 3,912023 0,000798
стэнфордская 3,912023 0,000798
субатомно-физическую 3,912023 0,000798
субординации 3,912023 0,000798
субъективного 3,912023 0,000798
сугубо 2,525729 0,000515
суждения 3,506558 0,000715
сумма 1,897120 0,000387
сути 2,120264 0,000433
суть 2,813411 0,000574
сухарев 3,912023 0,000798
сухарева 3,912023 0,000798
сухую 3,218876 0,000657
существенно 1,108663 0,000452
существенные 2,120264 0,000433
существенный 2,407946 0,000491
существование 1,049822 0,000214
существовании 2,302585 0,000470
существования 1,272966 0,000260
существу 3,218876 0,000657
существует 0,446287 0,000546
существуют 0,162519 0,000099
существующей 2,302585 0,000470
сущности 2,302585 0,000470
сфер 2,302585 0,000470
сферах 2,120264 0,000433
сфере 0,967584 0,000395
сферы 1,309333 0,000267
схемы 1,771957 0,000361
схожим 3,912023 0,000798
сциентизм 3,506558 0,000715
сциентизма 3,912023 0,000798
счет 0,673345 0,000137
считает 1,714798 0,000350
считается 0,693147 0,000848
считал 2,407946 0,001474
считали 2,302585 0,000470
считают 1,660731 0,002033
сша 0,562119 0,000115
сюдасвязанные -0,009950 -0,000002
таблица 0,653926 0,000133
тайн 3,912023 0,000798
тайны 2,813411 0,000574
также 0,000000 0,000000
такие 0,261365 0,000373
таким 0,527633 0,000215
таких 0,510826 0,000521
таковой 2,813411 0,000574
таковым 2,995732 0,000611
таковыми 2,813411 0,000574
такое 1,108663 0,000226
таком 1,660731 0,000339
такую 2,525729 0,001030
талантливых 3,506558 0,000715
тарашкев 0,000000 0,000000
татарча 0,000000 0,000000
таят 3,912023 0,000798
творческие 2,302585 0,000470
творчества 1,514128 0,000309
творчество 1,966113 0,000401
театр 0,713350 0,000146
тезисов 3,506558 0,000715
текст -0,009950 -0,000002
текстов 1,966113 0,000401
тел 2,995732 0,000611
телефонный 0,776529 0,000158
тематические 0,510826 0,000104
тему 1,771957 0,000361
темы 1,714798 0,000350
теорема 3,218876 0,000657
теоретическая 2,407946 0,000491
теоретические 2,659260 0,002170
теоретических 2,813411 0,000574
теории 1,514128 0,002471
теорий 2,995732 0,003056
теорию 2,813411 0,000574
теория 1,386294 0,001414
теориях 3,912023 0,000798
термин 1,049822 0,000214
термина 0,400478 0,000082
терминологии 3,218876 0,000657
терминологический 3,912023 0,000798
территории 0,400478 0,000082
технике 2,813411 0,001148
техники 0,867501 0,000708
технические 1,897120 0,001548
технознание 3,912023 0,000798
технологии 0,798508 0,000326
технологий 0,653926 0,000133
течением 1,771957 0,000723
типам 1,609438 0,000328
тихо 3,218876 0,000657
товарный -0,009950 -0,000002
той 1,049822 0,001071
толкает 3,912023 0,000798
толковый 2,525729 0,001030
толстого 1,714798 0,000350
тому 1,108663 0,000226
тонкими 3,912023 0,000798
точка 1,309333 0,000267
точки 1,049822 0,000214
точно 2,207275 0,000450
точного 3,218876 0,001313
точной 2,813411 0,000574
точные 2,407946 0,000491
точных 2,813411 0,000574
традиционализма 3,912023 0,000798
традицию 2,813411 0,000574
трактаты 3,218876 0,000657
трансурановые 3,912023 0,000798
трансурановых 3,912023 0,000798
требовать 2,995732 0,000611
требует 1,427116 0,000291
требуется 1,714798 0,000350
требуют 1,609438 0,000328
требующие 1,347074 0,000550
требующих 2,813411 0,000574
тревожащих 3,912023 0,000798
труда 1,139434 0,000232
труднее 3,218876 0,000657
трудов 1,966113 0,001203
труды 1,469676 0,000899
тыла 1,897120 0,000387
тьюринг 3,506558 0,001431
тьюринга 2,995732 0,001222
тяжести 2,407946 0,000491
уайтхед 3,506558 0,000715
убедительным 3,912023 0,000798
убежден 2,995732 0,000611
убежденность 3,912023 0,000798
убеждены 3,506558 0,000715
увеличивает 2,659260 0,000542
уверенности 3,912023 0,000798
уверенность 3,506558 0,000715
уверовал 3,912023 0,000798
удваивается 3,506558 0,000715
удмуртукра 0,000000 0,000000
удовлетворение 3,506558 0,000715
удовлетворительного 3,912023 0,000798
удовлетворяет 2,813411 0,000574
удовлетворяющее 3,912023 0,000798
удостоены 2,302585 0,000470
узких 2,813411 0,000574
узкой 2,407946 0,000491
уйти 2,995732 0,000611
указав 3,506558 0,000715
указан 0,139262 0,000114
указанием -0,009950 -0,000002
указанном 2,659260 0,000542
указано 0,733969 0,000150
указать 2,659260 0,000542
указу 1,714798 0,000350
указывает 1,660731 0,000339
указывают 2,525729 0,000515
укладывающиеся 3,912023 0,000798
укрепить 3,218876 0,000657
уменьшение 2,120264 0,000433
умеренно 1,021651 0,000208
умеющим 3,912023 0,000798
универсальной 2,207275 0,000450
университет 0,562119 0,000115
университета 0,446287 0,000091
университетах 2,659260 0,000542
уникальные 2,207275 0,000450
уникальными 2,995732 0,001222
уоррен 3,218876 0,000657
управления 0,415515 0,000085
упрощается 3,912023 0,000798
упускающий 3,912023 0,000798
уровень 0,579818 0,000355
уровне 0,916291 0,000374
уровня 0,634878 0,000518
усиливается 2,995732 0,000611
ускоренного 3,218876 0,000657
условием 2,995732 0,000611
условий -0,009950 -0,000002
условия -0,009950 -0,000006
условиям 1,966113 0,000401
усовершенствовать 3,218876 0,000657
успехами 3,912023 0,000798
успехи 1,832581 0,000374
успешной 2,995732 0,000611
успешный 3,506558 0,000715
уставы 3,912023 0,000798
установила 3,218876 0,000657
установки 1,897120 0,000387
установленному 3,912023 0,000798
установленных 2,659260 0,000542
установок 2,813411 0,000574
устаревшие 2,995732 0,000611
утверждению 2,525729 0,000515
утверждения 2,525729 0,000515
утверждениями 0,713350 0,000437
уточнения 1,514128 0,000309
уточнить 2,120264 0,000865
уточняющих 3,912023 0,000798
ухаживания 3,912023 0,000798
уходит 2,207275 0,000450
участвовало 3,506558 0,000715
участие -0,009950 -0,000002
участия 1,966113 0,000401
учебник 1,771957 0,000361
учебно-методические 3,912023 0,000798
учебное 1,469676 0,000300
учебном 2,659260 0,000542
учение 3,218876 0,002627
ученого 2,207275 0,003602
ученого-современника 3,912023 0,000798
ученой 2,659260 0,002170
ученом 3,912023 0,001596
ученые 1,427116 0,002620
ученый 1,714798 0,001399
ученым 2,207275 0,000901
учеными 2,525729 0,000515
учеными-популяризаторами 3,912023 0,000798
ученых 1,203973 0,002702
учетную -0,009950 -0,000002
учителя 2,813411 0,000574
учить 3,912023 0,000798
учреждения 0,843970 0,000344
ущерб 2,040221 0,000416
фаддеев 3,912023 0,000798
факт 1,514128 0,000618
фактов 1,386294 0,002545
фактора 3,506558 0,000715
фаликман 3,912023 0,000798
фано 3,506558 0,002146
фантаст 3,912023 0,000798
фантастика 3,506558 0,000715
фарадей 3,506558 0,000715
февраля 0,051293 0,000063
федосеев 3,912023 0,001596
феникс 3,506558 0,000715
физика 2,302585 0,003758
физики 1,560648 0,001910
физико-математических 2,995732 0,000611
физиология 3,218876 0,001313
физическая 2,040221 0,000832
физические 2,525729 0,000515
фиксируется 2,813411 0,000574
филдса 3,506558 0,000715
философ 2,813411 0,001148
философа 3,218876 0,000657
философами 3,218876 0,001313
философией 3,506558 0,000715
философии 2,659260 0,002712
философия 2,120264 0,006920
философская 3,218876 0,000657
философские 2,995732 0,000611
философский 3,218876 0,001313
философских 2,525729 0,000515
философское 3,506558 0,000715
философском 3,506558 0,000715
философы 2,995732 0,000611
флоренции 3,912023 0,000798
фон 2,120264 0,000433
фонд -0,009950 -0,000002
фоновые 3,506558 0,000715
форм 1,347074 0,001099
форма 1,514128 0,000618
формализм 3,506558 0,000715
формальная 2,995732 0,000611
формально 2,525729 0,001030
формальной 3,218876 0,000657
формальную 3,912023 0,000798
формальные 2,995732 0,001833
формальный 3,218876 0,000657
формальным 2,995732 0,000611
формам 2,659260 0,000542
форме 0,941609 0,000384
формирование 1,078810 0,000220
формированию 2,813411 0,000574
формирует 2,207275 0,000450
формируется 1,832581 0,000374
формулирование 3,506558 0,001431
формулирует 3,506558 0,000715
франка 3,912023 0,000798
фритьоф 3,218876 0,000657
фундаментальной 2,813411 0,000574
фундаментальность 3,912023 0,000798
фундаментальные 2,040221 0,001665
фундаментальных 2,813411 0,000574
функционирования 1,897120 0,000387
характеризуют 2,995732 0,000611
характеристик 2,207275 0,000450
характерно 1,609438 0,000328
характерными 2,659260 0,000542
хаютина 3,912023 0,000798
химии 1,832581 0,000374
химические 2,407946 0,000491
химической 1,560648 0,000318
химическую 3,218876 0,000657
химия 2,040221 0,002081
ходе 0,562119 0,000344
хозяйство 0,713350 0,000146
хотя 0,653926 0,000133
хранения 1,427116 0,000291
хронического 3,912023 0,000798
художественное 2,040221 0,000416
цели 1,660731 0,000339
целом 0,755023 0,000154
цель 1,832581 0,000374
целью 0,733969 0,000449
ценится 3,506558 0,001431
ценности 2,525729 0,001030
центры 0,713350 0,000146
цивилизации 2,040221 0,000416
цивилизаций 2,995732 0,000611
цикла 1,832581 0,000374
части 0,198451 0,000081
частиц 2,659260 0,000542
частная 2,120264 0,000433
частности 0,462035 0,000189
частным 2,525729 0,000515
частными 2,120264 0,000433
часто 0,415515 0,000424
часть 0,105361 0,000043
человек 0,400478 0,000245
человека 0,579818 0,000473
человеке 3,912023 0,002394
человековедение 3,912023 0,000798
человеку 2,302585 0,000470
человеческого 2,120264 0,000865
человеческой 1,897120 0,000387
человечества 1,897120 0,000774
человечество 2,659260 0,000542
человечеству 3,506558 0,000715
чему 1,897120 0,000387
чередуются 2,995732 0,000611
чертами 2,813411 0,000574
чертой 2,813411 0,000574
четыре 0,713350 0,000437
чикагского 3,912023 0,000798
чисел 2,525729 0,000515
числа 0,891598 0,000364
числе 0,248461 0,000203
число 0,478036 0,000098
числу 1,514128 0,000309
читателя 3,506558 0,000715
читать 2,302585 0,000470
читатьправитьправить 0,494296 0,000101
член-корреспондент 3,218876 0,000657
член-корреспондентов 3,912023 0,000798
членов 1,272966 0,000779
членом 1,897120 0,000387
членских 3,912023 0,000798
членства 3,912023 0,000798
членство 2,813411 0,001722
члены 1,966113 0,000401
чтения 2,207275 0,000450
чуде 3,912023 0,000798
чуждые 3,506558 0,001431
чьи 2,302585 0,000939
чья 2,302585 0,000470
шаблон 1,660731 0,000339
шаблонами 0,634878 0,000130
шао 3,912023 0,000798
шестов 3,506558 0,002861
шестова 3,912023 0,000798
шесть 1,272966 0,000260
широкие 2,207275 0,000450
широко 0,673345 0,000137
широкого 2,040221 0,000416
широкой 2,207275 0,000901
широком 2,120264 0,000865
школы 0,673345 0,000275
школьников 1,966113 0,000401
шнобелевская 3,912023 0,000798
шуток 3,912023 0,000798
шутят 3,506558 0,001431
эволюции 2,120264 0,000433
эволюционистскую 3,912023 0,000798
эзотерическое 3,912023 0,000798
эйнштейн 3,506558 0,000715
эйнштейна 2,995732 0,000611
эквивалентом 3,912023 0,000798
экз 0,415515 0,000085
экланд 3,912023 0,000798
экология 0,693147 0,000283
экономика 0,510826 0,000104
экономики 0,713350 0,000146
экономические 1,771957 0,000361
экономия 2,995732 0,000611
экономный 3,506558 0,000715
эксперимента 2,525729 0,002061
экспериментально 3,506558 0,000715
экспериментальное 2,813411 0,000574
экспериментами 3,506558 0,001431
экспериментах 3,506558 0,000715
экспериментов 2,659260 0,001085
эксперименты 2,659260 0,001085
экспертом 3,912023 0,001596
экспорт -0,009950 -0,000002
экстенсивные 3,506558 0,000715
элайн 3,912023 0,000798
элементарных 2,995732 0,000611
элементов 1,309333 0,000267
элементы 0,891598 0,000546
элитных 2,813411 0,000574
эмоциональную 3,912023 0,000798
эмпирически 3,506558 0,000715
эмпирические 3,912023 0,001596
эмпирического 3,506558 0,000715
энгельс 1,832581 0,000374
энгельса 2,302585 0,000939
энергий 3,218876 0,000657
энергия 2,040221 0,000416
энциклопедии -0,009950 -0,000004
энциклопедиста 3,912023 0,000798
энциклопедический 0,733969 0,000449
энциклопедия 0,210721 0,000344
эпистемологии 3,506558 0,000715
эпоху 1,386294 0,000283
эрзянь 0,000000 0,000000
эта 0,000000 0,000000
этапами 3,912023 0,000798
этапе 1,714798 0,000700
этика 3,218876 0,001313
этим 0,693147 0,000141
этиологии 3,912023 0,000798
этих 0,400478 0,000082
этические 3,912023 0,000798
это 0,000000 0,000000
этому 0,755023 0,000154
эффективнее 3,506558 0,000715
эффективность 2,120264 0,000433
юмор 1,966113 0,002005
юмора 3,912023 0,001596
юмором 3,912023 0,000798
юнеско 1,660731 0,000339
юнити-дана 3,912023 0,000798
юридический 1,714798 0,000350
юридических 2,207275 0,000450
юриспруденция 3,912023 0,000798
явление 1,832581 0,000374
явлений 2,120264 0,000433
явления 1,771957 0,001446
является 0,094311 0,000346
являются 0,248461 0,000253
являющаяся 2,995732 0,000611
язык 0,116534 0,000071
языках -0,009950 -0,000002
языке 0,867501 0,000177
языки 1,309333 0,000267
января 0,116534 0,000048
янга-миллса 3,912023 0,000798
ясней 3,912023 0,001596
ясную 2,995732 0,000611
